White line left - [403, 897], [402, 898], [400, 899], [401, 899], [402, 899], [399, 900], [400, 900], [401, 900], [397, 901], [399, 901], [400, 901], [401, 901], [395, 902], [396, 902], [397, 902], [398, 902], [399, 902], [400, 902], [393, 903], [394, 903], [395, 903], [396, 903], [397, 903], [398, 903], [399, 903], [400, 903], [392, 904], [393, 904], [394, 904], [395, 904], [396, 904], [397, 904], [398, 904], [399, 904], [390, 905], [391, 905], [392, 905], [395, 905], [396, 905], [397, 905], [398, 905], [395, 906], [396, 906], [397, 906], [385, 908], [386, 908], [387, 908], [388, 908], [392, 908], [393, 908], [394, 908], [383, 909], [384, 909], [385, 909], [386, 909], [387, 909], [388, 909], [389, 909], [390, 909], [392, 909], [393, 909], [394, 909], [382, 910], [383, 910], [384, 910], [385, 910], [387, 910], [388, 910], [389, 910], [390, 910], [391, 910], [392, 910], [393, 910], [394, 910], [381, 911], [382, 911], [383, 911], [384, 911], [389, 911], [390, 911], [391, 911], [392, 911], [393, 911], [394, 911], [380, 912], [381, 912], [382, 912], [383, 912], [388, 912], [389, 912], [391, 912], [392, 912], [393, 912], [394, 912], [379, 913], [380, 913], [381, 913], [382, 913], [388, 913], [389, 913], [390, 913], [392, 913], [393, 913], [379, 914], [380, 914], [381, 914], [388, 914], [389, 914], [390, 914], [391, 914], [392, 914], [393, 914], [378, 915], [379, 915], [380, 915], [390, 915], [391, 915], [392, 915], [377, 916], [378, 916], [379, 916], [380, 916], [389, 916], [390, 916], [391, 916], [392, 916], [376, 917], [377, 917], [378, 917], [379, 917], [389, 917], [390, 917], [391, 917], [376, 918], [377, 918], [378, 918], [388, 918], [389, 918], [390, 918], [375, 919], [376, 919], [377, 919], [388, 919], [389, 919], [390, 919], [374, 920], [375, 920], [376, 920], [377, 920], [387, 920], [388, 920], [389, 920], [373, 921], [374, 921], [375, 921], [376, 921], [387, 921], [388, 921], [389, 921], [373, 922], [374, 922], [375, 922], [386, 922], [387, 922], [388, 922], [373, 923], [374, 923], [386, 923], [387, 923], [388, 923], [373, 924], [374, 924], [385, 924], [386, 924], [387, 924], [371, 925], [372, 925], [373, 925], [374, 925], [384, 925], [385, 925], [386, 925], [387, 925], [370, 926], [371, 926], [372, 926], [373, 926], [374, 926], [384, 926], [385, 926], [386, 926], [367, 927], [368, 927], [369, 927], [370, 927], [371, 927], [372, 927], [383, 927], [384, 927], [385, 927], [367, 928], [368, 928], [369, 928], [370, 928], [371, 928], [382, 928], [383, 928], [384, 928], [385, 928], [366, 929], [367, 929], [368, 929], [382, 929], [383, 929], [384, 929], [365, 930], [366, 930], [367, 930], [368, 930], [381, 930], [382, 930], [383, 930], [365, 931], [366, 931], [367, 931], [381, 931], [382, 931], [383, 931], [365, 932], [366, 932], [380, 932], [381, 932], [382, 932], [364, 933], [365, 933], [366, 933], [379, 933], [380, 933], [381, 933], [382, 933], [361, 934], [362, 934], [363, 934], [364, 934], [365, 934], [366, 934], [379, 934], [380, 934], [381, 934], [360, 935], [361, 935], [362, 935], [363, 935], [364, 935], [365, 935], [378, 935], [379, 935], [380, 935], [360, 936], [361, 936], [362, 936], [377, 936], [378, 936], [379, 936], [380, 936], [360, 937], [361, 937], [376, 937], [377, 937], [378, 937], [379, 937], [359, 938], [360, 938], [361, 938], [376, 938], [377, 938], [378, 938], [359, 939], [360, 939], [361, 939], [375, 939], [376, 939], [377, 939], [359, 940], [360, 940], [375, 940], [376, 940], [377, 940], [359, 941], [360, 941], [374, 941], [375, 941], [376, 941], [359, 942], [360, 942], [374, 942], [375, 942], [376, 942], [356, 943], [357, 943], [358, 943], [359, 943], [360, 943], [372, 943], [373, 943], [374, 943], [375, 943], [355, 944], [356, 944], [357, 944], [358, 944], [359, 944], [360, 944], [370, 944], [371, 944], [372, 944], [373, 944], [374, 944], [375, 944], [355, 945], [356, 945], [357, 945], [369, 945], [370, 945], [371, 945], [372, 945], [373, 945], [355, 946], [356, 946], [368, 946], [369, 946], [370, 946], [371, 946], [355, 947], [356, 947], [367, 947], [368, 947], [369, 947], [370, 947], [355, 948], [356, 948], [366, 948], [367, 948], [368, 948], [369, 948], [355, 949], [356, 949], [365, 949], [366, 949], [367, 949], [368, 949], [355, 950], [356, 950], [364, 950], [365, 950], [366, 950], [367, 950], [354, 951], [355, 951], [356, 951], [364, 951], [365, 951], [366, 951], [354, 952], [355, 952], [356, 952], [363, 952], [364, 952], [365, 952], [354, 953], [355, 953], [356, 953], [362, 953], [363, 953], [364, 953], [365, 953], [354, 954], [355, 954], [356, 954], [357, 954], [362, 954], [363, 954], [364, 954], [355, 955], [356, 955], [357, 955], [361, 955], [362, 955], [363, 955], [354, 956], [355, 956], [356, 956], [357, 956], [360, 956], [361, 956], [362, 956], [363, 956], [354, 957], [355, 957], [356, 957], [357, 957], [358, 957], [359, 957], [360, 957], [361, 957], [362, 957], [353, 958], [354, 958], [355, 958], [358, 958], [359, 958], [360, 958], [361, 958], [353, 959], [354, 959], [355, 959], [358, 959], [359, 959], [352, 960], [353, 960], [354, 960], [357, 960], [358, 960], [359, 960], [350, 961], [351, 961], [352, 961], [353, 961], [354, 961], [355, 961], [356, 961], [357, 961], [358, 961], [359, 961], [349, 962], [350, 962], [351, 962], [352, 962], [353, 962], [354, 962], [355, 962], [356, 962], [357, 962], [358, 962], [349, 963], [350, 963], [351, 963], [354, 963], [355, 963], [356, 963], [349, 964], [350, 964], [354, 964], [355, 964], [349, 965], [350, 965], [354, 965], [355, 965], [349, 966], [350, 966], [351, 966], [354, 966], [355, 966], [349, 967], [350, 967], [351, 967], [352, 967], [353, 967], [354, 967], [355, 967], [350, 968], [351, 968], [352, 968], [353, 968], [354, 968], [355, 968], [343, 978], [344, 978], [345, 978], [343, 979], [344, 979], [345, 979], [343, 980], [345, 980], [343, 981], [344, 981], [345, 981], [343, 982], [344, 982], [345, 982]




Yellow line left - [344, 1008], [345, 1008], [346, 1008], [347, 1008], [348, 1008], [349, 1008], [344, 1009], [345, 1009], [346, 1009], [347, 1009], [348, 1009], [349, 1009], [343, 1010], [344, 1010], [345, 1010], [347, 1010], [348, 1010], [349, 1010], [343, 1011], [344, 1011], [345, 1011], [347, 1011], [348, 1011], [349, 1011], [342, 1012], [343, 1012], [344, 1012], [346, 1012], [347, 1012], [348, 1012], [341, 1013], [342, 1013], [343, 1013], [344, 1013], [346, 1013], [347, 1013], [348, 1013], [341, 1014], [342, 1014], [343, 1014], [346, 1014], [347, 1014], [340, 1015], [341, 1015], [342, 1015], [345, 1015], [346, 1015], [347, 1015], [340, 1016], [341, 1016], [342, 1016], [345, 1016], [346, 1016], [347, 1016], [339, 1017], [340, 1017], [341, 1017], [344, 1017], [345, 1017], [346, 1017], [339, 1018], [340, 1018], [341, 1018], [344, 1018], [345, 1018], [346, 1018], [339, 1019], [340, 1019], [341, 1019], [343, 1019], [344, 1019], [345, 1019], [340, 1020], [341, 1020], [342, 1020], [343, 1020], [344, 1020], [345, 1020], [338, 1021], [339, 1021], [340, 1021], [341, 1021], [342, 1021], [343, 1021], [344, 1021], [338, 1022], [339, 1022], [340, 1022], [341, 1022], [342, 1022], [343, 1022], [336, 1023], [337, 1023], [338, 1023], [339, 1023], [340, 1023], [341, 1023], [342, 1023], [336, 1024], [337, 1024], [338, 1024], [339, 1024], [340, 1024], [341, 1024], [342, 1024], [336, 1025], [337, 1025], [340, 1025], [341, 1025], [336, 1026], [337, 1026], [339, 1026], [340, 1026], [341, 1026], [336, 1027], [337, 1027], [338, 1027], [339, 1027], [340, 1027], [341, 1027], [334, 1028], [335, 1028], [336, 1028], [337, 1028], [338, 1028], [339, 1028], [340, 1028], [334, 1029], [336, 1029], [337, 1029], [338, 1029], [339, 1029], [334, 1030], [335, 1030], [336, 1030]




Yellow line right - [1581, 752], [1582, 752], [1583, 752], [1584, 752], [1581, 753], [1582, 753], [1583, 753], [1584, 753], [1581, 754], [1582, 754], [1583, 754], [1584, 754], [1573, 759], [1574, 759], [1575, 759], [1573, 760], [1574, 760], [1575, 760], [1576, 760], [1573, 761], [1574, 761], [1575, 761], [1576, 761], [1574, 762], [1575, 762], [1576, 762], [1583, 764], [1584, 764], [1585, 764], [1586, 764], [1583, 765], [1584, 765], [1585, 765], [1586, 765], [1583, 766], [1584, 766], [1585, 766], [1586, 766], [1583, 767], [1584, 767], [1585, 767], [1597, 768], [1598, 768], [1599, 768], [1597, 769], [1598, 769], [1599, 769], [1597, 770], [1598, 770], [1599, 770], [1597, 771], [1598, 771], [1599, 771]




White line right - [1469, 265], [1470, 265], [1471, 265], [1469, 266], [1471, 266], [1472, 266], [1473, 266], [1474, 266], [1475, 266], [1469, 267], [1470, 267], [1471, 267], [1472, 267], [1473, 267], [1474, 267], [1475, 267], [1472, 268], [1473, 268], [1474, 268], [1475, 268], [1458, 271], [1459, 271], [1460, 271], [1461, 271], [1462, 271], [1463, 271], [1492, 271], [1493, 271], [1494, 271], [1458, 272], [1459, 272], [1460, 272], [1461, 272], [1462, 272], [1463, 272], [1464, 272], [1465, 272], [1466, 272], [1492, 272], [1494, 272], [1495, 272], [1496, 272], [1497, 272], [1455, 273], [1456, 273], [1457, 273], [1458, 273], [1459, 273], [1462, 273], [1463, 273], [1464, 273], [1465, 273], [1466, 273], [1467, 273], [1468, 273], [1469, 273], [1492, 273], [1493, 273], [1494, 273], [1495, 273], [1496, 273], [1497, 273], [1453, 274], [1454, 274], [1455, 274], [1457, 274], [1458, 274], [1459, 274], [1460, 274], [1461, 274], [1462, 274], [1463, 274], [1465, 274], [1466, 274], [1467, 274], [1468, 274], [1469, 274], [1470, 274], [1471, 274], [1472, 274], [1494, 274], [1495, 274], [1496, 274], [1497, 274], [1451, 275], [1452, 275], [1454, 275], [1455, 275], [1456, 275], [1457, 275], [1458, 275], [1459, 275], [1460, 275], [1461, 275], [1462, 275], [1463, 275], [1464, 275], [1465, 275], [1466, 275], [1468, 275], [1469, 275], [1470, 275], [1471, 275], [1472, 275], [1473, 275], [1474, 275], [1475, 275], [1450, 276], [1451, 276], [1452, 276], [1453, 276], [1454, 276], [1455, 276], [1456, 276], [1458, 276], [1459, 276], [1460, 276], [1461, 276], [1462, 276], [1464, 276], [1465, 276], [1466, 276], [1467, 276], [1468, 276], [1471, 276], [1472, 276], [1473, 276], [1474, 276], [1475, 276], [1476, 276], [1477, 276], [1478, 276], [1479, 276], [1452, 277], [1453, 277], [1454, 277], [1455, 277], [1456, 277], [1457, 277], [1458, 277], [1459, 277], [1460, 277], [1461, 277], [1462, 277], [1463, 277], [1464, 277], [1465, 277], [1466, 277], [1467, 277], [1468, 277], [1469, 277], [1470, 277], [1474, 277], [1475, 277], [1476, 277], [1477, 277], [1478, 277], [1479, 277], [1480, 277], [1481, 277], [1482, 277], [1456, 278], [1457, 278], [1458, 278], [1459, 278], [1460, 278], [1461, 278], [1462, 278], [1464, 278], [1465, 278], [1466, 278], [1467, 278], [1468, 278], [1470, 278], [1472, 278], [1473, 278], [1474, 278], [1475, 278], [1476, 278], [1477, 278], [1478, 278], [1479, 278], [1480, 278], [1481, 278], [1482, 278], [1483, 278], [1484, 278], [1485, 278], [1486, 278], [1460, 279], [1461, 279], [1462, 279], [1463, 279], [1464, 279], [1465, 279], [1466, 279], [1467, 279], [1468, 279], [1469, 279], [1470, 279], [1472, 279], [1473, 279], [1474, 279], [1475, 279], [1476, 279], [1477, 279], [1478, 279], [1479, 279], [1481, 279], [1482, 279], [1483, 279], [1484, 279], [1485, 279], [1486, 279], [1487, 279], [1488, 279], [1489, 279], [1462, 280], [1463, 280], [1464, 280], [1465, 280], [1466, 280], [1467, 280], [1468, 280], [1469, 280], [1470, 280], [1471, 280], [1472, 280], [1473, 280], [1474, 280], [1475, 280], [1476, 280], [1478, 280], [1479, 280], [1480, 280], [1481, 280], [1482, 280], [1485, 280], [1486, 280], [1487, 280], [1488, 280], [1489, 280], [1490, 280], [1491, 280], [1492, 280], [1493, 280], [1466, 281], [1467, 281], [1468, 281], [1469, 281], [1470, 281], [1471, 281], [1472, 281], [1473, 281], [1475, 281], [1476, 281], [1477, 281], [1478, 281], [1479, 281], [1481, 281], [1482, 281], [1483, 281], [1484, 281], [1485, 281], [1488, 281], [1489, 281], [1490, 281], [1491, 281], [1492, 281], [1493, 281], [1494, 281], [1495, 281], [1470, 282], [1471, 282], [1472, 282], [1473, 282], [1474, 282], [1475, 282], [1476, 282], [1478, 282], [1479, 282], [1480, 282], [1481, 282], [1482, 282], [1483, 282], [1484, 282], [1485, 282], [1486, 282], [1487, 282], [1488, 282], [1489, 282], [1492, 282], [1493, 282], [1494, 282], [1495, 282], [1496, 282], [1497, 282], [1498, 282], [1499, 282], [1473, 283], [1474, 283], [1475, 283], [1476, 283], [1477, 283], [1478, 283], [1479, 283], [1480, 283], [1483, 283], [1484, 283], [1485, 283], [1487, 283], [1488, 283], [1489, 283], [1490, 283], [1491, 283], [1492, 283], [1494, 283], [1495, 283], [1496, 283], [1497, 283], [1498, 283], [1499, 283], [1500, 283], [1501, 283], [1502, 283], [1476, 284], [1477, 284], [1478, 284], [1479, 284], [1480, 284], [1481, 284], [1482, 284], [1483, 284], [1485, 284], [1486, 284], [1487, 284], [1488, 284], [1489, 284], [1490, 284], [1491, 284], [1492, 284], [1493, 284], [1494, 284], [1495, 284], [1496, 284], [1498, 284], [1499, 284], [1500, 284], [1501, 284], [1502, 284], [1503, 284], [1504, 284], [1505, 284], [1479, 285], [1480, 285], [1481, 285], [1482, 285], [1483, 285], [1484, 285], [1485, 285], [1486, 285], [1488, 285], [1489, 285], [1490, 285], [1491, 285], [1492, 285], [1494, 285], [1495, 285], [1496, 285], [1497, 285], [1498, 285], [1499, 285], [1500, 285], [1501, 285], [1502, 285], [1503, 285], [1504, 285], [1505, 285], [1506, 285], [1507, 285], [1508, 285], [1483, 286], [1484, 286], [1485, 286], [1486, 286], [1487, 286], [1488, 286], [1489, 286], [1491, 286], [1492, 286], [1493, 286], [1494, 286], [1495, 286], [1496, 286], [1497, 286], [1498, 286], [1499, 286], [1500, 286], [1501, 286], [1502, 286], [1503, 286], [1504, 286], [1505, 286], [1506, 286], [1507, 286], [1508, 286], [1509, 286], [1510, 286], [1511, 286], [1512, 286], [1486, 287], [1487, 287], [1488, 287], [1489, 287], [1490, 287], [1491, 287], [1492, 287], [1493, 287], [1495, 287], [1496, 287], [1497, 287], [1498, 287], [1499, 287], [1500, 287], [1502, 287], [1503, 287], [1504, 287], [1505, 287], [1507, 287], [1508, 287], [1509, 287], [1510, 287], [1511, 287], [1512, 287], [1513, 287], [1514, 287], [1515, 287], [1489, 288], [1490, 288], [1491, 288], [1492, 288], [1493, 288], [1494, 288], [1495, 288], [1496, 288], [1497, 288], [1498, 288], [1499, 288], [1500, 288], [1501, 288], [1502, 288], [1503, 288], [1504, 288], [1505, 288], [1506, 288], [1507, 288], [1508, 288], [1511, 288], [1512, 288], [1513, 288], [1514, 288], [1515, 288], [1516, 288], [1517, 288], [1518, 288], [1493, 289], [1494, 289], [1495, 289], [1496, 289], [1497, 289], [1498, 289], [1499, 289], [1500, 289], [1501, 289], [1503, 289], [1504, 289], [1505, 289], [1508, 289], [1509, 289], [1510, 289], [1511, 289], [1512, 289], [1514, 289], [1515, 289], [1516, 289], [1517, 289], [1518, 289], [1519, 289], [1520, 289], [1521, 289], [1522, 289], [1496, 290], [1497, 290], [1498, 290], [1499, 290], [1500, 290], [1501, 290], [1502, 290], [1503, 290], [1504, 290], [1505, 290], [1506, 290], [1507, 290], [1508, 290], [1509, 290], [1510, 290], [1511, 290], [1512, 290], [1513, 290], [1514, 290], [1517, 290], [1518, 290], [1519, 290], [1520, 290], [1521, 290], [1522, 290], [1523, 290], [1524, 290], [1525, 290], [1500, 291], [1501, 291], [1502, 291], [1503, 291], [1504, 291], [1505, 291], [1506, 291], [1507, 291], [1508, 291], [1509, 291], [1510, 291], [1511, 291], [1512, 291], [1513, 291], [1514, 291], [1521, 291], [1522, 291], [1523, 291], [1524, 291], [1525, 291], [1526, 291], [1527, 291], [1528, 291], [1529, 291], [1502, 292], [1503, 292], [1504, 292], [1505, 292], [1506, 292], [1507, 292], [1508, 292], [1509, 292], [1511, 292], [1512, 292], [1513, 292], [1514, 292], [1518, 292], [1519, 292], [1520, 292], [1524, 292], [1525, 292], [1526, 292], [1527, 292], [1528, 292], [1529, 292], [1530, 292], [1531, 292], [1532, 292], [1506, 293], [1507, 293], [1508, 293], [1509, 293], [1510, 293], [1511, 293], [1512, 293], [1513, 293], [1514, 293], [1518, 293], [1520, 293], [1522, 293], [1523, 293], [1524, 293], [1525, 293], [1528, 293], [1529, 293], [1530, 293], [1531, 293], [1532, 293], [1533, 293], [1534, 293], [1535, 293], [1509, 294], [1510, 294], [1511, 294], [1512, 294], [1513, 294], [1514, 294], [1515, 294], [1516, 294], [1517, 294], [1518, 294], [1519, 294], [1520, 294], [1522, 294], [1523, 294], [1524, 294], [1525, 294], [1526, 294], [1527, 294], [1528, 294], [1529, 294], [1531, 294], [1532, 294], [1533, 294], [1534, 294], [1535, 294], [1536, 294], [1537, 294], [1538, 294], [1539, 294], [1513, 295], [1514, 295], [1515, 295], [1516, 295], [1517, 295], [1518, 295], [1519, 295], [1520, 295], [1522, 295], [1523, 295], [1524, 295], [1525, 295], [1527, 295], [1528, 295], [1529, 295], [1530, 295], [1531, 295], [1532, 295], [1533, 295], [1534, 295], [1535, 295], [1536, 295], [1537, 295], [1538, 295], [1539, 295], [1540, 295], [1541, 295], [1542, 295], [1516, 296], [1517, 296], [1518, 296], [1519, 296], [1520, 296], [1521, 296], [1522, 296], [1523, 296], [1525, 296], [1526, 296], [1527, 296], [1528, 296], [1529, 296], [1530, 296], [1531, 296], [1532, 296], [1533, 296], [1534, 296], [1535, 296], [1536, 296], [1538, 296], [1539, 296], [1540, 296], [1541, 296], [1542, 296], [1543, 296], [1544, 296], [1545, 296], [1519, 297], [1520, 297], [1521, 297], [1522, 297], [1523, 297], [1524, 297], [1525, 297], [1526, 297], [1528, 297], [1529, 297], [1530, 297], [1531, 297], [1532, 297], [1533, 297], [1535, 297], [1536, 297], [1537, 297], [1538, 297], [1539, 297], [1541, 297], [1542, 297], [1543, 297], [1544, 297], [1545, 297], [1546, 297], [1547, 297], [1548, 297], [1523, 298], [1524, 298], [1525, 298], [1526, 298], [1527, 298], [1528, 298], [1529, 298], [1531, 298], [1532, 298], [1533, 298], [1534, 298], [1535, 298], [1536, 298], [1537, 298], [1538, 298], [1539, 298], [1540, 298], [1541, 298], [1542, 298], [1544, 298], [1545, 298], [1546, 298], [1547, 298], [1548, 298], [1549, 298], [1550, 298], [1551, 298], [1552, 298], [1526, 299], [1527, 299], [1528, 299], [1529, 299], [1530, 299], [1531, 299], [1532, 299], [1533, 299], [1534, 299], [1535, 299], [1536, 299], [1537, 299], [1538, 299], [1539, 299], [1540, 299], [1541, 299], [1542, 299], [1543, 299], [1544, 299], [1545, 299], [1547, 299], [1548, 299], [1549, 299], [1550, 299], [1551, 299], [1552, 299], [1553, 299], [1554, 299], [1555, 299], [1529, 300], [1530, 300], [1531, 300], [1532, 300], [1533, 300], [1534, 300], [1535, 300], [1536, 300], [1538, 300], [1539, 300], [1540, 300], [1541, 300], [1542, 300], [1543, 300], [1544, 300], [1545, 300], [1546, 300], [1551, 300], [1552, 300], [1553, 300], [1554, 300], [1555, 300], [1556, 300], [1557, 300], [1558, 300], [1559, 300], [1533, 301], [1534, 301], [1535, 301], [1536, 301], [1537, 301], [1538, 301], [1539, 301], [1540, 301], [1541, 301], [1542, 301], [1543, 301], [1544, 301], [1545, 301], [1546, 301], [1548, 301], [1549, 301], [1550, 301], [1554, 301], [1555, 301], [1556, 301], [1557, 301], [1558, 301], [1559, 301], [1560, 301], [1561, 301], [1562, 301], [1536, 302], [1537, 302], [1538, 302], [1539, 302], [1540, 302], [1541, 302], [1542, 302], [1543, 302], [1544, 302], [1545, 302], [1546, 302], [1548, 302], [1550, 302], [1551, 302], [1552, 302], [1553, 302], [1554, 302], [1555, 302], [1558, 302], [1559, 302], [1560, 302], [1561, 302], [1562, 302], [1563, 302], [1564, 302], [1565, 302], [1540, 303], [1541, 303], [1542, 303], [1543, 303], [1544, 303], [1545, 303], [1546, 303], [1548, 303], [1549, 303], [1550, 303], [1551, 303], [1552, 303], [1553, 303], [1554, 303], [1555, 303], [1556, 303], [1557, 303], [1558, 303], [1559, 303], [1561, 303], [1562, 303], [1563, 303], [1564, 303], [1565, 303], [1566, 303], [1567, 303], [1568, 303], [1543, 304], [1544, 304], [1545, 304], [1546, 304], [1547, 304], [1548, 304], [1549, 304], [1550, 304], [1551, 304], [1552, 304], [1553, 304], [1554, 304], [1556, 304], [1557, 304], [1558, 304], [1559, 304], [1560, 304], [1561, 304], [1562, 304], [1564, 304], [1565, 304], [1566, 304], [1567, 304], [1568, 304], [1569, 304], [1570, 304], [1571, 304], [1545, 305], [1546, 305], [1547, 305], [1548, 305], [1549, 305], [1550, 305], [1551, 305], [1552, 305], [1553, 305], [1554, 305], [1555, 305], [1556, 305], [1557, 305], [1558, 305], [1560, 305], [1561, 305], [1562, 305], [1563, 305], [1564, 305], [1565, 305], [1567, 305], [1568, 305], [1569, 305], [1570, 305], [1571, 305], [1572, 305], [1573, 305], [1574, 305], [1575, 305], [1549, 306], [1550, 306], [1551, 306], [1552, 306], [1553, 306], [1554, 306], [1555, 306], [1556, 306], [1557, 306], [1558, 306], [1559, 306], [1560, 306], [1561, 306], [1563, 306], [1564, 306], [1565, 306], [1566, 306], [1567, 306], [1568, 306], [1569, 306], [1570, 306], [1571, 306], [1572, 306], [1573, 306], [1574, 306], [1575, 306], [1576, 306], [1577, 306], [1552, 307], [1553, 307], [1554, 307], [1555, 307], [1556, 307], [1557, 307], [1558, 307], [1559, 307], [1560, 307], [1561, 307], [1562, 307], [1563, 307], [1564, 307], [1565, 307], [1566, 307], [1567, 307], [1568, 307], [1569, 307], [1570, 307], [1571, 307], [1572, 307], [1574, 307], [1575, 307], [1576, 307], [1577, 307], [1578, 307], [1579, 307], [1580, 307], [1581, 307], [1555, 308], [1556, 308], [1557, 308], [1558, 308], [1559, 308], [1560, 308], [1561, 308], [1563, 308], [1564, 308], [1565, 308], [1566, 308], [1567, 308], [1568, 308], [1570, 308], [1571, 308], [1572, 308], [1573, 308], [1574, 308], [1575, 308], [1576, 308], [1577, 308], [1578, 308], [1579, 308], [1580, 308], [1581, 308], [1582, 308], [1583, 308], [1584, 308], [1585, 308], [1559, 309], [1560, 309], [1561, 309], [1562, 309], [1563, 309], [1564, 309], [1565, 309], [1567, 309], [1568, 309], [1569, 309], [1570, 309], [1571, 309], [1573, 309], [1574, 309], [1575, 309], [1576, 309], [1577, 309], [1578, 309], [1580, 309], [1581, 309], [1582, 309], [1583, 309], [1584, 309], [1585, 309], [1586, 309], [1587, 309], [1588, 309], [1561, 310], [1562, 310], [1563, 310], [1564, 310], [1565, 310], [1566, 310], [1567, 310], [1568, 310], [1570, 310], [1571, 310], [1572, 310], [1573, 310], [1574, 310], [1575, 310], [1576, 310], [1577, 310], [1578, 310], [1579, 310], [1580, 310], [1581, 310], [1582, 310], [1584, 310], [1585, 310], [1586, 310], [1587, 310], [1588, 310], [1589, 310], [1590, 310], [1591, 310], [1565, 311], [1566, 311], [1567, 311], [1568, 311], [1569, 311], [1570, 311], [1571, 311], [1573, 311], [1574, 311], [1575, 311], [1576, 311], [1577, 311], [1578, 311], [1579, 311], [1580, 311], [1581, 311], [1582, 311], [1583, 311], [1584, 311], [1585, 311], [1587, 311], [1588, 311], [1589, 311], [1590, 311], [1591, 311], [1592, 311], [1593, 311], [1594, 311], [1568, 312], [1569, 312], [1570, 312], [1571, 312], [1572, 312], [1573, 312], [1574, 312], [1575, 312], [1577, 312], [1578, 312], [1579, 312], [1580, 312], [1581, 312], [1582, 312], [1583, 312], [1584, 312], [1585, 312], [1586, 312], [1587, 312], [1588, 312], [1590, 312], [1591, 312], [1592, 312], [1593, 312], [1594, 312], [1595, 312], [1596, 312], [1597, 312], [1598, 312], [1571, 313], [1572, 313], [1573, 313], [1574, 313], [1575, 313], [1576, 313], [1577, 313], [1578, 313], [1580, 313], [1581, 313], [1582, 313], [1583, 313], [1584, 313], [1586, 313], [1587, 313], [1588, 313], [1589, 313], [1590, 313], [1591, 313], [1593, 313], [1594, 313], [1595, 313], [1596, 313], [1597, 313], [1598, 313], [1599, 313], [1600, 313], [1601, 313], [1575, 314], [1576, 314], [1577, 314], [1578, 314], [1579, 314], [1580, 314], [1581, 314], [1582, 314], [1583, 314], [1584, 314], [1585, 314], [1586, 314], [1587, 314], [1589, 314], [1590, 314], [1591, 314], [1592, 314], [1593, 314], [1594, 314], [1597, 314], [1598, 314], [1599, 314], [1600, 314], [1601, 314], [1602, 314], [1603, 314], [1604, 314], [1578, 315], [1579, 315], [1580, 315], [1581, 315], [1582, 315], [1583, 315], [1584, 315], [1586, 315], [1587, 315], [1588, 315], [1589, 315], [1590, 315], [1592, 315], [1593, 315], [1594, 315], [1595, 315], [1596, 315], [1597, 315], [1598, 315], [1600, 315], [1601, 315], [1602, 315], [1603, 315], [1604, 315], [1605, 315], [1606, 315], [1607, 315], [1581, 316], [1582, 316], [1583, 316], [1584, 316], [1585, 316], [1586, 316], [1587, 316], [1588, 316], [1589, 316], [1590, 316], [1591, 316], [1592, 316], [1593, 316], [1595, 316], [1596, 316], [1597, 316], [1598, 316], [1599, 316], [1600, 316], [1601, 316], [1602, 316], [1603, 316], [1604, 316], [1605, 316], [1606, 316], [1607, 316], [1608, 316], [1609, 316], [1610, 316], [1611, 316], [1584, 317], [1585, 317], [1586, 317], [1587, 317], [1588, 317], [1589, 317], [1590, 317], [1591, 317], [1592, 317], [1593, 317], [1594, 317], [1595, 317], [1596, 317], [1597, 317], [1599, 317], [1600, 317], [1601, 317], [1602, 317], [1603, 317], [1604, 317], [1605, 317], [1606, 317], [1607, 317], [1608, 317], [1609, 317], [1610, 317], [1611, 317], [1612, 317], [1613, 317], [1614, 317], [1588, 318], [1589, 318], [1590, 318], [1591, 318], [1592, 318], [1593, 318], [1594, 318], [1595, 318], [1596, 318], [1597, 318], [1598, 318], [1599, 318], [1600, 318], [1601, 318], [1602, 318], [1603, 318], [1604, 318], [1605, 318], [1606, 318], [1607, 318], [1608, 318], [1609, 318], [1610, 318], [1611, 318], [1612, 318], [1613, 318], [1614, 318], [1615, 318], [1616, 318], [1617, 318], [1618, 318], [1591, 319], [1592, 319], [1593, 319], [1594, 319], [1595, 319], [1596, 319], [1597, 319], [1598, 319], [1599, 319], [1600, 319], [1601, 319], [1602, 319], [1603, 319], [1605, 319], [1606, 319], [1607, 319], [1608, 319], [1609, 319], [1610, 319], [1611, 319], [1613, 319], [1614, 319], [1615, 319], [1616, 319], [1617, 319], [1618, 319], [1619, 319], [1620, 319], [1621, 319], [1594, 320], [1595, 320], [1596, 320], [1597, 320], [1598, 320], [1599, 320], [1600, 320], [1601, 320], [1602, 320], [1603, 320], [1604, 320], [1605, 320], [1606, 320], [1607, 320], [1609, 320], [1610, 320], [1611, 320], [1612, 320], [1613, 320], [1614, 320], [1617, 320], [1618, 320], [1619, 320], [1620, 320], [1621, 320], [1622, 320], [1623, 320], [1624, 320], [1625, 320], [1598, 321], [1599, 321], [1600, 321], [1601, 321], [1602, 321], [1603, 321], [1605, 321], [1606, 321], [1607, 321], [1608, 321], [1609, 321], [1610, 321], [1612, 321], [1613, 321], [1614, 321], [1615, 321], [1616, 321], [1617, 321], [1618, 321], [1619, 321], [1620, 321], [1621, 321], [1622, 321], [1623, 321], [1624, 321], [1625, 321], [1626, 321], [1627, 321], [1628, 321], [1601, 322], [1602, 322], [1603, 322], [1604, 322], [1605, 322], [1606, 322], [1607, 322], [1608, 322], [1609, 322], [1610, 322], [1611, 322], [1612, 322], [1613, 322], [1614, 322], [1615, 322], [1616, 322], [1617, 322], [1618, 322], [1619, 322], [1620, 322], [1621, 322], [1622, 322], [1624, 322], [1625, 322], [1626, 322], [1627, 322], [1628, 322], [1629, 322], [1630, 322], [1631, 322], [1604, 323], [1605, 323], [1606, 323], [1607, 323], [1608, 323], [1609, 323], [1610, 323], [1612, 323], [1613, 323], [1614, 323], [1615, 323], [1616, 323], [1617, 323], [1618, 323], [1619, 323], [1620, 323], [1621, 323], [1622, 323], [1623, 323], [1624, 323], [1625, 323], [1627, 323], [1628, 323], [1629, 323], [1630, 323], [1631, 323], [1632, 323], [1633, 323], [1634, 323], [1607, 324], [1608, 324], [1609, 324], [1610, 324], [1611, 324], [1612, 324], [1613, 324], [1614, 324], [1615, 324], [1616, 324], [1617, 324], [1618, 324], [1619, 324], [1620, 324], [1622, 324], [1623, 324], [1624, 324], [1625, 324], [1626, 324], [1627, 324], [1628, 324], [1629, 324], [1630, 324], [1631, 324], [1632, 324], [1633, 324], [1634, 324], [1635, 324], [1636, 324], [1637, 324], [1610, 325], [1611, 325], [1612, 325], [1613, 325], [1614, 325], [1615, 325], [1616, 325], [1617, 325], [1618, 325], [1619, 325], [1620, 325], [1621, 325], [1622, 325], [1623, 325], [1624, 325], [1626, 325], [1627, 325], [1628, 325], [1629, 325], [1630, 325], [1631, 325], [1632, 325], [1633, 325], [1634, 325], [1635, 325], [1636, 325], [1637, 325], [1638, 325], [1639, 325], [1640, 325], [1613, 326], [1614, 326], [1615, 326], [1616, 326], [1617, 326], [1618, 326], [1619, 326], [1620, 326], [1621, 326], [1622, 326], [1623, 326], [1624, 326], [1625, 326], [1626, 326], [1627, 326], [1628, 326], [1629, 326], [1630, 326], [1631, 326], [1632, 326], [1633, 326], [1634, 326], [1635, 326], [1637, 326], [1638, 326], [1639, 326], [1640, 326], [1641, 326], [1642, 326], [1643, 326], [1616, 327], [1617, 327], [1618, 327], [1619, 327], [1620, 327], [1621, 327], [1622, 327], [1623, 327], [1624, 327], [1625, 327], [1626, 327], [1627, 327], [1628, 327], [1629, 327], [1630, 327], [1631, 327], [1632, 327], [1633, 327], [1634, 327], [1635, 327], [1636, 327], [1637, 327], [1638, 327], [1639, 327], [1640, 327], [1641, 327], [1642, 327], [1643, 327], [1644, 327], [1645, 327], [1646, 327], [1620, 328], [1621, 328], [1622, 328], [1623, 328], [1624, 328], [1625, 328], [1626, 328], [1627, 328], [1628, 328], [1629, 328], [1630, 328], [1631, 328], [1632, 328], [1633, 328], [1634, 328], [1635, 328], [1636, 328], [1637, 328], [1638, 328], [1639, 328], [1640, 328], [1641, 328], [1643, 328], [1644, 328], [1645, 328], [1646, 328], [1647, 328], [1648, 328], [1649, 328], [1650, 328], [1623, 329], [1624, 329], [1625, 329], [1626, 329], [1627, 329], [1628, 329], [1629, 329], [1630, 329], [1631, 329], [1632, 329], [1633, 329], [1634, 329], [1635, 329], [1636, 329], [1637, 329], [1638, 329], [1639, 329], [1640, 329], [1641, 329], [1642, 329], [1643, 329], [1644, 329], [1646, 329], [1647, 329], [1648, 329], [1649, 329], [1650, 329], [1651, 329], [1652, 329], [1653, 329], [1628, 330], [1629, 330], [1630, 330], [1631, 330], [1632, 330], [1633, 330], [1634, 330], [1636, 330], [1637, 330], [1638, 330], [1639, 330], [1640, 330], [1641, 330], [1642, 330], [1643, 330], [1644, 330], [1645, 330], [1646, 330], [1647, 330], [1648, 330], [1650, 330], [1651, 330], [1652, 330], [1653, 330], [1654, 330], [1655, 330], [1656, 330], [1657, 330], [1631, 331], [1632, 331], [1633, 331], [1634, 331], [1635, 331], [1636, 331], [1637, 331], [1638, 331], [1640, 331], [1641, 331], [1642, 331], [1643, 331], [1644, 331], [1646, 331], [1647, 331], [1648, 331], [1649, 331], [1650, 331], [1651, 331], [1653, 331], [1654, 331], [1655, 331], [1656, 331], [1657, 331], [1658, 331], [1659, 331], [1660, 331], [1634, 332], [1635, 332], [1636, 332], [1637, 332], [1638, 332], [1639, 332], [1640, 332], [1641, 332], [1642, 332], [1643, 332], [1644, 332], [1645, 332], [1646, 332], [1647, 332], [1649, 332], [1650, 332], [1651, 332], [1652, 332], [1653, 332], [1654, 332], [1655, 332], [1656, 332], [1657, 332], [1658, 332], [1659, 332], [1660, 332], [1661, 332], [1662, 332], [1663, 332], [1638, 333], [1639, 333], [1640, 333], [1641, 333], [1642, 333], [1643, 333], [1644, 333], [1646, 333], [1647, 333], [1648, 333], [1649, 333], [1650, 333], [1652, 333], [1653, 333], [1654, 333], [1655, 333], [1656, 333], [1657, 333], [1658, 333], [1659, 333], [1660, 333], [1661, 333], [1662, 333], [1663, 333], [1664, 333], [1665, 333], [1666, 333], [1641, 334], [1642, 334], [1643, 334], [1644, 334], [1645, 334], [1646, 334], [1647, 334], [1648, 334], [1649, 334], [1650, 334], [1651, 334], [1652, 334], [1653, 334], [1655, 334], [1656, 334], [1657, 334], [1658, 334], [1659, 334], [1660, 334], [1661, 334], [1662, 334], [1663, 334], [1664, 334], [1665, 334], [1666, 334], [1667, 334], [1668, 334], [1669, 334], [1644, 335], [1645, 335], [1646, 335], [1647, 335], [1648, 335], [1649, 335], [1650, 335], [1651, 335], [1652, 335], [1653, 335], [1654, 335], [1655, 335], [1656, 335], [1657, 335], [1658, 335], [1659, 335], [1660, 335], [1661, 335], [1662, 335], [1663, 335], [1664, 335], [1665, 335], [1666, 335], [1667, 335], [1668, 335], [1669, 335], [1670, 335], [1671, 335], [1672, 335], [1673, 335], [1647, 336], [1648, 336], [1649, 336], [1650, 336], [1651, 336], [1652, 336], [1653, 336], [1654, 336], [1655, 336], [1656, 336], [1657, 336], [1658, 336], [1659, 336], [1661, 336], [1662, 336], [1663, 336], [1664, 336], [1665, 336], [1666, 336], [1667, 336], [1669, 336], [1670, 336], [1671, 336], [1672, 336], [1673, 336], [1674, 336], [1675, 336], [1676, 336], [1677, 336], [1650, 337], [1651, 337], [1652, 337], [1653, 337], [1654, 337], [1655, 337], [1656, 337], [1657, 337], [1658, 337], [1659, 337], [1660, 337], [1661, 337], [1662, 337], [1664, 337], [1665, 337], [1666, 337], [1667, 337], [1668, 337], [1669, 337], [1670, 337], [1671, 337], [1672, 337], [1673, 337], [1674, 337], [1675, 337], [1676, 337], [1677, 337], [1678, 337], [1679, 337], [1680, 337], [1653, 338], [1654, 338], [1655, 338], [1656, 338], [1657, 338], [1658, 338], [1659, 338], [1660, 338], [1661, 338], [1662, 338], [1663, 338], [1664, 338], [1665, 338], [1666, 338], [1668, 338], [1669, 338], [1670, 338], [1671, 338], [1672, 338], [1673, 338], [1674, 338], [1675, 338], [1676, 338], [1677, 338], [1678, 338], [1679, 338], [1680, 338], [1681, 338], [1682, 338], [1683, 338], [1684, 338], [1685, 338], [1655, 339], [1656, 339], [1657, 339], [1658, 339], [1659, 339], [1660, 339], [1661, 339], [1663, 339], [1664, 339], [1665, 339], [1666, 339], [1667, 339], [1668, 339], [1669, 339], [1671, 339], [1672, 339], [1673, 339], [1674, 339], [1675, 339], [1676, 339], [1677, 339], [1679, 339], [1680, 339], [1681, 339], [1682, 339], [1683, 339], [1684, 339], [1685, 339], [1686, 339], [1687, 339], [1688, 339], [1689, 339], [1659, 340], [1660, 340], [1661, 340], [1662, 340], [1663, 340], [1664, 340], [1666, 340], [1667, 340], [1668, 340], [1669, 340], [1670, 340], [1671, 340], [1672, 340], [1673, 340], [1674, 340], [1675, 340], [1676, 340], [1677, 340], [1678, 340], [1679, 340], [1680, 340], [1681, 340], [1682, 340], [1684, 340], [1685, 340], [1686, 340], [1687, 340], [1688, 340], [1689, 340], [1690, 340], [1691, 340], [1692, 340], [1693, 340], [1661, 341], [1662, 341], [1663, 341], [1664, 341], [1665, 341], [1666, 341], [1669, 341], [1670, 341], [1671, 341], [1672, 341], [1673, 341], [1674, 341], [1675, 341], [1677, 341], [1678, 341], [1679, 341], [1680, 341], [1681, 341], [1682, 341], [1683, 341], [1684, 341], [1685, 341], [1688, 341], [1689, 341], [1690, 341], [1691, 341], [1692, 341], [1693, 341], [1694, 341], [1695, 341], [1696, 341], [1663, 342], [1664, 342], [1665, 342], [1666, 342], [1667, 342], [1672, 342], [1673, 342], [1674, 342], [1675, 342], [1676, 342], [1677, 342], [1678, 342], [1679, 342], [1681, 342], [1682, 342], [1683, 342], [1684, 342], [1685, 342], [1686, 342], [1687, 342], [1688, 342], [1689, 342], [1690, 342], [1692, 342], [1693, 342], [1694, 342], [1695, 342], [1696, 342], [1697, 342], [1698, 342], [1665, 343], [1666, 343], [1667, 343], [1668, 343], [1669, 343], [1675, 343], [1676, 343], [1677, 343], [1678, 343], [1679, 343], [1680, 343], [1681, 343], [1682, 343], [1684, 343], [1685, 343], [1686, 343], [1687, 343], [1688, 343], [1689, 343], [1690, 343], [1691, 343], [1692, 343], [1693, 343], [1695, 343], [1696, 343], [1697, 343], [1698, 343], [1699, 343], [1700, 343], [1701, 343], [1666, 344], [1667, 344], [1668, 344], [1669, 344], [1670, 344], [1671, 344], [1672, 344], [1673, 344], [1678, 344], [1679, 344], [1680, 344], [1681, 344], [1682, 344], [1683, 344], [1684, 344], [1685, 344], [1686, 344], [1689, 344], [1690, 344], [1691, 344], [1692, 344], [1693, 344], [1694, 344], [1695, 344], [1696, 344], [1698, 344], [1699, 344], [1700, 344], [1701, 344], [1702, 344], [1703, 344], [1704, 344], [1668, 345], [1669, 345], [1670, 345], [1671, 345], [1672, 345], [1673, 345], [1674, 345], [1675, 345], [1676, 345], [1677, 345], [1678, 345], [1681, 345], [1682, 345], [1683, 345], [1684, 345], [1685, 345], [1686, 345], [1687, 345], [1688, 345], [1689, 345], [1690, 345], [1692, 345], [1693, 345], [1694, 345], [1695, 345], [1696, 345], [1697, 345], [1698, 345], [1699, 345], [1700, 345], [1701, 345], [1702, 345], [1703, 345], [1704, 345], [1705, 345], [1706, 345], [1672, 346], [1673, 346], [1674, 346], [1675, 346], [1676, 346], [1677, 346], [1678, 346], [1679, 346], [1680, 346], [1681, 346], [1682, 346], [1683, 346], [1684, 346], [1685, 346], [1686, 346], [1687, 346], [1688, 346], [1689, 346], [1690, 346], [1691, 346], [1692, 346], [1693, 346], [1694, 346], [1696, 346], [1697, 346], [1698, 346], [1699, 346], [1700, 346], [1703, 346], [1704, 346], [1705, 346], [1706, 346], [1707, 346], [1708, 346], [1709, 346], [1677, 347], [1678, 347], [1679, 347], [1680, 347], [1681, 347], [1682, 347], [1683, 347], [1684, 347], [1685, 347], [1686, 347], [1687, 347], [1688, 347], [1689, 347], [1690, 347], [1691, 347], [1692, 347], [1693, 347], [1694, 347], [1695, 347], [1696, 347], [1697, 347], [1699, 347], [1700, 347], [1701, 347], [1702, 347], [1703, 347], [1704, 347], [1705, 347], [1706, 347], [1707, 347], [1708, 347], [1709, 347], [1710, 347], [1711, 347], [1712, 347], [1683, 348], [1684, 348], [1685, 348], [1686, 348], [1687, 348], [1688, 348], [1689, 348], [1690, 348], [1691, 348], [1692, 348], [1694, 348], [1695, 348], [1696, 348], [1697, 348], [1698, 348], [1699, 348], [1701, 348], [1702, 348], [1703, 348], [1704, 348], [1705, 348], [1706, 348], [1707, 348], [1708, 348], [1709, 348], [1710, 348], [1711, 348], [1712, 348], [1713, 348], [1714, 348], [1715, 348], [1716, 348], [1687, 349], [1688, 349], [1689, 349], [1690, 349], [1691, 349], [1692, 349], [1693, 349], [1694, 349], [1695, 349], [1696, 349], [1698, 349], [1699, 349], [1700, 349], [1701, 349], [1702, 349], [1704, 349], [1705, 349], [1706, 349], [1707, 349], [1708, 349], [1709, 349], [1710, 349], [1712, 349], [1713, 349], [1714, 349], [1715, 349], [1716, 349], [1717, 349], [1718, 349], [1719, 349], [1692, 350], [1693, 350], [1694, 350], [1695, 350], [1696, 350], [1697, 350], [1698, 350], [1699, 350], [1701, 350], [1702, 350], [1703, 350], [1704, 350], [1705, 350], [1706, 350], [1707, 350], [1708, 350], [1709, 350], [1710, 350], [1711, 350], [1712, 350], [1713, 350], [1714, 350], [1716, 350], [1717, 350], [1718, 350], [1719, 350], [1720, 350], [1721, 350], [1722, 350], [1696, 351], [1697, 351], [1698, 351], [1699, 351], [1700, 351], [1701, 351], [1703, 351], [1704, 351], [1705, 351], [1706, 351], [1707, 351], [1708, 351], [1709, 351], [1710, 351], [1711, 351], [1712, 351], [1713, 351], [1714, 351], [1715, 351], [1716, 351], [1717, 351], [1719, 351], [1720, 351], [1721, 351], [1722, 351], [1723, 351], [1724, 351], [1725, 351], [1699, 352], [1700, 352], [1701, 352], [1702, 352], [1703, 352], [1704, 352], [1705, 352], [1706, 352], [1707, 352], [1708, 352], [1709, 352], [1710, 352], [1711, 352], [1712, 352], [1714, 352], [1715, 352], [1716, 352], [1717, 352], [1718, 352], [1719, 352], [1720, 352], [1721, 352], [1722, 352], [1723, 352], [1724, 352], [1725, 352], [1726, 352], [1727, 352], [1728, 352], [1701, 353], [1702, 353], [1703, 353], [1704, 353], [1705, 353], [1706, 353], [1707, 353], [1708, 353], [1709, 353], [1710, 353], [1711, 353], [1712, 353], [1713, 353], [1714, 353], [1717, 353], [1718, 353], [1719, 353], [1720, 353], [1721, 353], [1722, 353], [1723, 353], [1724, 353], [1725, 353], [1726, 353], [1727, 353], [1728, 353], [1729, 353], [1730, 353], [1731, 353], [1704, 354], [1705, 354], [1706, 354], [1707, 354], [1708, 354], [1709, 354], [1710, 354], [1711, 354], [1712, 354], [1713, 354], [1714, 354], [1715, 354], [1716, 354], [1717, 354], [1718, 354], [1719, 354], [1720, 354], [1721, 354], [1722, 354], [1723, 354], [1724, 354], [1725, 354], [1726, 354], [1728, 354], [1729, 354], [1730, 354], [1731, 354], [1732, 354], [1733, 354], [1734, 354], [1708, 355], [1709, 355], [1710, 355], [1711, 355], [1712, 355], [1713, 355], [1715, 355], [1716, 355], [1717, 355], [1718, 355], [1719, 355], [1720, 355], [1721, 355], [1722, 355], [1723, 355], [1724, 355], [1725, 355], [1726, 355], [1727, 355], [1728, 355], [1729, 355], [1730, 355], [1731, 355], [1732, 355], [1733, 355], [1734, 355], [1735, 355], [1736, 355], [1737, 355], [1711, 356], [1712, 356], [1713, 356], [1714, 356], [1715, 356], [1716, 356], [1717, 356], [1718, 356], [1719, 356], [1720, 356], [1721, 356], [1722, 356], [1723, 356], [1724, 356], [1725, 356], [1727, 356], [1728, 356], [1729, 356], [1730, 356], [1731, 356], [1732, 356], [1733, 356], [1734, 356], [1735, 356], [1736, 356], [1737, 356], [1738, 356], [1739, 356], [1740, 356], [1714, 357], [1715, 357], [1716, 357], [1717, 357], [1718, 357], [1719, 357], [1720, 357], [1721, 357], [1722, 357], [1723, 357], [1724, 357], [1725, 357], [1726, 357], [1727, 357], [1729, 357], [1730, 357], [1731, 357], [1732, 357], [1733, 357], [1734, 357], [1735, 357], [1736, 357], [1737, 357], [1738, 357], [1739, 357], [1740, 357], [1741, 357], [1742, 357], [1743, 357], [1744, 357], [1717, 358], [1718, 358], [1719, 358], [1720, 358], [1721, 358], [1722, 358], [1723, 358], [1724, 358], [1726, 358], [1727, 358], [1728, 358], [1729, 358], [1730, 358], [1732, 358], [1733, 358], [1734, 358], [1735, 358], [1736, 358], [1737, 358], [1738, 358], [1740, 358], [1741, 358], [1742, 358], [1743, 358], [1744, 358], [1745, 358], [1746, 358], [1747, 358], [1720, 359], [1721, 359], [1722, 359], [1723, 359], [1724, 359], [1725, 359], [1726, 359], [1727, 359], [1728, 359], [1729, 359], [1730, 359], [1731, 359], [1732, 359], [1733, 359], [1734, 359], [1735, 359], [1736, 359], [1737, 359], [1738, 359], [1739, 359], [1740, 359], [1741, 359], [1742, 359], [1743, 359], [1744, 359], [1745, 359], [1746, 359], [1747, 359], [1748, 359], [1749, 359], [1750, 359], [1724, 360], [1725, 360], [1726, 360], [1727, 360], [1728, 360], [1729, 360], [1730, 360], [1731, 360], [1732, 360], [1733, 360], [1734, 360], [1735, 360], [1736, 360], [1737, 360], [1739, 360], [1740, 360], [1741, 360], [1742, 360], [1743, 360], [1744, 360], [1745, 360], [1746, 360], [1747, 360], [1748, 360], [1749, 360], [1750, 360], [1751, 360], [1752, 360], [1753, 360], [1727, 361], [1728, 361], [1729, 361], [1730, 361], [1731, 361], [1732, 361], [1734, 361], [1735, 361], [1736, 361], [1737, 361], [1738, 361], [1739, 361], [1740, 361], [1741, 361], [1742, 361], [1743, 361], [1744, 361], [1745, 361], [1746, 361], [1747, 361], [1748, 361], [1750, 361], [1751, 361], [1752, 361], [1753, 361], [1754, 361], [1755, 361], [1756, 361], [1730, 362], [1731, 362], [1732, 362], [1733, 362], [1734, 362], [1735, 362], [1736, 362], [1738, 362], [1739, 362], [1740, 362], [1741, 362], [1742, 362], [1743, 362], [1745, 362], [1746, 362], [1747, 362], [1748, 362], [1749, 362], [1750, 362], [1751, 362], [1753, 362], [1754, 362], [1755, 362], [1756, 362], [1757, 362], [1758, 362], [1759, 362], [1760, 362], [1733, 363], [1734, 363], [1735, 363], [1736, 363], [1737, 363], [1738, 363], [1739, 363], [1740, 363], [1741, 363], [1742, 363], [1743, 363], [1744, 363], [1745, 363], [1746, 363], [1747, 363], [1748, 363], [1749, 363], [1750, 363], [1751, 363], [1752, 363], [1753, 363], [1754, 363], [1756, 363], [1757, 363], [1758, 363], [1759, 363], [1760, 363], [1761, 363], [1762, 363], [1763, 363], [1736, 364], [1737, 364], [1738, 364], [1739, 364], [1740, 364], [1741, 364], [1742, 364], [1743, 364], [1744, 364], [1745, 364], [1746, 364], [1747, 364], [1748, 364], [1749, 364], [1750, 364], [1751, 364], [1752, 364], [1753, 364], [1754, 364], [1755, 364], [1756, 364], [1757, 364], [1758, 364], [1759, 364], [1760, 364], [1761, 364], [1762, 364], [1763, 364], [1764, 364], [1765, 364], [1766, 364], [1767, 364], [1739, 365], [1740, 365], [1741, 365], [1742, 365], [1743, 365], [1744, 365], [1745, 365], [1746, 365], [1747, 365], [1748, 365], [1749, 365], [1750, 365], [1751, 365], [1752, 365], [1753, 365], [1755, 365], [1756, 365], [1757, 365], [1758, 365], [1759, 365], [1760, 365], [1761, 365], [1762, 365], [1763, 365], [1764, 365], [1765, 365], [1766, 365], [1767, 365], [1768, 365], [1769, 365], [1770, 365], [1743, 366], [1744, 366], [1745, 366], [1746, 366], [1747, 366], [1748, 366], [1749, 366], [1750, 366], [1751, 366], [1752, 366], [1753, 366], [1754, 366], [1755, 366], [1756, 366], [1758, 366], [1759, 366], [1760, 366], [1761, 366], [1762, 366], [1763, 366], [1764, 366], [1765, 366], [1766, 366], [1767, 366], [1768, 366], [1769, 366], [1770, 366], [1771, 366], [1772, 366], [1773, 366], [1746, 367], [1747, 367], [1748, 367], [1749, 367], [1750, 367], [1751, 367], [1752, 367], [1753, 367], [1754, 367], [1755, 367], [1756, 367], [1757, 367], [1758, 367], [1759, 367], [1760, 367], [1761, 367], [1762, 367], [1763, 367], [1764, 367], [1765, 367], [1766, 367], [1767, 367], [1768, 367], [1769, 367], [1770, 367], [1771, 367], [1772, 367], [1773, 367], [1774, 367], [1775, 367], [1776, 367], [1749, 368], [1750, 368], [1751, 368], [1752, 368], [1753, 368], [1754, 368], [1755, 368], [1756, 368], [1757, 368], [1758, 368], [1759, 368], [1760, 368], [1761, 368], [1762, 368], [1763, 368], [1764, 368], [1765, 368], [1766, 368], [1767, 368], [1768, 368], [1769, 368], [1770, 368], [1771, 368], [1772, 368], [1773, 368], [1774, 368], [1775, 368], [1776, 368], [1777, 368], [1778, 368], [1779, 368], [1780, 368], [1753, 369], [1754, 369], [1755, 369], [1756, 369], [1757, 369], [1758, 369], [1760, 369], [1761, 369], [1762, 369], [1763, 369], [1764, 369], [1765, 369], [1767, 369], [1768, 369], [1769, 369], [1770, 369], [1771, 369], [1772, 369], [1773, 369], [1774, 369], [1776, 369], [1777, 369], [1778, 369], [1779, 369], [1780, 369], [1781, 369], [1782, 369], [1756, 370], [1757, 370], [1758, 370], [1759, 370], [1760, 370], [1761, 370], [1762, 370], [1763, 370], [1764, 370], [1765, 370], [1766, 370], [1767, 370], [1768, 370], [1769, 370], [1770, 370], [1771, 370], [1772, 370], [1773, 370], [1774, 370], [1775, 370], [1776, 370], [1777, 370], [1778, 370], [1779, 370], [1780, 370], [1781, 370], [1782, 370], [1783, 370], [1784, 370], [1785, 370], [1759, 371], [1760, 371], [1761, 371], [1762, 371], [1763, 371], [1764, 371], [1765, 371], [1766, 371], [1767, 371], [1768, 371], [1769, 371], [1770, 371], [1771, 371], [1774, 371], [1775, 371], [1776, 371], [1777, 371], [1778, 371], [1779, 371], [1780, 371], [1781, 371], [1782, 371], [1783, 371], [1784, 371], [1785, 371], [1786, 371], [1787, 371], [1788, 371], [1762, 372], [1763, 372], [1764, 372], [1765, 372], [1766, 372], [1767, 372], [1768, 372], [1770, 372], [1771, 372], [1772, 372], [1773, 372], [1774, 372], [1775, 372], [1777, 372], [1778, 372], [1779, 372], [1780, 372], [1781, 372], [1782, 372], [1783, 372], [1784, 372], [1785, 372], [1786, 372], [1787, 372], [1788, 372], [1789, 372], [1790, 372], [1791, 372], [1792, 372], [1766, 373], [1767, 373], [1768, 373], [1769, 373], [1770, 373], [1771, 373], [1773, 373], [1774, 373], [1775, 373], [1776, 373], [1777, 373], [1778, 373], [1779, 373], [1780, 373], [1781, 373], [1782, 373], [1783, 373], [1784, 373], [1785, 373], [1786, 373], [1787, 373], [1788, 373], [1789, 373], [1790, 373], [1791, 373], [1792, 373], [1793, 373], [1794, 373], [1795, 373], [1769, 374], [1770, 374], [1771, 374], [1772, 374], [1773, 374], [1774, 374], [1775, 374], [1776, 374], [1777, 374], [1778, 374], [1779, 374], [1780, 374], [1781, 374], [1782, 374], [1783, 374], [1784, 374], [1785, 374], [1786, 374], [1787, 374], [1788, 374], [1789, 374], [1790, 374], [1791, 374], [1792, 374], [1793, 374], [1794, 374], [1795, 374], [1796, 374], [1797, 374], [1798, 374], [1799, 374], [1773, 375], [1774, 375], [1775, 375], [1776, 375], [1777, 375], [1778, 375], [1779, 375], [1780, 375], [1781, 375], [1782, 375], [1783, 375], [1784, 375], [1785, 375], [1786, 375], [1787, 375], [1788, 375], [1789, 375], [1790, 375], [1791, 375], [1792, 375], [1794, 375], [1795, 375], [1796, 375], [1797, 375], [1798, 375], [1799, 375], [1800, 375], [1801, 375], [1802, 375], [1776, 376], [1777, 376], [1778, 376], [1779, 376], [1780, 376], [1781, 376], [1782, 376], [1783, 376], [1784, 376], [1785, 376], [1786, 376], [1787, 376], [1788, 376], [1789, 376], [1790, 376], [1791, 376], [1792, 376], [1793, 376], [1794, 376], [1795, 376], [1796, 376], [1798, 376], [1799, 376], [1800, 376], [1801, 376], [1802, 376], [1803, 376], [1804, 376], [1805, 376], [1779, 377], [1780, 377], [1781, 377], [1782, 377], [1783, 377], [1784, 377], [1785, 377], [1786, 377], [1787, 377], [1788, 377], [1789, 377], [1790, 377], [1791, 377], [1792, 377], [1793, 377], [1794, 377], [1795, 377], [1796, 377], [1797, 377], [1798, 377], [1799, 377], [1800, 377], [1801, 377], [1802, 377], [1803, 377], [1804, 377], [1805, 377], [1806, 377], [1807, 377], [1808, 377], [1809, 377], [1782, 378], [1783, 378], [1784, 378], [1785, 378], [1786, 378], [1787, 378], [1789, 378], [1790, 378], [1791, 378], [1792, 378], [1793, 378], [1794, 378], [1795, 378], [1796, 378], [1797, 378], [1798, 378], [1799, 378], [1800, 378], [1801, 378], [1804, 378], [1805, 378], [1806, 378], [1807, 378], [1808, 378], [1809, 378], [1810, 378], [1811, 378], [1812, 378], [1823, 378], [1824, 378], [1785, 379], [1786, 379], [1787, 379], [1788, 379], [1789, 379], [1790, 379], [1791, 379], [1793, 379], [1794, 379], [1795, 379], [1796, 379], [1797, 379], [1798, 379], [1799, 379], [1800, 379], [1801, 379], [1802, 379], [1808, 379], [1809, 379], [1810, 379], [1811, 379], [1812, 379], [1813, 379], [1814, 379], [1815, 379], [1816, 379], [1820, 379], [1821, 379], [1822, 379], [1823, 379], [1824, 379], [1788, 380], [1789, 380], [1790, 380], [1791, 380], [1792, 380], [1793, 380], [1794, 380], [1795, 380], [1796, 380], [1797, 380], [1798, 380], [1799, 380], [1800, 380], [1801, 380], [1802, 380], [1804, 380], [1805, 380], [1806, 380], [1807, 380], [1808, 380], [1811, 380], [1812, 380], [1813, 380], [1814, 380], [1815, 380], [1816, 380], [1817, 380], [1818, 380], [1819, 380], [1820, 380], [1821, 380], [1822, 380], [1823, 380], [1824, 380], [1792, 381], [1793, 381], [1794, 381], [1795, 381], [1796, 381], [1797, 381], [1798, 381], [1799, 381], [1800, 381], [1801, 381], [1802, 381], [1804, 381], [1805, 381], [1807, 381], [1808, 381], [1809, 381], [1810, 381], [1815, 381], [1816, 381], [1817, 381], [1818, 381], [1819, 381], [1820, 381], [1821, 381], [1795, 382], [1796, 382], [1797, 382], [1798, 382], [1799, 382], [1800, 382], [1801, 382], [1802, 382], [1803, 382], [1804, 382], [1805, 382], [1806, 382], [1807, 382], [1808, 382], [1809, 382], [1810, 382], [1811, 382], [1812, 382], [1813, 382], [1814, 382], [1798, 383], [1799, 383], [1800, 383], [1801, 383], [1802, 383], [1803, 383], [1804, 383], [1805, 383], [1806, 383], [1807, 383], [1808, 383], [1809, 383], [1810, 383], [1811, 383], [1812, 383], [1813, 383], [1814, 383], [1815, 383], [1816, 383], [1817, 383], [1818, 383], [1819, 383], [1820, 383], [1802, 384], [1803, 384], [1804, 384], [1805, 384], [1806, 384], [1807, 384], [1808, 384], [1809, 384], [1810, 384], [1811, 384], [1812, 384], [1813, 384], [1814, 384], [1815, 384], [1816, 384], [1817, 384], [1818, 384], [1819, 384], [1820, 384], [1821, 384], [1822, 384], [1823, 384], [1824, 384], [1805, 385], [1806, 385], [1807, 385], [1808, 385], [1809, 385], [1810, 385], [1811, 385], [1812, 385], [1813, 385], [1814, 385], [1815, 385], [1816, 385], [1817, 385], [1818, 385], [1819, 385], [1820, 385], [1821, 385], [1822, 385], [1823, 385], [1824, 385], [1808, 386], [1809, 386], [1810, 386], [1811, 386], [1812, 386], [1813, 386], [1814, 386], [1815, 386], [1816, 386], [1817, 386], [1818, 386], [1819, 386], [1820, 386], [1821, 386], [1822, 386], [1823, 386], [1824, 386], [1811, 387], [1812, 387], [1813, 387], [1814, 387], [1815, 387], [1816, 387], [1817, 387], [1819, 387], [1820, 387], [1821, 387], [1822, 387], [1823, 387], [1824, 387], [1815, 388], [1816, 388], [1817, 388], [1818, 388], [1819, 388], [1820, 388], [1821, 388], [1822, 388], [1823, 388], [1824, 388], [1818, 389], [1819, 389], [1820, 389], [1821, 389], [1822, 389], [1823, 389], [1824, 389], [1821, 390], [1822, 390], [1823, 390], [1824, 390], [1247, 396], [1248, 396], [1249, 396], [1246, 397], [1247, 397], [1248, 397], [1249, 397], [1250, 397], [1248, 398], [1249, 398], [1250, 398], [1251, 398], [1249, 399], [1250, 399], [1251, 399], [1252, 399], [1250, 400], [1251, 400], [1252, 400], [1253, 400], [1251, 401], [1252, 401], [1253, 401], [1254, 401], [1255, 401], [1252, 402], [1253, 402], [1254, 402], [1255, 402], [1256, 402], [1236, 403], [1254, 403], [1255, 403], [1256, 403], [1257, 403], [1234, 404], [1235, 404], [1236, 404], [1255, 404], [1256, 404], [1257, 404], [1258, 404], [1259, 404], [1232, 405], [1233, 405], [1234, 405], [1235, 405], [1237, 405], [1238, 405], [1239, 405], [1240, 405], [1256, 405], [1257, 405], [1258, 405], [1259, 405], [1260, 405], [1235, 406], [1236, 406], [1237, 406], [1238, 406], [1239, 406], [1240, 406], [1241, 406], [1242, 406], [1258, 406], [1259, 406], [1260, 406], [1261, 406], [1229, 407], [1230, 407], [1231, 407], [1232, 407], [1233, 407], [1234, 407], [1235, 407], [1236, 407], [1237, 407], [1238, 407], [1239, 407], [1240, 407], [1241, 407], [1242, 407], [1243, 407], [1259, 407], [1260, 407], [1261, 407], [1262, 407], [1263, 407], [1227, 408], [1228, 408], [1229, 408], [1230, 408], [1231, 408], [1232, 408], [1233, 408], [1234, 408], [1235, 408], [1236, 408], [1241, 408], [1242, 408], [1243, 408], [1244, 408], [1260, 408], [1261, 408], [1262, 408], [1263, 408], [1264, 408], [1226, 409], [1242, 409], [1243, 409], [1244, 409], [1245, 409], [1262, 409], [1263, 409], [1264, 409], [1265, 409], [1224, 410], [1225, 410], [1226, 410], [1227, 410], [1228, 410], [1243, 410], [1244, 410], [1245, 410], [1246, 410], [1263, 410], [1264, 410], [1265, 410], [1266, 410], [1225, 411], [1226, 411], [1227, 411], [1228, 411], [1229, 411], [1244, 411], [1245, 411], [1246, 411], [1247, 411], [1264, 411], [1265, 411], [1266, 411], [1267, 411], [1227, 412], [1228, 412], [1229, 412], [1230, 412], [1245, 412], [1246, 412], [1247, 412], [1248, 412], [1265, 412], [1266, 412], [1267, 412], [1268, 412], [1228, 413], [1229, 413], [1230, 413], [1231, 413], [1232, 413], [1246, 413], [1247, 413], [1248, 413], [1249, 413], [1266, 413], [1267, 413], [1268, 413], [1269, 413], [1270, 413], [1229, 414], [1230, 414], [1231, 414], [1232, 414], [1233, 414], [1247, 414], [1248, 414], [1249, 414], [1250, 414], [1251, 414], [1267, 414], [1268, 414], [1269, 414], [1270, 414], [1271, 414], [1272, 414], [1231, 415], [1232, 415], [1233, 415], [1234, 415], [1248, 415], [1249, 415], [1250, 415], [1251, 415], [1252, 415], [1269, 415], [1270, 415], [1271, 415], [1272, 415], [1273, 415], [1232, 416], [1233, 416], [1234, 416], [1235, 416], [1250, 416], [1251, 416], [1252, 416], [1253, 416], [1271, 416], [1272, 416], [1273, 416], [1274, 416], [1212, 417], [1213, 417], [1214, 417], [1233, 417], [1234, 417], [1235, 417], [1236, 417], [1237, 417], [1251, 417], [1252, 417], [1253, 417], [1254, 417], [1272, 417], [1273, 417], [1274, 417], [1275, 417], [1212, 418], [1213, 418], [1214, 418], [1215, 418], [1234, 418], [1235, 418], [1236, 418], [1237, 418], [1238, 418], [1252, 418], [1253, 418], [1254, 418], [1255, 418], [1256, 418], [1273, 418], [1274, 418], [1275, 418], [1276, 418], [1277, 418], [1213, 419], [1214, 419], [1215, 419], [1216, 419], [1236, 419], [1237, 419], [1238, 419], [1239, 419], [1253, 419], [1254, 419], [1255, 419], [1256, 419], [1257, 419], [1274, 419], [1275, 419], [1276, 419], [1277, 419], [1278, 419], [1214, 420], [1215, 420], [1216, 420], [1217, 420], [1237, 420], [1238, 420], [1239, 420], [1240, 420], [1255, 420], [1256, 420], [1257, 420], [1258, 420], [1276, 420], [1277, 420], [1278, 420], [1279, 420], [1215, 421], [1216, 421], [1217, 421], [1218, 421], [1219, 421], [1238, 421], [1239, 421], [1240, 421], [1241, 421], [1242, 421], [1256, 421], [1257, 421], [1258, 421], [1259, 421], [1277, 421], [1278, 421], [1279, 421], [1280, 421], [1281, 421], [1216, 422], [1217, 422], [1218, 422], [1219, 422], [1220, 422], [1239, 422], [1240, 422], [1241, 422], [1242, 422], [1243, 422], [1257, 422], [1258, 422], [1259, 422], [1260, 422], [1278, 422], [1279, 422], [1280, 422], [1281, 422], [1282, 422], [1218, 423], [1219, 423], [1220, 423], [1221, 423], [1241, 423], [1242, 423], [1243, 423], [1258, 423], [1259, 423], [1260, 423], [1261, 423], [1262, 423], [1280, 423], [1281, 423], [1282, 423], [1283, 423], [1219, 424], [1220, 424], [1221, 424], [1222, 424], [1242, 424], [1243, 424], [1244, 424], [1259, 424], [1260, 424], [1261, 424], [1262, 424], [1263, 424], [1281, 424], [1282, 424], [1283, 424], [1284, 424], [1220, 425], [1221, 425], [1222, 425], [1223, 425], [1242, 425], [1243, 425], [1244, 425], [1245, 425], [1261, 425], [1262, 425], [1263, 425], [1264, 425], [1282, 425], [1283, 425], [1284, 425], [1285, 425], [1221, 426], [1222, 426], [1223, 426], [1224, 426], [1243, 426], [1244, 426], [1245, 426], [1246, 426], [1262, 426], [1263, 426], [1264, 426], [1265, 426], [1283, 426], [1284, 426], [1285, 426], [1286, 426], [1287, 426], [1222, 427], [1223, 427], [1224, 427], [1225, 427], [1244, 427], [1245, 427], [1246, 427], [1247, 427], [1263, 427], [1264, 427], [1265, 427], [1266, 427], [1284, 427], [1285, 427], [1286, 427], [1287, 427], [1288, 427], [1223, 428], [1224, 428], [1225, 428], [1226, 428], [1245, 428], [1246, 428], [1247, 428], [1248, 428], [1264, 428], [1265, 428], [1266, 428], [1267, 428], [1275, 428], [1276, 428], [1277, 428], [1278, 428], [1279, 428], [1280, 428], [1281, 428], [1282, 428], [1286, 428], [1287, 428], [1288, 428], [1289, 428], [1224, 429], [1225, 429], [1226, 429], [1227, 429], [1246, 429], [1247, 429], [1248, 429], [1249, 429], [1265, 429], [1266, 429], [1267, 429], [1268, 429], [1269, 429], [1274, 429], [1275, 429], [1276, 429], [1277, 429], [1278, 429], [1279, 429], [1280, 429], [1281, 429], [1282, 429], [1283, 429], [1284, 429], [1287, 429], [1288, 429], [1289, 429], [1290, 429], [1225, 430], [1226, 430], [1227, 430], [1228, 430], [1247, 430], [1248, 430], [1249, 430], [1250, 430], [1251, 430], [1266, 430], [1267, 430], [1268, 430], [1269, 430], [1273, 430], [1274, 430], [1275, 430], [1276, 430], [1277, 430], [1278, 430], [1279, 430], [1280, 430], [1281, 430], [1282, 430], [1283, 430], [1284, 430], [1288, 430], [1289, 430], [1290, 430], [1291, 430], [1292, 430], [1226, 431], [1227, 431], [1228, 431], [1229, 431], [1230, 431], [1248, 431], [1249, 431], [1250, 431], [1251, 431], [1252, 431], [1268, 431], [1269, 431], [1270, 431], [1271, 431], [1273, 431], [1274, 431], [1275, 431], [1282, 431], [1283, 431], [1284, 431], [1289, 431], [1290, 431], [1291, 431], [1292, 431], [1293, 431], [1227, 432], [1228, 432], [1229, 432], [1230, 432], [1231, 432], [1250, 432], [1251, 432], [1252, 432], [1253, 432], [1268, 432], [1269, 432], [1270, 432], [1271, 432], [1272, 432], [1273, 432], [1274, 432], [1275, 432], [1276, 432], [1277, 432], [1281, 432], [1282, 432], [1283, 432], [1284, 432], [1291, 432], [1292, 432], [1293, 432], [1294, 432], [1229, 433], [1230, 433], [1231, 433], [1232, 433], [1251, 433], [1252, 433], [1253, 433], [1254, 433], [1270, 433], [1271, 433], [1272, 433], [1273, 433], [1275, 433], [1276, 433], [1277, 433], [1278, 433], [1279, 433], [1280, 433], [1281, 433], [1282, 433], [1283, 433], [1284, 433], [1292, 433], [1293, 433], [1294, 433], [1295, 433], [1296, 433], [1230, 434], [1231, 434], [1232, 434], [1233, 434], [1252, 434], [1253, 434], [1254, 434], [1255, 434], [1256, 434], [1271, 434], [1272, 434], [1273, 434], [1274, 434], [1275, 434], [1276, 434], [1277, 434], [1278, 434], [1279, 434], [1280, 434], [1281, 434], [1282, 434], [1293, 434], [1294, 434], [1295, 434], [1296, 434], [1297, 434], [1231, 435], [1232, 435], [1233, 435], [1234, 435], [1253, 435], [1254, 435], [1255, 435], [1256, 435], [1257, 435], [1273, 435], [1274, 435], [1275, 435], [1276, 435], [1277, 435], [1295, 435], [1296, 435], [1297, 435], [1298, 435], [1232, 436], [1233, 436], [1234, 436], [1235, 436], [1236, 436], [1255, 436], [1256, 436], [1257, 436], [1258, 436], [1274, 436], [1275, 436], [1276, 436], [1277, 436], [1278, 436], [1296, 436], [1297, 436], [1298, 436], [1299, 436], [1233, 437], [1234, 437], [1235, 437], [1236, 437], [1237, 437], [1256, 437], [1257, 437], [1258, 437], [1259, 437], [1276, 437], [1277, 437], [1278, 437], [1279, 437], [1297, 437], [1298, 437], [1299, 437], [1300, 437], [1301, 437], [1235, 438], [1236, 438], [1237, 438], [1238, 438], [1257, 438], [1258, 438], [1259, 438], [1260, 438], [1277, 438], [1278, 438], [1279, 438], [1280, 438], [1298, 438], [1299, 438], [1300, 438], [1301, 438], [1302, 438], [1236, 439], [1237, 439], [1238, 439], [1239, 439], [1258, 439], [1259, 439], [1260, 439], [1261, 439], [1278, 439], [1279, 439], [1280, 439], [1281, 439], [1282, 439], [1300, 439], [1301, 439], [1302, 439], [1303, 439], [1237, 440], [1238, 440], [1239, 440], [1240, 440], [1259, 440], [1260, 440], [1261, 440], [1262, 440], [1263, 440], [1279, 440], [1280, 440], [1281, 440], [1282, 440], [1283, 440], [1301, 440], [1302, 440], [1303, 440], [1304, 440], [1238, 441], [1239, 441], [1240, 441], [1241, 441], [1260, 441], [1261, 441], [1262, 441], [1263, 441], [1264, 441], [1281, 441], [1282, 441], [1283, 441], [1284, 441], [1302, 441], [1303, 441], [1304, 441], [1305, 441], [1239, 442], [1240, 442], [1241, 442], [1242, 442], [1243, 442], [1262, 442], [1263, 442], [1264, 442], [1265, 442], [1282, 442], [1283, 442], [1284, 442], [1285, 442], [1286, 442], [1303, 442], [1304, 442], [1305, 442], [1306, 442], [1240, 443], [1241, 443], [1242, 443], [1243, 443], [1244, 443], [1263, 443], [1264, 443], [1265, 443], [1266, 443], [1267, 443], [1283, 443], [1284, 443], [1285, 443], [1286, 443], [1287, 443], [1304, 443], [1305, 443], [1306, 443], [1307, 443], [1308, 443], [1242, 444], [1243, 444], [1244, 444], [1245, 444], [1264, 444], [1265, 444], [1266, 444], [1267, 444], [1285, 444], [1286, 444], [1287, 444], [1288, 444], [1305, 444], [1306, 444], [1307, 444], [1308, 444], [1309, 444], [1243, 445], [1244, 445], [1245, 445], [1246, 445], [1266, 445], [1267, 445], [1268, 445], [1269, 445], [1286, 445], [1287, 445], [1288, 445], [1289, 445], [1307, 445], [1308, 445], [1309, 445], [1310, 445], [1311, 445], [1244, 446], [1245, 446], [1246, 446], [1247, 446], [1266, 446], [1267, 446], [1268, 446], [1269, 446], [1270, 446], [1287, 446], [1288, 446], [1289, 446], [1290, 446], [1308, 446], [1309, 446], [1310, 446], [1311, 446], [1312, 446], [1245, 447], [1246, 447], [1247, 447], [1248, 447], [1268, 447], [1269, 447], [1270, 447], [1271, 447], [1288, 447], [1289, 447], [1290, 447], [1291, 447], [1310, 447], [1311, 447], [1312, 447], [1313, 447], [1246, 448], [1247, 448], [1248, 448], [1249, 448], [1269, 448], [1270, 448], [1271, 448], [1272, 448], [1289, 448], [1290, 448], [1291, 448], [1292, 448], [1293, 448], [1311, 448], [1312, 448], [1313, 448], [1314, 448], [1247, 449], [1248, 449], [1249, 449], [1250, 449], [1270, 449], [1271, 449], [1272, 449], [1273, 449], [1290, 449], [1291, 449], [1292, 449], [1293, 449], [1294, 449], [1312, 449], [1313, 449], [1314, 449], [1315, 449], [1248, 450], [1249, 450], [1250, 450], [1251, 450], [1252, 450], [1271, 450], [1272, 450], [1273, 450], [1274, 450], [1292, 450], [1293, 450], [1294, 450], [1295, 450], [1313, 450], [1314, 450], [1315, 450], [1316, 450], [1249, 451], [1250, 451], [1251, 451], [1252, 451], [1253, 451], [1272, 451], [1273, 451], [1274, 451], [1275, 451], [1293, 451], [1294, 451], [1295, 451], [1296, 451], [1297, 451], [1314, 451], [1315, 451], [1316, 451], [1317, 451], [1318, 451], [1251, 452], [1252, 452], [1253, 452], [1254, 452], [1273, 452], [1274, 452], [1275, 452], [1276, 452], [1294, 452], [1295, 452], [1296, 452], [1297, 452], [1298, 452], [1315, 452], [1316, 452], [1317, 452], [1318, 452], [1319, 452], [1252, 453], [1253, 453], [1254, 453], [1255, 453], [1274, 453], [1275, 453], [1276, 453], [1296, 453], [1297, 453], [1298, 453], [1299, 453], [1317, 453], [1318, 453], [1319, 453], [1320, 453], [1321, 453], [1253, 454], [1254, 454], [1255, 454], [1256, 454], [1275, 454], [1276, 454], [1277, 454], [1297, 454], [1298, 454], [1299, 454], [1300, 454], [1318, 454], [1319, 454], [1320, 454], [1321, 454], [1322, 454], [1254, 455], [1255, 455], [1256, 455], [1257, 455], [1275, 455], [1276, 455], [1277, 455], [1298, 455], [1299, 455], [1300, 455], [1301, 455], [1320, 455], [1321, 455], [1322, 455], [1323, 455], [1255, 456], [1256, 456], [1257, 456], [1258, 456], [1275, 456], [1276, 456], [1277, 456], [1299, 456], [1300, 456], [1301, 456], [1302, 456], [1321, 456], [1322, 456], [1323, 456], [1324, 456], [1256, 457], [1257, 457], [1258, 457], [1259, 457], [1260, 457], [1275, 457], [1276, 457], [1277, 457], [1300, 457], [1301, 457], [1302, 457], [1303, 457], [1304, 457], [1322, 457], [1323, 457], [1324, 457], [1325, 457], [1326, 457], [1257, 458], [1258, 458], [1259, 458], [1260, 458], [1261, 458], [1275, 458], [1276, 458], [1301, 458], [1302, 458], [1303, 458], [1304, 458], [1305, 458], [1323, 458], [1324, 458], [1325, 458], [1326, 458], [1327, 458], [1259, 459], [1260, 459], [1261, 459], [1262, 459], [1275, 459], [1276, 459], [1277, 459], [1278, 459], [1303, 459], [1304, 459], [1305, 459], [1306, 459], [1325, 459], [1326, 459], [1327, 459], [1328, 459], [1260, 460], [1261, 460], [1262, 460], [1263, 460], [1275, 460], [1276, 460], [1277, 460], [1278, 460], [1279, 460], [1280, 460], [1281, 460], [1282, 460], [1283, 460], [1284, 460], [1285, 460], [1304, 460], [1305, 460], [1306, 460], [1307, 460], [1326, 460], [1327, 460], [1328, 460], [1329, 460], [1330, 460], [1261, 461], [1262, 461], [1263, 461], [1264, 461], [1277, 461], [1278, 461], [1279, 461], [1280, 461], [1281, 461], [1282, 461], [1283, 461], [1284, 461], [1285, 461], [1286, 461], [1305, 461], [1306, 461], [1307, 461], [1308, 461], [1309, 461], [1327, 461], [1328, 461], [1329, 461], [1330, 461], [1331, 461], [1332, 461], [1262, 462], [1263, 462], [1264, 462], [1265, 462], [1284, 462], [1285, 462], [1286, 462], [1287, 462], [1288, 462], [1306, 462], [1307, 462], [1308, 462], [1309, 462], [1310, 462], [1329, 462], [1330, 462], [1331, 462], [1332, 462], [1333, 462], [1263, 463], [1264, 463], [1265, 463], [1266, 463], [1285, 463], [1286, 463], [1287, 463], [1288, 463], [1289, 463], [1308, 463], [1309, 463], [1310, 463], [1311, 463], [1331, 463], [1332, 463], [1333, 463], [1334, 463], [1264, 464], [1265, 464], [1266, 464], [1267, 464], [1287, 464], [1288, 464], [1289, 464], [1290, 464], [1309, 464], [1310, 464], [1311, 464], [1312, 464], [1332, 464], [1333, 464], [1334, 464], [1335, 464], [1265, 465], [1266, 465], [1267, 465], [1268, 465], [1288, 465], [1289, 465], [1290, 465], [1291, 465], [1310, 465], [1311, 465], [1312, 465], [1313, 465], [1314, 465], [1333, 465], [1334, 465], [1335, 465], [1336, 465], [1266, 466], [1267, 466], [1268, 466], [1269, 466], [1289, 466], [1290, 466], [1291, 466], [1292, 466], [1311, 466], [1312, 466], [1313, 466], [1314, 466], [1315, 466], [1334, 466], [1335, 466], [1336, 466], [1337, 466], [1338, 466], [1267, 467], [1268, 467], [1269, 467], [1270, 467], [1271, 467], [1290, 467], [1291, 467], [1292, 467], [1293, 467], [1313, 467], [1314, 467], [1315, 467], [1316, 467], [1335, 467], [1336, 467], [1337, 467], [1338, 467], [1339, 467], [1268, 468], [1269, 468], [1270, 468], [1271, 468], [1272, 468], [1291, 468], [1292, 468], [1293, 468], [1294, 468], [1314, 468], [1315, 468], [1316, 468], [1317, 468], [1337, 468], [1338, 468], [1339, 468], [1340, 468], [1270, 469], [1271, 469], [1272, 469], [1273, 469], [1292, 469], [1293, 469], [1294, 469], [1295, 469], [1315, 469], [1316, 469], [1317, 469], [1318, 469], [1338, 469], [1339, 469], [1340, 469], [1341, 469], [1271, 470], [1272, 470], [1273, 470], [1274, 470], [1293, 470], [1294, 470], [1295, 470], [1296, 470], [1297, 470], [1316, 470], [1317, 470], [1318, 470], [1319, 470], [1320, 470], [1339, 470], [1340, 470], [1341, 470], [1342, 470], [1343, 470], [1272, 471], [1273, 471], [1274, 471], [1275, 471], [1294, 471], [1295, 471], [1296, 471], [1297, 471], [1298, 471], [1317, 471], [1318, 471], [1319, 471], [1320, 471], [1321, 471], [1340, 471], [1341, 471], [1342, 471], [1343, 471], [1273, 472], [1274, 472], [1275, 472], [1276, 472], [1296, 472], [1297, 472], [1298, 472], [1299, 472], [1319, 472], [1320, 472], [1321, 472], [1322, 472], [1342, 472], [1343, 472], [1344, 472], [1345, 472], [1274, 473], [1275, 473], [1276, 473], [1277, 473], [1278, 473], [1297, 473], [1298, 473], [1299, 473], [1300, 473], [1301, 473], [1320, 473], [1321, 473], [1322, 473], [1323, 473], [1324, 473], [1342, 473], [1343, 473], [1344, 473], [1345, 473], [1346, 473], [1275, 474], [1276, 474], [1277, 474], [1278, 474], [1279, 474], [1298, 474], [1299, 474], [1300, 474], [1301, 474], [1302, 474], [1321, 474], [1322, 474], [1323, 474], [1324, 474], [1344, 474], [1345, 474], [1346, 474], [1347, 474], [1277, 475], [1278, 475], [1279, 475], [1280, 475], [1300, 475], [1301, 475], [1302, 475], [1303, 475], [1323, 475], [1324, 475], [1325, 475], [1326, 475], [1345, 475], [1346, 475], [1347, 475], [1348, 475], [1349, 475], [1278, 476], [1279, 476], [1280, 476], [1281, 476], [1301, 476], [1302, 476], [1303, 476], [1304, 476], [1323, 476], [1324, 476], [1325, 476], [1326, 476], [1327, 476], [1346, 476], [1347, 476], [1348, 476], [1349, 476], [1350, 476], [1279, 477], [1280, 477], [1281, 477], [1282, 477], [1302, 477], [1303, 477], [1304, 477], [1305, 477], [1325, 477], [1326, 477], [1327, 477], [1328, 477], [1348, 477], [1349, 477], [1350, 477], [1351, 477], [1280, 478], [1281, 478], [1282, 478], [1283, 478], [1303, 478], [1304, 478], [1305, 478], [1306, 478], [1326, 478], [1327, 478], [1328, 478], [1329, 478], [1349, 478], [1350, 478], [1351, 478], [1352, 478], [1281, 479], [1282, 479], [1283, 479], [1284, 479], [1304, 479], [1305, 479], [1306, 479], [1307, 479], [1308, 479], [1327, 479], [1328, 479], [1329, 479], [1330, 479], [1331, 479], [1350, 479], [1351, 479], [1352, 479], [1353, 479], [1354, 479], [1282, 480], [1283, 480], [1284, 480], [1285, 480], [1305, 480], [1306, 480], [1307, 480], [1308, 480], [1328, 480], [1329, 480], [1330, 480], [1331, 480], [1332, 480], [1351, 480], [1352, 480], [1353, 480], [1354, 480], [1355, 480], [1283, 481], [1284, 481], [1285, 481], [1286, 481], [1307, 481], [1308, 481], [1309, 481], [1310, 481], [1330, 481], [1331, 481], [1332, 481], [1333, 481], [1353, 481], [1354, 481], [1355, 481], [1356, 481], [1284, 482], [1285, 482], [1286, 482], [1287, 482], [1307, 482], [1308, 482], [1309, 482], [1310, 482], [1311, 482], [1331, 482], [1332, 482], [1333, 482], [1334, 482], [1354, 482], [1355, 482], [1356, 482], [1357, 482], [1358, 482], [1285, 483], [1286, 483], [1287, 483], [1288, 483], [1309, 483], [1310, 483], [1311, 483], [1312, 483], [1332, 483], [1333, 483], [1334, 483], [1335, 483], [1355, 483], [1356, 483], [1357, 483], [1358, 483], [1359, 483], [1286, 484], [1287, 484], [1288, 484], [1289, 484], [1310, 484], [1311, 484], [1312, 484], [1313, 484], [1333, 484], [1334, 484], [1335, 484], [1336, 484], [1357, 484], [1358, 484], [1359, 484], [1360, 484], [1287, 485], [1288, 485], [1289, 485], [1290, 485], [1291, 485], [1311, 485], [1312, 485], [1313, 485], [1314, 485], [1334, 485], [1335, 485], [1336, 485], [1337, 485], [1338, 485], [1358, 485], [1359, 485], [1360, 485], [1361, 485], [1288, 486], [1289, 486], [1290, 486], [1291, 486], [1292, 486], [1312, 486], [1313, 486], [1314, 486], [1315, 486], [1335, 486], [1336, 486], [1337, 486], [1338, 486], [1339, 486], [1359, 486], [1360, 486], [1361, 486], [1362, 486], [1290, 487], [1291, 487], [1292, 487], [1293, 487], [1313, 487], [1314, 487], [1315, 487], [1316, 487], [1337, 487], [1338, 487], [1339, 487], [1340, 487], [1360, 487], [1361, 487], [1362, 487], [1363, 487], [1291, 488], [1292, 488], [1293, 488], [1294, 488], [1314, 488], [1315, 488], [1316, 488], [1338, 488], [1339, 488], [1340, 488], [1341, 488], [1361, 488], [1362, 488], [1363, 488], [1364, 488], [1292, 489], [1293, 489], [1294, 489], [1295, 489], [1315, 489], [1316, 489], [1317, 489], [1318, 489], [1339, 489], [1340, 489], [1341, 489], [1342, 489], [1362, 489], [1363, 489], [1364, 489], [1365, 489], [1366, 489], [1293, 490], [1294, 490], [1295, 490], [1296, 490], [1315, 490], [1316, 490], [1317, 490], [1318, 490], [1319, 490], [1340, 490], [1341, 490], [1342, 490], [1343, 490], [1344, 490], [1363, 490], [1364, 490], [1365, 490], [1366, 490], [1367, 490], [1294, 491], [1295, 491], [1296, 491], [1297, 491], [1317, 491], [1318, 491], [1319, 491], [1320, 491], [1321, 491], [1341, 491], [1342, 491], [1343, 491], [1344, 491], [1345, 491], [1365, 491], [1366, 491], [1367, 491], [1368, 491], [1295, 492], [1296, 492], [1297, 492], [1298, 492], [1318, 492], [1319, 492], [1320, 492], [1321, 492], [1322, 492], [1343, 492], [1344, 492], [1345, 492], [1346, 492], [1366, 492], [1367, 492], [1368, 492], [1369, 492], [1296, 493], [1297, 493], [1298, 493], [1299, 493], [1320, 493], [1321, 493], [1322, 493], [1344, 493], [1345, 493], [1346, 493], [1347, 493], [1367, 493], [1368, 493], [1369, 493], [1370, 493], [1297, 494], [1298, 494], [1299, 494], [1300, 494], [1321, 494], [1322, 494], [1323, 494], [1345, 494], [1346, 494], [1347, 494], [1348, 494], [1368, 494], [1369, 494], [1370, 494], [1371, 494], [1298, 495], [1299, 495], [1300, 495], [1301, 495], [1321, 495], [1322, 495], [1323, 495], [1324, 495], [1325, 495], [1326, 495], [1346, 495], [1347, 495], [1348, 495], [1349, 495], [1369, 495], [1370, 495], [1371, 495], [1372, 495], [1299, 496], [1300, 496], [1301, 496], [1302, 496], [1303, 496], [1322, 496], [1323, 496], [1324, 496], [1325, 496], [1326, 496], [1327, 496], [1347, 496], [1348, 496], [1349, 496], [1350, 496], [1351, 496], [1370, 496], [1371, 496], [1372, 496], [1373, 496], [1300, 497], [1301, 497], [1302, 497], [1303, 497], [1304, 497], [1325, 497], [1326, 497], [1327, 497], [1328, 497], [1348, 497], [1349, 497], [1350, 497], [1351, 497], [1352, 497], [1371, 497], [1372, 497], [1373, 497], [1374, 497], [1375, 497], [1302, 498], [1303, 498], [1304, 498], [1305, 498], [1326, 498], [1327, 498], [1328, 498], [1329, 498], [1350, 498], [1351, 498], [1352, 498], [1353, 498], [1372, 498], [1373, 498], [1374, 498], [1375, 498], [1376, 498], [1303, 499], [1304, 499], [1305, 499], [1306, 499], [1327, 499], [1328, 499], [1329, 499], [1330, 499], [1351, 499], [1352, 499], [1353, 499], [1354, 499], [1374, 499], [1375, 499], [1376, 499], [1377, 499], [1304, 500], [1305, 500], [1306, 500], [1307, 500], [1328, 500], [1329, 500], [1330, 500], [1331, 500], [1352, 500], [1353, 500], [1354, 500], [1355, 500], [1375, 500], [1376, 500], [1377, 500], [1378, 500], [1379, 500], [1305, 501], [1306, 501], [1307, 501], [1308, 501], [1329, 501], [1330, 501], [1331, 501], [1332, 501], [1353, 501], [1354, 501], [1355, 501], [1356, 501], [1357, 501], [1376, 501], [1377, 501], [1378, 501], [1379, 501], [1380, 501], [1306, 502], [1307, 502], [1308, 502], [1309, 502], [1330, 502], [1331, 502], [1332, 502], [1333, 502], [1354, 502], [1355, 502], [1356, 502], [1357, 502], [1358, 502], [1378, 502], [1379, 502], [1380, 502], [1381, 502], [1307, 503], [1308, 503], [1309, 503], [1310, 503], [1331, 503], [1332, 503], [1333, 503], [1334, 503], [1356, 503], [1357, 503], [1358, 503], [1359, 503], [1379, 503], [1380, 503], [1381, 503], [1382, 503], [1308, 504], [1309, 504], [1310, 504], [1311, 504], [1332, 504], [1333, 504], [1334, 504], [1335, 504], [1357, 504], [1358, 504], [1359, 504], [1360, 504], [1380, 504], [1381, 504], [1382, 504], [1383, 504], [1309, 505], [1310, 505], [1311, 505], [1312, 505], [1313, 505], [1333, 505], [1334, 505], [1335, 505], [1336, 505], [1337, 505], [1358, 505], [1359, 505], [1360, 505], [1361, 505], [1381, 505], [1382, 505], [1383, 505], [1384, 505], [1310, 506], [1311, 506], [1312, 506], [1313, 506], [1314, 506], [1334, 506], [1335, 506], [1336, 506], [1337, 506], [1338, 506], [1359, 506], [1360, 506], [1361, 506], [1362, 506], [1363, 506], [1382, 506], [1383, 506], [1384, 506], [1385, 506], [1386, 506], [1312, 507], [1313, 507], [1314, 507], [1315, 507], [1336, 507], [1337, 507], [1338, 507], [1339, 507], [1360, 507], [1361, 507], [1362, 507], [1363, 507], [1364, 507], [1383, 507], [1384, 507], [1385, 507], [1386, 507], [1387, 507], [1313, 508], [1314, 508], [1315, 508], [1316, 508], [1337, 508], [1338, 508], [1339, 508], [1340, 508], [1362, 508], [1363, 508], [1364, 508], [1365, 508], [1385, 508], [1386, 508], [1387, 508], [1388, 508], [1389, 508], [1314, 509], [1315, 509], [1316, 509], [1317, 509], [1338, 509], [1339, 509], [1340, 509], [1341, 509], [1363, 509], [1364, 509], [1365, 509], [1366, 509], [1386, 509], [1387, 509], [1388, 509], [1389, 509], [1390, 509], [1315, 510], [1316, 510], [1317, 510], [1318, 510], [1339, 510], [1340, 510], [1341, 510], [1342, 510], [1364, 510], [1365, 510], [1366, 510], [1367, 510], [1388, 510], [1389, 510], [1390, 510], [1391, 510], [1316, 511], [1317, 511], [1318, 511], [1319, 511], [1340, 511], [1341, 511], [1342, 511], [1343, 511], [1365, 511], [1366, 511], [1367, 511], [1368, 511], [1389, 511], [1390, 511], [1391, 511], [1392, 511], [1317, 512], [1318, 512], [1319, 512], [1320, 512], [1341, 512], [1342, 512], [1343, 512], [1344, 512], [1366, 512], [1367, 512], [1368, 512], [1369, 512], [1390, 512], [1391, 512], [1392, 512], [1393, 512], [1318, 513], [1319, 513], [1320, 513], [1321, 513], [1342, 513], [1343, 513], [1344, 513], [1345, 513], [1367, 513], [1368, 513], [1369, 513], [1370, 513], [1391, 513], [1392, 513], [1393, 513], [1394, 513], [1319, 514], [1320, 514], [1321, 514], [1322, 514], [1343, 514], [1344, 514], [1345, 514], [1346, 514], [1347, 514], [1368, 514], [1369, 514], [1370, 514], [1371, 514], [1372, 514], [1392, 514], [1393, 514], [1394, 514], [1395, 514], [1320, 515], [1321, 515], [1322, 515], [1323, 515], [1324, 515], [1344, 515], [1345, 515], [1346, 515], [1347, 515], [1348, 515], [1369, 515], [1370, 515], [1371, 515], [1372, 515], [1373, 515], [1393, 515], [1394, 515], [1395, 515], [1396, 515], [1397, 515], [1321, 516], [1322, 516], [1323, 516], [1324, 516], [1325, 516], [1346, 516], [1347, 516], [1348, 516], [1349, 516], [1371, 516], [1372, 516], [1373, 516], [1374, 516], [1394, 516], [1395, 516], [1396, 516], [1397, 516], [1398, 516], [1323, 517], [1324, 517], [1325, 517], [1326, 517], [1347, 517], [1348, 517], [1349, 517], [1350, 517], [1372, 517], [1373, 517], [1374, 517], [1375, 517], [1396, 517], [1397, 517], [1398, 517], [1399, 517], [1324, 518], [1325, 518], [1326, 518], [1327, 518], [1348, 518], [1349, 518], [1350, 518], [1351, 518], [1373, 518], [1374, 518], [1375, 518], [1376, 518], [1397, 518], [1398, 518], [1399, 518], [1400, 518], [1401, 518], [1325, 519], [1326, 519], [1327, 519], [1328, 519], [1349, 519], [1350, 519], [1351, 519], [1352, 519], [1374, 519], [1375, 519], [1376, 519], [1377, 519], [1398, 519], [1399, 519], [1400, 519], [1401, 519], [1402, 519], [1326, 520], [1327, 520], [1328, 520], [1329, 520], [1350, 520], [1351, 520], [1352, 520], [1353, 520], [1375, 520], [1376, 520], [1377, 520], [1378, 520], [1400, 520], [1401, 520], [1402, 520], [1403, 520], [1327, 521], [1328, 521], [1329, 521], [1330, 521], [1351, 521], [1352, 521], [1353, 521], [1354, 521], [1376, 521], [1377, 521], [1378, 521], [1379, 521], [1388, 521], [1389, 521], [1390, 521], [1391, 521], [1392, 521], [1401, 521], [1402, 521], [1403, 521], [1404, 521], [1328, 522], [1329, 522], [1330, 522], [1331, 522], [1352, 522], [1353, 522], [1354, 522], [1355, 522], [1377, 522], [1378, 522], [1379, 522], [1380, 522], [1388, 522], [1389, 522], [1390, 522], [1391, 522], [1392, 522], [1402, 522], [1403, 522], [1404, 522], [1405, 522], [1406, 522], [1329, 523], [1330, 523], [1331, 523], [1332, 523], [1353, 523], [1354, 523], [1355, 523], [1356, 523], [1378, 523], [1379, 523], [1380, 523], [1381, 523], [1388, 523], [1389, 523], [1390, 523], [1391, 523], [1392, 523], [1403, 523], [1404, 523], [1405, 523], [1406, 523], [1407, 523], [1330, 524], [1331, 524], [1332, 524], [1333, 524], [1354, 524], [1355, 524], [1356, 524], [1357, 524], [1379, 524], [1380, 524], [1381, 524], [1382, 524], [1389, 524], [1390, 524], [1391, 524], [1392, 524], [1394, 524], [1395, 524], [1396, 524], [1405, 524], [1406, 524], [1407, 524], [1408, 524], [1331, 525], [1332, 525], [1333, 525], [1334, 525], [1355, 525], [1356, 525], [1357, 525], [1358, 525], [1380, 525], [1381, 525], [1382, 525], [1383, 525], [1384, 525], [1393, 525], [1394, 525], [1395, 525], [1396, 525], [1397, 525], [1406, 525], [1407, 525], [1408, 525], [1409, 525], [1332, 526], [1333, 526], [1334, 526], [1335, 526], [1356, 526], [1357, 526], [1358, 526], [1359, 526], [1381, 526], [1382, 526], [1383, 526], [1384, 526], [1385, 526], [1393, 526], [1394, 526], [1395, 526], [1396, 526], [1397, 526], [1398, 526], [1407, 526], [1408, 526], [1409, 526], [1410, 526], [1333, 527], [1334, 527], [1335, 527], [1336, 527], [1357, 527], [1358, 527], [1359, 527], [1360, 527], [1361, 527], [1383, 527], [1384, 527], [1385, 527], [1386, 527], [1393, 527], [1394, 527], [1396, 527], [1397, 527], [1398, 527], [1400, 527], [1401, 527], [1402, 527], [1408, 527], [1409, 527], [1410, 527], [1411, 527], [1334, 528], [1335, 528], [1336, 528], [1337, 528], [1358, 528], [1359, 528], [1360, 528], [1361, 528], [1362, 528], [1384, 528], [1385, 528], [1386, 528], [1387, 528], [1393, 528], [1394, 528], [1396, 528], [1397, 528], [1398, 528], [1400, 528], [1401, 528], [1402, 528], [1403, 528], [1409, 528], [1410, 528], [1411, 528], [1412, 528], [1335, 529], [1336, 529], [1337, 529], [1338, 529], [1360, 529], [1361, 529], [1362, 529], [1363, 529], [1385, 529], [1386, 529], [1387, 529], [1388, 529], [1393, 529], [1394, 529], [1395, 529], [1396, 529], [1397, 529], [1398, 529], [1400, 529], [1401, 529], [1402, 529], [1403, 529], [1410, 529], [1411, 529], [1412, 529], [1413, 529], [1336, 530], [1337, 530], [1338, 530], [1339, 530], [1361, 530], [1362, 530], [1363, 530], [1386, 530], [1387, 530], [1388, 530], [1389, 530], [1390, 530], [1393, 530], [1394, 530], [1395, 530], [1396, 530], [1397, 530], [1398, 530], [1399, 530], [1400, 530], [1401, 530], [1402, 530], [1403, 530], [1404, 530], [1405, 530], [1406, 530], [1407, 530], [1411, 530], [1412, 530], [1413, 530], [1414, 530], [1337, 531], [1338, 531], [1339, 531], [1340, 531], [1362, 531], [1363, 531], [1364, 531], [1365, 531], [1387, 531], [1388, 531], [1389, 531], [1390, 531], [1391, 531], [1398, 531], [1399, 531], [1400, 531], [1401, 531], [1402, 531], [1403, 531], [1404, 531], [1405, 531], [1406, 531], [1407, 531], [1408, 531], [1412, 531], [1413, 531], [1414, 531], [1415, 531], [1338, 532], [1339, 532], [1340, 532], [1341, 532], [1362, 532], [1363, 532], [1364, 532], [1365, 532], [1366, 532], [1389, 532], [1390, 532], [1391, 532], [1392, 532], [1398, 532], [1399, 532], [1400, 532], [1401, 532], [1402, 532], [1403, 532], [1404, 532], [1406, 532], [1407, 532], [1408, 532], [1413, 532], [1414, 532], [1415, 532], [1416, 532], [1339, 533], [1340, 533], [1341, 533], [1342, 533], [1364, 533], [1365, 533], [1366, 533], [1367, 533], [1390, 533], [1391, 533], [1392, 533], [1393, 533], [1399, 533], [1400, 533], [1401, 533], [1403, 533], [1407, 533], [1408, 533], [1414, 533], [1415, 533], [1416, 533], [1417, 533], [1418, 533], [1340, 534], [1341, 534], [1342, 534], [1343, 534], [1344, 534], [1365, 534], [1366, 534], [1367, 534], [1391, 534], [1392, 534], [1393, 534], [1394, 534], [1399, 534], [1400, 534], [1401, 534], [1402, 534], [1403, 534], [1405, 534], [1406, 534], [1407, 534], [1408, 534], [1415, 534], [1416, 534], [1417, 534], [1418, 534], [1419, 534], [1341, 535], [1342, 535], [1343, 535], [1344, 535], [1345, 535], [1366, 535], [1367, 535], [1368, 535], [1369, 535], [1392, 535], [1393, 535], [1394, 535], [1395, 535], [1400, 535], [1401, 535], [1402, 535], [1403, 535], [1404, 535], [1405, 535], [1406, 535], [1407, 535], [1408, 535], [1411, 535], [1412, 535], [1413, 535], [1417, 535], [1418, 535], [1419, 535], [1420, 535], [1343, 536], [1344, 536], [1345, 536], [1346, 536], [1366, 536], [1367, 536], [1368, 536], [1369, 536], [1370, 536], [1371, 536], [1393, 536], [1394, 536], [1395, 536], [1396, 536], [1400, 536], [1401, 536], [1402, 536], [1403, 536], [1404, 536], [1405, 536], [1406, 536], [1410, 536], [1411, 536], [1412, 536], [1413, 536], [1414, 536], [1418, 536], [1419, 536], [1420, 536], [1421, 536], [1344, 537], [1345, 537], [1346, 537], [1368, 537], [1369, 537], [1370, 537], [1371, 537], [1372, 537], [1394, 537], [1395, 537], [1396, 537], [1397, 537], [1400, 537], [1401, 537], [1402, 537], [1403, 537], [1410, 537], [1411, 537], [1412, 537], [1413, 537], [1414, 537], [1419, 537], [1420, 537], [1421, 537], [1422, 537], [1345, 538], [1346, 538], [1347, 538], [1348, 538], [1370, 538], [1371, 538], [1372, 538], [1395, 538], [1396, 538], [1397, 538], [1398, 538], [1409, 538], [1410, 538], [1411, 538], [1412, 538], [1413, 538], [1414, 538], [1420, 538], [1421, 538], [1422, 538], [1423, 538], [1345, 539], [1346, 539], [1347, 539], [1348, 539], [1349, 539], [1371, 539], [1372, 539], [1373, 539], [1396, 539], [1397, 539], [1398, 539], [1399, 539], [1400, 539], [1409, 539], [1410, 539], [1411, 539], [1412, 539], [1413, 539], [1414, 539], [1421, 539], [1422, 539], [1423, 539], [1424, 539], [1347, 540], [1348, 540], [1349, 540], [1371, 540], [1372, 540], [1373, 540], [1374, 540], [1397, 540], [1398, 540], [1399, 540], [1400, 540], [1401, 540], [1406, 540], [1407, 540], [1408, 540], [1410, 540], [1411, 540], [1412, 540], [1413, 540], [1422, 540], [1423, 540], [1424, 540], [1425, 540], [1348, 541], [1349, 541], [1350, 541], [1365, 541], [1366, 541], [1367, 541], [1368, 541], [1369, 541], [1370, 541], [1371, 541], [1372, 541], [1373, 541], [1374, 541], [1375, 541], [1399, 541], [1400, 541], [1401, 541], [1402, 541], [1406, 541], [1407, 541], [1408, 541], [1409, 541], [1410, 541], [1411, 541], [1412, 541], [1413, 541], [1423, 541], [1424, 541], [1425, 541], [1426, 541], [1348, 542], [1349, 542], [1350, 542], [1351, 542], [1352, 542], [1365, 542], [1366, 542], [1367, 542], [1368, 542], [1369, 542], [1370, 542], [1371, 542], [1372, 542], [1373, 542], [1374, 542], [1375, 542], [1376, 542], [1400, 542], [1401, 542], [1402, 542], [1403, 542], [1404, 542], [1406, 542], [1407, 542], [1409, 542], [1410, 542], [1411, 542], [1412, 542], [1413, 542], [1414, 542], [1415, 542], [1416, 542], [1418, 542], [1419, 542], [1420, 542], [1421, 542], [1424, 542], [1425, 542], [1426, 542], [1427, 542], [1349, 543], [1350, 543], [1351, 543], [1352, 543], [1353, 543], [1365, 543], [1366, 543], [1367, 543], [1368, 543], [1370, 543], [1371, 543], [1372, 543], [1373, 543], [1374, 543], [1375, 543], [1376, 543], [1377, 543], [1378, 543], [1401, 543], [1402, 543], [1403, 543], [1404, 543], [1405, 543], [1406, 543], [1407, 543], [1408, 543], [1409, 543], [1411, 543], [1412, 543], [1414, 543], [1415, 543], [1416, 543], [1417, 543], [1418, 543], [1419, 543], [1420, 543], [1421, 543], [1422, 543], [1425, 543], [1426, 543], [1427, 543], [1351, 544], [1352, 544], [1353, 544], [1354, 544], [1366, 544], [1367, 544], [1368, 544], [1369, 544], [1370, 544], [1371, 544], [1372, 544], [1373, 544], [1375, 544], [1376, 544], [1377, 544], [1378, 544], [1379, 544], [1403, 544], [1404, 544], [1405, 544], [1406, 544], [1408, 544], [1409, 544], [1411, 544], [1412, 544], [1413, 544], [1414, 544], [1415, 544], [1416, 544], [1417, 544], [1418, 544], [1419, 544], [1420, 544], [1421, 544], [1422, 544], [1426, 544], [1427, 544], [1428, 544], [1352, 545], [1353, 545], [1354, 545], [1355, 545], [1367, 545], [1368, 545], [1369, 545], [1370, 545], [1371, 545], [1372, 545], [1373, 545], [1377, 545], [1378, 545], [1379, 545], [1380, 545], [1404, 545], [1405, 545], [1406, 545], [1407, 545], [1408, 545], [1409, 545], [1410, 545], [1411, 545], [1412, 545], [1413, 545], [1414, 545], [1419, 545], [1420, 545], [1421, 545], [1422, 545], [1426, 545], [1427, 545], [1428, 545], [1429, 545], [1430, 545], [1353, 546], [1354, 546], [1355, 546], [1356, 546], [1357, 546], [1378, 546], [1379, 546], [1380, 546], [1381, 546], [1406, 546], [1407, 546], [1409, 546], [1410, 546], [1411, 546], [1412, 546], [1413, 546], [1414, 546], [1419, 546], [1420, 546], [1421, 546], [1422, 546], [1423, 546], [1424, 546], [1425, 546], [1426, 546], [1427, 546], [1428, 546], [1429, 546], [1430, 546], [1431, 546], [1354, 547], [1355, 547], [1356, 547], [1357, 547], [1379, 547], [1380, 547], [1381, 547], [1382, 547], [1406, 547], [1407, 547], [1408, 547], [1410, 547], [1411, 547], [1412, 547], [1413, 547], [1419, 547], [1420, 547], [1421, 547], [1422, 547], [1423, 547], [1424, 547], [1425, 547], [1426, 547], [1427, 547], [1428, 547], [1429, 547], [1430, 547], [1431, 547], [1432, 547], [1433, 547], [1356, 548], [1357, 548], [1358, 548], [1375, 548], [1376, 548], [1377, 548], [1380, 548], [1381, 548], [1382, 548], [1407, 548], [1408, 548], [1409, 548], [1410, 548], [1412, 548], [1413, 548], [1414, 548], [1419, 548], [1420, 548], [1421, 548], [1422, 548], [1423, 548], [1424, 548], [1425, 548], [1426, 548], [1427, 548], [1428, 548], [1429, 548], [1430, 548], [1431, 548], [1432, 548], [1433, 548], [1434, 548], [1356, 549], [1357, 549], [1358, 549], [1359, 549], [1375, 549], [1377, 549], [1381, 549], [1382, 549], [1383, 549], [1408, 549], [1409, 549], [1410, 549], [1411, 549], [1413, 549], [1414, 549], [1415, 549], [1431, 549], [1432, 549], [1433, 549], [1434, 549], [1435, 549], [1436, 549], [1357, 550], [1358, 550], [1359, 550], [1360, 550], [1375, 550], [1376, 550], [1378, 550], [1379, 550], [1380, 550], [1382, 550], [1383, 550], [1384, 550], [1385, 550], [1410, 550], [1411, 550], [1412, 550], [1414, 550], [1415, 550], [1416, 550], [1432, 550], [1433, 550], [1435, 550], [1436, 550], [1358, 551], [1359, 551], [1360, 551], [1361, 551], [1376, 551], [1377, 551], [1378, 551], [1379, 551], [1380, 551], [1381, 551], [1382, 551], [1383, 551], [1384, 551], [1385, 551], [1411, 551], [1412, 551], [1413, 551], [1415, 551], [1416, 551], [1417, 551], [1418, 551], [1432, 551], [1433, 551], [1434, 551], [1435, 551], [1436, 551], [1359, 552], [1360, 552], [1361, 552], [1362, 552], [1375, 552], [1376, 552], [1377, 552], [1378, 552], [1380, 552], [1381, 552], [1382, 552], [1383, 552], [1384, 552], [1385, 552], [1412, 552], [1413, 552], [1414, 552], [1415, 552], [1416, 552], [1417, 552], [1418, 552], [1419, 552], [1434, 552], [1435, 552], [1437, 552], [1438, 552], [1439, 552], [1360, 553], [1361, 553], [1362, 553], [1363, 553], [1375, 553], [1376, 553], [1377, 553], [1382, 553], [1383, 553], [1384, 553], [1385, 553], [1413, 553], [1414, 553], [1415, 553], [1416, 553], [1418, 553], [1419, 553], [1420, 553], [1436, 553], [1437, 553], [1438, 553], [1439, 553], [1440, 553], [1361, 554], [1362, 554], [1363, 554], [1364, 554], [1375, 554], [1376, 554], [1415, 554], [1416, 554], [1417, 554], [1419, 554], [1420, 554], [1421, 554], [1436, 554], [1437, 554], [1439, 554], [1440, 554], [1441, 554], [1362, 555], [1363, 555], [1364, 555], [1365, 555], [1375, 555], [1376, 555], [1377, 555], [1416, 555], [1417, 555], [1418, 555], [1419, 555], [1420, 555], [1421, 555], [1422, 555], [1423, 555], [1424, 555], [1436, 555], [1437, 555], [1438, 555], [1439, 555], [1440, 555], [1441, 555], [1442, 555], [1363, 556], [1364, 556], [1365, 556], [1366, 556], [1375, 556], [1376, 556], [1377, 556], [1388, 556], [1389, 556], [1390, 556], [1417, 556], [1418, 556], [1419, 556], [1421, 556], [1422, 556], [1423, 556], [1424, 556], [1437, 556], [1438, 556], [1439, 556], [1440, 556], [1441, 556], [1442, 556], [1364, 557], [1365, 557], [1366, 557], [1367, 557], [1376, 557], [1377, 557], [1378, 557], [1379, 557], [1388, 557], [1390, 557], [1417, 557], [1418, 557], [1419, 557], [1420, 557], [1421, 557], [1423, 557], [1424, 557], [1440, 557], [1441, 557], [1442, 557], [1365, 558], [1366, 558], [1367, 558], [1368, 558], [1376, 558], [1377, 558], [1378, 558], [1379, 558], [1380, 558], [1388, 558], [1389, 558], [1390, 558], [1391, 558], [1392, 558], [1393, 558], [1394, 558], [1419, 558], [1420, 558], [1421, 558], [1422, 558], [1423, 558], [1424, 558], [1366, 559], [1367, 559], [1368, 559], [1369, 559], [1378, 559], [1379, 559], [1380, 559], [1391, 559], [1392, 559], [1393, 559], [1394, 559], [1395, 559], [1420, 559], [1421, 559], [1422, 559], [1423, 559], [1424, 559], [1425, 559], [1367, 560], [1368, 560], [1369, 560], [1370, 560], [1371, 560], [1374, 560], [1375, 560], [1376, 560], [1379, 560], [1380, 560], [1391, 560], [1392, 560], [1394, 560], [1395, 560], [1421, 560], [1422, 560], [1423, 560], [1424, 560], [1425, 560], [1368, 561], [1369, 561], [1370, 561], [1371, 561], [1374, 561], [1376, 561], [1379, 561], [1380, 561], [1391, 561], [1392, 561], [1393, 561], [1394, 561], [1395, 561], [1396, 561], [1422, 561], [1423, 561], [1424, 561], [1425, 561], [1370, 562], [1371, 562], [1372, 562], [1374, 562], [1375, 562], [1376, 562], [1379, 562], [1380, 562], [1381, 562], [1392, 562], [1393, 562], [1394, 562], [1396, 562], [1397, 562], [1398, 562], [1370, 563], [1371, 563], [1372, 563], [1373, 563], [1374, 563], [1379, 563], [1380, 563], [1381, 563], [1382, 563], [1383, 563], [1384, 563], [1385, 563], [1386, 563], [1394, 563], [1395, 563], [1396, 563], [1397, 563], [1398, 563], [1399, 563], [1371, 564], [1372, 564], [1373, 564], [1374, 564], [1375, 564], [1380, 564], [1381, 564], [1382, 564], [1383, 564], [1384, 564], [1385, 564], [1386, 564], [1395, 564], [1396, 564], [1398, 564], [1399, 564], [1400, 564], [1373, 565], [1374, 565], [1375, 565], [1383, 565], [1384, 565], [1385, 565], [1386, 565], [1395, 565], [1396, 565], [1397, 565], [1398, 565], [1399, 565], [1400, 565], [1401, 565], [1374, 566], [1375, 566], [1376, 566], [1383, 566], [1384, 566], [1385, 566], [1396, 566], [1397, 566], [1398, 566], [1399, 566], [1400, 566], [1401, 566], [1374, 567], [1375, 567], [1376, 567], [1377, 567], [1383, 567], [1384, 567], [1385, 567], [1396, 567], [1397, 567], [1398, 567], [1399, 567], [1400, 567], [1401, 567], [1375, 568], [1376, 568], [1377, 568], [1378, 568], [1383, 568], [1384, 568], [1385, 568], [1397, 568], [1398, 568], [1399, 568], [1400, 568], [1401, 568], [1376, 569], [1377, 569], [1378, 569], [1379, 569], [1384, 569], [1385, 569], [1386, 569], [1377, 570], [1378, 570], [1379, 570], [1380, 570], [1384, 570], [1385, 570], [1386, 570], [1378, 571], [1379, 571], [1380, 571], [1381, 571], [1382, 571], [1385, 571], [1386, 571], [1379, 572], [1380, 572], [1381, 572], [1382, 572], [1383, 572], [1385, 572], [1386, 572], [1381, 573], [1382, 573], [1383, 573], [1384, 573], [1385, 573], [1386, 573], [1387, 573], [1382, 574], [1383, 574], [1384, 574], [1386, 574], [1387, 574], [1388, 574], [1392, 574], [1393, 574], [1394, 574], [1383, 575], [1384, 575], [1385, 575], [1387, 575], [1388, 575], [1389, 575], [1392, 575], [1394, 575], [1384, 576], [1385, 576], [1386, 576], [1387, 576], [1388, 576], [1389, 576], [1392, 576], [1393, 576], [1394, 576], [1385, 577], [1386, 577], [1387, 577], [1388, 577], [1389, 577], [1387, 578], [1388, 578], [1389, 578]


