White line left - 




Yellow line left - [606, 850], [607, 850], [608, 850], [605, 851], [606, 851], [607, 851], [608, 851], [609, 851], [610, 851], [603, 852], [604, 852], [605, 852], [606, 852], [607, 852], [608, 852], [609, 852], [610, 852], [611, 852], [602, 853], [603, 853], [604, 853], [605, 853], [606, 853], [607, 853], [608, 853], [609, 853], [610, 853], [611, 853], [600, 854], [601, 854], [602, 854], [603, 854], [604, 854], [609, 854], [610, 854], [611, 854], [599, 855], [600, 855], [601, 855], [602, 855], [603, 855], [609, 855], [610, 855], [611, 855], [597, 856], [598, 856], [599, 856], [600, 856], [601, 856], [609, 856], [610, 856], [611, 856], [597, 857], [598, 857], [599, 857], [600, 857], [608, 857], [609, 857], [610, 857], [611, 857], [597, 858], [598, 858], [608, 858], [609, 858], [610, 858], [597, 859], [598, 859], [608, 859], [609, 859], [610, 859], [596, 860], [597, 860], [598, 860], [599, 860], [600, 860], [608, 860], [609, 860], [610, 860], [596, 861], [597, 861], [598, 861], [599, 861], [600, 861], [601, 861], [608, 861], [609, 861], [610, 861], [596, 862], [597, 862], [598, 862], [599, 862], [600, 862], [601, 862], [602, 862], [603, 862], [604, 862], [607, 862], [608, 862], [609, 862], [600, 863], [601, 863], [602, 863], [603, 863], [604, 863], [605, 863], [606, 863], [607, 863], [608, 863], [609, 863], [603, 864], [604, 864], [605, 864], [606, 864], [607, 864], [608, 864], [601, 873], [602, 873], [603, 873], [604, 873], [605, 873], [606, 873], [600, 874], [601, 874], [602, 874], [603, 874], [604, 874], [605, 874], [606, 874], [607, 874], [599, 875], [600, 875], [601, 875], [602, 875], [603, 875], [604, 875], [605, 875], [606, 875], [607, 875], [599, 876], [600, 876], [601, 876], [602, 876], [603, 876], [604, 876], [605, 876], [606, 876], [607, 876], [599, 877], [600, 877], [601, 877], [602, 877], [603, 877], [604, 877], [605, 877], [606, 877], [607, 877]




Yellow line right - [831, 858], [832, 858], [833, 858], [830, 859], [831, 859], [832, 859], [833, 859], [830, 860], [831, 860], [832, 860], [833, 860], [834, 860], [830, 861], [831, 861], [832, 861], [833, 861], [834, 861], [835, 861], [827, 862], [828, 862], [829, 862], [830, 862], [831, 862], [832, 862], [833, 862], [834, 862], [835, 862], [826, 863], [827, 863], [828, 863], [829, 863], [830, 863], [831, 863], [834, 863], [835, 863], [836, 863], [837, 863], [838, 863], [826, 864], [827, 864], [828, 864], [834, 864], [835, 864], [836, 864], [837, 864], [838, 864], [826, 865], [827, 865], [828, 865], [835, 865], [836, 865], [837, 865], [838, 865], [826, 866], [827, 866], [828, 866], [829, 866], [831, 866], [832, 866], [833, 866], [834, 866], [835, 866], [836, 866], [837, 866], [838, 866], [827, 867], [828, 867], [829, 867], [830, 867], [831, 867], [832, 867], [833, 867], [834, 867], [835, 867], [836, 867], [828, 868], [829, 868], [830, 868], [831, 868], [832, 868], [833, 868], [828, 869], [829, 869], [830, 869], [831, 869], [832, 869], [833, 869], [834, 869], [827, 870], [828, 870], [829, 870], [830, 870], [832, 870], [833, 870], [834, 870], [827, 871], [828, 871], [829, 871], [833, 871], [834, 871], [835, 871], [827, 872], [828, 872], [833, 872], [834, 872], [835, 872], [827, 873], [828, 873], [829, 873], [833, 873], [834, 873], [835, 873], [827, 874], [828, 874], [829, 874], [830, 874], [831, 874], [832, 874], [833, 874], [834, 874], [835, 874], [828, 875], [829, 875], [830, 875], [831, 875], [832, 875], [833, 875], [834, 875]




White line right - [1433, 286], [1434, 286], [1431, 287], [1432, 287], [1433, 287], [1434, 287], [1435, 287], [1436, 287], [1437, 287], [1433, 288], [1434, 288], [1435, 288], [1436, 288], [1437, 288], [1438, 288], [1439, 288], [1440, 288], [1428, 289], [1429, 289], [1430, 289], [1436, 289], [1437, 289], [1438, 289], [1439, 289], [1440, 289], [1441, 289], [1442, 289], [1427, 290], [1428, 290], [1429, 290], [1430, 290], [1431, 290], [1432, 290], [1433, 290], [1439, 290], [1440, 290], [1441, 290], [1442, 290], [1443, 290], [1444, 290], [1429, 291], [1430, 291], [1431, 291], [1432, 291], [1433, 291], [1434, 291], [1435, 291], [1436, 291], [1441, 291], [1442, 291], [1443, 291], [1444, 291], [1445, 291], [1446, 291], [1447, 291], [1432, 292], [1433, 292], [1434, 292], [1435, 292], [1436, 292], [1437, 292], [1438, 292], [1443, 292], [1444, 292], [1445, 292], [1446, 292], [1447, 292], [1448, 292], [1449, 292], [1435, 293], [1436, 293], [1437, 293], [1438, 293], [1439, 293], [1440, 293], [1441, 293], [1446, 293], [1447, 293], [1448, 293], [1449, 293], [1450, 293], [1451, 293], [1452, 293], [1437, 294], [1438, 294], [1439, 294], [1440, 294], [1441, 294], [1442, 294], [1443, 294], [1444, 294], [1448, 294], [1449, 294], [1450, 294], [1451, 294], [1452, 294], [1453, 294], [1454, 294], [1455, 294], [1440, 295], [1441, 295], [1442, 295], [1443, 295], [1444, 295], [1445, 295], [1446, 295], [1451, 295], [1452, 295], [1453, 295], [1454, 295], [1455, 295], [1456, 295], [1457, 295], [1458, 295], [1443, 296], [1444, 296], [1445, 296], [1446, 296], [1447, 296], [1448, 296], [1449, 296], [1454, 296], [1455, 296], [1456, 296], [1457, 296], [1458, 296], [1459, 296], [1460, 296], [1445, 297], [1446, 297], [1447, 297], [1448, 297], [1449, 297], [1450, 297], [1451, 297], [1452, 297], [1457, 297], [1458, 297], [1459, 297], [1460, 297], [1461, 297], [1462, 297], [1463, 297], [1448, 298], [1449, 298], [1450, 298], [1451, 298], [1452, 298], [1453, 298], [1454, 298], [1459, 298], [1460, 298], [1461, 298], [1462, 298], [1463, 298], [1464, 298], [1465, 298], [1451, 299], [1452, 299], [1453, 299], [1454, 299], [1455, 299], [1456, 299], [1457, 299], [1462, 299], [1463, 299], [1464, 299], [1465, 299], [1466, 299], [1467, 299], [1468, 299], [1453, 300], [1454, 300], [1455, 300], [1456, 300], [1457, 300], [1458, 300], [1459, 300], [1460, 300], [1464, 300], [1465, 300], [1466, 300], [1467, 300], [1468, 300], [1469, 300], [1470, 300], [1471, 300], [1456, 301], [1457, 301], [1458, 301], [1459, 301], [1460, 301], [1461, 301], [1462, 301], [1467, 301], [1468, 301], [1469, 301], [1470, 301], [1471, 301], [1472, 301], [1473, 301], [1459, 302], [1460, 302], [1461, 302], [1462, 302], [1463, 302], [1464, 302], [1465, 302], [1470, 302], [1471, 302], [1472, 302], [1473, 302], [1474, 302], [1475, 302], [1476, 302], [1461, 303], [1462, 303], [1463, 303], [1464, 303], [1465, 303], [1466, 303], [1467, 303], [1472, 303], [1473, 303], [1474, 303], [1475, 303], [1476, 303], [1477, 303], [1478, 303], [1464, 304], [1465, 304], [1466, 304], [1467, 304], [1468, 304], [1469, 304], [1470, 304], [1475, 304], [1476, 304], [1477, 304], [1478, 304], [1479, 304], [1480, 304], [1481, 304], [1466, 305], [1467, 305], [1468, 305], [1469, 305], [1470, 305], [1471, 305], [1472, 305], [1477, 305], [1478, 305], [1479, 305], [1480, 305], [1481, 305], [1482, 305], [1483, 305], [1484, 305], [1469, 306], [1470, 306], [1471, 306], [1472, 306], [1473, 306], [1474, 306], [1475, 306], [1480, 306], [1481, 306], [1482, 306], [1483, 306], [1484, 306], [1485, 306], [1486, 306], [1487, 306], [1471, 307], [1472, 307], [1473, 307], [1474, 307], [1475, 307], [1476, 307], [1477, 307], [1478, 307], [1483, 307], [1484, 307], [1485, 307], [1486, 307], [1487, 307], [1488, 307], [1489, 307], [1490, 307], [1474, 308], [1475, 308], [1476, 308], [1477, 308], [1478, 308], [1479, 308], [1480, 308], [1481, 308], [1486, 308], [1487, 308], [1488, 308], [1489, 308], [1490, 308], [1491, 308], [1492, 308], [1493, 308], [1477, 309], [1478, 309], [1479, 309], [1480, 309], [1481, 309], [1482, 309], [1483, 309], [1489, 309], [1490, 309], [1491, 309], [1492, 309], [1493, 309], [1494, 309], [1495, 309], [1480, 310], [1481, 310], [1482, 310], [1483, 310], [1484, 310], [1485, 310], [1492, 310], [1493, 310], [1494, 310], [1495, 310], [1496, 310], [1497, 310], [1498, 310], [1482, 311], [1483, 311], [1484, 311], [1485, 311], [1486, 311], [1487, 311], [1488, 311], [1494, 311], [1495, 311], [1496, 311], [1497, 311], [1498, 311], [1499, 311], [1500, 311], [1484, 312], [1485, 312], [1486, 312], [1487, 312], [1488, 312], [1489, 312], [1490, 312], [1491, 312], [1497, 312], [1498, 312], [1499, 312], [1500, 312], [1501, 312], [1502, 312], [1503, 312], [1487, 313], [1488, 313], [1489, 313], [1490, 313], [1491, 313], [1492, 313], [1493, 313], [1494, 313], [1499, 313], [1500, 313], [1501, 313], [1502, 313], [1503, 313], [1504, 313], [1505, 313], [1490, 314], [1491, 314], [1492, 314], [1493, 314], [1494, 314], [1495, 314], [1496, 314], [1502, 314], [1503, 314], [1504, 314], [1505, 314], [1506, 314], [1507, 314], [1508, 314], [1493, 315], [1494, 315], [1495, 315], [1496, 315], [1497, 315], [1498, 315], [1499, 315], [1504, 315], [1505, 315], [1506, 315], [1507, 315], [1508, 315], [1509, 315], [1510, 315], [1511, 315], [1495, 316], [1496, 316], [1497, 316], [1498, 316], [1499, 316], [1500, 316], [1501, 316], [1502, 316], [1507, 316], [1508, 316], [1509, 316], [1510, 316], [1511, 316], [1512, 316], [1513, 316], [1514, 316], [1498, 317], [1499, 317], [1500, 317], [1501, 317], [1502, 317], [1503, 317], [1504, 317], [1510, 317], [1511, 317], [1512, 317], [1513, 317], [1514, 317], [1515, 317], [1516, 317], [1517, 317], [1501, 318], [1502, 318], [1503, 318], [1504, 318], [1505, 318], [1506, 318], [1507, 318], [1508, 318], [1513, 318], [1514, 318], [1515, 318], [1516, 318], [1517, 318], [1518, 318], [1519, 318], [1503, 319], [1504, 319], [1505, 319], [1506, 319], [1507, 319], [1508, 319], [1509, 319], [1510, 319], [1516, 319], [1517, 319], [1518, 319], [1519, 319], [1520, 319], [1521, 319], [1522, 319], [1507, 320], [1508, 320], [1509, 320], [1510, 320], [1511, 320], [1512, 320], [1518, 320], [1519, 320], [1520, 320], [1521, 320], [1522, 320], [1523, 320], [1524, 320], [1525, 320], [1509, 321], [1510, 321], [1511, 321], [1512, 321], [1513, 321], [1514, 321], [1515, 321], [1521, 321], [1522, 321], [1523, 321], [1524, 321], [1525, 321], [1526, 321], [1527, 321], [1511, 322], [1512, 322], [1513, 322], [1514, 322], [1515, 322], [1516, 322], [1517, 322], [1518, 322], [1524, 322], [1525, 322], [1526, 322], [1527, 322], [1528, 322], [1529, 322], [1530, 322], [1514, 323], [1515, 323], [1516, 323], [1517, 323], [1518, 323], [1519, 323], [1520, 323], [1521, 323], [1526, 323], [1527, 323], [1528, 323], [1529, 323], [1530, 323], [1531, 323], [1532, 323], [1517, 324], [1518, 324], [1519, 324], [1520, 324], [1521, 324], [1522, 324], [1523, 324], [1529, 324], [1530, 324], [1531, 324], [1532, 324], [1533, 324], [1534, 324], [1535, 324], [1536, 324], [1520, 325], [1521, 325], [1522, 325], [1523, 325], [1524, 325], [1525, 325], [1526, 325], [1531, 325], [1532, 325], [1533, 325], [1534, 325], [1535, 325], [1536, 325], [1537, 325], [1538, 325], [1522, 326], [1523, 326], [1524, 326], [1525, 326], [1526, 326], [1527, 326], [1528, 326], [1529, 326], [1535, 326], [1536, 326], [1537, 326], [1538, 326], [1539, 326], [1540, 326], [1541, 326], [1525, 327], [1526, 327], [1527, 327], [1528, 327], [1529, 327], [1530, 327], [1531, 327], [1532, 327], [1537, 327], [1538, 327], [1539, 327], [1540, 327], [1541, 327], [1542, 327], [1543, 327], [1544, 327], [1528, 328], [1529, 328], [1530, 328], [1531, 328], [1532, 328], [1533, 328], [1534, 328], [1540, 328], [1541, 328], [1542, 328], [1543, 328], [1544, 328], [1545, 328], [1546, 328], [1531, 329], [1532, 329], [1533, 329], [1534, 329], [1535, 329], [1536, 329], [1543, 329], [1544, 329], [1545, 329], [1546, 329], [1547, 329], [1548, 329], [1549, 329], [1533, 330], [1534, 330], [1535, 330], [1536, 330], [1537, 330], [1538, 330], [1539, 330], [1545, 330], [1546, 330], [1547, 330], [1548, 330], [1549, 330], [1550, 330], [1551, 330], [1552, 330], [1535, 331], [1536, 331], [1537, 331], [1538, 331], [1539, 331], [1540, 331], [1541, 331], [1542, 331], [1548, 331], [1549, 331], [1550, 331], [1551, 331], [1552, 331], [1553, 331], [1554, 331], [1555, 331], [1538, 332], [1539, 332], [1540, 332], [1541, 332], [1542, 332], [1543, 332], [1544, 332], [1545, 332], [1551, 332], [1552, 332], [1553, 332], [1554, 332], [1555, 332], [1556, 332], [1557, 332], [1541, 333], [1542, 333], [1543, 333], [1544, 333], [1545, 333], [1546, 333], [1547, 333], [1548, 333], [1554, 333], [1555, 333], [1556, 333], [1557, 333], [1558, 333], [1559, 333], [1560, 333], [1544, 334], [1545, 334], [1546, 334], [1547, 334], [1548, 334], [1549, 334], [1550, 334], [1556, 334], [1557, 334], [1558, 334], [1559, 334], [1560, 334], [1561, 334], [1562, 334], [1547, 335], [1548, 335], [1549, 335], [1550, 335], [1551, 335], [1552, 335], [1553, 335], [1559, 335], [1560, 335], [1561, 335], [1562, 335], [1563, 335], [1564, 335], [1565, 335], [1549, 336], [1550, 336], [1551, 336], [1552, 336], [1553, 336], [1554, 336], [1555, 336], [1561, 336], [1562, 336], [1563, 336], [1564, 336], [1565, 336], [1566, 336], [1567, 336], [1552, 337], [1553, 337], [1554, 337], [1555, 337], [1556, 337], [1557, 337], [1558, 337], [1564, 337], [1565, 337], [1566, 337], [1567, 337], [1568, 337], [1569, 337], [1570, 337], [1554, 338], [1555, 338], [1556, 338], [1557, 338], [1558, 338], [1559, 338], [1560, 338], [1561, 338], [1562, 338], [1566, 338], [1567, 338], [1568, 338], [1569, 338], [1570, 338], [1571, 338], [1572, 338], [1573, 338], [1557, 339], [1558, 339], [1559, 339], [1560, 339], [1561, 339], [1562, 339], [1563, 339], [1564, 339], [1569, 339], [1570, 339], [1571, 339], [1572, 339], [1573, 339], [1574, 339], [1575, 339], [1561, 340], [1562, 340], [1563, 340], [1564, 340], [1565, 340], [1566, 340], [1567, 340], [1572, 340], [1573, 340], [1574, 340], [1575, 340], [1576, 340], [1577, 340], [1578, 340], [1563, 341], [1564, 341], [1565, 341], [1566, 341], [1567, 341], [1568, 341], [1569, 341], [1574, 341], [1575, 341], [1576, 341], [1577, 341], [1578, 341], [1579, 341], [1580, 341], [1581, 341], [1566, 342], [1567, 342], [1568, 342], [1569, 342], [1570, 342], [1571, 342], [1577, 342], [1578, 342], [1579, 342], [1580, 342], [1581, 342], [1582, 342], [1583, 342], [1568, 343], [1569, 343], [1570, 343], [1571, 343], [1572, 343], [1573, 343], [1574, 343], [1580, 343], [1581, 343], [1582, 343], [1583, 343], [1584, 343], [1585, 343], [1586, 343], [1570, 344], [1571, 344], [1572, 344], [1573, 344], [1574, 344], [1575, 344], [1576, 344], [1577, 344], [1582, 344], [1583, 344], [1584, 344], [1585, 344], [1586, 344], [1587, 344], [1588, 344], [1589, 344], [1573, 345], [1574, 345], [1575, 345], [1576, 345], [1577, 345], [1578, 345], [1579, 345], [1580, 345], [1585, 345], [1586, 345], [1587, 345], [1588, 345], [1589, 345], [1590, 345], [1591, 345], [1592, 345], [1576, 346], [1577, 346], [1578, 346], [1579, 346], [1580, 346], [1581, 346], [1582, 346], [1583, 346], [1588, 346], [1589, 346], [1590, 346], [1591, 346], [1592, 346], [1593, 346], [1594, 346], [1595, 346], [1579, 347], [1580, 347], [1581, 347], [1582, 347], [1583, 347], [1584, 347], [1585, 347], [1591, 347], [1592, 347], [1593, 347], [1594, 347], [1595, 347], [1596, 347], [1597, 347], [1598, 347], [1582, 348], [1583, 348], [1584, 348], [1585, 348], [1586, 348], [1587, 348], [1594, 348], [1595, 348], [1596, 348], [1597, 348], [1598, 348], [1599, 348], [1600, 348], [1584, 349], [1585, 349], [1586, 349], [1587, 349], [1588, 349], [1589, 349], [1590, 349], [1597, 349], [1598, 349], [1599, 349], [1600, 349], [1601, 349], [1602, 349], [1603, 349], [1586, 350], [1587, 350], [1588, 350], [1589, 350], [1590, 350], [1591, 350], [1592, 350], [1593, 350], [1599, 350], [1600, 350], [1601, 350], [1602, 350], [1603, 350], [1604, 350], [1605, 350], [1606, 350], [1589, 351], [1590, 351], [1591, 351], [1592, 351], [1593, 351], [1594, 351], [1595, 351], [1596, 351], [1602, 351], [1603, 351], [1604, 351], [1605, 351], [1606, 351], [1607, 351], [1608, 351], [1592, 352], [1593, 352], [1594, 352], [1595, 352], [1596, 352], [1597, 352], [1598, 352], [1599, 352], [1605, 352], [1606, 352], [1607, 352], [1608, 352], [1609, 352], [1610, 352], [1611, 352], [1595, 353], [1596, 353], [1597, 353], [1598, 353], [1599, 353], [1600, 353], [1601, 353], [1602, 353], [1607, 353], [1608, 353], [1609, 353], [1610, 353], [1611, 353], [1612, 353], [1613, 353], [1614, 353], [1598, 354], [1599, 354], [1600, 354], [1601, 354], [1602, 354], [1603, 354], [1604, 354], [1610, 354], [1611, 354], [1612, 354], [1613, 354], [1614, 354], [1615, 354], [1616, 354], [1601, 355], [1602, 355], [1603, 355], [1604, 355], [1605, 355], [1606, 355], [1607, 355], [1613, 355], [1614, 355], [1615, 355], [1616, 355], [1617, 355], [1618, 355], [1619, 355], [1620, 355], [1603, 356], [1604, 356], [1605, 356], [1606, 356], [1607, 356], [1608, 356], [1609, 356], [1615, 356], [1616, 356], [1617, 356], [1618, 356], [1619, 356], [1620, 356], [1621, 356], [1622, 356], [1623, 356], [1606, 357], [1607, 357], [1608, 357], [1609, 357], [1610, 357], [1611, 357], [1619, 357], [1620, 357], [1621, 357], [1622, 357], [1623, 357], [1624, 357], [1625, 357], [1608, 358], [1609, 358], [1610, 358], [1611, 358], [1612, 358], [1613, 358], [1614, 358], [1622, 358], [1623, 358], [1624, 358], [1625, 358], [1626, 358], [1627, 358], [1610, 359], [1611, 359], [1612, 359], [1613, 359], [1614, 359], [1615, 359], [1616, 359], [1617, 359], [1624, 359], [1625, 359], [1626, 359], [1627, 359], [1628, 359], [1629, 359], [1630, 359], [1613, 360], [1614, 360], [1615, 360], [1616, 360], [1617, 360], [1618, 360], [1619, 360], [1626, 360], [1627, 360], [1628, 360], [1629, 360], [1630, 360], [1631, 360], [1632, 360], [1616, 361], [1617, 361], [1618, 361], [1619, 361], [1620, 361], [1621, 361], [1622, 361], [1629, 361], [1630, 361], [1631, 361], [1632, 361], [1633, 361], [1634, 361], [1635, 361], [1618, 362], [1619, 362], [1620, 362], [1621, 362], [1622, 362], [1623, 362], [1624, 362], [1625, 362], [1626, 362], [1631, 362], [1632, 362], [1633, 362], [1634, 362], [1635, 362], [1636, 362], [1637, 362], [1638, 362], [1621, 363], [1622, 363], [1623, 363], [1624, 363], [1625, 363], [1626, 363], [1627, 363], [1634, 363], [1635, 363], [1636, 363], [1637, 363], [1638, 363], [1639, 363], [1640, 363], [1641, 363], [1625, 364], [1626, 364], [1627, 364], [1628, 364], [1629, 364], [1630, 364], [1637, 364], [1638, 364], [1639, 364], [1640, 364], [1641, 364], [1642, 364], [1643, 364], [1644, 364], [1626, 365], [1627, 365], [1628, 365], [1629, 365], [1630, 365], [1631, 365], [1632, 365], [1633, 365], [1640, 365], [1641, 365], [1642, 365], [1643, 365], [1644, 365], [1645, 365], [1646, 365], [1647, 365], [1629, 366], [1630, 366], [1631, 366], [1632, 366], [1633, 366], [1634, 366], [1635, 366], [1636, 366], [1643, 366], [1644, 366], [1645, 366], [1646, 366], [1647, 366], [1648, 366], [1649, 366], [1650, 366], [1632, 367], [1633, 367], [1634, 367], [1635, 367], [1636, 367], [1637, 367], [1638, 367], [1639, 367], [1646, 367], [1647, 367], [1648, 367], [1649, 367], [1650, 367], [1651, 367], [1652, 367], [1653, 367], [1635, 368], [1636, 368], [1637, 368], [1638, 368], [1639, 368], [1640, 368], [1641, 368], [1649, 368], [1650, 368], [1651, 368], [1652, 368], [1653, 368], [1654, 368], [1655, 368], [1638, 369], [1639, 369], [1640, 369], [1641, 369], [1642, 369], [1643, 369], [1652, 369], [1653, 369], [1654, 369], [1655, 369], [1656, 369], [1657, 369], [1658, 369], [1640, 370], [1641, 370], [1642, 370], [1643, 370], [1644, 370], [1645, 370], [1646, 370], [1654, 370], [1655, 370], [1656, 370], [1657, 370], [1658, 370], [1659, 370], [1660, 370], [1642, 371], [1643, 371], [1644, 371], [1645, 371], [1646, 371], [1647, 371], [1648, 371], [1649, 371], [1657, 371], [1658, 371], [1659, 371], [1660, 371], [1661, 371], [1662, 371], [1663, 371], [1645, 372], [1646, 372], [1647, 372], [1648, 372], [1649, 372], [1650, 372], [1651, 372], [1652, 372], [1659, 372], [1660, 372], [1661, 372], [1662, 372], [1663, 372], [1664, 372], [1665, 372], [1666, 372], [1648, 373], [1649, 373], [1650, 373], [1651, 373], [1652, 373], [1653, 373], [1654, 373], [1662, 373], [1663, 373], [1664, 373], [1665, 373], [1666, 373], [1667, 373], [1668, 373], [1651, 374], [1652, 374], [1653, 374], [1654, 374], [1655, 374], [1656, 374], [1657, 374], [1665, 374], [1666, 374], [1667, 374], [1668, 374], [1669, 374], [1670, 374], [1671, 374], [1653, 375], [1654, 375], [1655, 375], [1656, 375], [1657, 375], [1658, 375], [1659, 375], [1660, 375], [1667, 375], [1668, 375], [1669, 375], [1670, 375], [1671, 375], [1672, 375], [1673, 375], [1656, 376], [1657, 376], [1658, 376], [1659, 376], [1660, 376], [1661, 376], [1662, 376], [1663, 376], [1670, 376], [1671, 376], [1672, 376], [1673, 376], [1674, 376], [1675, 376], [1676, 376], [1659, 377], [1660, 377], [1661, 377], [1662, 377], [1663, 377], [1664, 377], [1665, 377], [1666, 377], [1672, 377], [1673, 377], [1674, 377], [1675, 377], [1676, 377], [1677, 377], [1678, 377], [1679, 377], [1662, 378], [1663, 378], [1664, 378], [1665, 378], [1666, 378], [1667, 378], [1668, 378], [1675, 378], [1676, 378], [1677, 378], [1678, 378], [1679, 378], [1680, 378], [1681, 378], [1682, 378], [1665, 379], [1666, 379], [1667, 379], [1668, 379], [1669, 379], [1670, 379], [1671, 379], [1678, 379], [1679, 379], [1680, 379], [1681, 379], [1682, 379], [1683, 379], [1684, 379], [1685, 379], [1667, 380], [1668, 380], [1669, 380], [1670, 380], [1671, 380], [1672, 380], [1673, 380], [1674, 380], [1681, 380], [1682, 380], [1683, 380], [1684, 380], [1685, 380], [1686, 380], [1687, 380], [1670, 381], [1671, 381], [1672, 381], [1673, 381], [1674, 381], [1675, 381], [1676, 381], [1677, 381], [1684, 381], [1685, 381], [1686, 381], [1687, 381], [1688, 381], [1689, 381], [1690, 381], [1673, 382], [1674, 382], [1675, 382], [1676, 382], [1677, 382], [1678, 382], [1679, 382], [1680, 382], [1686, 382], [1687, 382], [1688, 382], [1689, 382], [1690, 382], [1691, 382], [1692, 382], [1693, 382], [1676, 383], [1677, 383], [1678, 383], [1679, 383], [1680, 383], [1681, 383], [1682, 383], [1689, 383], [1690, 383], [1691, 383], [1692, 383], [1693, 383], [1694, 383], [1695, 383], [1696, 383], [1697, 383], [1698, 383], [1679, 384], [1680, 384], [1681, 384], [1682, 384], [1683, 384], [1684, 384], [1685, 384], [1692, 384], [1693, 384], [1694, 384], [1695, 384], [1696, 384], [1697, 384], [1698, 384], [1699, 384], [1700, 384], [1701, 384], [1702, 384], [1703, 384], [1704, 384], [1681, 385], [1682, 385], [1683, 385], [1684, 385], [1685, 385], [1686, 385], [1687, 385], [1688, 385], [1697, 385], [1698, 385], [1699, 385], [1700, 385], [1701, 385], [1702, 385], [1703, 385], [1704, 385], [1705, 385], [1706, 385], [1707, 385], [1708, 385], [1684, 386], [1685, 386], [1686, 386], [1687, 386], [1688, 386], [1689, 386], [1690, 386], [1703, 386], [1704, 386], [1705, 386], [1706, 386], [1707, 386], [1708, 386], [1709, 386], [1687, 387], [1688, 387], [1689, 387], [1690, 387], [1691, 387], [1692, 387], [1707, 387], [1708, 387], [1709, 387], [1689, 388], [1690, 388], [1691, 388], [1692, 388], [1693, 388], [1694, 388], [1695, 388], [1708, 388], [1709, 388], [1710, 388], [1691, 389], [1692, 389], [1693, 389], [1694, 389], [1695, 389], [1696, 389], [1697, 389], [1708, 389], [1709, 389], [1710, 389], [1711, 389], [1712, 389], [1713, 389], [1694, 390], [1695, 390], [1696, 390], [1697, 390], [1698, 390], [1699, 390], [1700, 390], [1709, 390], [1710, 390], [1711, 390], [1712, 390], [1713, 390], [1714, 390], [1715, 390], [1716, 390], [1696, 391], [1697, 391], [1698, 391], [1699, 391], [1700, 391], [1701, 391], [1702, 391], [1703, 391], [1712, 391], [1713, 391], [1714, 391], [1715, 391], [1716, 391], [1717, 391], [1718, 391], [1699, 392], [1700, 392], [1701, 392], [1702, 392], [1703, 392], [1704, 392], [1705, 392], [1715, 392], [1716, 392], [1717, 392], [1718, 392], [1719, 392], [1720, 392], [1721, 392], [1722, 392], [1702, 393], [1703, 393], [1704, 393], [1705, 393], [1706, 393], [1707, 393], [1708, 393], [1717, 393], [1718, 393], [1719, 393], [1720, 393], [1721, 393], [1722, 393], [1723, 393], [1724, 393], [1725, 393], [1704, 394], [1705, 394], [1706, 394], [1707, 394], [1708, 394], [1709, 394], [1710, 394], [1721, 394], [1722, 394], [1723, 394], [1724, 394], [1725, 394], [1726, 394], [1727, 394], [1728, 394], [1707, 395], [1708, 395], [1709, 395], [1710, 395], [1711, 395], [1712, 395], [1713, 395], [1724, 395], [1725, 395], [1726, 395], [1727, 395], [1728, 395], [1729, 395], [1730, 395], [1709, 396], [1710, 396], [1711, 396], [1712, 396], [1713, 396], [1714, 396], [1715, 396], [1716, 396], [1727, 396], [1728, 396], [1729, 396], [1730, 396], [1731, 396], [1732, 396], [1712, 397], [1713, 397], [1714, 397], [1715, 397], [1716, 397], [1717, 397], [1718, 397], [1719, 397], [1729, 397], [1730, 397], [1731, 397], [1732, 397], [1733, 397], [1734, 397], [1715, 398], [1716, 398], [1717, 398], [1718, 398], [1719, 398], [1720, 398], [1721, 398], [1722, 398], [1731, 398], [1732, 398], [1733, 398], [1734, 398], [1735, 398], [1718, 399], [1719, 399], [1720, 399], [1721, 399], [1722, 399], [1723, 399], [1724, 399], [1733, 399], [1734, 399], [1735, 399], [1736, 399], [1737, 399], [1738, 399], [1721, 400], [1722, 400], [1723, 400], [1724, 400], [1725, 400], [1726, 400], [1727, 400], [1734, 400], [1735, 400], [1736, 400], [1737, 400], [1738, 400], [1739, 400], [1740, 400], [1741, 400], [1723, 401], [1724, 401], [1725, 401], [1726, 401], [1727, 401], [1728, 401], [1729, 401], [1737, 401], [1738, 401], [1739, 401], [1740, 401], [1741, 401], [1742, 401], [1743, 401], [1744, 401], [1745, 401], [1726, 402], [1727, 402], [1728, 402], [1729, 402], [1730, 402], [1731, 402], [1732, 402], [1740, 402], [1741, 402], [1742, 402], [1743, 402], [1744, 402], [1745, 402], [1746, 402], [1747, 402], [1728, 403], [1729, 403], [1730, 403], [1731, 403], [1732, 403], [1733, 403], [1734, 403], [1735, 403], [1744, 403], [1745, 403], [1746, 403], [1747, 403], [1748, 403], [1749, 403], [1750, 403], [1731, 404], [1732, 404], [1733, 404], [1734, 404], [1735, 404], [1736, 404], [1737, 404], [1738, 404], [1746, 404], [1747, 404], [1748, 404], [1749, 404], [1750, 404], [1751, 404], [1752, 404], [1753, 404], [1734, 405], [1735, 405], [1736, 405], [1737, 405], [1738, 405], [1739, 405], [1740, 405], [1741, 405], [1742, 405], [1749, 405], [1750, 405], [1751, 405], [1752, 405], [1753, 405], [1754, 405], [1755, 405], [1737, 406], [1738, 406], [1739, 406], [1740, 406], [1741, 406], [1742, 406], [1743, 406], [1744, 406], [1752, 406], [1753, 406], [1754, 406], [1755, 406], [1756, 406], [1757, 406], [1758, 406], [1741, 407], [1742, 407], [1743, 407], [1744, 407], [1745, 407], [1746, 407], [1754, 407], [1755, 407], [1756, 407], [1757, 407], [1758, 407], [1759, 407], [1760, 407], [1743, 408], [1744, 408], [1745, 408], [1746, 408], [1747, 408], [1748, 408], [1749, 408], [1757, 408], [1758, 408], [1759, 408], [1760, 408], [1761, 408], [1762, 408], [1763, 408], [1764, 408], [1745, 409], [1746, 409], [1747, 409], [1748, 409], [1749, 409], [1750, 409], [1751, 409], [1752, 409], [1759, 409], [1760, 409], [1761, 409], [1762, 409], [1763, 409], [1764, 409], [1765, 409], [1766, 409], [1767, 409], [1748, 410], [1749, 410], [1750, 410], [1751, 410], [1752, 410], [1753, 410], [1754, 410], [1755, 410], [1763, 410], [1764, 410], [1765, 410], [1766, 410], [1767, 410], [1768, 410], [1769, 410], [1751, 411], [1752, 411], [1753, 411], [1754, 411], [1755, 411], [1756, 411], [1757, 411], [1766, 411], [1767, 411], [1768, 411], [1769, 411], [1770, 411], [1771, 411], [1772, 411], [1773, 411], [1754, 412], [1755, 412], [1756, 412], [1757, 412], [1758, 412], [1759, 412], [1760, 412], [1768, 412], [1769, 412], [1770, 412], [1771, 412], [1772, 412], [1773, 412], [1774, 412], [1775, 412], [1756, 413], [1757, 413], [1758, 413], [1759, 413], [1760, 413], [1761, 413], [1762, 413], [1772, 413], [1773, 413], [1774, 413], [1775, 413], [1776, 413], [1777, 413], [1759, 414], [1760, 414], [1761, 414], [1762, 414], [1763, 414], [1764, 414], [1765, 414], [1774, 414], [1775, 414], [1776, 414], [1777, 414], [1778, 414], [1779, 414], [1780, 414], [1761, 415], [1762, 415], [1763, 415], [1764, 415], [1765, 415], [1766, 415], [1767, 415], [1768, 415], [1776, 415], [1777, 415], [1778, 415], [1779, 415], [1780, 415], [1781, 415], [1782, 415], [1783, 415], [1764, 416], [1765, 416], [1766, 416], [1767, 416], [1768, 416], [1769, 416], [1770, 416], [1771, 416], [1772, 416], [1779, 416], [1780, 416], [1781, 416], [1782, 416], [1783, 416], [1784, 416], [1785, 416], [1786, 416], [1767, 417], [1768, 417], [1769, 417], [1770, 417], [1771, 417], [1772, 417], [1773, 417], [1774, 417], [1782, 417], [1783, 417], [1784, 417], [1785, 417], [1786, 417], [1787, 417], [1788, 417], [1789, 417], [1210, 418], [1771, 418], [1772, 418], [1773, 418], [1774, 418], [1775, 418], [1776, 418], [1777, 418], [1785, 418], [1786, 418], [1787, 418], [1788, 418], [1789, 418], [1790, 418], [1791, 418], [1209, 419], [1210, 419], [1211, 419], [1773, 419], [1774, 419], [1775, 419], [1776, 419], [1777, 419], [1778, 419], [1779, 419], [1780, 419], [1788, 419], [1789, 419], [1790, 419], [1791, 419], [1792, 419], [1793, 419], [1794, 419], [1207, 420], [1208, 420], [1209, 420], [1210, 420], [1211, 420], [1212, 420], [1776, 420], [1777, 420], [1778, 420], [1779, 420], [1780, 420], [1781, 420], [1782, 420], [1790, 420], [1791, 420], [1792, 420], [1793, 420], [1794, 420], [1795, 420], [1796, 420], [1797, 420], [1208, 421], [1209, 421], [1210, 421], [1211, 421], [1212, 421], [1213, 421], [1779, 421], [1780, 421], [1781, 421], [1782, 421], [1783, 421], [1784, 421], [1785, 421], [1793, 421], [1794, 421], [1795, 421], [1796, 421], [1797, 421], [1798, 421], [1799, 421], [1209, 422], [1210, 422], [1211, 422], [1212, 422], [1213, 422], [1214, 422], [1781, 422], [1782, 422], [1783, 422], [1784, 422], [1785, 422], [1786, 422], [1787, 422], [1796, 422], [1797, 422], [1798, 422], [1799, 422], [1800, 422], [1801, 422], [1802, 422], [1803, 422], [1210, 423], [1211, 423], [1212, 423], [1213, 423], [1214, 423], [1215, 423], [1784, 423], [1785, 423], [1786, 423], [1787, 423], [1788, 423], [1789, 423], [1790, 423], [1798, 423], [1799, 423], [1800, 423], [1801, 423], [1802, 423], [1803, 423], [1804, 423], [1805, 423], [1211, 424], [1212, 424], [1213, 424], [1214, 424], [1215, 424], [1216, 424], [1786, 424], [1787, 424], [1788, 424], [1789, 424], [1790, 424], [1791, 424], [1792, 424], [1802, 424], [1803, 424], [1804, 424], [1805, 424], [1806, 424], [1807, 424], [1212, 425], [1213, 425], [1214, 425], [1215, 425], [1216, 425], [1789, 425], [1790, 425], [1791, 425], [1792, 425], [1793, 425], [1794, 425], [1795, 425], [1796, 425], [1804, 425], [1805, 425], [1806, 425], [1807, 425], [1808, 425], [1809, 425], [1810, 425], [1811, 425], [1213, 426], [1214, 426], [1215, 426], [1216, 426], [1791, 426], [1792, 426], [1793, 426], [1794, 426], [1795, 426], [1796, 426], [1797, 426], [1798, 426], [1799, 426], [1806, 426], [1807, 426], [1808, 426], [1809, 426], [1810, 426], [1811, 426], [1812, 426], [1813, 426], [1195, 427], [1196, 427], [1197, 427], [1214, 427], [1215, 427], [1216, 427], [1217, 427], [1795, 427], [1796, 427], [1797, 427], [1798, 427], [1799, 427], [1800, 427], [1801, 427], [1810, 427], [1811, 427], [1812, 427], [1813, 427], [1814, 427], [1815, 427], [1816, 427], [1194, 428], [1195, 428], [1196, 428], [1197, 428], [1198, 428], [1214, 428], [1215, 428], [1216, 428], [1217, 428], [1798, 428], [1799, 428], [1800, 428], [1801, 428], [1802, 428], [1803, 428], [1804, 428], [1812, 428], [1813, 428], [1814, 428], [1815, 428], [1816, 428], [1817, 428], [1818, 428], [1194, 429], [1195, 429], [1196, 429], [1197, 429], [1198, 429], [1199, 429], [1200, 429], [1214, 429], [1215, 429], [1216, 429], [1217, 429], [1800, 429], [1801, 429], [1802, 429], [1803, 429], [1804, 429], [1805, 429], [1806, 429], [1807, 429], [1815, 429], [1816, 429], [1817, 429], [1818, 429], [1819, 429], [1820, 429], [1821, 429], [1822, 429], [1195, 430], [1196, 430], [1198, 430], [1199, 430], [1200, 430], [1201, 430], [1202, 430], [1203, 430], [1204, 430], [1205, 430], [1206, 430], [1207, 430], [1208, 430], [1209, 430], [1210, 430], [1211, 430], [1212, 430], [1213, 430], [1214, 430], [1215, 430], [1216, 430], [1217, 430], [1803, 430], [1804, 430], [1805, 430], [1806, 430], [1807, 430], [1808, 430], [1809, 430], [1817, 430], [1818, 430], [1819, 430], [1820, 430], [1821, 430], [1822, 430], [1823, 430], [1824, 430], [1195, 431], [1196, 431], [1197, 431], [1198, 431], [1200, 431], [1201, 431], [1202, 431], [1203, 431], [1204, 431], [1205, 431], [1206, 431], [1207, 431], [1208, 431], [1209, 431], [1210, 431], [1211, 431], [1212, 431], [1213, 431], [1214, 431], [1215, 431], [1216, 431], [1217, 431], [1806, 431], [1807, 431], [1808, 431], [1809, 431], [1810, 431], [1811, 431], [1812, 431], [1821, 431], [1822, 431], [1823, 431], [1824, 431], [1196, 432], [1197, 432], [1198, 432], [1199, 432], [1200, 432], [1201, 432], [1202, 432], [1203, 432], [1204, 432], [1205, 432], [1206, 432], [1207, 432], [1208, 432], [1209, 432], [1210, 432], [1211, 432], [1212, 432], [1213, 432], [1214, 432], [1215, 432], [1216, 432], [1217, 432], [1808, 432], [1809, 432], [1810, 432], [1811, 432], [1812, 432], [1813, 432], [1814, 432], [1815, 432], [1823, 432], [1824, 432], [1198, 433], [1199, 433], [1200, 433], [1201, 433], [1202, 433], [1203, 433], [1204, 433], [1205, 433], [1206, 433], [1207, 433], [1208, 433], [1209, 433], [1210, 433], [1211, 433], [1212, 433], [1213, 433], [1214, 433], [1215, 433], [1216, 433], [1811, 433], [1812, 433], [1813, 433], [1814, 433], [1815, 433], [1816, 433], [1817, 433], [1814, 434], [1815, 434], [1816, 434], [1817, 434], [1818, 434], [1819, 434], [1820, 434], [1816, 435], [1817, 435], [1818, 435], [1819, 435], [1820, 435], [1821, 435], [1822, 435], [1819, 436], [1820, 436], [1821, 436], [1822, 436], [1823, 436], [1824, 436], [1821, 437], [1822, 437], [1823, 437], [1824, 437], [1824, 438], [1315, 544], [1316, 544], [1317, 544], [1318, 544], [1319, 544], [1320, 544], [1321, 544], [1322, 544], [1323, 544], [1309, 545], [1310, 545], [1311, 545], [1312, 545], [1313, 545], [1314, 545], [1315, 545], [1316, 545], [1317, 545], [1318, 545], [1319, 545], [1320, 545], [1321, 545], [1322, 545], [1323, 545], [1324, 545], [1325, 545], [1326, 545], [1327, 545], [1306, 546], [1307, 546], [1308, 546], [1309, 546], [1310, 546], [1311, 546], [1312, 546], [1313, 546], [1315, 546], [1316, 546], [1317, 546], [1318, 546], [1319, 546], [1320, 546], [1321, 546], [1322, 546], [1323, 546], [1325, 546], [1326, 546], [1327, 546], [1328, 546], [1329, 546], [1305, 547], [1306, 547], [1307, 547], [1308, 547], [1309, 547], [1310, 547], [1311, 547], [1312, 547], [1313, 547], [1314, 547], [1315, 547], [1316, 547], [1317, 547], [1318, 547], [1319, 547], [1320, 547], [1321, 547], [1322, 547], [1323, 547], [1324, 547], [1325, 547], [1326, 547], [1328, 547], [1329, 547], [1330, 547], [1305, 548], [1306, 548], [1307, 548], [1309, 548], [1310, 548], [1311, 548], [1312, 548], [1313, 548], [1325, 548], [1326, 548], [1327, 548], [1328, 548], [1329, 548], [1330, 548], [1331, 548], [1332, 548], [1305, 549], [1306, 549], [1307, 549], [1309, 549], [1310, 549], [1311, 549], [1312, 549], [1327, 549], [1328, 549], [1330, 549], [1331, 549], [1332, 549], [1333, 549], [1305, 550], [1306, 550], [1307, 550], [1308, 550], [1309, 550], [1310, 550], [1327, 550], [1328, 550], [1329, 550], [1330, 550], [1331, 550], [1332, 550], [1333, 550], [1306, 551], [1307, 551], [1308, 551], [1309, 551], [1310, 551], [1311, 551], [1312, 551], [1328, 551], [1329, 551], [1330, 551], [1332, 551], [1333, 551], [1307, 552], [1308, 552], [1310, 552], [1311, 552], [1312, 552], [1313, 552], [1314, 552], [1315, 552], [1329, 552], [1330, 552], [1331, 552], [1332, 552], [1333, 552], [1307, 553], [1308, 553], [1309, 553], [1310, 553], [1312, 553], [1313, 553], [1314, 553], [1315, 553], [1316, 553], [1328, 553], [1329, 553], [1330, 553], [1331, 553], [1332, 553], [1333, 553], [1308, 554], [1309, 554], [1310, 554], [1311, 554], [1312, 554], [1314, 554], [1315, 554], [1316, 554], [1317, 554], [1318, 554], [1319, 554], [1320, 554], [1321, 554], [1322, 554], [1323, 554], [1324, 554], [1325, 554], [1326, 554], [1327, 554], [1328, 554], [1329, 554], [1330, 554], [1331, 554], [1332, 554], [1310, 555], [1311, 555], [1312, 555], [1313, 555], [1314, 555], [1315, 555], [1316, 555], [1317, 555], [1318, 555], [1319, 555], [1320, 555], [1323, 555], [1324, 555], [1325, 555], [1326, 555], [1327, 555], [1328, 555], [1329, 555], [1330, 555], [1331, 555], [1311, 556], [1312, 556], [1313, 556], [1314, 556], [1315, 556], [1316, 556], [1317, 556], [1318, 556], [1319, 556], [1320, 556], [1321, 556], [1322, 556], [1323, 556], [1324, 556], [1325, 556], [1326, 556], [1327, 556], [1328, 556], [1329, 556], [1330, 556], [1313, 557], [1314, 557], [1315, 557], [1316, 557], [1317, 557], [1318, 557], [1319, 557], [1320, 557], [1323, 557], [1324, 557], [1325, 557], [1326, 557], [1327, 557], [1328, 557], [1565, 805], [1566, 805], [1567, 805], [1568, 805], [1569, 805], [1570, 805], [1571, 805], [1572, 805], [1573, 805], [1574, 805], [1557, 806], [1558, 806], [1559, 806], [1560, 806], [1561, 806], [1562, 806], [1563, 806], [1564, 806], [1565, 806], [1566, 806], [1567, 806], [1568, 806], [1569, 806], [1570, 806], [1571, 806], [1572, 806], [1573, 806], [1574, 806], [1575, 806], [1552, 807], [1553, 807], [1554, 807], [1555, 807], [1556, 807], [1557, 807], [1558, 807], [1559, 807], [1560, 807], [1561, 807], [1562, 807], [1563, 807], [1564, 807], [1565, 807], [1566, 807], [1573, 807], [1574, 807], [1575, 807], [1576, 807], [1577, 807], [1551, 808], [1552, 808], [1553, 808], [1554, 808], [1555, 808], [1556, 808], [1557, 808], [1558, 808], [1574, 808], [1575, 808], [1576, 808], [1577, 808], [1578, 808], [1551, 809], [1552, 809], [1553, 809], [1576, 809], [1577, 809], [1578, 809], [1579, 809], [1580, 809], [1551, 810], [1552, 810], [1553, 810], [1554, 810], [1555, 810], [1577, 810], [1578, 810], [1579, 810], [1580, 810], [1581, 810], [1552, 811], [1553, 811], [1554, 811], [1555, 811], [1556, 811], [1579, 811], [1580, 811], [1581, 811], [1582, 811], [1583, 811], [1554, 812], [1555, 812], [1556, 812], [1580, 812], [1581, 812], [1582, 812], [1583, 812], [1584, 812], [1585, 812], [1554, 813], [1555, 813], [1556, 813], [1582, 813], [1583, 813], [1584, 813], [1585, 813], [1586, 813], [1587, 813], [1588, 813], [1554, 814], [1555, 814], [1556, 814], [1584, 814], [1585, 814], [1586, 814], [1587, 814], [1588, 814], [1589, 814], [1590, 814], [1591, 814], [1554, 815], [1555, 815], [1556, 815], [1557, 815], [1587, 815], [1588, 815], [1589, 815], [1590, 815], [1591, 815], [1592, 815], [1555, 816], [1556, 816], [1557, 816], [1558, 816], [1559, 816], [1560, 816], [1590, 816], [1591, 816], [1592, 816], [1593, 816], [1556, 817], [1557, 817], [1558, 817], [1559, 817], [1560, 817], [1561, 817], [1591, 817], [1592, 817], [1593, 817], [1594, 817], [1559, 818], [1560, 818], [1561, 818], [1562, 818], [1563, 818], [1564, 818], [1565, 818], [1592, 818], [1593, 818], [1594, 818], [1595, 818], [1560, 819], [1561, 819], [1562, 819], [1563, 819], [1564, 819], [1565, 819], [1566, 819], [1567, 819], [1568, 819], [1593, 819], [1594, 819], [1595, 819], [1596, 819], [1564, 820], [1565, 820], [1566, 820], [1567, 820], [1568, 820], [1569, 820], [1570, 820], [1571, 820], [1594, 820], [1595, 820], [1596, 820], [1597, 820], [1567, 821], [1568, 821], [1569, 821], [1570, 821], [1571, 821], [1572, 821], [1595, 821], [1596, 821], [1597, 821], [1570, 822], [1571, 822], [1572, 822], [1573, 822], [1596, 822], [1597, 822], [1598, 822], [1571, 823], [1572, 823], [1573, 823], [1574, 823], [1596, 823], [1597, 823], [1598, 823], [1572, 824], [1573, 824], [1574, 824], [1597, 824], [1598, 824], [1573, 825], [1574, 825], [1575, 825], [1576, 825], [1597, 825], [1598, 825], [1599, 825], [1573, 826], [1574, 826], [1575, 826], [1576, 826], [1597, 826], [1598, 826], [1599, 826], [1575, 827], [1576, 827], [1577, 827], [1598, 827], [1599, 827], [1600, 827], [1575, 828], [1576, 828], [1577, 828], [1598, 828], [1599, 828], [1600, 828], [1601, 828], [1602, 828], [1576, 829], [1577, 829], [1578, 829], [1599, 829], [1600, 829], [1601, 829], [1602, 829], [1603, 829], [1576, 830], [1577, 830], [1578, 830], [1579, 830], [1601, 830], [1602, 830], [1603, 830], [1604, 830], [1577, 831], [1578, 831], [1579, 831], [1602, 831], [1603, 831], [1604, 831], [1605, 831], [1578, 832], [1579, 832], [1580, 832], [1603, 832], [1604, 832], [1605, 832], [1606, 832], [1578, 833], [1579, 833], [1580, 833], [1581, 833], [1582, 833], [1591, 833], [1592, 833], [1593, 833], [1594, 833], [1595, 833], [1596, 833], [1604, 833], [1605, 833], [1606, 833], [1579, 834], [1580, 834], [1581, 834], [1582, 834], [1583, 834], [1588, 834], [1589, 834], [1590, 834], [1591, 834], [1592, 834], [1593, 834], [1594, 834], [1595, 834], [1596, 834], [1597, 834], [1598, 834], [1605, 834], [1606, 834], [1581, 835], [1582, 835], [1583, 835], [1588, 835], [1589, 835], [1590, 835], [1591, 835], [1592, 835], [1595, 835], [1596, 835], [1597, 835], [1598, 835], [1599, 835], [1600, 835], [1605, 835], [1606, 835], [1582, 836], [1583, 836], [1584, 836], [1588, 836], [1589, 836], [1590, 836], [1591, 836], [1592, 836], [1593, 836], [1597, 836], [1598, 836], [1599, 836], [1600, 836], [1605, 836], [1606, 836], [1607, 836], [1582, 837], [1583, 837], [1584, 837], [1590, 837], [1591, 837], [1592, 837], [1593, 837], [1594, 837], [1595, 837], [1596, 837], [1597, 837], [1599, 837], [1600, 837], [1605, 837], [1606, 837], [1607, 837], [1608, 837], [1583, 838], [1584, 838], [1585, 838], [1592, 838], [1593, 838], [1594, 838], [1595, 838], [1596, 838], [1597, 838], [1598, 838], [1599, 838], [1600, 838], [1606, 838], [1607, 838], [1608, 838], [1609, 838], [1583, 839], [1584, 839], [1585, 839], [1586, 839], [1587, 839], [1596, 839], [1597, 839], [1598, 839], [1599, 839], [1600, 839], [1607, 839], [1608, 839], [1609, 839], [1584, 840], [1585, 840], [1586, 840], [1587, 840], [1588, 840], [1608, 840], [1609, 840], [1586, 841], [1587, 841], [1588, 841], [1608, 841], [1609, 841], [1587, 842], [1588, 842], [1608, 842], [1609, 842], [1610, 842], [1587, 843], [1588, 843], [1608, 843], [1609, 843], [1610, 843], [1611, 843], [1587, 844], [1588, 844], [1589, 844], [1609, 844], [1610, 844], [1611, 844], [1612, 844], [1613, 844], [1587, 845], [1588, 845], [1589, 845], [1610, 845], [1611, 845], [1612, 845], [1613, 845], [1614, 845], [1588, 846], [1589, 846], [1590, 846], [1612, 846], [1613, 846], [1614, 846], [1615, 846], [1588, 847], [1589, 847], [1590, 847], [1591, 847], [1613, 847], [1614, 847], [1615, 847], [1616, 847], [1617, 847], [1589, 848], [1590, 848], [1591, 848], [1614, 848], [1615, 848], [1616, 848], [1617, 848], [1618, 848], [1619, 848], [1590, 849], [1591, 849], [1592, 849], [1616, 849], [1617, 849], [1618, 849], [1619, 849], [1620, 849], [1590, 850], [1591, 850], [1592, 850], [1618, 850], [1619, 850], [1620, 850], [1621, 850], [1622, 850], [1623, 850], [1624, 850], [1591, 851], [1592, 851], [1593, 851], [1619, 851], [1620, 851], [1621, 851], [1622, 851], [1623, 851], [1624, 851], [1625, 851], [1591, 852], [1592, 852], [1593, 852], [1623, 852], [1624, 852], [1625, 852], [1626, 852], [1627, 852], [1591, 853], [1592, 853], [1593, 853], [1624, 853], [1625, 853], [1626, 853], [1627, 853], [1628, 853], [1591, 854], [1592, 854], [1593, 854], [1626, 854], [1627, 854], [1628, 854], [1629, 854], [1590, 855], [1591, 855], [1592, 855], [1627, 855], [1628, 855], [1629, 855], [1590, 856], [1591, 856], [1592, 856], [1628, 856], [1629, 856], [1630, 856], [1590, 857], [1591, 857], [1592, 857], [1628, 857], [1629, 857], [1630, 857], [1631, 857], [1591, 858], [1592, 858], [1593, 858], [1629, 858], [1630, 858], [1631, 858], [1632, 858], [1591, 859], [1592, 859], [1593, 859], [1630, 859], [1631, 859], [1632, 859], [1633, 859], [1592, 860], [1593, 860], [1594, 860], [1631, 860], [1632, 860], [1633, 860], [1634, 860], [1635, 860], [1592, 861], [1593, 861], [1594, 861], [1632, 861], [1633, 861], [1634, 861], [1635, 861], [1636, 861], [1593, 862], [1594, 862], [1595, 862], [1613, 862], [1614, 862], [1615, 862], [1616, 862], [1617, 862], [1618, 862], [1619, 862], [1620, 862], [1621, 862], [1634, 862], [1635, 862], [1636, 862], [1637, 862], [1593, 863], [1594, 863], [1595, 863], [1613, 863], [1614, 863], [1615, 863], [1616, 863], [1617, 863], [1618, 863], [1619, 863], [1620, 863], [1621, 863], [1622, 863], [1623, 863], [1635, 863], [1636, 863], [1637, 863], [1638, 863], [1594, 864], [1595, 864], [1596, 864], [1613, 864], [1614, 864], [1615, 864], [1616, 864], [1620, 864], [1621, 864], [1622, 864], [1623, 864], [1624, 864], [1636, 864], [1637, 864], [1638, 864], [1639, 864], [1640, 864], [1594, 865], [1595, 865], [1596, 865], [1614, 865], [1615, 865], [1616, 865], [1617, 865], [1618, 865], [1622, 865], [1623, 865], [1624, 865], [1625, 865], [1637, 865], [1638, 865], [1639, 865], [1640, 865], [1641, 865], [1595, 866], [1596, 866], [1597, 866], [1614, 866], [1615, 866], [1616, 866], [1617, 866], [1618, 866], [1622, 866], [1623, 866], [1624, 866], [1625, 866], [1639, 866], [1640, 866], [1641, 866], [1642, 866], [1595, 867], [1596, 867], [1597, 867], [1598, 867], [1616, 867], [1617, 867], [1618, 867], [1619, 867], [1622, 867], [1623, 867], [1624, 867], [1625, 867], [1626, 867], [1640, 867], [1641, 867], [1642, 867], [1643, 867], [1644, 867], [1596, 868], [1597, 868], [1598, 868], [1599, 868], [1616, 868], [1617, 868], [1618, 868], [1619, 868], [1620, 868], [1621, 868], [1624, 868], [1625, 868], [1626, 868], [1627, 868], [1641, 868], [1642, 868], [1643, 868], [1644, 868], [1645, 868], [1597, 869], [1598, 869], [1599, 869], [1600, 869], [1618, 869], [1619, 869], [1620, 869], [1621, 869], [1622, 869], [1624, 869], [1625, 869], [1626, 869], [1627, 869], [1628, 869], [1629, 869], [1630, 869], [1631, 869], [1643, 869], [1644, 869], [1645, 869], [1646, 869], [1598, 870], [1599, 870], [1600, 870], [1601, 870], [1620, 870], [1621, 870], [1622, 870], [1623, 870], [1624, 870], [1626, 870], [1627, 870], [1628, 870], [1629, 870], [1630, 870], [1631, 870], [1632, 870], [1633, 870], [1634, 870], [1644, 870], [1645, 870], [1646, 870], [1647, 870], [1599, 871], [1600, 871], [1601, 871], [1602, 871], [1621, 871], [1622, 871], [1623, 871], [1624, 871], [1625, 871], [1626, 871], [1630, 871], [1631, 871], [1632, 871], [1633, 871], [1634, 871], [1635, 871], [1636, 871], [1645, 871], [1646, 871], [1647, 871], [1648, 871], [1600, 872], [1601, 872], [1602, 872], [1622, 872], [1623, 872], [1624, 872], [1630, 872], [1631, 872], [1632, 872], [1633, 872], [1634, 872], [1635, 872], [1636, 872], [1637, 872], [1638, 872], [1646, 872], [1647, 872], [1648, 872], [1649, 872], [1601, 873], [1602, 873], [1603, 873], [1621, 873], [1622, 873], [1623, 873], [1624, 873], [1635, 873], [1636, 873], [1637, 873], [1638, 873], [1639, 873], [1647, 873], [1648, 873], [1649, 873], [1650, 873], [1601, 874], [1602, 874], [1603, 874], [1604, 874], [1619, 874], [1620, 874], [1621, 874], [1622, 874], [1623, 874], [1637, 874], [1638, 874], [1639, 874], [1640, 874], [1648, 874], [1649, 874], [1650, 874], [1602, 875], [1603, 875], [1604, 875], [1605, 875], [1619, 875], [1620, 875], [1621, 875], [1622, 875], [1638, 875], [1639, 875], [1640, 875], [1641, 875], [1649, 875], [1650, 875], [1651, 875], [1603, 876], [1604, 876], [1605, 876], [1606, 876], [1619, 876], [1620, 876], [1639, 876], [1640, 876], [1641, 876], [1642, 876], [1649, 876], [1650, 876], [1651, 876], [1652, 876], [1604, 877], [1605, 877], [1606, 877], [1607, 877], [1619, 877], [1620, 877], [1640, 877], [1641, 877], [1642, 877], [1650, 877], [1651, 877], [1652, 877], [1653, 877], [1605, 878], [1606, 878], [1607, 878], [1619, 878], [1620, 878], [1621, 878], [1641, 878], [1642, 878], [1643, 878], [1651, 878], [1652, 878], [1653, 878], [1654, 878], [1606, 879], [1607, 879], [1608, 879], [1619, 879], [1620, 879], [1621, 879], [1622, 879], [1641, 879], [1642, 879], [1643, 879], [1644, 879], [1645, 879], [1652, 879], [1653, 879], [1654, 879], [1655, 879], [1606, 880], [1607, 880], [1608, 880], [1609, 880], [1620, 880], [1621, 880], [1622, 880], [1642, 880], [1643, 880], [1644, 880], [1645, 880], [1646, 880], [1653, 880], [1654, 880], [1655, 880], [1656, 880], [1607, 881], [1608, 881], [1609, 881], [1610, 881], [1621, 881], [1622, 881], [1623, 881], [1624, 881], [1625, 881], [1644, 881], [1645, 881], [1646, 881], [1647, 881], [1648, 881], [1654, 881], [1655, 881], [1656, 881], [1657, 881], [1608, 882], [1609, 882], [1610, 882], [1611, 882], [1621, 882], [1622, 882], [1623, 882], [1624, 882], [1625, 882], [1645, 882], [1646, 882], [1647, 882], [1648, 882], [1649, 882], [1650, 882], [1655, 882], [1656, 882], [1657, 882], [1658, 882], [1609, 883], [1610, 883], [1611, 883], [1612, 883], [1624, 883], [1625, 883], [1626, 883], [1627, 883], [1647, 883], [1648, 883], [1649, 883], [1650, 883], [1656, 883], [1657, 883], [1658, 883], [1659, 883], [1610, 884], [1611, 884], [1612, 884], [1613, 884], [1624, 884], [1625, 884], [1626, 884], [1627, 884], [1628, 884], [1629, 884], [1630, 884], [1631, 884], [1649, 884], [1650, 884], [1651, 884], [1657, 884], [1658, 884], [1659, 884], [1660, 884], [1611, 885], [1612, 885], [1613, 885], [1614, 885], [1626, 885], [1627, 885], [1628, 885], [1629, 885], [1630, 885], [1631, 885], [1637, 885], [1638, 885], [1639, 885], [1640, 885], [1641, 885], [1642, 885], [1643, 885], [1644, 885], [1649, 885], [1650, 885], [1651, 885], [1652, 885], [1658, 885], [1659, 885], [1660, 885], [1661, 885], [1612, 886], [1613, 886], [1614, 886], [1615, 886], [1628, 886], [1629, 886], [1630, 886], [1631, 886], [1637, 886], [1638, 886], [1639, 886], [1640, 886], [1641, 886], [1642, 886], [1643, 886], [1644, 886], [1650, 886], [1651, 886], [1652, 886], [1653, 886], [1659, 886], [1660, 886], [1661, 886], [1662, 886], [1613, 887], [1614, 887], [1615, 887], [1616, 887], [1628, 887], [1629, 887], [1630, 887], [1637, 887], [1638, 887], [1639, 887], [1643, 887], [1644, 887], [1651, 887], [1652, 887], [1653, 887], [1654, 887], [1655, 887], [1660, 887], [1661, 887], [1662, 887], [1663, 887], [1614, 888], [1615, 888], [1616, 888], [1617, 888], [1628, 888], [1629, 888], [1630, 888], [1637, 888], [1638, 888], [1639, 888], [1640, 888], [1641, 888], [1642, 888], [1643, 888], [1644, 888], [1652, 888], [1653, 888], [1654, 888], [1655, 888], [1656, 888], [1661, 888], [1662, 888], [1663, 888], [1664, 888], [1615, 889], [1616, 889], [1617, 889], [1618, 889], [1629, 889], [1630, 889], [1638, 889], [1639, 889], [1640, 889], [1641, 889], [1642, 889], [1643, 889], [1644, 889], [1654, 889], [1655, 889], [1656, 889], [1657, 889], [1658, 889], [1662, 889], [1663, 889], [1664, 889], [1665, 889], [1616, 890], [1617, 890], [1618, 890], [1619, 890], [1629, 890], [1630, 890], [1655, 890], [1656, 890], [1657, 890], [1658, 890], [1659, 890], [1663, 890], [1664, 890], [1665, 890], [1666, 890], [1617, 891], [1618, 891], [1619, 891], [1620, 891], [1628, 891], [1629, 891], [1630, 891], [1657, 891], [1658, 891], [1659, 891], [1664, 891], [1665, 891], [1666, 891], [1667, 891], [1618, 892], [1619, 892], [1620, 892], [1626, 892], [1627, 892], [1628, 892], [1629, 892], [1630, 892], [1658, 892], [1659, 892], [1660, 892], [1665, 892], [1666, 892], [1667, 892], [1668, 892], [1619, 893], [1620, 893], [1621, 893], [1626, 893], [1627, 893], [1628, 893], [1629, 893], [1630, 893], [1658, 893], [1659, 893], [1660, 893], [1661, 893], [1666, 893], [1667, 893], [1668, 893], [1669, 893], [1619, 894], [1620, 894], [1621, 894], [1622, 894], [1626, 894], [1627, 894], [1628, 894], [1629, 894], [1630, 894], [1659, 894], [1660, 894], [1661, 894], [1662, 894], [1663, 894], [1667, 894], [1668, 894], [1669, 894], [1620, 895], [1621, 895], [1622, 895], [1623, 895], [1627, 895], [1628, 895], [1629, 895], [1630, 895], [1631, 895], [1632, 895], [1660, 895], [1661, 895], [1662, 895], [1663, 895], [1668, 895], [1669, 895], [1670, 895], [1621, 896], [1622, 896], [1623, 896], [1624, 896], [1629, 896], [1630, 896], [1631, 896], [1632, 896], [1633, 896], [1634, 896], [1662, 896], [1663, 896], [1664, 896], [1668, 896], [1669, 896], [1670, 896], [1671, 896], [1622, 897], [1623, 897], [1624, 897], [1625, 897], [1631, 897], [1632, 897], [1633, 897], [1634, 897], [1635, 897], [1636, 897], [1662, 897], [1663, 897], [1664, 897], [1665, 897], [1669, 897], [1670, 897], [1671, 897], [1672, 897], [1623, 898], [1624, 898], [1625, 898], [1626, 898], [1633, 898], [1634, 898], [1635, 898], [1636, 898], [1637, 898], [1638, 898], [1663, 898], [1664, 898], [1665, 898], [1666, 898], [1670, 898], [1671, 898], [1672, 898], [1673, 898], [1624, 899], [1625, 899], [1626, 899], [1627, 899], [1635, 899], [1636, 899], [1637, 899], [1638, 899], [1639, 899], [1664, 899], [1665, 899], [1666, 899], [1671, 899], [1672, 899], [1673, 899], [1674, 899], [1625, 900], [1626, 900], [1627, 900], [1628, 900], [1637, 900], [1638, 900], [1639, 900], [1665, 900], [1666, 900], [1667, 900], [1668, 900], [1672, 900], [1673, 900], [1674, 900], [1675, 900], [1626, 901], [1627, 901], [1628, 901], [1629, 901], [1638, 901], [1639, 901], [1640, 901], [1665, 901], [1666, 901], [1667, 901], [1668, 901], [1669, 901], [1673, 901], [1674, 901], [1675, 901], [1676, 901], [1627, 902], [1628, 902], [1629, 902], [1630, 902], [1638, 902], [1639, 902], [1640, 902], [1641, 902], [1642, 902], [1667, 902], [1668, 902], [1669, 902], [1674, 902], [1675, 902], [1676, 902], [1677, 902], [1628, 903], [1629, 903], [1630, 903], [1631, 903], [1639, 903], [1640, 903], [1641, 903], [1642, 903], [1643, 903], [1644, 903], [1668, 903], [1669, 903], [1670, 903], [1675, 903], [1676, 903], [1677, 903], [1678, 903], [1629, 904], [1630, 904], [1631, 904], [1632, 904], [1641, 904], [1642, 904], [1643, 904], [1644, 904], [1645, 904], [1646, 904], [1647, 904], [1668, 904], [1669, 904], [1670, 904], [1676, 904], [1677, 904], [1678, 904], [1679, 904], [1630, 905], [1631, 905], [1632, 905], [1633, 905], [1643, 905], [1644, 905], [1645, 905], [1646, 905], [1647, 905], [1669, 905], [1670, 905], [1671, 905], [1677, 905], [1678, 905], [1679, 905], [1680, 905], [1631, 906], [1632, 906], [1633, 906], [1646, 906], [1647, 906], [1648, 906], [1649, 906], [1650, 906], [1669, 906], [1670, 906], [1671, 906], [1672, 906], [1678, 906], [1679, 906], [1680, 906], [1681, 906], [1632, 907], [1633, 907], [1634, 907], [1646, 907], [1647, 907], [1648, 907], [1649, 907], [1650, 907], [1651, 907], [1652, 907], [1670, 907], [1671, 907], [1672, 907], [1673, 907], [1679, 907], [1680, 907], [1681, 907], [1682, 907], [1632, 908], [1633, 908], [1634, 908], [1635, 908], [1649, 908], [1650, 908], [1651, 908], [1652, 908], [1653, 908], [1671, 908], [1672, 908], [1673, 908], [1674, 908], [1680, 908], [1681, 908], [1682, 908], [1683, 908], [1633, 909], [1634, 909], [1635, 909], [1636, 909], [1651, 909], [1652, 909], [1653, 909], [1654, 909], [1672, 909], [1673, 909], [1674, 909], [1675, 909], [1676, 909], [1681, 909], [1682, 909], [1683, 909], [1684, 909], [1634, 910], [1635, 910], [1636, 910], [1637, 910], [1652, 910], [1653, 910], [1654, 910], [1673, 910], [1674, 910], [1675, 910], [1676, 910], [1677, 910], [1682, 910], [1683, 910], [1684, 910], [1685, 910], [1635, 911], [1636, 911], [1637, 911], [1638, 911], [1653, 911], [1654, 911], [1655, 911], [1675, 911], [1676, 911], [1677, 911], [1678, 911], [1679, 911], [1683, 911], [1684, 911], [1685, 911], [1686, 911], [1636, 912], [1637, 912], [1638, 912], [1639, 912], [1653, 912], [1654, 912], [1655, 912], [1676, 912], [1677, 912], [1678, 912], [1679, 912], [1684, 912], [1685, 912], [1686, 912], [1687, 912], [1637, 913], [1638, 913], [1639, 913], [1654, 913], [1655, 913], [1678, 913], [1679, 913], [1680, 913], [1681, 913], [1685, 913], [1686, 913], [1687, 913], [1688, 913], [1638, 914], [1639, 914], [1640, 914], [1654, 914], [1655, 914], [1656, 914], [1678, 914], [1679, 914], [1680, 914], [1681, 914], [1682, 914], [1686, 914], [1687, 914], [1688, 914], [1689, 914], [1638, 915], [1639, 915], [1640, 915], [1641, 915], [1654, 915], [1655, 915], [1656, 915], [1657, 915], [1680, 915], [1681, 915], [1682, 915], [1683, 915], [1687, 915], [1688, 915], [1689, 915], [1639, 916], [1640, 916], [1641, 916], [1642, 916], [1655, 916], [1656, 916], [1657, 916], [1658, 916], [1681, 916], [1682, 916], [1683, 916], [1684, 916], [1688, 916], [1689, 916], [1690, 916], [1640, 917], [1641, 917], [1642, 917], [1643, 917], [1656, 917], [1657, 917], [1658, 917], [1659, 917], [1660, 917], [1661, 917], [1682, 917], [1683, 917], [1684, 917], [1688, 917], [1689, 917], [1690, 917], [1691, 917], [1641, 918], [1642, 918], [1643, 918], [1644, 918], [1657, 918], [1658, 918], [1659, 918], [1660, 918], [1661, 918], [1662, 918], [1683, 918], [1684, 918], [1685, 918], [1686, 918], [1689, 918], [1690, 918], [1691, 918], [1692, 918], [1693, 918], [1642, 919], [1643, 919], [1644, 919], [1645, 919], [1660, 919], [1661, 919], [1662, 919], [1663, 919], [1683, 919], [1684, 919], [1685, 919], [1686, 919], [1690, 919], [1691, 919], [1692, 919], [1693, 919], [1694, 919], [1643, 920], [1644, 920], [1645, 920], [1646, 920], [1661, 920], [1662, 920], [1663, 920], [1664, 920], [1665, 920], [1685, 920], [1686, 920], [1692, 920], [1693, 920], [1694, 920], [1644, 921], [1645, 921], [1646, 921], [1662, 921], [1663, 921], [1664, 921], [1665, 921], [1666, 921], [1685, 921], [1686, 921], [1687, 921], [1693, 921], [1694, 921], [1695, 921], [1645, 922], [1646, 922], [1647, 922], [1664, 922], [1665, 922], [1666, 922], [1667, 922], [1685, 922], [1686, 922], [1687, 922], [1688, 922], [1693, 922], [1694, 922], [1695, 922], [1696, 922], [1645, 923], [1646, 923], [1647, 923], [1648, 923], [1665, 923], [1666, 923], [1667, 923], [1668, 923], [1686, 923], [1687, 923], [1688, 923], [1689, 923], [1690, 923], [1694, 923], [1695, 923], [1696, 923], [1697, 923], [1646, 924], [1647, 924], [1648, 924], [1649, 924], [1666, 924], [1667, 924], [1668, 924], [1669, 924], [1670, 924], [1671, 924], [1672, 924], [1673, 924], [1674, 924], [1687, 924], [1688, 924], [1689, 924], [1690, 924], [1691, 924], [1695, 924], [1696, 924], [1697, 924], [1698, 924], [1647, 925], [1648, 925], [1649, 925], [1650, 925], [1667, 925], [1668, 925], [1669, 925], [1670, 925], [1671, 925], [1672, 925], [1673, 925], [1674, 925], [1675, 925], [1689, 925], [1690, 925], [1691, 925], [1696, 925], [1697, 925], [1698, 925], [1699, 925], [1648, 926], [1649, 926], [1650, 926], [1651, 926], [1673, 926], [1674, 926], [1675, 926], [1676, 926], [1677, 926], [1690, 926], [1691, 926], [1692, 926], [1697, 926], [1698, 926], [1699, 926], [1700, 926], [1649, 927], [1650, 927], [1651, 927], [1652, 927], [1674, 927], [1675, 927], [1676, 927], [1677, 927], [1678, 927], [1679, 927], [1680, 927], [1690, 927], [1691, 927], [1692, 927], [1693, 927], [1694, 927], [1698, 927], [1699, 927], [1700, 927], [1701, 927], [1650, 928], [1651, 928], [1652, 928], [1653, 928], [1676, 928], [1677, 928], [1678, 928], [1679, 928], [1680, 928], [1681, 928], [1691, 928], [1692, 928], [1693, 928], [1694, 928], [1699, 928], [1700, 928], [1701, 928], [1702, 928], [1651, 929], [1652, 929], [1653, 929], [1654, 929], [1679, 929], [1680, 929], [1681, 929], [1682, 929], [1693, 929], [1694, 929], [1695, 929], [1700, 929], [1701, 929], [1702, 929], [1703, 929], [1652, 930], [1653, 930], [1654, 930], [1655, 930], [1680, 930], [1681, 930], [1682, 930], [1683, 930], [1693, 930], [1694, 930], [1695, 930], [1696, 930], [1701, 930], [1702, 930], [1703, 930], [1704, 930], [1653, 931], [1654, 931], [1655, 931], [1656, 931], [1681, 931], [1682, 931], [1683, 931], [1684, 931], [1685, 931], [1694, 931], [1695, 931], [1696, 931], [1702, 931], [1703, 931], [1704, 931], [1705, 931], [1654, 932], [1655, 932], [1656, 932], [1657, 932], [1682, 932], [1683, 932], [1684, 932], [1685, 932], [1686, 932], [1695, 932], [1696, 932], [1697, 932], [1698, 932], [1703, 932], [1704, 932], [1705, 932], [1706, 932], [1655, 933], [1656, 933], [1657, 933], [1684, 933], [1685, 933], [1686, 933], [1695, 933], [1696, 933], [1697, 933], [1698, 933], [1699, 933], [1704, 933], [1705, 933], [1706, 933], [1707, 933], [1656, 934], [1657, 934], [1658, 934], [1683, 934], [1684, 934], [1685, 934], [1686, 934], [1697, 934], [1698, 934], [1699, 934], [1700, 934], [1705, 934], [1706, 934], [1707, 934], [1708, 934], [1656, 935], [1657, 935], [1658, 935], [1659, 935], [1682, 935], [1683, 935], [1684, 935], [1685, 935], [1698, 935], [1699, 935], [1700, 935], [1701, 935], [1706, 935], [1707, 935], [1708, 935], [1709, 935], [1657, 936], [1658, 936], [1659, 936], [1660, 936], [1682, 936], [1683, 936], [1684, 936], [1699, 936], [1700, 936], [1701, 936], [1702, 936], [1703, 936], [1707, 936], [1708, 936], [1709, 936], [1710, 936], [1658, 937], [1659, 937], [1660, 937], [1661, 937], [1682, 937], [1683, 937], [1700, 937], [1701, 937], [1702, 937], [1703, 937], [1708, 937], [1709, 937], [1710, 937], [1711, 937], [1659, 938], [1660, 938], [1661, 938], [1662, 938], [1682, 938], [1683, 938], [1684, 938], [1685, 938], [1686, 938], [1687, 938], [1702, 938], [1703, 938], [1709, 938], [1710, 938], [1711, 938], [1712, 938], [1660, 939], [1661, 939], [1662, 939], [1663, 939], [1682, 939], [1683, 939], [1684, 939], [1685, 939], [1686, 939], [1687, 939], [1688, 939], [1689, 939], [1702, 939], [1703, 939], [1704, 939], [1705, 939], [1710, 939], [1711, 939], [1712, 939], [1661, 940], [1662, 940], [1663, 940], [1664, 940], [1686, 940], [1687, 940], [1688, 940], [1689, 940], [1690, 940], [1691, 940], [1702, 940], [1703, 940], [1704, 940], [1705, 940], [1711, 940], [1712, 940], [1713, 940], [1662, 941], [1663, 941], [1664, 941], [1665, 941], [1688, 941], [1689, 941], [1690, 941], [1691, 941], [1692, 941], [1704, 941], [1705, 941], [1711, 941], [1712, 941], [1713, 941], [1714, 941], [1663, 942], [1664, 942], [1665, 942], [1666, 942], [1690, 942], [1691, 942], [1692, 942], [1693, 942], [1694, 942], [1701, 942], [1702, 942], [1703, 942], [1704, 942], [1705, 942], [1712, 942], [1713, 942], [1714, 942], [1715, 942], [1664, 943], [1665, 943], [1666, 943], [1667, 943], [1691, 943], [1692, 943], [1693, 943], [1694, 943], [1695, 943], [1696, 943], [1701, 943], [1703, 943], [1704, 943], [1705, 943], [1706, 943], [1713, 943], [1714, 943], [1715, 943], [1716, 943], [1665, 944], [1666, 944], [1667, 944], [1668, 944], [1693, 944], [1694, 944], [1695, 944], [1696, 944], [1697, 944], [1698, 944], [1701, 944], [1702, 944], [1703, 944], [1704, 944], [1705, 944], [1706, 944], [1707, 944], [1714, 944], [1715, 944], [1716, 944], [1717, 944], [1666, 945], [1667, 945], [1668, 945], [1669, 945], [1695, 945], [1696, 945], [1697, 945], [1698, 945], [1699, 945], [1700, 945], [1701, 945], [1702, 945], [1703, 945], [1705, 945], [1706, 945], [1707, 945], [1708, 945], [1715, 945], [1716, 945], [1717, 945], [1718, 945], [1667, 946], [1668, 946], [1669, 946], [1670, 946], [1697, 946], [1698, 946], [1699, 946], [1700, 946], [1701, 946], [1702, 946], [1703, 946], [1704, 946], [1705, 946], [1706, 946], [1707, 946], [1708, 946], [1716, 946], [1717, 946], [1718, 946], [1719, 946], [1668, 947], [1669, 947], [1670, 947], [1671, 947], [1702, 947], [1703, 947], [1704, 947], [1705, 947], [1706, 947], [1707, 947], [1708, 947], [1717, 947], [1718, 947], [1719, 947], [1720, 947], [1669, 948], [1670, 948], [1671, 948], [1718, 948], [1719, 948], [1720, 948], [1721, 948], [1670, 949], [1671, 949], [1672, 949], [1719, 949], [1720, 949], [1721, 949], [1722, 949], [1670, 950], [1671, 950], [1672, 950], [1673, 950], [1720, 950], [1721, 950], [1722, 950], [1723, 950], [1671, 951], [1672, 951], [1673, 951], [1674, 951], [1721, 951], [1722, 951], [1723, 951], [1724, 951], [1672, 952], [1673, 952], [1674, 952], [1675, 952], [1722, 952], [1723, 952], [1724, 952], [1725, 952], [1673, 953], [1674, 953], [1675, 953], [1676, 953], [1723, 953], [1724, 953], [1725, 953], [1726, 953], [1674, 954], [1675, 954], [1676, 954], [1677, 954], [1724, 954], [1725, 954], [1726, 954], [1727, 954], [1675, 955], [1676, 955], [1677, 955], [1716, 955], [1717, 955], [1718, 955], [1725, 955], [1726, 955], [1727, 955], [1728, 955], [1676, 956], [1677, 956], [1678, 956], [1711, 956], [1712, 956], [1713, 956], [1714, 956], [1715, 956], [1716, 956], [1717, 956], [1718, 956], [1719, 956], [1720, 956], [1726, 956], [1727, 956], [1728, 956], [1729, 956], [1676, 957], [1677, 957], [1678, 957], [1679, 957], [1711, 957], [1712, 957], [1713, 957], [1714, 957], [1715, 957], [1716, 957], [1717, 957], [1718, 957], [1719, 957], [1720, 957], [1727, 957], [1728, 957], [1729, 957], [1730, 957], [1677, 958], [1678, 958], [1679, 958], [1680, 958], [1711, 958], [1712, 958], [1719, 958], [1720, 958], [1721, 958], [1728, 958], [1729, 958], [1730, 958], [1731, 958], [1678, 959], [1679, 959], [1680, 959], [1681, 959], [1711, 959], [1712, 959], [1713, 959], [1719, 959], [1720, 959], [1721, 959], [1722, 959], [1723, 959], [1724, 959], [1729, 959], [1730, 959], [1731, 959], [1732, 959], [1679, 960], [1680, 960], [1681, 960], [1682, 960], [1711, 960], [1712, 960], [1713, 960], [1720, 960], [1721, 960], [1722, 960], [1723, 960], [1724, 960], [1725, 960], [1730, 960], [1731, 960], [1732, 960], [1733, 960], [1680, 961], [1681, 961], [1682, 961], [1683, 961], [1711, 961], [1712, 961], [1713, 961], [1714, 961], [1723, 961], [1724, 961], [1725, 961], [1726, 961], [1731, 961], [1732, 961], [1733, 961], [1734, 961], [1681, 962], [1682, 962], [1683, 962], [1684, 962], [1711, 962], [1712, 962], [1713, 962], [1714, 962], [1724, 962], [1725, 962], [1726, 962], [1727, 962], [1732, 962], [1733, 962], [1734, 962], [1735, 962], [1682, 963], [1683, 963], [1684, 963], [1685, 963], [1712, 963], [1713, 963], [1714, 963], [1725, 963], [1726, 963], [1727, 963], [1728, 963], [1733, 963], [1734, 963], [1735, 963], [1736, 963], [1683, 964], [1684, 964], [1685, 964], [1686, 964], [1712, 964], [1713, 964], [1714, 964], [1726, 964], [1727, 964], [1728, 964], [1729, 964], [1734, 964], [1735, 964], [1736, 964], [1737, 964], [1684, 965], [1685, 965], [1686, 965], [1712, 965], [1713, 965], [1714, 965], [1715, 965], [1716, 965], [1717, 965], [1726, 965], [1727, 965], [1728, 965], [1729, 965], [1730, 965], [1735, 965], [1736, 965], [1737, 965], [1738, 965], [1685, 966], [1686, 966], [1687, 966], [1713, 966], [1714, 966], [1715, 966], [1716, 966], [1717, 966], [1718, 966], [1726, 966], [1727, 966], [1728, 966], [1729, 966], [1730, 966], [1731, 966], [1736, 966], [1737, 966], [1738, 966], [1739, 966], [1685, 967], [1686, 967], [1687, 967], [1688, 967], [1716, 967], [1717, 967], [1718, 967], [1719, 967], [1720, 967], [1729, 967], [1730, 967], [1731, 967], [1732, 967], [1737, 967], [1738, 967], [1739, 967], [1740, 967], [1686, 968], [1687, 968], [1688, 968], [1689, 968], [1717, 968], [1718, 968], [1719, 968], [1720, 968], [1721, 968], [1730, 968], [1731, 968], [1732, 968], [1738, 968], [1739, 968], [1740, 968], [1741, 968], [1687, 969], [1688, 969], [1689, 969], [1690, 969], [1719, 969], [1720, 969], [1721, 969], [1722, 969], [1731, 969], [1732, 969], [1733, 969], [1739, 969], [1740, 969], [1741, 969], [1742, 969], [1688, 970], [1689, 970], [1690, 970], [1691, 970], [1720, 970], [1721, 970], [1722, 970], [1723, 970], [1725, 970], [1726, 970], [1727, 970], [1728, 970], [1729, 970], [1730, 970], [1731, 970], [1732, 970], [1733, 970], [1734, 970], [1740, 970], [1741, 970], [1742, 970], [1743, 970], [1689, 971], [1690, 971], [1691, 971], [1692, 971], [1721, 971], [1722, 971], [1723, 971], [1724, 971], [1725, 971], [1726, 971], [1727, 971], [1728, 971], [1729, 971], [1730, 971], [1731, 971], [1733, 971], [1734, 971], [1741, 971], [1742, 971], [1743, 971], [1744, 971], [1690, 972], [1691, 972], [1692, 972], [1722, 972], [1723, 972], [1724, 972], [1725, 972], [1726, 972], [1729, 972], [1730, 972], [1731, 972], [1732, 972], [1733, 972], [1734, 972], [1742, 972], [1743, 972], [1744, 972], [1745, 972], [1691, 973], [1692, 973], [1693, 973], [1731, 973], [1732, 973], [1733, 973], [1734, 973], [1743, 973], [1744, 973], [1745, 973], [1746, 973], [1691, 974], [1692, 974], [1693, 974], [1694, 974], [1736, 974], [1737, 974], [1738, 974], [1744, 974], [1745, 974], [1746, 974], [1747, 974], [1692, 975], [1693, 975], [1694, 975], [1695, 975], [1736, 975], [1737, 975], [1738, 975], [1739, 975], [1745, 975], [1746, 975], [1747, 975], [1748, 975], [1693, 976], [1694, 976], [1695, 976], [1696, 976], [1736, 976], [1737, 976], [1738, 976], [1739, 976], [1746, 976], [1747, 976], [1748, 976], [1749, 976], [1694, 977], [1695, 977], [1696, 977], [1697, 977], [1736, 977], [1737, 977], [1738, 977], [1739, 977], [1747, 977], [1748, 977], [1749, 977], [1750, 977], [1695, 978], [1696, 978], [1697, 978], [1698, 978], [1732, 978], [1733, 978], [1734, 978], [1736, 978], [1737, 978], [1738, 978], [1739, 978], [1740, 978], [1741, 978], [1742, 978], [1748, 978], [1749, 978], [1750, 978], [1751, 978], [1696, 979], [1697, 979], [1698, 979], [1699, 979], [1732, 979], [1733, 979], [1734, 979], [1736, 979], [1737, 979], [1738, 979], [1739, 979], [1740, 979], [1741, 979], [1742, 979], [1743, 979], [1744, 979], [1749, 979], [1750, 979], [1751, 979], [1697, 980], [1698, 980], [1699, 980], [1700, 980], [1725, 980], [1726, 980], [1727, 980], [1728, 980], [1729, 980], [1730, 980], [1731, 980], [1732, 980], [1733, 980], [1734, 980], [1736, 980], [1737, 980], [1738, 980], [1739, 980], [1740, 980], [1741, 980], [1742, 980], [1743, 980], [1744, 980], [1745, 980], [1750, 980], [1751, 980], [1752, 980], [1698, 981], [1699, 981], [1700, 981], [1701, 981], [1725, 981], [1726, 981], [1727, 981], [1728, 981], [1729, 981], [1730, 981], [1731, 981], [1732, 981], [1733, 981], [1734, 981], [1735, 981], [1736, 981], [1737, 981], [1738, 981], [1743, 981], [1744, 981], [1745, 981], [1746, 981], [1750, 981], [1751, 981], [1752, 981], [1753, 981], [1699, 982], [1700, 982], [1701, 982], [1702, 982], [1725, 982], [1726, 982], [1733, 982], [1734, 982], [1735, 982], [1736, 982], [1737, 982], [1738, 982], [1739, 982], [1744, 982], [1745, 982], [1746, 982], [1747, 982], [1748, 982], [1751, 982], [1752, 982], [1753, 982], [1754, 982], [1700, 983], [1701, 983], [1702, 983], [1703, 983], [1725, 983], [1726, 983], [1734, 983], [1736, 983], [1737, 983], [1739, 983], [1740, 983], [1745, 983], [1746, 983], [1747, 983], [1748, 983], [1749, 983], [1752, 983], [1753, 983], [1754, 983], [1755, 983], [1701, 984], [1702, 984], [1703, 984], [1704, 984], [1725, 984], [1726, 984], [1727, 984], [1734, 984], [1735, 984], [1736, 984], [1737, 984], [1738, 984], [1739, 984], [1740, 984], [1747, 984], [1748, 984], [1749, 984], [1753, 984], [1754, 984], [1755, 984], [1756, 984], [1702, 985], [1703, 985], [1704, 985], [1705, 985], [1725, 985], [1726, 985], [1727, 985], [1728, 985], [1734, 985], [1735, 985], [1736, 985], [1738, 985], [1739, 985], [1741, 985], [1742, 985], [1743, 985], [1748, 985], [1749, 985], [1750, 985], [1751, 985], [1752, 985], [1754, 985], [1755, 985], [1756, 985], [1757, 985], [1703, 986], [1704, 986], [1705, 986], [1706, 986], [1726, 986], [1727, 986], [1728, 986], [1740, 986], [1741, 986], [1742, 986], [1743, 986], [1748, 986], [1749, 986], [1750, 986], [1751, 986], [1752, 986], [1755, 986], [1756, 986], [1757, 986], [1758, 986], [1704, 987], [1705, 987], [1706, 987], [1707, 987], [1727, 987], [1728, 987], [1740, 987], [1741, 987], [1742, 987], [1743, 987], [1751, 987], [1752, 987], [1753, 987], [1756, 987], [1757, 987], [1758, 987], [1759, 987], [1705, 988], [1706, 988], [1707, 988], [1727, 988], [1728, 988], [1729, 988], [1751, 988], [1752, 988], [1753, 988], [1754, 988], [1755, 988], [1757, 988], [1758, 988], [1759, 988], [1760, 988], [1706, 989], [1707, 989], [1708, 989], [1727, 989], [1728, 989], [1729, 989], [1752, 989], [1753, 989], [1754, 989], [1755, 989], [1758, 989], [1759, 989], [1760, 989], [1761, 989], [1706, 990], [1707, 990], [1708, 990], [1709, 990], [1728, 990], [1729, 990], [1730, 990], [1731, 990], [1754, 990], [1755, 990], [1756, 990], [1759, 990], [1760, 990], [1761, 990], [1762, 990], [1707, 991], [1708, 991], [1709, 991], [1710, 991], [1728, 991], [1729, 991], [1730, 991], [1731, 991], [1732, 991], [1733, 991], [1745, 991], [1746, 991], [1747, 991], [1748, 991], [1749, 991], [1754, 991], [1755, 991], [1756, 991], [1760, 991], [1761, 991], [1762, 991], [1763, 991], [1708, 992], [1709, 992], [1710, 992], [1711, 992], [1730, 992], [1731, 992], [1732, 992], [1733, 992], [1734, 992], [1745, 992], [1746, 992], [1747, 992], [1748, 992], [1749, 992], [1750, 992], [1751, 992], [1752, 992], [1755, 992], [1756, 992], [1757, 992], [1761, 992], [1762, 992], [1763, 992], [1764, 992], [1709, 993], [1710, 993], [1711, 993], [1712, 993], [1732, 993], [1733, 993], [1734, 993], [1735, 993], [1745, 993], [1746, 993], [1747, 993], [1748, 993], [1749, 993], [1750, 993], [1751, 993], [1752, 993], [1755, 993], [1756, 993], [1757, 993], [1758, 993], [1762, 993], [1763, 993], [1764, 993], [1765, 993], [1710, 994], [1711, 994], [1712, 994], [1713, 994], [1733, 994], [1734, 994], [1735, 994], [1736, 994], [1745, 994], [1746, 994], [1747, 994], [1750, 994], [1751, 994], [1752, 994], [1756, 994], [1757, 994], [1758, 994], [1759, 994], [1763, 994], [1764, 994], [1765, 994], [1766, 994], [1711, 995], [1712, 995], [1713, 995], [1714, 995], [1734, 995], [1735, 995], [1736, 995], [1737, 995], [1744, 995], [1745, 995], [1746, 995], [1747, 995], [1750, 995], [1751, 995], [1757, 995], [1758, 995], [1759, 995], [1760, 995], [1761, 995], [1764, 995], [1765, 995], [1766, 995], [1767, 995], [1712, 996], [1713, 996], [1714, 996], [1735, 996], [1736, 996], [1737, 996], [1738, 996], [1744, 996], [1745, 996], [1746, 996], [1747, 996], [1749, 996], [1750, 996], [1751, 996], [1752, 996], [1758, 996], [1759, 996], [1760, 996], [1761, 996], [1765, 996], [1766, 996], [1767, 996], [1768, 996], [1713, 997], [1714, 997], [1715, 997], [1736, 997], [1737, 997], [1738, 997], [1739, 997], [1740, 997], [1742, 997], [1743, 997], [1744, 997], [1745, 997], [1749, 997], [1750, 997], [1751, 997], [1752, 997], [1753, 997], [1760, 997], [1761, 997], [1762, 997], [1766, 997], [1767, 997], [1768, 997], [1769, 997], [1713, 998], [1714, 998], [1715, 998], [1716, 998], [1737, 998], [1738, 998], [1739, 998], [1740, 998], [1741, 998], [1742, 998], [1743, 998], [1744, 998], [1745, 998], [1749, 998], [1750, 998], [1751, 998], [1752, 998], [1753, 998], [1754, 998], [1755, 998], [1756, 998], [1757, 998], [1758, 998], [1760, 998], [1761, 998], [1762, 998], [1763, 998], [1767, 998], [1768, 998], [1769, 998], [1770, 998], [1714, 999], [1715, 999], [1716, 999], [1717, 999], [1739, 999], [1740, 999], [1741, 999], [1742, 999], [1743, 999], [1752, 999], [1753, 999], [1754, 999], [1755, 999], [1756, 999], [1757, 999], [1758, 999], [1759, 999], [1761, 999], [1762, 999], [1763, 999], [1764, 999], [1768, 999], [1769, 999], [1770, 999], [1771, 999], [1715, 1000], [1716, 1000], [1717, 1000], [1718, 1000], [1741, 1000], [1742, 1000], [1743, 1000], [1757, 1000], [1758, 1000], [1759, 1000], [1760, 1000], [1762, 1000], [1763, 1000], [1764, 1000], [1769, 1000], [1770, 1000], [1771, 1000], [1772, 1000], [1716, 1001], [1717, 1001], [1718, 1001], [1719, 1001], [1758, 1001], [1759, 1001], [1760, 1001], [1761, 1001], [1763, 1001], [1764, 1001], [1765, 1001], [1766, 1001], [1770, 1001], [1771, 1001], [1772, 1001], [1773, 1001], [1717, 1002], [1718, 1002], [1719, 1002], [1720, 1002], [1759, 1002], [1760, 1002], [1761, 1002], [1763, 1002], [1764, 1002], [1765, 1002], [1766, 1002], [1771, 1002], [1772, 1002], [1773, 1002], [1774, 1002], [1718, 1003], [1719, 1003], [1720, 1003], [1721, 1003], [1760, 1003], [1761, 1003], [1762, 1003], [1765, 1003], [1766, 1003], [1767, 1003], [1772, 1003], [1773, 1003], [1774, 1003], [1775, 1003], [1719, 1004], [1720, 1004], [1721, 1004], [1722, 1004], [1760, 1004], [1761, 1004], [1762, 1004], [1763, 1004], [1765, 1004], [1766, 1004], [1767, 1004], [1768, 1004], [1773, 1004], [1774, 1004], [1775, 1004], [1776, 1004], [1720, 1005], [1721, 1005], [1722, 1005], [1723, 1005], [1761, 1005], [1762, 1005], [1763, 1005], [1764, 1005], [1766, 1005], [1767, 1005], [1768, 1005], [1769, 1005], [1770, 1005], [1771, 1005], [1774, 1005], [1775, 1005], [1776, 1005], [1777, 1005], [1721, 1006], [1722, 1006], [1723, 1006], [1724, 1006], [1762, 1006], [1763, 1006], [1764, 1006], [1765, 1006], [1766, 1006], [1767, 1006], [1768, 1006], [1769, 1006], [1770, 1006], [1771, 1006], [1772, 1006], [1775, 1006], [1776, 1006], [1777, 1006], [1778, 1006], [1722, 1007], [1723, 1007], [1724, 1007], [1725, 1007], [1763, 1007], [1764, 1007], [1765, 1007], [1766, 1007], [1770, 1007], [1771, 1007], [1772, 1007], [1773, 1007], [1776, 1007], [1777, 1007], [1778, 1007], [1779, 1007], [1723, 1008], [1724, 1008], [1725, 1008], [1726, 1008], [1730, 1008], [1731, 1008], [1732, 1008], [1733, 1008], [1764, 1008], [1765, 1008], [1766, 1008], [1767, 1008], [1771, 1008], [1772, 1008], [1773, 1008], [1774, 1008], [1777, 1008], [1778, 1008], [1779, 1008], [1780, 1008], [1724, 1009], [1725, 1009], [1726, 1009], [1730, 1009], [1731, 1009], [1732, 1009], [1733, 1009], [1764, 1009], [1765, 1009], [1766, 1009], [1767, 1009], [1772, 1009], [1773, 1009], [1774, 1009], [1775, 1009], [1776, 1009], [1777, 1009], [1778, 1009], [1779, 1009], [1780, 1009], [1781, 1009], [1725, 1010], [1726, 1010], [1727, 1010], [1728, 1010], [1730, 1010], [1731, 1010], [1733, 1010], [1734, 1010], [1766, 1010], [1767, 1010], [1773, 1010], [1774, 1010], [1775, 1010], [1776, 1010], [1777, 1010], [1778, 1010], [1779, 1010], [1780, 1010], [1781, 1010], [1782, 1010], [1725, 1011], [1726, 1011], [1727, 1011], [1728, 1011], [1731, 1011], [1732, 1011], [1733, 1011], [1734, 1011], [1758, 1011], [1759, 1011], [1760, 1011], [1761, 1011], [1766, 1011], [1767, 1011], [1774, 1011], [1775, 1011], [1776, 1011], [1777, 1011], [1778, 1011], [1779, 1011], [1780, 1011], [1781, 1011], [1782, 1011], [1783, 1011], [1727, 1012], [1728, 1012], [1729, 1012], [1731, 1012], [1732, 1012], [1733, 1012], [1735, 1012], [1736, 1012], [1753, 1012], [1754, 1012], [1755, 1012], [1756, 1012], [1757, 1012], [1758, 1012], [1759, 1012], [1760, 1012], [1761, 1012], [1762, 1012], [1766, 1012], [1767, 1012], [1768, 1012], [1769, 1012], [1777, 1012], [1778, 1012], [1779, 1012], [1781, 1012], [1782, 1012], [1783, 1012], [1784, 1012], [1727, 1013], [1728, 1013], [1729, 1013], [1730, 1013], [1734, 1013], [1735, 1013], [1736, 1013], [1737, 1013], [1752, 1013], [1753, 1013], [1754, 1013], [1755, 1013], [1756, 1013], [1757, 1013], [1758, 1013], [1759, 1013], [1760, 1013], [1761, 1013], [1762, 1013], [1763, 1013], [1764, 1013], [1765, 1013], [1766, 1013], [1767, 1013], [1768, 1013], [1769, 1013], [1778, 1013], [1779, 1013], [1782, 1013], [1783, 1013], [1784, 1013], [1785, 1013], [1728, 1014], [1729, 1014], [1730, 1014], [1731, 1014], [1734, 1014], [1735, 1014], [1736, 1014], [1737, 1014], [1752, 1014], [1753, 1014], [1755, 1014], [1756, 1014], [1757, 1014], [1758, 1014], [1761, 1014], [1762, 1014], [1763, 1014], [1764, 1014], [1765, 1014], [1766, 1014], [1767, 1014], [1768, 1014], [1769, 1014], [1778, 1014], [1779, 1014], [1780, 1014], [1781, 1014], [1783, 1014], [1784, 1014], [1785, 1014], [1729, 1015], [1730, 1015], [1731, 1015], [1732, 1015], [1735, 1015], [1736, 1015], [1737, 1015], [1752, 1015], [1753, 1015], [1754, 1015], [1755, 1015], [1756, 1015], [1762, 1015], [1763, 1015], [1764, 1015], [1765, 1015], [1766, 1015], [1767, 1015], [1768, 1015], [1769, 1015], [1778, 1015], [1779, 1015], [1780, 1015], [1781, 1015], [1782, 1015], [1784, 1015], [1785, 1015], [1786, 1015], [1730, 1016], [1731, 1016], [1732, 1016], [1733, 1016], [1753, 1016], [1754, 1016], [1755, 1016], [1756, 1016], [1765, 1016], [1766, 1016], [1767, 1016], [1780, 1016], [1781, 1016], [1782, 1016], [1784, 1016], [1785, 1016], [1786, 1016], [1787, 1016], [1731, 1017], [1732, 1017], [1733, 1017], [1734, 1017], [1754, 1017], [1755, 1017], [1756, 1017], [1757, 1017], [1781, 1017], [1782, 1017], [1783, 1017], [1784, 1017], [1785, 1017], [1786, 1017], [1787, 1017], [1788, 1017], [1732, 1018], [1733, 1018], [1734, 1018], [1735, 1018], [1755, 1018], [1756, 1018], [1757, 1018], [1758, 1018], [1781, 1018], [1782, 1018], [1783, 1018], [1784, 1018], [1786, 1018], [1787, 1018], [1788, 1018], [1789, 1018], [1733, 1019], [1734, 1019], [1735, 1019], [1736, 1019], [1756, 1019], [1757, 1019], [1758, 1019], [1759, 1019], [1760, 1019], [1761, 1019], [1783, 1019], [1784, 1019], [1785, 1019], [1787, 1019], [1788, 1019], [1789, 1019], [1790, 1019], [1734, 1020], [1735, 1020], [1736, 1020], [1737, 1020], [1751, 1020], [1752, 1020], [1753, 1020], [1757, 1020], [1758, 1020], [1759, 1020], [1760, 1020], [1761, 1020], [1762, 1020], [1783, 1020], [1784, 1020], [1785, 1020], [1786, 1020], [1788, 1020], [1789, 1020], [1790, 1020], [1791, 1020], [1735, 1021], [1736, 1021], [1737, 1021], [1738, 1021], [1751, 1021], [1752, 1021], [1753, 1021], [1754, 1021], [1760, 1021], [1761, 1021], [1762, 1021], [1784, 1021], [1785, 1021], [1786, 1021], [1787, 1021], [1789, 1021], [1790, 1021], [1791, 1021], [1792, 1021], [1736, 1022], [1737, 1022], [1738, 1022], [1739, 1022], [1751, 1022], [1752, 1022], [1753, 1022], [1754, 1022], [1755, 1022], [1761, 1022], [1762, 1022], [1763, 1022], [1785, 1022], [1786, 1022], [1787, 1022], [1788, 1022], [1790, 1022], [1791, 1022], [1792, 1022], [1793, 1022], [1737, 1023], [1738, 1023], [1739, 1023], [1740, 1023], [1751, 1023], [1752, 1023], [1753, 1023], [1754, 1023], [1755, 1023], [1761, 1023], [1762, 1023], [1763, 1023], [1786, 1023], [1787, 1023], [1788, 1023], [1789, 1023], [1791, 1023], [1792, 1023], [1793, 1023], [1794, 1023], [1738, 1024], [1739, 1024], [1740, 1024], [1751, 1024], [1752, 1024], [1753, 1024], [1754, 1024], [1755, 1024], [1758, 1024], [1759, 1024], [1760, 1024], [1761, 1024], [1762, 1024], [1763, 1024], [1787, 1024], [1788, 1024], [1789, 1024], [1790, 1024], [1792, 1024], [1793, 1024], [1794, 1024], [1795, 1024], [1739, 1025], [1740, 1025], [1741, 1025], [1758, 1025], [1759, 1025], [1761, 1025], [1762, 1025], [1788, 1025], [1789, 1025], [1790, 1025], [1791, 1025], [1793, 1025], [1794, 1025], [1795, 1025], [1796, 1025], [1739, 1026], [1740, 1026], [1741, 1026], [1742, 1026], [1743, 1026], [1758, 1026], [1759, 1026], [1760, 1026], [1761, 1026], [1762, 1026], [1763, 1026], [1764, 1026], [1765, 1026], [1789, 1026], [1790, 1026], [1791, 1026], [1792, 1026], [1793, 1026], [1794, 1026], [1795, 1026], [1796, 1026], [1797, 1026], [1740, 1027], [1741, 1027], [1742, 1027], [1743, 1027], [1744, 1027], [1761, 1027], [1762, 1027], [1763, 1027], [1764, 1027], [1765, 1027], [1766, 1027], [1767, 1027], [1790, 1027], [1791, 1027], [1792, 1027], [1793, 1027], [1795, 1027], [1796, 1027], [1797, 1027], [1798, 1027], [1742, 1028], [1743, 1028], [1744, 1028], [1745, 1028], [1764, 1028], [1765, 1028], [1766, 1028], [1767, 1028], [1768, 1028], [1769, 1028], [1770, 1028], [1771, 1028], [1792, 1028], [1793, 1028], [1794, 1028], [1796, 1028], [1797, 1028], [1798, 1028], [1799, 1028], [1743, 1029], [1744, 1029], [1745, 1029], [1746, 1029], [1766, 1029], [1767, 1029], [1768, 1029], [1769, 1029], [1770, 1029], [1771, 1029], [1772, 1029], [1773, 1029], [1774, 1029], [1792, 1029], [1793, 1029], [1794, 1029], [1795, 1029], [1796, 1029], [1797, 1029], [1798, 1029], [1799, 1029], [1800, 1029], [1744, 1030], [1745, 1030], [1746, 1030], [1747, 1030], [1770, 1030], [1771, 1030], [1772, 1030], [1773, 1030], [1774, 1030], [1775, 1030], [1776, 1030], [1777, 1030], [1793, 1030], [1794, 1030], [1795, 1030], [1796, 1030], [1797, 1030], [1798, 1030], [1799, 1030], [1800, 1030], [1801, 1030], [1745, 1031], [1746, 1031], [1747, 1031], [1748, 1031], [1773, 1031], [1774, 1031], [1775, 1031], [1776, 1031], [1777, 1031], [1778, 1031], [1779, 1031], [1780, 1031], [1795, 1031], [1796, 1031], [1797, 1031], [1798, 1031], [1799, 1031], [1800, 1031], [1801, 1031], [1802, 1031], [1746, 1032], [1747, 1032], [1748, 1032], [1776, 1032], [1777, 1032], [1778, 1032], [1779, 1032], [1780, 1032], [1781, 1032], [1782, 1032], [1783, 1032], [1796, 1032], [1797, 1032], [1798, 1032], [1800, 1032], [1801, 1032], [1802, 1032], [1803, 1032], [1747, 1033], [1748, 1033], [1749, 1033], [1775, 1033], [1776, 1033], [1777, 1033], [1778, 1033], [1779, 1033], [1780, 1033], [1781, 1033], [1783, 1033], [1797, 1033], [1798, 1033], [1799, 1033], [1801, 1033], [1802, 1033], [1803, 1033], [1804, 1033], [1747, 1034], [1748, 1034], [1749, 1034], [1750, 1034], [1775, 1034], [1776, 1034], [1777, 1034], [1778, 1034], [1779, 1034], [1781, 1034], [1782, 1034], [1783, 1034], [1797, 1034], [1798, 1034], [1799, 1034], [1800, 1034], [1801, 1034], [1802, 1034], [1803, 1034], [1804, 1034], [1805, 1034], [1748, 1035], [1749, 1035], [1750, 1035], [1775, 1035], [1776, 1035], [1777, 1035], [1778, 1035], [1798, 1035], [1799, 1035], [1800, 1035], [1801, 1035], [1802, 1035], [1803, 1035], [1804, 1035], [1805, 1035], [1806, 1035], [1749, 1036], [1750, 1036], [1751, 1036], [1776, 1036], [1777, 1036], [1778, 1036], [1779, 1036], [1800, 1036], [1801, 1036], [1802, 1036], [1803, 1036], [1805, 1036], [1806, 1036], [1807, 1036], [1749, 1037], [1750, 1037], [1751, 1037], [1752, 1037], [1777, 1037], [1778, 1037], [1779, 1037], [1801, 1037], [1802, 1037], [1803, 1037], [1804, 1037], [1805, 1037], [1806, 1037], [1807, 1037], [1808, 1037], [1750, 1038], [1751, 1038], [1752, 1038], [1753, 1038], [1778, 1038], [1779, 1038], [1780, 1038], [1803, 1038], [1804, 1038], [1805, 1038], [1806, 1038], [1807, 1038], [1808, 1038], [1809, 1038], [1751, 1039], [1752, 1039], [1753, 1039], [1754, 1039], [1778, 1039], [1779, 1039], [1780, 1039], [1781, 1039], [1805, 1039], [1806, 1039], [1807, 1039], [1808, 1039], [1809, 1039], [1810, 1039], [1752, 1040], [1753, 1040], [1754, 1040], [1779, 1040], [1780, 1040], [1781, 1040], [1782, 1040], [1806, 1040], [1807, 1040], [1808, 1040], [1809, 1040], [1810, 1040], [1811, 1040], [1753, 1041], [1754, 1041], [1755, 1041], [1780, 1041], [1781, 1041], [1782, 1041], [1806, 1041], [1807, 1041], [1808, 1041], [1809, 1041], [1810, 1041], [1811, 1041], [1812, 1041], [1753, 1042], [1754, 1042], [1755, 1042], [1756, 1042], [1781, 1042], [1782, 1042], [1808, 1042], [1809, 1042], [1810, 1042], [1811, 1042], [1812, 1042], [1813, 1042], [1754, 1043], [1755, 1043], [1756, 1043], [1757, 1043], [1781, 1043], [1782, 1043], [1783, 1043], [1809, 1043], [1810, 1043], [1812, 1043], [1813, 1043], [1814, 1043], [1755, 1044], [1756, 1044], [1757, 1044], [1781, 1044], [1782, 1044], [1783, 1044], [1809, 1044], [1810, 1044], [1811, 1044], [1812, 1044], [1813, 1044], [1814, 1044], [1815, 1044], [1756, 1045], [1757, 1045], [1758, 1045], [1782, 1045], [1783, 1045], [1784, 1045], [1810, 1045], [1811, 1045], [1812, 1045], [1813, 1045], [1814, 1045], [1815, 1045], [1816, 1045], [1756, 1046], [1757, 1046], [1758, 1046], [1782, 1046], [1783, 1046], [1784, 1046], [1785, 1046], [1786, 1046], [1812, 1046], [1813, 1046], [1814, 1046], [1815, 1046], [1816, 1046], [1817, 1046], [1757, 1047], [1758, 1047], [1759, 1047], [1783, 1047], [1784, 1047], [1785, 1047], [1786, 1047], [1813, 1047], [1814, 1047], [1815, 1047], [1816, 1047], [1817, 1047], [1818, 1047], [1757, 1048], [1758, 1048], [1759, 1048], [1760, 1048], [1785, 1048], [1786, 1048], [1787, 1048], [1814, 1048], [1815, 1048], [1816, 1048], [1817, 1048], [1818, 1048], [1819, 1048], [1758, 1049], [1759, 1049], [1760, 1049], [1785, 1049], [1786, 1049], [1787, 1049], [1815, 1049], [1816, 1049], [1817, 1049], [1818, 1049], [1819, 1049], [1820, 1049], [1821, 1049], [1759, 1050], [1760, 1050], [1761, 1050], [1785, 1050], [1786, 1050], [1787, 1050], [1816, 1050], [1817, 1050], [1818, 1050], [1819, 1050], [1820, 1050], [1821, 1050], [1822, 1050], [1759, 1051], [1760, 1051], [1761, 1051], [1762, 1051], [1785, 1051], [1786, 1051], [1787, 1051], [1817, 1051], [1818, 1051], [1819, 1051], [1820, 1051], [1821, 1051], [1822, 1051], [1760, 1052], [1761, 1052], [1762, 1052], [1785, 1052], [1786, 1052], [1787, 1052], [1788, 1052], [1789, 1052], [1790, 1052], [1817, 1052], [1818, 1052], [1819, 1052], [1821, 1052], [1822, 1052], [1823, 1052], [1824, 1052], [1761, 1053], [1762, 1053], [1763, 1053], [1786, 1053], [1787, 1053], [1788, 1053], [1789, 1053], [1790, 1053], [1791, 1053], [1792, 1053], [1818, 1053], [1819, 1053], [1820, 1053], [1821, 1053], [1822, 1053], [1823, 1053], [1824, 1053], [1761, 1054], [1762, 1054], [1763, 1054], [1789, 1054], [1790, 1054], [1791, 1054], [1792, 1054], [1793, 1054], [1794, 1054], [1795, 1054], [1796, 1054], [1797, 1054], [1798, 1054], [1799, 1054], [1818, 1054], [1819, 1054], [1820, 1054], [1821, 1054], [1823, 1054], [1824, 1054], [1762, 1055], [1763, 1055], [1791, 1055], [1792, 1055], [1793, 1055], [1794, 1055], [1795, 1055], [1796, 1055], [1797, 1055], [1798, 1055], [1799, 1055], [1800, 1055], [1801, 1055], [1802, 1055], [1803, 1055], [1807, 1055], [1808, 1055], [1809, 1055], [1810, 1055], [1811, 1055], [1819, 1055], [1820, 1055], [1821, 1055], [1822, 1055], [1823, 1055], [1824, 1055], [1762, 1056], [1763, 1056], [1764, 1056], [1798, 1056], [1799, 1056], [1800, 1056], [1801, 1056], [1802, 1056], [1803, 1056], [1804, 1056], [1806, 1056], [1807, 1056], [1808, 1056], [1809, 1056], [1810, 1056], [1811, 1056], [1812, 1056], [1813, 1056], [1820, 1056], [1821, 1056], [1822, 1056], [1824, 1056], [1762, 1057], [1763, 1057], [1764, 1057], [1765, 1057], [1766, 1057], [1802, 1057], [1803, 1057], [1804, 1057], [1805, 1057], [1806, 1057], [1807, 1057], [1808, 1057], [1809, 1057], [1810, 1057], [1811, 1057], [1812, 1057], [1813, 1057], [1821, 1057], [1822, 1057], [1763, 1058], [1764, 1058], [1765, 1058], [1766, 1058], [1767, 1058], [1803, 1058], [1804, 1058], [1805, 1058], [1806, 1058], [1807, 1058], [1808, 1058], [1809, 1058], [1812, 1058], [1813, 1058], [1821, 1058], [1822, 1058], [1765, 1059], [1766, 1059], [1767, 1059], [1768, 1059], [1769, 1059], [1804, 1059], [1805, 1059], [1807, 1059], [1808, 1059], [1812, 1059], [1813, 1059], [1821, 1059], [1822, 1059], [1823, 1059], [1766, 1060], [1767, 1060], [1768, 1060], [1769, 1060], [1770, 1060], [1805, 1060], [1806, 1060], [1807, 1060], [1808, 1060], [1809, 1060], [1810, 1060], [1811, 1060], [1812, 1060], [1813, 1060], [1821, 1060], [1822, 1060], [1823, 1060], [1824, 1060], [1768, 1061], [1769, 1061], [1770, 1061], [1771, 1061], [1805, 1061], [1806, 1061], [1807, 1061], [1808, 1061], [1809, 1061], [1810, 1061], [1812, 1061], [1813, 1061], [1822, 1061], [1823, 1061], [1824, 1061], [1769, 1062], [1770, 1062], [1771, 1062], [1772, 1062], [1808, 1062], [1809, 1062], [1810, 1062], [1811, 1062], [1812, 1062], [1813, 1062], [1814, 1062], [1823, 1062], [1824, 1062], [1770, 1063], [1771, 1063], [1772, 1063], [1773, 1063], [1812, 1063], [1813, 1063], [1814, 1063], [1823, 1063], [1824, 1063], [1771, 1064], [1772, 1064], [1773, 1064], [1774, 1064], [1813, 1064], [1814, 1064], [1824, 1064], [1772, 1065], [1773, 1065], [1774, 1065], [1775, 1065], [1813, 1065], [1814, 1065], [1824, 1065], [1773, 1066], [1774, 1066], [1775, 1066], [1776, 1066], [1812, 1066], [1813, 1066], [1814, 1066], [1823, 1066], [1824, 1066], [1774, 1067], [1775, 1067], [1776, 1067], [1812, 1067], [1813, 1067], [1814, 1067], [1823, 1067], [1824, 1067], [1775, 1068], [1776, 1068], [1777, 1068], [1778, 1068], [1812, 1068], [1813, 1068], [1823, 1068], [1824, 1068], [1775, 1069], [1776, 1069], [1777, 1069], [1778, 1069], [1779, 1069], [1812, 1069], [1813, 1069], [1824, 1069], [1777, 1070], [1778, 1070], [1779, 1070], [1780, 1070], [1810, 1070], [1811, 1070], [1812, 1070], [1813, 1070], [1778, 1071], [1779, 1071], [1780, 1071], [1781, 1071], [1782, 1071], [1805, 1071], [1806, 1071], [1807, 1071], [1808, 1071], [1809, 1071], [1810, 1071], [1811, 1071], [1812, 1071], [1813, 1071], [1779, 1072], [1780, 1072], [1781, 1072], [1782, 1072], [1783, 1072], [1784, 1072], [1800, 1072], [1801, 1072], [1802, 1072], [1803, 1072], [1804, 1072], [1805, 1072], [1806, 1072], [1807, 1072], [1808, 1072], [1809, 1072], [1810, 1072], [1811, 1072], [1812, 1072], [1813, 1072], [1781, 1073], [1782, 1073], [1783, 1073], [1784, 1073], [1785, 1073], [1800, 1073], [1801, 1073], [1802, 1073], [1803, 1073], [1804, 1073], [1805, 1073], [1806, 1073], [1783, 1074], [1784, 1074], [1785, 1074], [1786, 1074], [1787, 1074], [1799, 1074], [1800, 1074], [1801, 1074], [1784, 1075], [1785, 1075], [1786, 1075], [1787, 1075], [1788, 1075], [1789, 1075], [1799, 1075], [1800, 1075], [1801, 1075], [1786, 1076], [1787, 1076], [1788, 1076], [1789, 1076], [1798, 1076], [1799, 1076], [1800, 1076], [1788, 1077], [1789, 1077], [1790, 1077], [1791, 1077], [1798, 1077], [1799, 1077], [1800, 1077], [1788, 1078], [1789, 1078], [1790, 1078], [1791, 1078], [1798, 1078], [1799, 1078], [1800, 1078], [1790, 1079], [1791, 1079], [1798, 1079], [1799, 1079], [1800, 1079]


