White line left - [270, 980], [271, 980], [272, 980], [269, 981], [270, 981], [271, 981], [272, 981], [269, 982], [270, 982], [271, 982], [272, 982], [269, 983], [270, 983], [271, 983], [272, 983], [267, 984], [268, 984], [269, 984], [270, 984], [266, 985], [267, 985], [268, 985], [269, 985], [270, 985], [266, 986], [267, 986], [269, 986], [270, 986], [265, 987], [266, 987], [267, 987], [268, 987], [269, 987], [270, 987], [264, 988], [265, 988], [267, 988], [268, 988], [269, 988], [263, 989], [264, 989], [265, 989], [266, 989], [267, 989], [262, 990], [263, 990], [264, 990], [265, 990], [266, 990], [267, 990], [262, 991], [263, 991], [264, 991], [265, 991], [266, 991], [267, 991], [261, 992], [262, 992], [263, 992], [264, 992], [265, 992], [266, 992], [267, 992], [260, 993], [261, 993], [262, 993], [263, 993], [264, 993], [265, 993], [266, 993], [260, 994], [261, 994], [262, 994], [263, 994], [264, 994], [260, 995], [261, 995], [262, 995], [263, 995], [260, 996], [261, 996], [262, 996], [258, 997], [259, 997], [260, 997], [258, 998], [260, 998], [258, 999], [259, 999], [260, 999], [255, 1001], [256, 1001], [257, 1001], [258, 1001], [255, 1002], [256, 1002], [257, 1002], [258, 1002], [255, 1003], [256, 1003], [257, 1003], [258, 1003]




Yellow line left - [1438, 590], [1439, 590], [1440, 590], [1441, 590], [1442, 590], [1438, 591], [1442, 591], [1438, 592], [1439, 592], [1440, 592], [1441, 592], [1442, 592], [1443, 592], [1444, 592], [1445, 592], [1443, 593], [1445, 593], [1443, 594], [1444, 594], [1445, 594], [1452, 595], [1453, 595], [1454, 595], [1452, 596], [1453, 596], [1454, 596], [1455, 596], [1456, 596], [1441, 597], [1442, 597], [1443, 597], [1444, 597], [1451, 597], [1452, 597], [1453, 597], [1454, 597], [1455, 597], [1456, 597], [1440, 598], [1441, 598], [1442, 598], [1443, 598], [1444, 598], [1445, 598], [1446, 598], [1447, 598], [1451, 598], [1452, 598], [1453, 598], [1454, 598], [1455, 598], [1456, 598], [1440, 599], [1441, 599], [1442, 599], [1443, 599], [1444, 599], [1445, 599], [1446, 599], [1447, 599], [1451, 599], [1452, 599], [1453, 599], [1454, 599], [1455, 599], [1440, 600], [1441, 600], [1442, 600], [1446, 600], [1447, 600], [1448, 600], [1449, 600], [1441, 601], [1442, 601], [1443, 601], [1444, 601], [1445, 601], [1447, 601], [1448, 601], [1449, 601], [1450, 601], [1441, 602], [1442, 602], [1443, 602], [1444, 602], [1445, 602], [1446, 602], [1447, 602], [1449, 602], [1450, 602], [1451, 602], [1452, 602], [1445, 603], [1446, 603], [1447, 603], [1448, 603], [1450, 603], [1451, 603], [1452, 603], [1453, 603], [1456, 603], [1457, 603], [1458, 603], [1447, 604], [1448, 604], [1449, 604], [1451, 604], [1452, 604], [1453, 604], [1454, 604], [1456, 604], [1457, 604], [1458, 604], [1459, 604], [1448, 605], [1449, 605], [1450, 605], [1452, 605], [1453, 605], [1454, 605], [1455, 605], [1456, 605], [1457, 605], [1458, 605], [1459, 605], [1460, 605], [1448, 606], [1449, 606], [1450, 606], [1453, 606], [1454, 606], [1455, 606], [1456, 606], [1458, 606], [1459, 606], [1460, 606], [1449, 607], [1450, 607], [1451, 607], [1452, 607], [1453, 607], [1455, 607], [1456, 607], [1457, 607], [1458, 607], [1459, 607], [1460, 607], [1449, 608], [1450, 608], [1451, 608], [1452, 608], [1453, 608], [1454, 608], [1455, 608], [1456, 608], [1457, 608], [1458, 608], [1452, 609], [1453, 609], [1454, 609], [1455, 609], [1456, 609], [1453, 610], [1454, 610], [1455, 610]




Yellow line right - [1534, 748], [1535, 748], [1536, 748], [1534, 749], [1535, 749], [1536, 749], [1534, 750], [1535, 750], [1536, 750], [1534, 751], [1535, 751], [1536, 751], [1537, 751], [1538, 751], [1539, 751], [1540, 751], [1541, 751], [1542, 751], [1543, 751], [1537, 752], [1538, 752], [1539, 752], [1540, 752], [1541, 752], [1542, 752], [1543, 752], [1544, 752], [1545, 752], [1537, 753], [1538, 753], [1539, 753], [1540, 753], [1541, 753], [1542, 753], [1543, 753], [1544, 753], [1545, 753], [1539, 754], [1540, 754], [1541, 754], [1542, 754], [1543, 754], [1544, 754], [1545, 754], [1540, 755], [1541, 755], [1542, 755], [1543, 755], [1544, 755]




White line right - [1450, 276], [1451, 276], [1452, 276], [1448, 277], [1449, 277], [1450, 277], [1451, 277], [1452, 277], [1453, 277], [1454, 277], [1455, 277], [1446, 278], [1447, 278], [1448, 278], [1449, 278], [1450, 278], [1451, 278], [1452, 278], [1453, 278], [1454, 278], [1455, 278], [1456, 278], [1457, 278], [1445, 279], [1446, 279], [1447, 279], [1448, 279], [1449, 279], [1450, 279], [1451, 279], [1452, 279], [1453, 279], [1454, 279], [1455, 279], [1456, 279], [1457, 279], [1458, 279], [1459, 279], [1460, 279], [1461, 279], [1443, 280], [1445, 280], [1446, 280], [1447, 280], [1448, 280], [1449, 280], [1450, 280], [1451, 280], [1452, 280], [1453, 280], [1454, 280], [1455, 280], [1456, 280], [1457, 280], [1458, 280], [1459, 280], [1460, 280], [1461, 280], [1462, 280], [1463, 280], [1464, 280], [1465, 280], [1441, 281], [1442, 281], [1443, 281], [1444, 281], [1445, 281], [1446, 281], [1447, 281], [1448, 281], [1449, 281], [1450, 281], [1451, 281], [1452, 281], [1453, 281], [1454, 281], [1455, 281], [1456, 281], [1457, 281], [1460, 281], [1461, 281], [1462, 281], [1463, 281], [1464, 281], [1465, 281], [1466, 281], [1467, 281], [1468, 281], [1443, 282], [1444, 282], [1445, 282], [1446, 282], [1447, 282], [1448, 282], [1449, 282], [1450, 282], [1452, 282], [1453, 282], [1454, 282], [1455, 282], [1456, 282], [1457, 282], [1458, 282], [1459, 282], [1460, 282], [1461, 282], [1464, 282], [1465, 282], [1466, 282], [1467, 282], [1468, 282], [1469, 282], [1470, 282], [1471, 282], [1447, 283], [1448, 283], [1449, 283], [1450, 283], [1451, 283], [1452, 283], [1453, 283], [1455, 283], [1456, 283], [1457, 283], [1458, 283], [1460, 283], [1461, 283], [1462, 283], [1463, 283], [1464, 283], [1465, 283], [1467, 283], [1468, 283], [1469, 283], [1470, 283], [1471, 283], [1472, 283], [1473, 283], [1474, 283], [1450, 284], [1451, 284], [1452, 284], [1453, 284], [1454, 284], [1455, 284], [1456, 284], [1458, 284], [1459, 284], [1460, 284], [1461, 284], [1463, 284], [1464, 284], [1465, 284], [1466, 284], [1467, 284], [1468, 284], [1470, 284], [1471, 284], [1472, 284], [1473, 284], [1474, 284], [1475, 284], [1476, 284], [1477, 284], [1478, 284], [1453, 285], [1454, 285], [1455, 285], [1456, 285], [1457, 285], [1458, 285], [1459, 285], [1460, 285], [1461, 285], [1462, 285], [1463, 285], [1464, 285], [1465, 285], [1466, 285], [1467, 285], [1468, 285], [1469, 285], [1470, 285], [1471, 285], [1473, 285], [1474, 285], [1475, 285], [1476, 285], [1477, 285], [1478, 285], [1479, 285], [1480, 285], [1481, 285], [1456, 286], [1457, 286], [1458, 286], [1459, 286], [1460, 286], [1461, 286], [1462, 286], [1463, 286], [1464, 286], [1465, 286], [1466, 286], [1467, 286], [1468, 286], [1469, 286], [1470, 286], [1471, 286], [1472, 286], [1473, 286], [1474, 286], [1477, 286], [1478, 286], [1479, 286], [1480, 286], [1481, 286], [1482, 286], [1483, 286], [1484, 286], [1485, 286], [1460, 287], [1461, 287], [1462, 287], [1463, 287], [1464, 287], [1465, 287], [1466, 287], [1467, 287], [1468, 287], [1469, 287], [1470, 287], [1471, 287], [1473, 287], [1474, 287], [1475, 287], [1476, 287], [1477, 287], [1478, 287], [1479, 287], [1480, 287], [1481, 287], [1482, 287], [1483, 287], [1484, 287], [1485, 287], [1486, 287], [1487, 287], [1488, 287], [1463, 288], [1464, 288], [1465, 288], [1466, 288], [1467, 288], [1468, 288], [1469, 288], [1470, 288], [1471, 288], [1472, 288], [1473, 288], [1474, 288], [1476, 288], [1477, 288], [1478, 288], [1479, 288], [1480, 288], [1481, 288], [1482, 288], [1484, 288], [1485, 288], [1486, 288], [1487, 288], [1488, 288], [1489, 288], [1490, 288], [1491, 288], [1466, 289], [1467, 289], [1468, 289], [1469, 289], [1470, 289], [1471, 289], [1472, 289], [1473, 289], [1474, 289], [1475, 289], [1476, 289], [1477, 289], [1478, 289], [1479, 289], [1481, 289], [1482, 289], [1483, 289], [1484, 289], [1487, 289], [1488, 289], [1489, 289], [1490, 289], [1491, 289], [1492, 289], [1493, 289], [1494, 289], [1495, 289], [1469, 290], [1470, 290], [1471, 290], [1472, 290], [1473, 290], [1474, 290], [1475, 290], [1476, 290], [1477, 290], [1478, 290], [1479, 290], [1480, 290], [1481, 290], [1482, 290], [1483, 290], [1484, 290], [1485, 290], [1486, 290], [1487, 290], [1490, 290], [1491, 290], [1492, 290], [1493, 290], [1494, 290], [1495, 290], [1496, 290], [1497, 290], [1498, 290], [1473, 291], [1474, 291], [1475, 291], [1476, 291], [1477, 291], [1478, 291], [1479, 291], [1480, 291], [1482, 291], [1483, 291], [1484, 291], [1486, 291], [1487, 291], [1494, 291], [1495, 291], [1496, 291], [1497, 291], [1498, 291], [1499, 291], [1500, 291], [1501, 291], [1476, 292], [1477, 292], [1478, 292], [1479, 292], [1480, 292], [1481, 292], [1482, 292], [1484, 292], [1485, 292], [1486, 292], [1487, 292], [1490, 292], [1491, 292], [1492, 292], [1493, 292], [1494, 292], [1495, 292], [1497, 292], [1498, 292], [1499, 292], [1500, 292], [1501, 292], [1502, 292], [1503, 292], [1504, 292], [1479, 293], [1480, 293], [1481, 293], [1482, 293], [1483, 293], [1484, 293], [1485, 293], [1486, 293], [1487, 293], [1490, 293], [1491, 293], [1493, 293], [1494, 293], [1495, 293], [1496, 293], [1497, 293], [1500, 293], [1501, 293], [1502, 293], [1503, 293], [1504, 293], [1505, 293], [1506, 293], [1507, 293], [1482, 294], [1483, 294], [1484, 294], [1485, 294], [1486, 294], [1487, 294], [1488, 294], [1489, 294], [1491, 294], [1492, 294], [1493, 294], [1494, 294], [1495, 294], [1496, 294], [1497, 294], [1498, 294], [1499, 294], [1503, 294], [1504, 294], [1505, 294], [1506, 294], [1507, 294], [1508, 294], [1509, 294], [1510, 294], [1511, 294], [1486, 295], [1487, 295], [1488, 295], [1489, 295], [1490, 295], [1491, 295], [1492, 295], [1494, 295], [1495, 295], [1496, 295], [1497, 295], [1498, 295], [1499, 295], [1501, 295], [1502, 295], [1503, 295], [1506, 295], [1507, 295], [1508, 295], [1509, 295], [1510, 295], [1511, 295], [1512, 295], [1513, 295], [1514, 295], [1489, 296], [1490, 296], [1491, 296], [1492, 296], [1493, 296], [1494, 296], [1495, 296], [1497, 296], [1498, 296], [1499, 296], [1501, 296], [1503, 296], [1504, 296], [1505, 296], [1506, 296], [1510, 296], [1511, 296], [1512, 296], [1513, 296], [1514, 296], [1515, 296], [1516, 296], [1517, 296], [1492, 297], [1493, 297], [1494, 297], [1495, 297], [1496, 297], [1497, 297], [1498, 297], [1499, 297], [1500, 297], [1501, 297], [1502, 297], [1503, 297], [1504, 297], [1505, 297], [1506, 297], [1513, 297], [1514, 297], [1515, 297], [1516, 297], [1517, 297], [1518, 297], [1519, 297], [1520, 297], [1521, 297], [1495, 298], [1496, 298], [1497, 298], [1498, 298], [1499, 298], [1500, 298], [1501, 298], [1502, 298], [1504, 298], [1505, 298], [1506, 298], [1510, 298], [1511, 298], [1512, 298], [1513, 298], [1516, 298], [1517, 298], [1518, 298], [1519, 298], [1520, 298], [1521, 298], [1522, 298], [1523, 298], [1524, 298], [1499, 299], [1500, 299], [1501, 299], [1502, 299], [1503, 299], [1504, 299], [1505, 299], [1506, 299], [1510, 299], [1511, 299], [1512, 299], [1513, 299], [1514, 299], [1515, 299], [1516, 299], [1520, 299], [1521, 299], [1522, 299], [1523, 299], [1524, 299], [1525, 299], [1526, 299], [1527, 299], [1502, 300], [1503, 300], [1504, 300], [1505, 300], [1506, 300], [1507, 300], [1508, 300], [1509, 300], [1510, 300], [1511, 300], [1512, 300], [1513, 300], [1514, 300], [1515, 300], [1516, 300], [1517, 300], [1518, 300], [1519, 300], [1523, 300], [1524, 300], [1525, 300], [1526, 300], [1527, 300], [1528, 300], [1529, 300], [1530, 300], [1505, 301], [1506, 301], [1507, 301], [1508, 301], [1509, 301], [1510, 301], [1511, 301], [1512, 301], [1513, 301], [1514, 301], [1515, 301], [1516, 301], [1517, 301], [1518, 301], [1519, 301], [1521, 301], [1522, 301], [1523, 301], [1524, 301], [1526, 301], [1527, 301], [1528, 301], [1529, 301], [1530, 301], [1531, 301], [1532, 301], [1533, 301], [1508, 302], [1509, 302], [1510, 302], [1511, 302], [1512, 302], [1513, 302], [1514, 302], [1515, 302], [1517, 302], [1518, 302], [1519, 302], [1521, 302], [1522, 302], [1523, 302], [1524, 302], [1525, 302], [1526, 302], [1527, 302], [1528, 302], [1529, 302], [1530, 302], [1531, 302], [1532, 302], [1533, 302], [1534, 302], [1535, 302], [1536, 302], [1511, 303], [1512, 303], [1513, 303], [1514, 303], [1515, 303], [1516, 303], [1517, 303], [1518, 303], [1519, 303], [1521, 303], [1522, 303], [1523, 303], [1524, 303], [1525, 303], [1526, 303], [1527, 303], [1528, 303], [1529, 303], [1530, 303], [1531, 303], [1532, 303], [1533, 303], [1534, 303], [1535, 303], [1536, 303], [1537, 303], [1538, 303], [1539, 303], [1540, 303], [1515, 304], [1516, 304], [1517, 304], [1518, 304], [1519, 304], [1520, 304], [1521, 304], [1522, 304], [1523, 304], [1524, 304], [1525, 304], [1526, 304], [1527, 304], [1529, 304], [1530, 304], [1531, 304], [1532, 304], [1533, 304], [1534, 304], [1535, 304], [1536, 304], [1537, 304], [1538, 304], [1539, 304], [1540, 304], [1541, 304], [1542, 304], [1543, 304], [1518, 305], [1519, 305], [1520, 305], [1521, 305], [1522, 305], [1523, 305], [1524, 305], [1526, 305], [1527, 305], [1528, 305], [1529, 305], [1530, 305], [1531, 305], [1532, 305], [1533, 305], [1534, 305], [1535, 305], [1536, 305], [1537, 305], [1538, 305], [1539, 305], [1540, 305], [1541, 305], [1542, 305], [1543, 305], [1544, 305], [1545, 305], [1546, 305], [1547, 305], [1521, 306], [1522, 306], [1523, 306], [1524, 306], [1525, 306], [1526, 306], [1527, 306], [1529, 306], [1530, 306], [1531, 306], [1532, 306], [1533, 306], [1534, 306], [1535, 306], [1536, 306], [1537, 306], [1538, 306], [1539, 306], [1540, 306], [1541, 306], [1542, 306], [1543, 306], [1544, 306], [1545, 306], [1546, 306], [1547, 306], [1548, 306], [1549, 306], [1524, 307], [1525, 307], [1526, 307], [1527, 307], [1528, 307], [1529, 307], [1530, 307], [1531, 307], [1532, 307], [1533, 307], [1534, 307], [1535, 307], [1536, 307], [1537, 307], [1538, 307], [1539, 307], [1540, 307], [1541, 307], [1542, 307], [1543, 307], [1544, 307], [1546, 307], [1547, 307], [1548, 307], [1549, 307], [1550, 307], [1551, 307], [1552, 307], [1553, 307], [1527, 308], [1528, 308], [1529, 308], [1530, 308], [1531, 308], [1532, 308], [1533, 308], [1534, 308], [1535, 308], [1536, 308], [1537, 308], [1538, 308], [1539, 308], [1540, 308], [1541, 308], [1542, 308], [1543, 308], [1544, 308], [1545, 308], [1546, 308], [1548, 308], [1549, 308], [1550, 308], [1551, 308], [1552, 308], [1553, 308], [1554, 308], [1555, 308], [1556, 308], [1530, 309], [1531, 309], [1532, 309], [1533, 309], [1534, 309], [1535, 309], [1536, 309], [1537, 309], [1538, 309], [1539, 309], [1540, 309], [1541, 309], [1542, 309], [1543, 309], [1544, 309], [1545, 309], [1546, 309], [1547, 309], [1548, 309], [1549, 309], [1552, 309], [1553, 309], [1554, 309], [1555, 309], [1556, 309], [1557, 309], [1558, 309], [1559, 309], [1560, 309], [1533, 310], [1534, 310], [1535, 310], [1536, 310], [1537, 310], [1538, 310], [1539, 310], [1540, 310], [1541, 310], [1542, 310], [1543, 310], [1544, 310], [1545, 310], [1546, 310], [1547, 310], [1548, 310], [1549, 310], [1550, 310], [1551, 310], [1552, 310], [1553, 310], [1555, 310], [1556, 310], [1557, 310], [1558, 310], [1559, 310], [1560, 310], [1561, 310], [1562, 310], [1563, 310], [1537, 311], [1538, 311], [1539, 311], [1540, 311], [1541, 311], [1542, 311], [1543, 311], [1544, 311], [1545, 311], [1546, 311], [1547, 311], [1548, 311], [1549, 311], [1550, 311], [1551, 311], [1552, 311], [1553, 311], [1554, 311], [1555, 311], [1556, 311], [1557, 311], [1559, 311], [1560, 311], [1561, 311], [1562, 311], [1563, 311], [1564, 311], [1565, 311], [1566, 311], [1540, 312], [1541, 312], [1542, 312], [1543, 312], [1544, 312], [1545, 312], [1546, 312], [1547, 312], [1548, 312], [1549, 312], [1550, 312], [1551, 312], [1552, 312], [1553, 312], [1555, 312], [1556, 312], [1557, 312], [1558, 312], [1559, 312], [1562, 312], [1563, 312], [1564, 312], [1565, 312], [1566, 312], [1567, 312], [1568, 312], [1569, 312], [1543, 313], [1544, 313], [1545, 313], [1546, 313], [1547, 313], [1548, 313], [1549, 313], [1550, 313], [1551, 313], [1552, 313], [1553, 313], [1554, 313], [1555, 313], [1556, 313], [1557, 313], [1558, 313], [1559, 313], [1560, 313], [1561, 313], [1562, 313], [1563, 313], [1565, 313], [1566, 313], [1567, 313], [1568, 313], [1569, 313], [1570, 313], [1571, 313], [1572, 313], [1547, 314], [1548, 314], [1549, 314], [1550, 314], [1551, 314], [1552, 314], [1553, 314], [1554, 314], [1555, 314], [1556, 314], [1557, 314], [1558, 314], [1559, 314], [1560, 314], [1561, 314], [1562, 314], [1563, 314], [1564, 314], [1565, 314], [1566, 314], [1567, 314], [1568, 314], [1569, 314], [1570, 314], [1571, 314], [1572, 314], [1573, 314], [1574, 314], [1575, 314], [1576, 314], [1550, 315], [1551, 315], [1552, 315], [1553, 315], [1554, 315], [1555, 315], [1556, 315], [1557, 315], [1559, 315], [1560, 315], [1561, 315], [1562, 315], [1563, 315], [1564, 315], [1565, 315], [1566, 315], [1567, 315], [1568, 315], [1569, 315], [1571, 315], [1572, 315], [1573, 315], [1574, 315], [1575, 315], [1576, 315], [1577, 315], [1578, 315], [1579, 315], [1553, 316], [1554, 316], [1555, 316], [1556, 316], [1557, 316], [1558, 316], [1559, 316], [1560, 316], [1561, 316], [1562, 316], [1563, 316], [1564, 316], [1565, 316], [1566, 316], [1567, 316], [1568, 316], [1569, 316], [1570, 316], [1571, 316], [1572, 316], [1575, 316], [1576, 316], [1577, 316], [1578, 316], [1579, 316], [1580, 316], [1581, 316], [1582, 316], [1557, 317], [1558, 317], [1559, 317], [1560, 317], [1561, 317], [1562, 317], [1563, 317], [1565, 317], [1566, 317], [1567, 317], [1568, 317], [1569, 317], [1570, 317], [1571, 317], [1572, 317], [1573, 317], [1574, 317], [1575, 317], [1576, 317], [1578, 317], [1579, 317], [1580, 317], [1581, 317], [1582, 317], [1583, 317], [1584, 317], [1585, 317], [1586, 317], [1560, 318], [1561, 318], [1562, 318], [1563, 318], [1564, 318], [1565, 318], [1566, 318], [1567, 318], [1568, 318], [1569, 318], [1570, 318], [1571, 318], [1572, 318], [1573, 318], [1574, 318], [1575, 318], [1576, 318], [1577, 318], [1578, 318], [1581, 318], [1582, 318], [1583, 318], [1584, 318], [1585, 318], [1586, 318], [1587, 318], [1588, 318], [1589, 318], [1563, 319], [1564, 319], [1565, 319], [1566, 319], [1567, 319], [1568, 319], [1569, 319], [1571, 319], [1572, 319], [1573, 319], [1574, 319], [1575, 319], [1576, 319], [1577, 319], [1578, 319], [1579, 319], [1580, 319], [1581, 319], [1582, 319], [1583, 319], [1584, 319], [1585, 319], [1586, 319], [1587, 319], [1588, 319], [1589, 319], [1590, 319], [1591, 319], [1592, 319], [1566, 320], [1567, 320], [1568, 320], [1569, 320], [1570, 320], [1571, 320], [1572, 320], [1573, 320], [1574, 320], [1575, 320], [1576, 320], [1577, 320], [1578, 320], [1581, 320], [1582, 320], [1583, 320], [1584, 320], [1585, 320], [1586, 320], [1587, 320], [1588, 320], [1589, 320], [1590, 320], [1591, 320], [1592, 320], [1593, 320], [1594, 320], [1595, 320], [1569, 321], [1570, 321], [1571, 321], [1572, 321], [1573, 321], [1574, 321], [1575, 321], [1576, 321], [1578, 321], [1579, 321], [1580, 321], [1581, 321], [1582, 321], [1583, 321], [1585, 321], [1586, 321], [1587, 321], [1588, 321], [1589, 321], [1590, 321], [1592, 321], [1593, 321], [1594, 321], [1595, 321], [1596, 321], [1597, 321], [1598, 321], [1573, 322], [1574, 322], [1575, 322], [1576, 322], [1577, 322], [1578, 322], [1579, 322], [1580, 322], [1581, 322], [1582, 322], [1583, 322], [1584, 322], [1585, 322], [1586, 322], [1587, 322], [1588, 322], [1589, 322], [1590, 322], [1591, 322], [1592, 322], [1593, 322], [1594, 322], [1595, 322], [1596, 322], [1597, 322], [1598, 322], [1599, 322], [1600, 322], [1601, 322], [1576, 323], [1577, 323], [1578, 323], [1579, 323], [1580, 323], [1581, 323], [1582, 323], [1583, 323], [1585, 323], [1586, 323], [1587, 323], [1588, 323], [1589, 323], [1590, 323], [1591, 323], [1592, 323], [1593, 323], [1594, 323], [1595, 323], [1596, 323], [1598, 323], [1599, 323], [1600, 323], [1601, 323], [1602, 323], [1603, 323], [1604, 323], [1605, 323], [1579, 324], [1580, 324], [1581, 324], [1582, 324], [1583, 324], [1584, 324], [1585, 324], [1586, 324], [1587, 324], [1588, 324], [1589, 324], [1590, 324], [1591, 324], [1592, 324], [1593, 324], [1594, 324], [1595, 324], [1596, 324], [1597, 324], [1598, 324], [1599, 324], [1600, 324], [1601, 324], [1602, 324], [1603, 324], [1604, 324], [1605, 324], [1606, 324], [1607, 324], [1608, 324], [1609, 324], [1583, 325], [1584, 325], [1585, 325], [1586, 325], [1587, 325], [1588, 325], [1590, 325], [1591, 325], [1592, 325], [1593, 325], [1594, 325], [1595, 325], [1596, 325], [1597, 325], [1598, 325], [1599, 325], [1600, 325], [1601, 325], [1602, 325], [1603, 325], [1604, 325], [1605, 325], [1606, 325], [1607, 325], [1608, 325], [1609, 325], [1610, 325], [1611, 325], [1612, 325], [1586, 326], [1587, 326], [1588, 326], [1589, 326], [1590, 326], [1591, 326], [1592, 326], [1594, 326], [1595, 326], [1596, 326], [1597, 326], [1598, 326], [1600, 326], [1601, 326], [1602, 326], [1603, 326], [1604, 326], [1605, 326], [1606, 326], [1608, 326], [1609, 326], [1610, 326], [1611, 326], [1612, 326], [1613, 326], [1614, 326], [1589, 327], [1590, 327], [1591, 327], [1592, 327], [1593, 327], [1594, 327], [1595, 327], [1596, 327], [1597, 327], [1598, 327], [1599, 327], [1600, 327], [1601, 327], [1602, 327], [1604, 327], [1605, 327], [1606, 327], [1607, 327], [1608, 327], [1609, 327], [1610, 327], [1611, 327], [1612, 327], [1613, 327], [1614, 327], [1615, 327], [1616, 327], [1617, 327], [1618, 327], [1593, 328], [1594, 328], [1595, 328], [1596, 328], [1597, 328], [1598, 328], [1599, 328], [1600, 328], [1601, 328], [1602, 328], [1603, 328], [1604, 328], [1605, 328], [1606, 328], [1607, 328], [1608, 328], [1609, 328], [1610, 328], [1611, 328], [1612, 328], [1613, 328], [1614, 328], [1615, 328], [1616, 328], [1617, 328], [1618, 328], [1619, 328], [1620, 328], [1621, 328], [1596, 329], [1597, 329], [1598, 329], [1599, 329], [1600, 329], [1601, 329], [1602, 329], [1604, 329], [1605, 329], [1606, 329], [1607, 329], [1608, 329], [1609, 329], [1611, 329], [1612, 329], [1613, 329], [1614, 329], [1615, 329], [1617, 329], [1618, 329], [1619, 329], [1620, 329], [1621, 329], [1622, 329], [1623, 329], [1624, 329], [1625, 329], [1599, 330], [1600, 330], [1601, 330], [1602, 330], [1603, 330], [1604, 330], [1605, 330], [1606, 330], [1607, 330], [1608, 330], [1609, 330], [1610, 330], [1611, 330], [1612, 330], [1613, 330], [1614, 330], [1615, 330], [1616, 330], [1617, 330], [1618, 330], [1620, 330], [1621, 330], [1622, 330], [1623, 330], [1624, 330], [1625, 330], [1626, 330], [1627, 330], [1628, 330], [1602, 331], [1603, 331], [1604, 331], [1605, 331], [1606, 331], [1607, 331], [1608, 331], [1609, 331], [1610, 331], [1611, 331], [1612, 331], [1613, 331], [1614, 331], [1615, 331], [1616, 331], [1617, 331], [1618, 331], [1619, 331], [1620, 331], [1621, 331], [1622, 331], [1624, 331], [1625, 331], [1626, 331], [1627, 331], [1628, 331], [1629, 331], [1630, 331], [1631, 331], [1605, 332], [1606, 332], [1607, 332], [1608, 332], [1609, 332], [1610, 332], [1611, 332], [1612, 332], [1614, 332], [1615, 332], [1616, 332], [1617, 332], [1618, 332], [1619, 332], [1620, 332], [1621, 332], [1622, 332], [1623, 332], [1624, 332], [1627, 332], [1628, 332], [1629, 332], [1630, 332], [1631, 332], [1632, 332], [1633, 332], [1634, 332], [1635, 332], [1608, 333], [1609, 333], [1610, 333], [1611, 333], [1612, 333], [1613, 333], [1614, 333], [1615, 333], [1617, 333], [1618, 333], [1619, 333], [1620, 333], [1621, 333], [1623, 333], [1624, 333], [1625, 333], [1626, 333], [1627, 333], [1628, 333], [1629, 333], [1630, 333], [1631, 333], [1632, 333], [1633, 333], [1634, 333], [1635, 333], [1636, 333], [1637, 333], [1638, 333], [1612, 334], [1613, 334], [1614, 334], [1615, 334], [1616, 334], [1617, 334], [1618, 334], [1620, 334], [1621, 334], [1622, 334], [1623, 334], [1624, 334], [1625, 334], [1626, 334], [1627, 334], [1628, 334], [1629, 334], [1630, 334], [1631, 334], [1632, 334], [1633, 334], [1634, 334], [1635, 334], [1636, 334], [1637, 334], [1638, 334], [1639, 334], [1640, 334], [1641, 334], [1615, 335], [1616, 335], [1617, 335], [1618, 335], [1619, 335], [1620, 335], [1621, 335], [1623, 335], [1624, 335], [1625, 335], [1626, 335], [1627, 335], [1628, 335], [1629, 335], [1630, 335], [1631, 335], [1632, 335], [1633, 335], [1634, 335], [1637, 335], [1638, 335], [1639, 335], [1640, 335], [1641, 335], [1642, 335], [1643, 335], [1644, 335], [1645, 335], [1618, 336], [1619, 336], [1620, 336], [1621, 336], [1622, 336], [1623, 336], [1624, 336], [1625, 336], [1626, 336], [1627, 336], [1628, 336], [1629, 336], [1630, 336], [1631, 336], [1632, 336], [1633, 336], [1634, 336], [1635, 336], [1636, 336], [1637, 336], [1640, 336], [1641, 336], [1642, 336], [1643, 336], [1644, 336], [1645, 336], [1646, 336], [1647, 336], [1648, 336], [1621, 337], [1622, 337], [1623, 337], [1624, 337], [1625, 337], [1626, 337], [1627, 337], [1628, 337], [1629, 337], [1630, 337], [1631, 337], [1632, 337], [1633, 337], [1634, 337], [1635, 337], [1636, 337], [1637, 337], [1638, 337], [1639, 337], [1640, 337], [1641, 337], [1642, 337], [1644, 337], [1645, 337], [1646, 337], [1647, 337], [1648, 337], [1649, 337], [1650, 337], [1651, 337], [1625, 338], [1626, 338], [1627, 338], [1628, 338], [1629, 338], [1630, 338], [1631, 338], [1633, 338], [1634, 338], [1635, 338], [1636, 338], [1637, 338], [1639, 338], [1640, 338], [1641, 338], [1642, 338], [1643, 338], [1644, 338], [1645, 338], [1647, 338], [1648, 338], [1649, 338], [1650, 338], [1651, 338], [1652, 338], [1653, 338], [1654, 338], [1628, 339], [1629, 339], [1630, 339], [1631, 339], [1632, 339], [1633, 339], [1634, 339], [1636, 339], [1637, 339], [1638, 339], [1639, 339], [1640, 339], [1641, 339], [1643, 339], [1644, 339], [1645, 339], [1646, 339], [1647, 339], [1648, 339], [1650, 339], [1651, 339], [1652, 339], [1653, 339], [1654, 339], [1655, 339], [1656, 339], [1657, 339], [1631, 340], [1632, 340], [1633, 340], [1634, 340], [1635, 340], [1636, 340], [1637, 340], [1638, 340], [1640, 340], [1641, 340], [1642, 340], [1643, 340], [1644, 340], [1645, 340], [1646, 340], [1647, 340], [1648, 340], [1649, 340], [1650, 340], [1651, 340], [1653, 340], [1654, 340], [1655, 340], [1656, 340], [1657, 340], [1658, 340], [1659, 340], [1660, 340], [1634, 341], [1635, 341], [1636, 341], [1637, 341], [1638, 341], [1639, 341], [1640, 341], [1641, 341], [1643, 341], [1644, 341], [1645, 341], [1646, 341], [1647, 341], [1648, 341], [1649, 341], [1650, 341], [1651, 341], [1652, 341], [1653, 341], [1654, 341], [1655, 341], [1656, 341], [1657, 341], [1658, 341], [1659, 341], [1660, 341], [1661, 341], [1662, 341], [1663, 341], [1664, 341], [1638, 342], [1639, 342], [1640, 342], [1641, 342], [1642, 342], [1643, 342], [1644, 342], [1645, 342], [1646, 342], [1647, 342], [1648, 342], [1649, 342], [1650, 342], [1651, 342], [1652, 342], [1653, 342], [1654, 342], [1655, 342], [1656, 342], [1657, 342], [1658, 342], [1659, 342], [1660, 342], [1661, 342], [1662, 342], [1663, 342], [1664, 342], [1665, 342], [1666, 342], [1667, 342], [1641, 343], [1642, 343], [1643, 343], [1644, 343], [1645, 343], [1646, 343], [1647, 343], [1648, 343], [1649, 343], [1650, 343], [1651, 343], [1652, 343], [1653, 343], [1654, 343], [1655, 343], [1656, 343], [1657, 343], [1658, 343], [1659, 343], [1660, 343], [1661, 343], [1662, 343], [1663, 343], [1664, 343], [1665, 343], [1666, 343], [1667, 343], [1668, 343], [1669, 343], [1670, 343], [1671, 343], [1644, 344], [1645, 344], [1646, 344], [1647, 344], [1648, 344], [1649, 344], [1650, 344], [1651, 344], [1652, 344], [1653, 344], [1654, 344], [1655, 344], [1656, 344], [1657, 344], [1659, 344], [1660, 344], [1661, 344], [1662, 344], [1663, 344], [1664, 344], [1665, 344], [1666, 344], [1667, 344], [1668, 344], [1669, 344], [1670, 344], [1671, 344], [1672, 344], [1673, 344], [1674, 344], [1647, 345], [1648, 345], [1649, 345], [1650, 345], [1651, 345], [1652, 345], [1653, 345], [1655, 345], [1656, 345], [1657, 345], [1658, 345], [1659, 345], [1660, 345], [1661, 345], [1662, 345], [1663, 345], [1664, 345], [1665, 345], [1666, 345], [1667, 345], [1668, 345], [1669, 345], [1670, 345], [1671, 345], [1672, 345], [1673, 345], [1674, 345], [1675, 345], [1676, 345], [1677, 345], [1650, 346], [1651, 346], [1652, 346], [1653, 346], [1654, 346], [1655, 346], [1656, 346], [1657, 346], [1659, 346], [1660, 346], [1661, 346], [1662, 346], [1663, 346], [1664, 346], [1665, 346], [1666, 346], [1667, 346], [1668, 346], [1669, 346], [1670, 346], [1671, 346], [1672, 346], [1673, 346], [1674, 346], [1675, 346], [1676, 346], [1677, 346], [1678, 346], [1679, 346], [1680, 346], [1653, 347], [1654, 347], [1655, 347], [1656, 347], [1657, 347], [1658, 347], [1659, 347], [1660, 347], [1662, 347], [1663, 347], [1664, 347], [1665, 347], [1666, 347], [1667, 347], [1668, 347], [1669, 347], [1670, 347], [1671, 347], [1672, 347], [1673, 347], [1674, 347], [1675, 347], [1677, 347], [1678, 347], [1679, 347], [1680, 347], [1681, 347], [1682, 347], [1683, 347], [1657, 348], [1658, 348], [1659, 348], [1660, 348], [1661, 348], [1662, 348], [1663, 348], [1664, 348], [1665, 348], [1666, 348], [1667, 348], [1668, 348], [1669, 348], [1670, 348], [1671, 348], [1672, 348], [1673, 348], [1674, 348], [1675, 348], [1676, 348], [1677, 348], [1678, 348], [1680, 348], [1681, 348], [1682, 348], [1683, 348], [1684, 348], [1685, 348], [1686, 348], [1687, 348], [1660, 349], [1661, 349], [1662, 349], [1663, 349], [1664, 349], [1665, 349], [1666, 349], [1667, 349], [1668, 349], [1669, 349], [1670, 349], [1671, 349], [1672, 349], [1673, 349], [1674, 349], [1676, 349], [1677, 349], [1678, 349], [1679, 349], [1680, 349], [1681, 349], [1683, 349], [1684, 349], [1685, 349], [1686, 349], [1687, 349], [1688, 349], [1689, 349], [1690, 349], [1664, 350], [1665, 350], [1666, 350], [1667, 350], [1668, 350], [1669, 350], [1670, 350], [1671, 350], [1672, 350], [1673, 350], [1674, 350], [1675, 350], [1676, 350], [1677, 350], [1679, 350], [1680, 350], [1681, 350], [1682, 350], [1683, 350], [1684, 350], [1685, 350], [1687, 350], [1688, 350], [1689, 350], [1690, 350], [1691, 350], [1692, 350], [1693, 350], [1694, 350], [1668, 351], [1669, 351], [1670, 351], [1671, 351], [1672, 351], [1673, 351], [1674, 351], [1675, 351], [1676, 351], [1677, 351], [1678, 351], [1679, 351], [1680, 351], [1681, 351], [1682, 351], [1683, 351], [1684, 351], [1685, 351], [1686, 351], [1687, 351], [1688, 351], [1690, 351], [1691, 351], [1692, 351], [1693, 351], [1694, 351], [1695, 351], [1696, 351], [1697, 351], [1671, 352], [1672, 352], [1673, 352], [1674, 352], [1675, 352], [1676, 352], [1677, 352], [1678, 352], [1679, 352], [1680, 352], [1681, 352], [1682, 352], [1683, 352], [1684, 352], [1686, 352], [1687, 352], [1688, 352], [1689, 352], [1690, 352], [1691, 352], [1692, 352], [1693, 352], [1694, 352], [1695, 352], [1696, 352], [1697, 352], [1698, 352], [1699, 352], [1700, 352], [1674, 353], [1675, 353], [1676, 353], [1677, 353], [1678, 353], [1679, 353], [1680, 353], [1682, 353], [1683, 353], [1684, 353], [1685, 353], [1686, 353], [1687, 353], [1688, 353], [1689, 353], [1690, 353], [1691, 353], [1692, 353], [1693, 353], [1694, 353], [1696, 353], [1697, 353], [1698, 353], [1699, 353], [1700, 353], [1701, 353], [1702, 353], [1703, 353], [1704, 353], [1677, 354], [1678, 354], [1679, 354], [1680, 354], [1681, 354], [1682, 354], [1683, 354], [1685, 354], [1686, 354], [1687, 354], [1688, 354], [1689, 354], [1690, 354], [1692, 354], [1693, 354], [1694, 354], [1695, 354], [1696, 354], [1697, 354], [1698, 354], [1700, 354], [1701, 354], [1702, 354], [1703, 354], [1704, 354], [1705, 354], [1706, 354], [1680, 355], [1681, 355], [1682, 355], [1683, 355], [1684, 355], [1685, 355], [1686, 355], [1687, 355], [1689, 355], [1690, 355], [1691, 355], [1692, 355], [1693, 355], [1694, 355], [1695, 355], [1696, 355], [1697, 355], [1698, 355], [1699, 355], [1700, 355], [1701, 355], [1702, 355], [1703, 355], [1704, 355], [1705, 355], [1706, 355], [1707, 355], [1708, 355], [1709, 355], [1710, 355], [1683, 356], [1684, 356], [1685, 356], [1686, 356], [1687, 356], [1688, 356], [1689, 356], [1690, 356], [1691, 356], [1692, 356], [1693, 356], [1694, 356], [1695, 356], [1696, 356], [1697, 356], [1698, 356], [1699, 356], [1700, 356], [1701, 356], [1702, 356], [1703, 356], [1704, 356], [1706, 356], [1707, 356], [1708, 356], [1709, 356], [1710, 356], [1711, 356], [1712, 356], [1713, 356], [1687, 357], [1688, 357], [1689, 357], [1690, 357], [1691, 357], [1692, 357], [1693, 357], [1694, 357], [1695, 357], [1696, 357], [1697, 357], [1698, 357], [1699, 357], [1700, 357], [1702, 357], [1703, 357], [1704, 357], [1705, 357], [1706, 357], [1707, 357], [1708, 357], [1710, 357], [1711, 357], [1712, 357], [1713, 357], [1714, 357], [1715, 357], [1716, 357], [1690, 358], [1691, 358], [1692, 358], [1693, 358], [1694, 358], [1695, 358], [1696, 358], [1697, 358], [1699, 358], [1700, 358], [1701, 358], [1702, 358], [1703, 358], [1704, 358], [1705, 358], [1706, 358], [1707, 358], [1708, 358], [1709, 358], [1710, 358], [1711, 358], [1713, 358], [1714, 358], [1715, 358], [1716, 358], [1717, 358], [1718, 358], [1719, 358], [1693, 359], [1694, 359], [1695, 359], [1696, 359], [1697, 359], [1698, 359], [1699, 359], [1700, 359], [1701, 359], [1702, 359], [1703, 359], [1704, 359], [1705, 359], [1706, 359], [1708, 359], [1709, 359], [1710, 359], [1711, 359], [1712, 359], [1713, 359], [1714, 359], [1716, 359], [1717, 359], [1718, 359], [1719, 359], [1720, 359], [1721, 359], [1722, 359], [1697, 360], [1698, 360], [1699, 360], [1700, 360], [1701, 360], [1702, 360], [1704, 360], [1705, 360], [1706, 360], [1707, 360], [1708, 360], [1709, 360], [1711, 360], [1712, 360], [1713, 360], [1714, 360], [1715, 360], [1716, 360], [1717, 360], [1719, 360], [1720, 360], [1721, 360], [1722, 360], [1723, 360], [1724, 360], [1725, 360], [1726, 360], [1700, 361], [1701, 361], [1702, 361], [1703, 361], [1704, 361], [1705, 361], [1707, 361], [1708, 361], [1709, 361], [1710, 361], [1711, 361], [1712, 361], [1714, 361], [1715, 361], [1716, 361], [1717, 361], [1718, 361], [1719, 361], [1720, 361], [1722, 361], [1723, 361], [1724, 361], [1725, 361], [1726, 361], [1727, 361], [1728, 361], [1729, 361], [1703, 362], [1704, 362], [1705, 362], [1706, 362], [1707, 362], [1708, 362], [1710, 362], [1711, 362], [1712, 362], [1713, 362], [1714, 362], [1715, 362], [1716, 362], [1717, 362], [1718, 362], [1719, 362], [1720, 362], [1721, 362], [1722, 362], [1723, 362], [1724, 362], [1726, 362], [1727, 362], [1728, 362], [1729, 362], [1730, 362], [1731, 362], [1732, 362], [1706, 363], [1707, 363], [1708, 363], [1709, 363], [1710, 363], [1711, 363], [1713, 363], [1714, 363], [1715, 363], [1716, 363], [1717, 363], [1718, 363], [1719, 363], [1720, 363], [1721, 363], [1722, 363], [1723, 363], [1724, 363], [1725, 363], [1726, 363], [1727, 363], [1729, 363], [1730, 363], [1731, 363], [1732, 363], [1733, 363], [1734, 363], [1735, 363], [1709, 364], [1710, 364], [1711, 364], [1712, 364], [1713, 364], [1714, 364], [1715, 364], [1717, 364], [1718, 364], [1719, 364], [1720, 364], [1721, 364], [1722, 364], [1724, 364], [1725, 364], [1726, 364], [1727, 364], [1728, 364], [1729, 364], [1730, 364], [1731, 364], [1732, 364], [1733, 364], [1734, 364], [1735, 364], [1736, 364], [1737, 364], [1738, 364], [1739, 364], [1712, 365], [1713, 365], [1714, 365], [1715, 365], [1716, 365], [1717, 365], [1718, 365], [1720, 365], [1721, 365], [1722, 365], [1723, 365], [1724, 365], [1725, 365], [1727, 365], [1728, 365], [1729, 365], [1730, 365], [1731, 365], [1732, 365], [1733, 365], [1735, 365], [1736, 365], [1737, 365], [1738, 365], [1739, 365], [1740, 365], [1741, 365], [1742, 365], [1716, 366], [1717, 366], [1718, 366], [1719, 366], [1720, 366], [1721, 366], [1723, 366], [1724, 366], [1725, 366], [1726, 366], [1727, 366], [1728, 366], [1729, 366], [1731, 366], [1732, 366], [1733, 366], [1734, 366], [1735, 366], [1736, 366], [1737, 366], [1739, 366], [1740, 366], [1741, 366], [1742, 366], [1743, 366], [1744, 366], [1745, 366], [1719, 367], [1720, 367], [1721, 367], [1722, 367], [1723, 367], [1724, 367], [1725, 367], [1726, 367], [1727, 367], [1728, 367], [1729, 367], [1730, 367], [1731, 367], [1732, 367], [1733, 367], [1734, 367], [1735, 367], [1736, 367], [1737, 367], [1738, 367], [1739, 367], [1740, 367], [1742, 367], [1743, 367], [1744, 367], [1745, 367], [1746, 367], [1747, 367], [1748, 367], [1722, 368], [1723, 368], [1724, 368], [1725, 368], [1726, 368], [1727, 368], [1728, 368], [1729, 368], [1730, 368], [1731, 368], [1732, 368], [1733, 368], [1734, 368], [1735, 368], [1736, 368], [1737, 368], [1738, 368], [1739, 368], [1740, 368], [1741, 368], [1742, 368], [1743, 368], [1745, 368], [1746, 368], [1747, 368], [1748, 368], [1749, 368], [1750, 368], [1751, 368], [1724, 369], [1725, 369], [1726, 369], [1727, 369], [1728, 369], [1729, 369], [1730, 369], [1731, 369], [1732, 369], [1733, 369], [1734, 369], [1735, 369], [1736, 369], [1737, 369], [1738, 369], [1739, 369], [1740, 369], [1741, 369], [1742, 369], [1743, 369], [1744, 369], [1745, 369], [1746, 369], [1748, 369], [1749, 369], [1750, 369], [1751, 369], [1752, 369], [1753, 369], [1754, 369], [1755, 369], [1728, 370], [1729, 370], [1730, 370], [1731, 370], [1732, 370], [1733, 370], [1734, 370], [1736, 370], [1737, 370], [1738, 370], [1739, 370], [1740, 370], [1741, 370], [1743, 370], [1744, 370], [1745, 370], [1746, 370], [1747, 370], [1748, 370], [1749, 370], [1751, 370], [1752, 370], [1753, 370], [1754, 370], [1755, 370], [1756, 370], [1757, 370], [1758, 370], [1731, 371], [1732, 371], [1733, 371], [1734, 371], [1735, 371], [1736, 371], [1737, 371], [1739, 371], [1740, 371], [1741, 371], [1742, 371], [1743, 371], [1744, 371], [1746, 371], [1747, 371], [1748, 371], [1749, 371], [1750, 371], [1751, 371], [1752, 371], [1753, 371], [1754, 371], [1755, 371], [1756, 371], [1757, 371], [1758, 371], [1759, 371], [1760, 371], [1761, 371], [1734, 372], [1735, 372], [1736, 372], [1737, 372], [1738, 372], [1739, 372], [1740, 372], [1741, 372], [1742, 372], [1743, 372], [1744, 372], [1745, 372], [1746, 372], [1747, 372], [1749, 372], [1750, 372], [1751, 372], [1752, 372], [1753, 372], [1754, 372], [1755, 372], [1756, 372], [1757, 372], [1758, 372], [1759, 372], [1760, 372], [1761, 372], [1762, 372], [1763, 372], [1764, 372], [1737, 373], [1738, 373], [1739, 373], [1740, 373], [1741, 373], [1742, 373], [1743, 373], [1745, 373], [1746, 373], [1747, 373], [1748, 373], [1749, 373], [1750, 373], [1751, 373], [1752, 373], [1753, 373], [1754, 373], [1755, 373], [1756, 373], [1757, 373], [1760, 373], [1761, 373], [1762, 373], [1763, 373], [1764, 373], [1765, 373], [1766, 373], [1767, 373], [1740, 374], [1741, 374], [1742, 374], [1743, 374], [1744, 374], [1745, 374], [1746, 374], [1748, 374], [1749, 374], [1750, 374], [1751, 374], [1752, 374], [1753, 374], [1754, 374], [1755, 374], [1756, 374], [1757, 374], [1758, 374], [1759, 374], [1760, 374], [1761, 374], [1762, 374], [1763, 374], [1764, 374], [1765, 374], [1766, 374], [1767, 374], [1768, 374], [1769, 374], [1770, 374], [1771, 374], [1744, 375], [1745, 375], [1746, 375], [1747, 375], [1748, 375], [1749, 375], [1750, 375], [1751, 375], [1752, 375], [1753, 375], [1754, 375], [1755, 375], [1756, 375], [1758, 375], [1759, 375], [1760, 375], [1761, 375], [1762, 375], [1763, 375], [1764, 375], [1765, 375], [1766, 375], [1767, 375], [1768, 375], [1769, 375], [1770, 375], [1771, 375], [1772, 375], [1773, 375], [1774, 375], [1747, 376], [1748, 376], [1749, 376], [1750, 376], [1751, 376], [1752, 376], [1753, 376], [1754, 376], [1756, 376], [1757, 376], [1758, 376], [1759, 376], [1760, 376], [1762, 376], [1763, 376], [1764, 376], [1765, 376], [1766, 376], [1767, 376], [1770, 376], [1771, 376], [1772, 376], [1773, 376], [1774, 376], [1775, 376], [1776, 376], [1777, 376], [1750, 377], [1751, 377], [1752, 377], [1753, 377], [1754, 377], [1755, 377], [1756, 377], [1757, 377], [1758, 377], [1759, 377], [1760, 377], [1761, 377], [1762, 377], [1763, 377], [1764, 377], [1765, 377], [1766, 377], [1767, 377], [1768, 377], [1769, 377], [1770, 377], [1771, 377], [1773, 377], [1774, 377], [1775, 377], [1776, 377], [1777, 377], [1778, 377], [1779, 377], [1780, 377], [1754, 378], [1755, 378], [1756, 378], [1757, 378], [1758, 378], [1759, 378], [1760, 378], [1761, 378], [1762, 378], [1763, 378], [1764, 378], [1765, 378], [1766, 378], [1768, 378], [1769, 378], [1770, 378], [1771, 378], [1772, 378], [1773, 378], [1774, 378], [1775, 378], [1776, 378], [1777, 378], [1778, 378], [1779, 378], [1780, 378], [1781, 378], [1782, 378], [1783, 378], [1784, 378], [1757, 379], [1758, 379], [1759, 379], [1760, 379], [1761, 379], [1762, 379], [1763, 379], [1765, 379], [1766, 379], [1767, 379], [1768, 379], [1769, 379], [1770, 379], [1771, 379], [1772, 379], [1773, 379], [1774, 379], [1775, 379], [1776, 379], [1777, 379], [1778, 379], [1780, 379], [1781, 379], [1782, 379], [1783, 379], [1784, 379], [1785, 379], [1786, 379], [1787, 379], [1760, 380], [1761, 380], [1762, 380], [1763, 380], [1764, 380], [1765, 380], [1766, 380], [1768, 380], [1769, 380], [1770, 380], [1771, 380], [1772, 380], [1774, 380], [1775, 380], [1776, 380], [1777, 380], [1778, 380], [1779, 380], [1780, 380], [1781, 380], [1782, 380], [1783, 380], [1784, 380], [1785, 380], [1786, 380], [1787, 380], [1788, 380], [1789, 380], [1790, 380], [1763, 381], [1764, 381], [1765, 381], [1766, 381], [1767, 381], [1768, 381], [1769, 381], [1770, 381], [1771, 381], [1772, 381], [1773, 381], [1774, 381], [1775, 381], [1776, 381], [1778, 381], [1779, 381], [1780, 381], [1781, 381], [1782, 381], [1783, 381], [1784, 381], [1785, 381], [1786, 381], [1787, 381], [1788, 381], [1789, 381], [1790, 381], [1791, 381], [1792, 381], [1793, 381], [1766, 382], [1767, 382], [1768, 382], [1769, 382], [1770, 382], [1771, 382], [1773, 382], [1774, 382], [1775, 382], [1776, 382], [1777, 382], [1778, 382], [1779, 382], [1780, 382], [1781, 382], [1782, 382], [1783, 382], [1784, 382], [1785, 382], [1786, 382], [1787, 382], [1788, 382], [1789, 382], [1790, 382], [1791, 382], [1792, 382], [1793, 382], [1794, 382], [1795, 382], [1796, 382], [1769, 383], [1770, 383], [1771, 383], [1772, 383], [1773, 383], [1774, 383], [1775, 383], [1777, 383], [1778, 383], [1779, 383], [1780, 383], [1781, 383], [1782, 383], [1783, 383], [1784, 383], [1785, 383], [1786, 383], [1787, 383], [1788, 383], [1789, 383], [1790, 383], [1791, 383], [1792, 383], [1793, 383], [1794, 383], [1795, 383], [1796, 383], [1797, 383], [1798, 383], [1799, 383], [1800, 383], [1772, 384], [1773, 384], [1774, 384], [1775, 384], [1776, 384], [1777, 384], [1778, 384], [1779, 384], [1780, 384], [1781, 384], [1782, 384], [1783, 384], [1784, 384], [1785, 384], [1786, 384], [1787, 384], [1788, 384], [1789, 384], [1790, 384], [1791, 384], [1792, 384], [1793, 384], [1794, 384], [1795, 384], [1796, 384], [1797, 384], [1798, 384], [1799, 384], [1800, 384], [1801, 384], [1802, 384], [1803, 384], [1776, 385], [1777, 385], [1778, 385], [1779, 385], [1780, 385], [1781, 385], [1782, 385], [1783, 385], [1784, 385], [1785, 385], [1786, 385], [1787, 385], [1788, 385], [1789, 385], [1790, 385], [1791, 385], [1792, 385], [1793, 385], [1794, 385], [1795, 385], [1796, 385], [1797, 385], [1798, 385], [1799, 385], [1800, 385], [1801, 385], [1802, 385], [1803, 385], [1804, 385], [1805, 385], [1779, 386], [1780, 386], [1781, 386], [1782, 386], [1783, 386], [1784, 386], [1785, 386], [1786, 386], [1787, 386], [1788, 386], [1789, 386], [1790, 386], [1791, 386], [1792, 386], [1794, 386], [1795, 386], [1796, 386], [1797, 386], [1798, 386], [1799, 386], [1800, 386], [1801, 386], [1802, 386], [1803, 386], [1804, 386], [1805, 386], [1806, 386], [1807, 386], [1808, 386], [1809, 386], [1782, 387], [1783, 387], [1784, 387], [1785, 387], [1786, 387], [1787, 387], [1788, 387], [1790, 387], [1791, 387], [1792, 387], [1793, 387], [1794, 387], [1795, 387], [1796, 387], [1797, 387], [1798, 387], [1799, 387], [1800, 387], [1801, 387], [1802, 387], [1803, 387], [1804, 387], [1805, 387], [1806, 387], [1807, 387], [1808, 387], [1809, 387], [1810, 387], [1811, 387], [1812, 387], [1813, 387], [1785, 388], [1786, 388], [1787, 388], [1788, 388], [1789, 388], [1790, 388], [1791, 388], [1792, 388], [1793, 388], [1794, 388], [1795, 388], [1796, 388], [1797, 388], [1798, 388], [1799, 388], [1800, 388], [1801, 388], [1802, 388], [1803, 388], [1804, 388], [1805, 388], [1806, 388], [1807, 388], [1809, 388], [1810, 388], [1811, 388], [1812, 388], [1813, 388], [1814, 388], [1815, 388], [1816, 388], [1789, 389], [1790, 389], [1791, 389], [1792, 389], [1793, 389], [1794, 389], [1795, 389], [1796, 389], [1797, 389], [1798, 389], [1799, 389], [1800, 389], [1801, 389], [1803, 389], [1804, 389], [1805, 389], [1806, 389], [1807, 389], [1808, 389], [1809, 389], [1810, 389], [1812, 389], [1813, 389], [1814, 389], [1815, 389], [1816, 389], [1817, 389], [1818, 389], [1819, 389], [1792, 390], [1793, 390], [1794, 390], [1795, 390], [1796, 390], [1797, 390], [1798, 390], [1799, 390], [1800, 390], [1801, 390], [1802, 390], [1803, 390], [1804, 390], [1807, 390], [1808, 390], [1809, 390], [1810, 390], [1811, 390], [1812, 390], [1813, 390], [1814, 390], [1815, 390], [1816, 390], [1817, 390], [1818, 390], [1819, 390], [1820, 390], [1821, 390], [1822, 390], [1795, 391], [1796, 391], [1797, 391], [1798, 391], [1799, 391], [1800, 391], [1801, 391], [1802, 391], [1803, 391], [1804, 391], [1805, 391], [1806, 391], [1807, 391], [1809, 391], [1810, 391], [1811, 391], [1812, 391], [1813, 391], [1814, 391], [1815, 391], [1816, 391], [1817, 391], [1818, 391], [1819, 391], [1820, 391], [1821, 391], [1822, 391], [1823, 391], [1824, 391], [1798, 392], [1799, 392], [1800, 392], [1801, 392], [1802, 392], [1803, 392], [1805, 392], [1806, 392], [1807, 392], [1808, 392], [1809, 392], [1810, 392], [1811, 392], [1813, 392], [1814, 392], [1815, 392], [1816, 392], [1817, 392], [1818, 392], [1819, 392], [1821, 392], [1822, 392], [1823, 392], [1824, 392], [1801, 393], [1802, 393], [1803, 393], [1804, 393], [1805, 393], [1806, 393], [1808, 393], [1809, 393], [1810, 393], [1811, 393], [1812, 393], [1813, 393], [1814, 393], [1816, 393], [1817, 393], [1818, 393], [1819, 393], [1820, 393], [1821, 393], [1822, 393], [1824, 393], [1804, 394], [1805, 394], [1806, 394], [1807, 394], [1808, 394], [1809, 394], [1810, 394], [1811, 394], [1812, 394], [1813, 394], [1814, 394], [1815, 394], [1816, 394], [1817, 394], [1818, 394], [1819, 394], [1820, 394], [1821, 394], [1822, 394], [1823, 394], [1824, 394], [1807, 395], [1808, 395], [1809, 395], [1810, 395], [1811, 395], [1812, 395], [1813, 395], [1814, 395], [1815, 395], [1816, 395], [1817, 395], [1818, 395], [1819, 395], [1820, 395], [1822, 395], [1823, 395], [1824, 395], [1810, 396], [1811, 396], [1812, 396], [1813, 396], [1814, 396], [1815, 396], [1816, 396], [1817, 396], [1818, 396], [1819, 396], [1820, 396], [1821, 396], [1822, 396], [1823, 396], [1824, 396], [1813, 397], [1814, 397], [1815, 397], [1816, 397], [1817, 397], [1818, 397], [1819, 397], [1821, 397], [1822, 397], [1823, 397], [1824, 397], [1816, 398], [1817, 398], [1818, 398], [1819, 398], [1820, 398], [1821, 398], [1822, 398], [1823, 398], [1824, 398], [1819, 399], [1820, 399], [1821, 399], [1822, 399], [1823, 399], [1824, 399], [1822, 400], [1823, 400], [1824, 400], [1232, 405], [1231, 406], [1232, 406], [1233, 406], [1231, 407], [1232, 407], [1233, 407], [1234, 407], [1232, 408], [1233, 408], [1234, 408], [1235, 408], [1236, 408], [1233, 409], [1234, 409], [1235, 409], [1236, 409], [1237, 409], [1235, 410], [1236, 410], [1237, 410], [1238, 410], [1222, 411], [1236, 411], [1237, 411], [1238, 411], [1239, 411], [1220, 412], [1221, 412], [1222, 412], [1223, 412], [1237, 412], [1238, 412], [1239, 412], [1240, 412], [1221, 413], [1222, 413], [1223, 413], [1224, 413], [1238, 413], [1239, 413], [1240, 413], [1241, 413], [1222, 414], [1223, 414], [1224, 414], [1225, 414], [1226, 414], [1239, 414], [1240, 414], [1241, 414], [1242, 414], [1223, 415], [1224, 415], [1225, 415], [1226, 415], [1227, 415], [1240, 415], [1241, 415], [1242, 415], [1243, 415], [1225, 416], [1226, 416], [1227, 416], [1228, 416], [1241, 416], [1242, 416], [1243, 416], [1226, 417], [1227, 417], [1228, 417], [1229, 417], [1241, 417], [1242, 417], [1243, 417], [1244, 417], [1245, 417], [1246, 417], [1210, 418], [1211, 418], [1227, 418], [1228, 418], [1229, 418], [1230, 418], [1240, 418], [1241, 418], [1242, 418], [1243, 418], [1244, 418], [1245, 418], [1246, 418], [1209, 419], [1210, 419], [1211, 419], [1212, 419], [1228, 419], [1229, 419], [1230, 419], [1231, 419], [1240, 419], [1241, 419], [1242, 419], [1243, 419], [1244, 419], [1246, 419], [1247, 419], [1248, 419], [1210, 420], [1211, 420], [1212, 420], [1213, 420], [1229, 420], [1230, 420], [1231, 420], [1232, 420], [1240, 420], [1241, 420], [1244, 420], [1245, 420], [1246, 420], [1247, 420], [1248, 420], [1249, 420], [1211, 421], [1212, 421], [1213, 421], [1214, 421], [1230, 421], [1231, 421], [1232, 421], [1233, 421], [1240, 421], [1241, 421], [1244, 421], [1245, 421], [1246, 421], [1247, 421], [1248, 421], [1249, 421], [1250, 421], [1251, 421], [1212, 422], [1213, 422], [1214, 422], [1215, 422], [1231, 422], [1232, 422], [1233, 422], [1234, 422], [1240, 422], [1241, 422], [1244, 422], [1245, 422], [1246, 422], [1247, 422], [1248, 422], [1249, 422], [1250, 422], [1251, 422], [1252, 422], [1213, 423], [1214, 423], [1215, 423], [1216, 423], [1232, 423], [1233, 423], [1234, 423], [1235, 423], [1236, 423], [1240, 423], [1241, 423], [1245, 423], [1246, 423], [1247, 423], [1248, 423], [1249, 423], [1251, 423], [1252, 423], [1253, 423], [1214, 424], [1215, 424], [1216, 424], [1217, 424], [1233, 424], [1234, 424], [1235, 424], [1236, 424], [1237, 424], [1238, 424], [1240, 424], [1241, 424], [1242, 424], [1248, 424], [1249, 424], [1250, 424], [1252, 424], [1253, 424], [1254, 424], [1255, 424], [1215, 425], [1216, 425], [1217, 425], [1218, 425], [1235, 425], [1236, 425], [1237, 425], [1238, 425], [1239, 425], [1240, 425], [1241, 425], [1242, 425], [1249, 425], [1250, 425], [1251, 425], [1252, 425], [1253, 425], [1254, 425], [1255, 425], [1256, 425], [1197, 426], [1198, 426], [1199, 426], [1216, 426], [1217, 426], [1218, 426], [1219, 426], [1237, 426], [1238, 426], [1239, 426], [1240, 426], [1241, 426], [1242, 426], [1243, 426], [1250, 426], [1251, 426], [1252, 426], [1253, 426], [1254, 426], [1255, 426], [1256, 426], [1257, 426], [1197, 427], [1198, 427], [1199, 427], [1200, 427], [1217, 427], [1218, 427], [1219, 427], [1220, 427], [1238, 427], [1239, 427], [1240, 427], [1242, 427], [1243, 427], [1244, 427], [1252, 427], [1253, 427], [1254, 427], [1256, 427], [1257, 427], [1258, 427], [1198, 428], [1199, 428], [1200, 428], [1201, 428], [1218, 428], [1219, 428], [1220, 428], [1221, 428], [1222, 428], [1239, 428], [1240, 428], [1241, 428], [1243, 428], [1244, 428], [1245, 428], [1246, 428], [1252, 428], [1253, 428], [1254, 428], [1255, 428], [1256, 428], [1257, 428], [1258, 428], [1199, 429], [1200, 429], [1201, 429], [1202, 429], [1219, 429], [1220, 429], [1221, 429], [1222, 429], [1223, 429], [1240, 429], [1241, 429], [1242, 429], [1244, 429], [1245, 429], [1246, 429], [1247, 429], [1248, 429], [1253, 429], [1254, 429], [1255, 429], [1257, 429], [1258, 429], [1259, 429], [1260, 429], [1200, 430], [1201, 430], [1202, 430], [1203, 430], [1221, 430], [1222, 430], [1223, 430], [1224, 430], [1241, 430], [1242, 430], [1243, 430], [1244, 430], [1246, 430], [1247, 430], [1248, 430], [1249, 430], [1253, 430], [1254, 430], [1255, 430], [1256, 430], [1257, 430], [1259, 430], [1260, 430], [1261, 430], [1262, 430], [1201, 431], [1202, 431], [1203, 431], [1204, 431], [1222, 431], [1223, 431], [1224, 431], [1242, 431], [1243, 431], [1244, 431], [1245, 431], [1246, 431], [1247, 431], [1248, 431], [1249, 431], [1250, 431], [1251, 431], [1252, 431], [1253, 431], [1254, 431], [1256, 431], [1257, 431], [1258, 431], [1259, 431], [1260, 431], [1261, 431], [1262, 431], [1263, 431], [1202, 432], [1203, 432], [1204, 432], [1205, 432], [1223, 432], [1224, 432], [1225, 432], [1244, 432], [1245, 432], [1246, 432], [1247, 432], [1248, 432], [1249, 432], [1250, 432], [1251, 432], [1252, 432], [1253, 432], [1254, 432], [1255, 432], [1256, 432], [1257, 432], [1258, 432], [1259, 432], [1261, 432], [1262, 432], [1263, 432], [1264, 432], [1203, 433], [1204, 433], [1205, 433], [1206, 433], [1223, 433], [1224, 433], [1225, 433], [1226, 433], [1245, 433], [1246, 433], [1247, 433], [1248, 433], [1251, 433], [1252, 433], [1254, 433], [1255, 433], [1256, 433], [1257, 433], [1258, 433], [1259, 433], [1262, 433], [1263, 433], [1264, 433], [1265, 433], [1266, 433], [1204, 434], [1205, 434], [1206, 434], [1207, 434], [1224, 434], [1225, 434], [1226, 434], [1227, 434], [1246, 434], [1247, 434], [1248, 434], [1249, 434], [1251, 434], [1252, 434], [1253, 434], [1254, 434], [1255, 434], [1256, 434], [1257, 434], [1258, 434], [1259, 434], [1260, 434], [1263, 434], [1264, 434], [1265, 434], [1266, 434], [1267, 434], [1205, 435], [1206, 435], [1207, 435], [1208, 435], [1225, 435], [1226, 435], [1227, 435], [1228, 435], [1229, 435], [1247, 435], [1248, 435], [1249, 435], [1250, 435], [1252, 435], [1253, 435], [1254, 435], [1255, 435], [1256, 435], [1257, 435], [1258, 435], [1259, 435], [1260, 435], [1265, 435], [1266, 435], [1267, 435], [1206, 436], [1207, 436], [1208, 436], [1209, 436], [1226, 436], [1227, 436], [1228, 436], [1229, 436], [1230, 436], [1248, 436], [1249, 436], [1250, 436], [1251, 436], [1253, 436], [1254, 436], [1255, 436], [1256, 436], [1257, 436], [1258, 436], [1259, 436], [1260, 436], [1261, 436], [1263, 436], [1264, 436], [1265, 436], [1266, 436], [1267, 436], [1207, 437], [1208, 437], [1209, 437], [1210, 437], [1228, 437], [1229, 437], [1230, 437], [1231, 437], [1249, 437], [1250, 437], [1251, 437], [1252, 437], [1256, 437], [1257, 437], [1259, 437], [1260, 437], [1261, 437], [1262, 437], [1263, 437], [1264, 437], [1265, 437], [1266, 437], [1267, 437], [1208, 438], [1209, 438], [1210, 438], [1211, 438], [1229, 438], [1230, 438], [1231, 438], [1232, 438], [1250, 438], [1251, 438], [1252, 438], [1253, 438], [1256, 438], [1257, 438], [1258, 438], [1259, 438], [1260, 438], [1261, 438], [1262, 438], [1263, 438], [1264, 438], [1265, 438], [1209, 439], [1210, 439], [1211, 439], [1212, 439], [1230, 439], [1231, 439], [1232, 439], [1233, 439], [1234, 439], [1251, 439], [1252, 439], [1253, 439], [1254, 439], [1256, 439], [1257, 439], [1258, 439], [1259, 439], [1260, 439], [1261, 439], [1262, 439], [1263, 439], [1264, 439], [1265, 439], [1210, 440], [1211, 440], [1212, 440], [1213, 440], [1231, 440], [1232, 440], [1233, 440], [1234, 440], [1235, 440], [1252, 440], [1253, 440], [1254, 440], [1255, 440], [1256, 440], [1264, 440], [1265, 440], [1211, 441], [1212, 441], [1213, 441], [1214, 441], [1233, 441], [1234, 441], [1235, 441], [1236, 441], [1253, 441], [1254, 441], [1255, 441], [1256, 441], [1257, 441], [1264, 441], [1265, 441], [1212, 442], [1213, 442], [1214, 442], [1215, 442], [1234, 442], [1235, 442], [1236, 442], [1237, 442], [1255, 442], [1256, 442], [1257, 442], [1258, 442], [1264, 442], [1265, 442], [1266, 442], [1267, 442], [1213, 443], [1214, 443], [1215, 443], [1216, 443], [1235, 443], [1236, 443], [1237, 443], [1238, 443], [1256, 443], [1257, 443], [1258, 443], [1259, 443], [1260, 443], [1264, 443], [1265, 443], [1266, 443], [1267, 443], [1214, 444], [1215, 444], [1216, 444], [1217, 444], [1218, 444], [1236, 444], [1237, 444], [1238, 444], [1239, 444], [1240, 444], [1257, 444], [1258, 444], [1259, 444], [1260, 444], [1261, 444], [1266, 444], [1267, 444], [1268, 444], [1271, 444], [1272, 444], [1273, 444], [1215, 445], [1216, 445], [1217, 445], [1218, 445], [1219, 445], [1237, 445], [1238, 445], [1239, 445], [1240, 445], [1241, 445], [1259, 445], [1260, 445], [1261, 445], [1262, 445], [1266, 445], [1267, 445], [1268, 445], [1269, 445], [1270, 445], [1271, 445], [1272, 445], [1273, 445], [1274, 445], [1275, 445], [1276, 445], [1217, 446], [1218, 446], [1219, 446], [1220, 446], [1239, 446], [1240, 446], [1241, 446], [1242, 446], [1260, 446], [1261, 446], [1262, 446], [1263, 446], [1267, 446], [1268, 446], [1269, 446], [1270, 446], [1271, 446], [1272, 446], [1273, 446], [1274, 446], [1275, 446], [1276, 446], [1277, 446], [1218, 447], [1219, 447], [1220, 447], [1221, 447], [1240, 447], [1241, 447], [1242, 447], [1243, 447], [1261, 447], [1262, 447], [1263, 447], [1264, 447], [1275, 447], [1276, 447], [1277, 447], [1278, 447], [1219, 448], [1220, 448], [1221, 448], [1222, 448], [1241, 448], [1242, 448], [1243, 448], [1244, 448], [1262, 448], [1263, 448], [1264, 448], [1265, 448], [1276, 448], [1277, 448], [1278, 448], [1279, 448], [1280, 448], [1220, 449], [1221, 449], [1222, 449], [1223, 449], [1242, 449], [1243, 449], [1244, 449], [1245, 449], [1263, 449], [1264, 449], [1265, 449], [1266, 449], [1277, 449], [1278, 449], [1279, 449], [1280, 449], [1281, 449], [1221, 450], [1222, 450], [1223, 450], [1224, 450], [1243, 450], [1244, 450], [1245, 450], [1246, 450], [1264, 450], [1265, 450], [1266, 450], [1267, 450], [1279, 450], [1280, 450], [1281, 450], [1282, 450], [1283, 450], [1284, 450], [1285, 450], [1286, 450], [1222, 451], [1223, 451], [1224, 451], [1225, 451], [1244, 451], [1245, 451], [1246, 451], [1247, 451], [1265, 451], [1266, 451], [1267, 451], [1268, 451], [1269, 451], [1280, 451], [1281, 451], [1282, 451], [1283, 451], [1284, 451], [1285, 451], [1286, 451], [1287, 451], [1288, 451], [1223, 452], [1224, 452], [1225, 452], [1226, 452], [1245, 452], [1246, 452], [1247, 452], [1248, 452], [1266, 452], [1267, 452], [1268, 452], [1269, 452], [1270, 452], [1271, 452], [1280, 452], [1281, 452], [1282, 452], [1283, 452], [1284, 452], [1286, 452], [1287, 452], [1288, 452], [1289, 452], [1224, 453], [1225, 453], [1226, 453], [1227, 453], [1246, 453], [1247, 453], [1248, 453], [1249, 453], [1268, 453], [1269, 453], [1270, 453], [1271, 453], [1272, 453], [1280, 453], [1281, 453], [1282, 453], [1283, 453], [1284, 453], [1285, 453], [1286, 453], [1287, 453], [1288, 453], [1289, 453], [1290, 453], [1225, 454], [1226, 454], [1227, 454], [1228, 454], [1229, 454], [1247, 454], [1248, 454], [1249, 454], [1250, 454], [1251, 454], [1270, 454], [1271, 454], [1272, 454], [1273, 454], [1280, 454], [1281, 454], [1282, 454], [1283, 454], [1284, 454], [1285, 454], [1286, 454], [1288, 454], [1289, 454], [1290, 454], [1291, 454], [1226, 455], [1227, 455], [1228, 455], [1229, 455], [1230, 455], [1248, 455], [1249, 455], [1250, 455], [1251, 455], [1252, 455], [1271, 455], [1272, 455], [1273, 455], [1282, 455], [1283, 455], [1285, 455], [1286, 455], [1287, 455], [1289, 455], [1290, 455], [1291, 455], [1292, 455], [1228, 456], [1229, 456], [1230, 456], [1231, 456], [1250, 456], [1251, 456], [1252, 456], [1253, 456], [1272, 456], [1273, 456], [1274, 456], [1275, 456], [1282, 456], [1283, 456], [1284, 456], [1285, 456], [1286, 456], [1287, 456], [1290, 456], [1291, 456], [1292, 456], [1293, 456], [1294, 456], [1229, 457], [1230, 457], [1231, 457], [1232, 457], [1251, 457], [1252, 457], [1253, 457], [1254, 457], [1272, 457], [1273, 457], [1274, 457], [1275, 457], [1276, 457], [1282, 457], [1283, 457], [1284, 457], [1285, 457], [1286, 457], [1287, 457], [1291, 457], [1292, 457], [1293, 457], [1294, 457], [1295, 457], [1230, 458], [1231, 458], [1232, 458], [1233, 458], [1252, 458], [1253, 458], [1254, 458], [1255, 458], [1274, 458], [1275, 458], [1276, 458], [1277, 458], [1283, 458], [1284, 458], [1285, 458], [1286, 458], [1287, 458], [1293, 458], [1294, 458], [1295, 458], [1296, 458], [1231, 459], [1232, 459], [1233, 459], [1234, 459], [1253, 459], [1254, 459], [1255, 459], [1256, 459], [1275, 459], [1276, 459], [1277, 459], [1278, 459], [1283, 459], [1284, 459], [1285, 459], [1286, 459], [1294, 459], [1295, 459], [1296, 459], [1297, 459], [1232, 460], [1233, 460], [1234, 460], [1235, 460], [1254, 460], [1255, 460], [1256, 460], [1257, 460], [1276, 460], [1277, 460], [1278, 460], [1279, 460], [1280, 460], [1295, 460], [1296, 460], [1297, 460], [1298, 460], [1233, 461], [1234, 461], [1235, 461], [1236, 461], [1255, 461], [1256, 461], [1257, 461], [1258, 461], [1277, 461], [1278, 461], [1279, 461], [1280, 461], [1281, 461], [1296, 461], [1297, 461], [1298, 461], [1299, 461], [1300, 461], [1234, 462], [1235, 462], [1236, 462], [1237, 462], [1256, 462], [1257, 462], [1258, 462], [1259, 462], [1279, 462], [1280, 462], [1281, 462], [1282, 462], [1297, 462], [1298, 462], [1299, 462], [1300, 462], [1301, 462], [1235, 463], [1236, 463], [1237, 463], [1238, 463], [1257, 463], [1258, 463], [1259, 463], [1260, 463], [1280, 463], [1281, 463], [1282, 463], [1283, 463], [1297, 463], [1298, 463], [1299, 463], [1300, 463], [1301, 463], [1302, 463], [1236, 464], [1237, 464], [1238, 464], [1239, 464], [1240, 464], [1244, 464], [1245, 464], [1246, 464], [1247, 464], [1248, 464], [1258, 464], [1259, 464], [1260, 464], [1261, 464], [1281, 464], [1282, 464], [1283, 464], [1284, 464], [1300, 464], [1301, 464], [1302, 464], [1303, 464], [1304, 464], [1237, 465], [1238, 465], [1239, 465], [1240, 465], [1241, 465], [1244, 465], [1245, 465], [1246, 465], [1247, 465], [1248, 465], [1259, 465], [1260, 465], [1261, 465], [1262, 465], [1263, 465], [1282, 465], [1283, 465], [1284, 465], [1285, 465], [1301, 465], [1302, 465], [1303, 465], [1304, 465], [1305, 465], [1239, 466], [1240, 466], [1241, 466], [1244, 466], [1245, 466], [1247, 466], [1248, 466], [1249, 466], [1250, 466], [1260, 466], [1261, 466], [1262, 466], [1263, 466], [1264, 466], [1283, 466], [1284, 466], [1285, 466], [1286, 466], [1287, 466], [1303, 466], [1304, 466], [1305, 466], [1306, 466], [1240, 467], [1241, 467], [1242, 467], [1243, 467], [1244, 467], [1245, 467], [1247, 467], [1248, 467], [1249, 467], [1250, 467], [1251, 467], [1252, 467], [1262, 467], [1263, 467], [1264, 467], [1265, 467], [1284, 467], [1285, 467], [1286, 467], [1287, 467], [1288, 467], [1304, 467], [1305, 467], [1306, 467], [1307, 467], [1240, 468], [1241, 468], [1242, 468], [1243, 468], [1244, 468], [1245, 468], [1249, 468], [1250, 468], [1251, 468], [1252, 468], [1253, 468], [1263, 468], [1264, 468], [1265, 468], [1266, 468], [1286, 468], [1287, 468], [1288, 468], [1289, 468], [1305, 468], [1306, 468], [1307, 468], [1308, 468], [1309, 468], [1251, 469], [1252, 469], [1253, 469], [1254, 469], [1264, 469], [1265, 469], [1266, 469], [1267, 469], [1287, 469], [1288, 469], [1289, 469], [1290, 469], [1306, 469], [1307, 469], [1308, 469], [1309, 469], [1310, 469], [1252, 470], [1253, 470], [1254, 470], [1265, 470], [1266, 470], [1267, 470], [1268, 470], [1288, 470], [1289, 470], [1290, 470], [1291, 470], [1308, 470], [1309, 470], [1310, 470], [1311, 470], [1253, 471], [1254, 471], [1255, 471], [1256, 471], [1266, 471], [1267, 471], [1268, 471], [1269, 471], [1289, 471], [1290, 471], [1291, 471], [1292, 471], [1309, 471], [1310, 471], [1311, 471], [1312, 471], [1313, 471], [1253, 472], [1254, 472], [1255, 472], [1256, 472], [1257, 472], [1258, 472], [1267, 472], [1268, 472], [1269, 472], [1270, 472], [1290, 472], [1291, 472], [1292, 472], [1293, 472], [1294, 472], [1310, 472], [1311, 472], [1312, 472], [1313, 472], [1314, 472], [1248, 473], [1249, 473], [1250, 473], [1251, 473], [1252, 473], [1255, 473], [1256, 473], [1257, 473], [1258, 473], [1259, 473], [1268, 473], [1269, 473], [1270, 473], [1271, 473], [1291, 473], [1292, 473], [1293, 473], [1294, 473], [1295, 473], [1312, 473], [1313, 473], [1314, 473], [1315, 473], [1248, 474], [1249, 474], [1250, 474], [1251, 474], [1252, 474], [1253, 474], [1257, 474], [1258, 474], [1259, 474], [1260, 474], [1269, 474], [1270, 474], [1271, 474], [1272, 474], [1293, 474], [1294, 474], [1295, 474], [1296, 474], [1313, 474], [1314, 474], [1315, 474], [1316, 474], [1248, 475], [1249, 475], [1250, 475], [1251, 475], [1252, 475], [1253, 475], [1254, 475], [1255, 475], [1258, 475], [1259, 475], [1260, 475], [1261, 475], [1262, 475], [1263, 475], [1264, 475], [1270, 475], [1271, 475], [1272, 475], [1273, 475], [1294, 475], [1295, 475], [1296, 475], [1297, 475], [1314, 475], [1315, 475], [1316, 475], [1317, 475], [1248, 476], [1249, 476], [1250, 476], [1251, 476], [1252, 476], [1253, 476], [1254, 476], [1255, 476], [1256, 476], [1259, 476], [1260, 476], [1261, 476], [1262, 476], [1263, 476], [1264, 476], [1271, 476], [1272, 476], [1273, 476], [1274, 476], [1295, 476], [1296, 476], [1297, 476], [1298, 476], [1299, 476], [1315, 476], [1316, 476], [1317, 476], [1318, 476], [1249, 477], [1250, 477], [1251, 477], [1252, 477], [1254, 477], [1255, 477], [1256, 477], [1257, 477], [1259, 477], [1260, 477], [1261, 477], [1262, 477], [1263, 477], [1264, 477], [1272, 477], [1273, 477], [1274, 477], [1275, 477], [1296, 477], [1297, 477], [1298, 477], [1299, 477], [1300, 477], [1316, 477], [1317, 477], [1318, 477], [1319, 477], [1250, 478], [1251, 478], [1252, 478], [1253, 478], [1254, 478], [1255, 478], [1256, 478], [1257, 478], [1258, 478], [1259, 478], [1261, 478], [1262, 478], [1263, 478], [1264, 478], [1265, 478], [1273, 478], [1274, 478], [1275, 478], [1276, 478], [1298, 478], [1299, 478], [1300, 478], [1317, 478], [1318, 478], [1319, 478], [1320, 478], [1321, 478], [1322, 478], [1251, 479], [1252, 479], [1253, 479], [1254, 479], [1255, 479], [1256, 479], [1257, 479], [1258, 479], [1260, 479], [1261, 479], [1263, 479], [1264, 479], [1265, 479], [1274, 479], [1275, 479], [1276, 479], [1277, 479], [1278, 479], [1299, 479], [1300, 479], [1301, 479], [1302, 479], [1318, 479], [1319, 479], [1320, 479], [1321, 479], [1322, 479], [1323, 479], [1253, 480], [1254, 480], [1255, 480], [1256, 480], [1257, 480], [1258, 480], [1259, 480], [1260, 480], [1264, 480], [1265, 480], [1275, 480], [1276, 480], [1277, 480], [1278, 480], [1279, 480], [1299, 480], [1300, 480], [1301, 480], [1302, 480], [1303, 480], [1321, 480], [1322, 480], [1323, 480], [1254, 481], [1255, 481], [1256, 481], [1257, 481], [1258, 481], [1259, 481], [1260, 481], [1261, 481], [1264, 481], [1265, 481], [1277, 481], [1278, 481], [1279, 481], [1280, 481], [1301, 481], [1302, 481], [1303, 481], [1304, 481], [1322, 481], [1323, 481], [1324, 481], [1325, 481], [1326, 481], [1255, 482], [1256, 482], [1257, 482], [1258, 482], [1259, 482], [1260, 482], [1261, 482], [1262, 482], [1263, 482], [1264, 482], [1265, 482], [1266, 482], [1267, 482], [1278, 482], [1279, 482], [1280, 482], [1281, 482], [1302, 482], [1303, 482], [1304, 482], [1305, 482], [1322, 482], [1323, 482], [1324, 482], [1325, 482], [1326, 482], [1327, 482], [1256, 483], [1257, 483], [1258, 483], [1259, 483], [1260, 483], [1261, 483], [1262, 483], [1263, 483], [1264, 483], [1265, 483], [1266, 483], [1267, 483], [1268, 483], [1279, 483], [1280, 483], [1281, 483], [1282, 483], [1303, 483], [1304, 483], [1305, 483], [1306, 483], [1325, 483], [1326, 483], [1327, 483], [1328, 483], [1258, 484], [1259, 484], [1260, 484], [1261, 484], [1262, 484], [1263, 484], [1266, 484], [1267, 484], [1268, 484], [1269, 484], [1280, 484], [1281, 484], [1282, 484], [1283, 484], [1304, 484], [1305, 484], [1306, 484], [1307, 484], [1308, 484], [1326, 484], [1327, 484], [1328, 484], [1329, 484], [1259, 485], [1260, 485], [1261, 485], [1262, 485], [1263, 485], [1264, 485], [1267, 485], [1268, 485], [1269, 485], [1281, 485], [1282, 485], [1283, 485], [1284, 485], [1305, 485], [1306, 485], [1307, 485], [1308, 485], [1309, 485], [1327, 485], [1328, 485], [1329, 485], [1330, 485], [1331, 485], [1262, 486], [1263, 486], [1264, 486], [1265, 486], [1266, 486], [1268, 486], [1269, 486], [1270, 486], [1271, 486], [1272, 486], [1273, 486], [1282, 486], [1283, 486], [1284, 486], [1285, 486], [1307, 486], [1308, 486], [1309, 486], [1310, 486], [1328, 486], [1329, 486], [1330, 486], [1331, 486], [1332, 486], [1262, 487], [1263, 487], [1264, 487], [1265, 487], [1266, 487], [1268, 487], [1269, 487], [1270, 487], [1271, 487], [1272, 487], [1273, 487], [1274, 487], [1283, 487], [1284, 487], [1285, 487], [1286, 487], [1308, 487], [1309, 487], [1310, 487], [1311, 487], [1330, 487], [1331, 487], [1332, 487], [1262, 488], [1263, 488], [1264, 488], [1265, 488], [1267, 488], [1268, 488], [1272, 488], [1273, 488], [1274, 488], [1275, 488], [1284, 488], [1285, 488], [1286, 488], [1287, 488], [1309, 488], [1310, 488], [1311, 488], [1312, 488], [1331, 488], [1332, 488], [1333, 488], [1263, 489], [1264, 489], [1265, 489], [1266, 489], [1267, 489], [1268, 489], [1269, 489], [1273, 489], [1274, 489], [1275, 489], [1276, 489], [1285, 489], [1286, 489], [1287, 489], [1288, 489], [1310, 489], [1311, 489], [1312, 489], [1313, 489], [1314, 489], [1331, 489], [1332, 489], [1333, 489], [1334, 489], [1335, 489], [1266, 490], [1267, 490], [1268, 490], [1269, 490], [1270, 490], [1271, 490], [1274, 490], [1275, 490], [1276, 490], [1277, 490], [1286, 490], [1287, 490], [1288, 490], [1289, 490], [1311, 490], [1312, 490], [1313, 490], [1314, 490], [1315, 490], [1327, 490], [1328, 490], [1329, 490], [1332, 490], [1333, 490], [1334, 490], [1335, 490], [1336, 490], [1337, 490], [1266, 491], [1267, 491], [1268, 491], [1269, 491], [1270, 491], [1271, 491], [1275, 491], [1276, 491], [1277, 491], [1278, 491], [1287, 491], [1288, 491], [1289, 491], [1290, 491], [1313, 491], [1314, 491], [1315, 491], [1316, 491], [1327, 491], [1328, 491], [1329, 491], [1334, 491], [1335, 491], [1336, 491], [1337, 491], [1338, 491], [1267, 492], [1268, 492], [1269, 492], [1270, 492], [1271, 492], [1276, 492], [1277, 492], [1278, 492], [1279, 492], [1280, 492], [1288, 492], [1289, 492], [1290, 492], [1291, 492], [1314, 492], [1315, 492], [1316, 492], [1317, 492], [1327, 492], [1328, 492], [1329, 492], [1336, 492], [1337, 492], [1338, 492], [1339, 492], [1268, 493], [1269, 493], [1270, 493], [1271, 493], [1277, 493], [1278, 493], [1279, 493], [1280, 493], [1285, 493], [1286, 493], [1287, 493], [1289, 493], [1290, 493], [1291, 493], [1292, 493], [1315, 493], [1316, 493], [1317, 493], [1318, 493], [1323, 493], [1324, 493], [1325, 493], [1326, 493], [1327, 493], [1328, 493], [1329, 493], [1337, 493], [1338, 493], [1339, 493], [1340, 493], [1268, 494], [1269, 494], [1270, 494], [1271, 494], [1279, 494], [1280, 494], [1281, 494], [1282, 494], [1283, 494], [1284, 494], [1285, 494], [1286, 494], [1287, 494], [1288, 494], [1289, 494], [1290, 494], [1291, 494], [1292, 494], [1293, 494], [1316, 494], [1317, 494], [1318, 494], [1319, 494], [1323, 494], [1324, 494], [1325, 494], [1326, 494], [1327, 494], [1328, 494], [1338, 494], [1339, 494], [1340, 494], [1341, 494], [1269, 495], [1270, 495], [1271, 495], [1279, 495], [1280, 495], [1281, 495], [1282, 495], [1283, 495], [1284, 495], [1285, 495], [1286, 495], [1287, 495], [1288, 495], [1289, 495], [1291, 495], [1292, 495], [1293, 495], [1294, 495], [1317, 495], [1318, 495], [1319, 495], [1320, 495], [1321, 495], [1323, 495], [1324, 495], [1325, 495], [1327, 495], [1328, 495], [1329, 495], [1330, 495], [1331, 495], [1332, 495], [1333, 495], [1334, 495], [1335, 495], [1336, 495], [1337, 495], [1339, 495], [1340, 495], [1341, 495], [1342, 495], [1343, 495], [1280, 496], [1281, 496], [1282, 496], [1283, 496], [1287, 496], [1288, 496], [1289, 496], [1292, 496], [1293, 496], [1294, 496], [1295, 496], [1318, 496], [1319, 496], [1320, 496], [1321, 496], [1322, 496], [1323, 496], [1324, 496], [1325, 496], [1326, 496], [1328, 496], [1329, 496], [1330, 496], [1331, 496], [1332, 496], [1333, 496], [1334, 496], [1335, 496], [1336, 496], [1337, 496], [1340, 496], [1341, 496], [1342, 496], [1343, 496], [1344, 496], [1284, 497], [1285, 497], [1286, 497], [1287, 497], [1288, 497], [1289, 497], [1293, 497], [1294, 497], [1295, 497], [1296, 497], [1320, 497], [1321, 497], [1322, 497], [1323, 497], [1324, 497], [1325, 497], [1326, 497], [1327, 497], [1335, 497], [1336, 497], [1337, 497], [1342, 497], [1343, 497], [1344, 497], [1345, 497], [1282, 498], [1283, 498], [1284, 498], [1285, 498], [1286, 498], [1287, 498], [1288, 498], [1294, 498], [1295, 498], [1296, 498], [1297, 498], [1298, 498], [1321, 498], [1322, 498], [1323, 498], [1324, 498], [1326, 498], [1327, 498], [1328, 498], [1329, 498], [1330, 498], [1334, 498], [1335, 498], [1336, 498], [1337, 498], [1343, 498], [1344, 498], [1345, 498], [1346, 498], [1282, 499], [1283, 499], [1284, 499], [1285, 499], [1286, 499], [1295, 499], [1296, 499], [1297, 499], [1298, 499], [1299, 499], [1300, 499], [1322, 499], [1323, 499], [1324, 499], [1325, 499], [1326, 499], [1327, 499], [1328, 499], [1329, 499], [1330, 499], [1331, 499], [1332, 499], [1334, 499], [1335, 499], [1336, 499], [1344, 499], [1345, 499], [1346, 499], [1347, 499], [1348, 499], [1282, 500], [1283, 500], [1284, 500], [1285, 500], [1286, 500], [1297, 500], [1298, 500], [1299, 500], [1300, 500], [1323, 500], [1324, 500], [1325, 500], [1326, 500], [1329, 500], [1330, 500], [1331, 500], [1332, 500], [1333, 500], [1334, 500], [1335, 500], [1345, 500], [1346, 500], [1347, 500], [1348, 500], [1349, 500], [1278, 501], [1279, 501], [1280, 501], [1281, 501], [1285, 501], [1286, 501], [1287, 501], [1299, 501], [1300, 501], [1301, 501], [1302, 501], [1324, 501], [1325, 501], [1326, 501], [1327, 501], [1331, 501], [1332, 501], [1333, 501], [1334, 501], [1336, 501], [1337, 501], [1338, 501], [1339, 501], [1343, 501], [1344, 501], [1345, 501], [1346, 501], [1348, 501], [1349, 501], [1350, 501], [1278, 502], [1279, 502], [1280, 502], [1281, 502], [1285, 502], [1286, 502], [1287, 502], [1288, 502], [1299, 502], [1300, 502], [1301, 502], [1302, 502], [1303, 502], [1325, 502], [1326, 502], [1327, 502], [1328, 502], [1329, 502], [1334, 502], [1335, 502], [1336, 502], [1337, 502], [1338, 502], [1339, 502], [1342, 502], [1343, 502], [1344, 502], [1345, 502], [1346, 502], [1347, 502], [1348, 502], [1349, 502], [1350, 502], [1351, 502], [1278, 503], [1279, 503], [1280, 503], [1281, 503], [1286, 503], [1287, 503], [1288, 503], [1289, 503], [1290, 503], [1301, 503], [1302, 503], [1303, 503], [1304, 503], [1326, 503], [1327, 503], [1328, 503], [1329, 503], [1330, 503], [1334, 503], [1335, 503], [1336, 503], [1337, 503], [1338, 503], [1339, 503], [1341, 503], [1342, 503], [1343, 503], [1344, 503], [1346, 503], [1347, 503], [1349, 503], [1350, 503], [1351, 503], [1278, 504], [1279, 504], [1280, 504], [1281, 504], [1287, 504], [1288, 504], [1289, 504], [1290, 504], [1302, 504], [1303, 504], [1304, 504], [1328, 504], [1329, 504], [1330, 504], [1331, 504], [1334, 504], [1335, 504], [1336, 504], [1337, 504], [1338, 504], [1339, 504], [1340, 504], [1341, 504], [1342, 504], [1343, 504], [1346, 504], [1347, 504], [1350, 504], [1351, 504], [1352, 504], [1353, 504], [1354, 504], [1282, 505], [1283, 505], [1284, 505], [1285, 505], [1289, 505], [1290, 505], [1291, 505], [1303, 505], [1304, 505], [1305, 505], [1329, 505], [1330, 505], [1331, 505], [1334, 505], [1335, 505], [1336, 505], [1337, 505], [1338, 505], [1339, 505], [1340, 505], [1341, 505], [1342, 505], [1346, 505], [1347, 505], [1348, 505], [1349, 505], [1350, 505], [1351, 505], [1352, 505], [1353, 505], [1354, 505], [1355, 505], [1282, 506], [1283, 506], [1284, 506], [1285, 506], [1286, 506], [1287, 506], [1289, 506], [1290, 506], [1291, 506], [1292, 506], [1293, 506], [1303, 506], [1304, 506], [1305, 506], [1306, 506], [1307, 506], [1330, 506], [1331, 506], [1332, 506], [1338, 506], [1339, 506], [1340, 506], [1346, 506], [1347, 506], [1348, 506], [1349, 506], [1350, 506], [1351, 506], [1353, 506], [1354, 506], [1355, 506], [1356, 506], [1282, 507], [1283, 507], [1285, 507], [1286, 507], [1287, 507], [1290, 507], [1291, 507], [1292, 507], [1293, 507], [1294, 507], [1304, 507], [1305, 507], [1306, 507], [1307, 507], [1308, 507], [1330, 507], [1331, 507], [1332, 507], [1333, 507], [1339, 507], [1340, 507], [1341, 507], [1345, 507], [1346, 507], [1347, 507], [1348, 507], [1349, 507], [1350, 507], [1351, 507], [1352, 507], [1354, 507], [1355, 507], [1356, 507], [1357, 507], [1282, 508], [1283, 508], [1284, 508], [1285, 508], [1286, 508], [1287, 508], [1288, 508], [1292, 508], [1293, 508], [1294, 508], [1295, 508], [1296, 508], [1297, 508], [1298, 508], [1306, 508], [1307, 508], [1308, 508], [1309, 508], [1331, 508], [1332, 508], [1333, 508], [1334, 508], [1335, 508], [1339, 508], [1340, 508], [1341, 508], [1345, 508], [1346, 508], [1347, 508], [1348, 508], [1349, 508], [1350, 508], [1351, 508], [1352, 508], [1355, 508], [1356, 508], [1357, 508], [1358, 508], [1283, 509], [1284, 509], [1285, 509], [1287, 509], [1288, 509], [1293, 509], [1294, 509], [1295, 509], [1296, 509], [1297, 509], [1298, 509], [1299, 509], [1300, 509], [1301, 509], [1307, 509], [1308, 509], [1309, 509], [1310, 509], [1332, 509], [1333, 509], [1334, 509], [1335, 509], [1336, 509], [1340, 509], [1341, 509], [1342, 509], [1343, 509], [1344, 509], [1345, 509], [1346, 509], [1349, 509], [1350, 509], [1351, 509], [1352, 509], [1356, 509], [1357, 509], [1358, 509], [1359, 509], [1284, 510], [1285, 510], [1286, 510], [1287, 510], [1288, 510], [1289, 510], [1290, 510], [1297, 510], [1298, 510], [1299, 510], [1300, 510], [1301, 510], [1302, 510], [1303, 510], [1304, 510], [1305, 510], [1308, 510], [1309, 510], [1310, 510], [1334, 510], [1335, 510], [1336, 510], [1337, 510], [1340, 510], [1341, 510], [1342, 510], [1343, 510], [1344, 510], [1345, 510], [1346, 510], [1349, 510], [1350, 510], [1351, 510], [1352, 510], [1357, 510], [1358, 510], [1359, 510], [1360, 510], [1285, 511], [1286, 511], [1287, 511], [1288, 511], [1289, 511], [1290, 511], [1300, 511], [1301, 511], [1302, 511], [1303, 511], [1304, 511], [1305, 511], [1309, 511], [1310, 511], [1311, 511], [1335, 511], [1336, 511], [1337, 511], [1338, 511], [1341, 511], [1342, 511], [1343, 511], [1344, 511], [1346, 511], [1347, 511], [1348, 511], [1349, 511], [1350, 511], [1353, 511], [1354, 511], [1355, 511], [1358, 511], [1359, 511], [1360, 511], [1361, 511], [1286, 512], [1287, 512], [1288, 512], [1289, 512], [1290, 512], [1291, 512], [1292, 512], [1303, 512], [1304, 512], [1305, 512], [1309, 512], [1310, 512], [1311, 512], [1312, 512], [1336, 512], [1337, 512], [1338, 512], [1339, 512], [1340, 512], [1341, 512], [1342, 512], [1343, 512], [1346, 512], [1347, 512], [1348, 512], [1349, 512], [1350, 512], [1351, 512], [1352, 512], [1353, 512], [1354, 512], [1355, 512], [1356, 512], [1359, 512], [1360, 512], [1361, 512], [1362, 512], [1287, 513], [1288, 513], [1289, 513], [1290, 513], [1291, 513], [1292, 513], [1293, 513], [1303, 513], [1304, 513], [1305, 513], [1306, 513], [1307, 513], [1310, 513], [1311, 513], [1312, 513], [1313, 513], [1314, 513], [1337, 513], [1338, 513], [1339, 513], [1340, 513], [1341, 513], [1346, 513], [1347, 513], [1348, 513], [1350, 513], [1351, 513], [1352, 513], [1353, 513], [1354, 513], [1355, 513], [1356, 513], [1360, 513], [1361, 513], [1362, 513], [1363, 513], [1290, 514], [1291, 514], [1292, 514], [1293, 514], [1299, 514], [1300, 514], [1301, 514], [1302, 514], [1303, 514], [1304, 514], [1305, 514], [1306, 514], [1307, 514], [1311, 514], [1312, 514], [1313, 514], [1314, 514], [1315, 514], [1339, 514], [1340, 514], [1341, 514], [1342, 514], [1347, 514], [1348, 514], [1349, 514], [1350, 514], [1351, 514], [1352, 514], [1353, 514], [1354, 514], [1355, 514], [1356, 514], [1361, 514], [1362, 514], [1363, 514], [1364, 514], [1290, 515], [1291, 515], [1292, 515], [1293, 515], [1294, 515], [1295, 515], [1298, 515], [1299, 515], [1300, 515], [1301, 515], [1302, 515], [1306, 515], [1307, 515], [1308, 515], [1313, 515], [1314, 515], [1315, 515], [1316, 515], [1340, 515], [1341, 515], [1342, 515], [1343, 515], [1348, 515], [1349, 515], [1350, 515], [1351, 515], [1352, 515], [1353, 515], [1354, 515], [1355, 515], [1362, 515], [1363, 515], [1364, 515], [1365, 515], [1291, 516], [1292, 516], [1293, 516], [1294, 516], [1295, 516], [1296, 516], [1297, 516], [1298, 516], [1299, 516], [1301, 516], [1302, 516], [1306, 516], [1307, 516], [1308, 516], [1314, 516], [1315, 516], [1316, 516], [1317, 516], [1341, 516], [1342, 516], [1343, 516], [1344, 516], [1355, 516], [1356, 516], [1357, 516], [1358, 516], [1359, 516], [1360, 516], [1361, 516], [1363, 516], [1364, 516], [1365, 516], [1366, 516], [1367, 516], [1293, 517], [1294, 517], [1296, 517], [1297, 517], [1298, 517], [1299, 517], [1300, 517], [1301, 517], [1302, 517], [1307, 517], [1308, 517], [1309, 517], [1310, 517], [1315, 517], [1316, 517], [1317, 517], [1318, 517], [1342, 517], [1343, 517], [1344, 517], [1345, 517], [1354, 517], [1355, 517], [1356, 517], [1357, 517], [1358, 517], [1359, 517], [1360, 517], [1361, 517], [1362, 517], [1363, 517], [1365, 517], [1366, 517], [1367, 517], [1293, 518], [1294, 518], [1295, 518], [1296, 518], [1297, 518], [1298, 518], [1299, 518], [1300, 518], [1301, 518], [1307, 518], [1308, 518], [1309, 518], [1310, 518], [1311, 518], [1316, 518], [1317, 518], [1318, 518], [1319, 518], [1343, 518], [1344, 518], [1345, 518], [1346, 518], [1347, 518], [1354, 518], [1355, 518], [1356, 518], [1360, 518], [1361, 518], [1362, 518], [1363, 518], [1364, 518], [1365, 518], [1366, 518], [1367, 518], [1368, 518], [1369, 518], [1370, 518], [1295, 519], [1296, 519], [1297, 519], [1300, 519], [1301, 519], [1302, 519], [1309, 519], [1310, 519], [1311, 519], [1312, 519], [1317, 519], [1318, 519], [1319, 519], [1320, 519], [1344, 519], [1345, 519], [1346, 519], [1347, 519], [1348, 519], [1354, 519], [1355, 519], [1356, 519], [1363, 519], [1364, 519], [1365, 519], [1366, 519], [1367, 519], [1368, 519], [1369, 519], [1370, 519], [1371, 519], [1296, 520], [1297, 520], [1298, 520], [1300, 520], [1301, 520], [1302, 520], [1303, 520], [1310, 520], [1311, 520], [1312, 520], [1313, 520], [1318, 520], [1319, 520], [1320, 520], [1321, 520], [1322, 520], [1346, 520], [1347, 520], [1348, 520], [1349, 520], [1354, 520], [1355, 520], [1356, 520], [1357, 520], [1358, 520], [1367, 520], [1368, 520], [1370, 520], [1371, 520], [1372, 520], [1296, 521], [1297, 521], [1298, 521], [1299, 521], [1301, 521], [1302, 521], [1303, 521], [1311, 521], [1312, 521], [1313, 521], [1314, 521], [1319, 521], [1320, 521], [1321, 521], [1322, 521], [1323, 521], [1347, 521], [1348, 521], [1349, 521], [1350, 521], [1355, 521], [1356, 521], [1357, 521], [1358, 521], [1359, 521], [1367, 521], [1368, 521], [1369, 521], [1371, 521], [1372, 521], [1373, 521], [1374, 521], [1297, 522], [1298, 522], [1299, 522], [1300, 522], [1302, 522], [1303, 522], [1304, 522], [1312, 522], [1313, 522], [1314, 522], [1315, 522], [1316, 522], [1321, 522], [1322, 522], [1323, 522], [1324, 522], [1348, 522], [1349, 522], [1350, 522], [1351, 522], [1357, 522], [1358, 522], [1359, 522], [1360, 522], [1361, 522], [1362, 522], [1363, 522], [1368, 522], [1369, 522], [1370, 522], [1372, 522], [1373, 522], [1374, 522], [1298, 523], [1299, 523], [1300, 523], [1301, 523], [1302, 523], [1303, 523], [1304, 523], [1305, 523], [1313, 523], [1314, 523], [1315, 523], [1316, 523], [1317, 523], [1318, 523], [1319, 523], [1320, 523], [1322, 523], [1323, 523], [1324, 523], [1325, 523], [1349, 523], [1350, 523], [1351, 523], [1352, 523], [1358, 523], [1359, 523], [1360, 523], [1361, 523], [1362, 523], [1363, 523], [1364, 523], [1369, 523], [1370, 523], [1371, 523], [1373, 523], [1374, 523], [1375, 523], [1376, 523], [1299, 524], [1300, 524], [1301, 524], [1302, 524], [1303, 524], [1304, 524], [1305, 524], [1315, 524], [1316, 524], [1317, 524], [1318, 524], [1319, 524], [1320, 524], [1321, 524], [1322, 524], [1324, 524], [1325, 524], [1326, 524], [1350, 524], [1351, 524], [1352, 524], [1353, 524], [1354, 524], [1362, 524], [1363, 524], [1364, 524], [1370, 524], [1371, 524], [1372, 524], [1373, 524], [1374, 524], [1375, 524], [1376, 524], [1377, 524], [1300, 525], [1301, 525], [1302, 525], [1303, 525], [1304, 525], [1305, 525], [1306, 525], [1307, 525], [1319, 525], [1320, 525], [1321, 525], [1322, 525], [1323, 525], [1325, 525], [1326, 525], [1327, 525], [1351, 525], [1352, 525], [1353, 525], [1354, 525], [1355, 525], [1363, 525], [1364, 525], [1365, 525], [1370, 525], [1371, 525], [1372, 525], [1373, 525], [1375, 525], [1376, 525], [1377, 525], [1301, 526], [1302, 526], [1303, 526], [1304, 526], [1305, 526], [1306, 526], [1307, 526], [1308, 526], [1322, 526], [1323, 526], [1324, 526], [1326, 526], [1327, 526], [1328, 526], [1353, 526], [1354, 526], [1355, 526], [1356, 526], [1363, 526], [1364, 526], [1365, 526], [1366, 526], [1367, 526], [1371, 526], [1372, 526], [1373, 526], [1374, 526], [1375, 526], [1376, 526], [1377, 526], [1302, 527], [1303, 527], [1304, 527], [1305, 527], [1307, 527], [1308, 527], [1309, 527], [1323, 527], [1324, 527], [1325, 527], [1327, 527], [1328, 527], [1329, 527], [1354, 527], [1355, 527], [1356, 527], [1357, 527], [1364, 527], [1365, 527], [1366, 527], [1367, 527], [1368, 527], [1369, 527], [1370, 527], [1372, 527], [1373, 527], [1374, 527], [1375, 527], [1376, 527], [1378, 527], [1379, 527], [1380, 527], [1304, 528], [1305, 528], [1306, 528], [1308, 528], [1309, 528], [1324, 528], [1325, 528], [1326, 528], [1328, 528], [1329, 528], [1330, 528], [1331, 528], [1355, 528], [1356, 528], [1357, 528], [1358, 528], [1366, 528], [1367, 528], [1368, 528], [1369, 528], [1370, 528], [1371, 528], [1377, 528], [1378, 528], [1379, 528], [1380, 528], [1305, 529], [1306, 529], [1307, 529], [1308, 529], [1309, 529], [1310, 529], [1325, 529], [1326, 529], [1327, 529], [1328, 529], [1329, 529], [1330, 529], [1331, 529], [1332, 529], [1356, 529], [1357, 529], [1358, 529], [1359, 529], [1369, 529], [1370, 529], [1371, 529], [1372, 529], [1377, 529], [1378, 529], [1379, 529], [1380, 529], [1306, 530], [1307, 530], [1308, 530], [1309, 530], [1310, 530], [1326, 530], [1327, 530], [1328, 530], [1330, 530], [1331, 530], [1332, 530], [1333, 530], [1357, 530], [1358, 530], [1359, 530], [1370, 530], [1371, 530], [1372, 530], [1373, 530], [1307, 531], [1308, 531], [1310, 531], [1311, 531], [1312, 531], [1326, 531], [1327, 531], [1328, 531], [1329, 531], [1331, 531], [1332, 531], [1333, 531], [1334, 531], [1358, 531], [1359, 531], [1371, 531], [1372, 531], [1373, 531], [1374, 531], [1375, 531], [1382, 531], [1383, 531], [1384, 531], [1308, 532], [1309, 532], [1310, 532], [1311, 532], [1312, 532], [1327, 532], [1328, 532], [1329, 532], [1332, 532], [1333, 532], [1334, 532], [1335, 532], [1346, 532], [1347, 532], [1348, 532], [1349, 532], [1350, 532], [1358, 532], [1359, 532], [1372, 532], [1373, 532], [1374, 532], [1375, 532], [1382, 532], [1384, 532], [1308, 533], [1309, 533], [1310, 533], [1311, 533], [1312, 533], [1328, 533], [1329, 533], [1330, 533], [1333, 533], [1334, 533], [1335, 533], [1336, 533], [1344, 533], [1345, 533], [1346, 533], [1347, 533], [1348, 533], [1349, 533], [1350, 533], [1351, 533], [1352, 533], [1353, 533], [1354, 533], [1355, 533], [1356, 533], [1357, 533], [1358, 533], [1359, 533], [1367, 533], [1368, 533], [1369, 533], [1370, 533], [1371, 533], [1374, 533], [1375, 533], [1376, 533], [1382, 533], [1383, 533], [1384, 533], [1385, 533], [1386, 533], [1387, 533], [1388, 533], [1309, 534], [1310, 534], [1311, 534], [1312, 534], [1328, 534], [1329, 534], [1330, 534], [1334, 534], [1335, 534], [1336, 534], [1337, 534], [1344, 534], [1345, 534], [1346, 534], [1347, 534], [1349, 534], [1350, 534], [1351, 534], [1352, 534], [1353, 534], [1354, 534], [1355, 534], [1356, 534], [1357, 534], [1358, 534], [1359, 534], [1367, 534], [1368, 534], [1369, 534], [1370, 534], [1371, 534], [1372, 534], [1373, 534], [1375, 534], [1376, 534], [1377, 534], [1385, 534], [1386, 534], [1387, 534], [1388, 534], [1313, 535], [1314, 535], [1315, 535], [1329, 535], [1330, 535], [1335, 535], [1336, 535], [1337, 535], [1338, 535], [1344, 535], [1345, 535], [1367, 535], [1368, 535], [1370, 535], [1371, 535], [1372, 535], [1373, 535], [1374, 535], [1375, 535], [1376, 535], [1377, 535], [1378, 535], [1385, 535], [1386, 535], [1387, 535], [1388, 535], [1389, 535], [1313, 536], [1314, 536], [1315, 536], [1316, 536], [1317, 536], [1329, 536], [1330, 536], [1331, 536], [1332, 536], [1336, 536], [1337, 536], [1338, 536], [1339, 536], [1344, 536], [1345, 536], [1346, 536], [1348, 536], [1349, 536], [1350, 536], [1351, 536], [1352, 536], [1353, 536], [1354, 536], [1355, 536], [1356, 536], [1357, 536], [1358, 536], [1359, 536], [1360, 536], [1361, 536], [1367, 536], [1368, 536], [1373, 536], [1374, 536], [1375, 536], [1376, 536], [1377, 536], [1378, 536], [1385, 536], [1386, 536], [1387, 536], [1388, 536], [1389, 536], [1313, 537], [1314, 537], [1315, 537], [1316, 537], [1317, 537], [1318, 537], [1329, 537], [1330, 537], [1331, 537], [1332, 537], [1337, 537], [1338, 537], [1339, 537], [1340, 537], [1344, 537], [1345, 537], [1346, 537], [1347, 537], [1348, 537], [1349, 537], [1350, 537], [1351, 537], [1352, 537], [1353, 537], [1354, 537], [1355, 537], [1356, 537], [1357, 537], [1358, 537], [1359, 537], [1360, 537], [1361, 537], [1362, 537], [1363, 537], [1364, 537], [1365, 537], [1367, 537], [1368, 537], [1373, 537], [1374, 537], [1375, 537], [1376, 537], [1377, 537], [1378, 537], [1387, 537], [1388, 537], [1389, 537], [1314, 538], [1315, 538], [1316, 538], [1317, 538], [1318, 538], [1331, 538], [1332, 538], [1333, 538], [1334, 538], [1338, 538], [1339, 538], [1340, 538], [1345, 538], [1346, 538], [1347, 538], [1348, 538], [1349, 538], [1355, 538], [1356, 538], [1357, 538], [1360, 538], [1361, 538], [1362, 538], [1363, 538], [1364, 538], [1365, 538], [1366, 538], [1367, 538], [1368, 538], [1374, 538], [1375, 538], [1376, 538], [1377, 538], [1378, 538], [1315, 539], [1316, 539], [1317, 539], [1318, 539], [1319, 539], [1331, 539], [1332, 539], [1333, 539], [1334, 539], [1335, 539], [1339, 539], [1340, 539], [1341, 539], [1346, 539], [1347, 539], [1348, 539], [1349, 539], [1364, 539], [1365, 539], [1366, 539], [1367, 539], [1368, 539], [1369, 539], [1375, 539], [1376, 539], [1377, 539], [1315, 540], [1316, 540], [1317, 540], [1318, 540], [1319, 540], [1333, 540], [1334, 540], [1335, 540], [1336, 540], [1339, 540], [1340, 540], [1341, 540], [1347, 540], [1348, 540], [1349, 540], [1350, 540], [1351, 540], [1364, 540], [1365, 540], [1366, 540], [1367, 540], [1368, 540], [1369, 540], [1316, 541], [1317, 541], [1318, 541], [1319, 541], [1334, 541], [1335, 541], [1336, 541], [1337, 541], [1340, 541], [1341, 541], [1347, 541], [1348, 541], [1349, 541], [1350, 541], [1351, 541], [1352, 541], [1353, 541], [1354, 541], [1355, 541], [1356, 541], [1358, 541], [1359, 541], [1360, 541], [1361, 541], [1362, 541], [1363, 541], [1364, 541], [1365, 541], [1367, 541], [1368, 541], [1369, 541], [1379, 541], [1380, 541], [1381, 541], [1335, 542], [1336, 542], [1337, 542], [1338, 542], [1339, 542], [1340, 542], [1341, 542], [1349, 542], [1350, 542], [1351, 542], [1352, 542], [1353, 542], [1354, 542], [1355, 542], [1356, 542], [1357, 542], [1358, 542], [1359, 542], [1360, 542], [1364, 542], [1365, 542], [1366, 542], [1367, 542], [1368, 542], [1369, 542], [1379, 542], [1380, 542], [1381, 542], [1336, 543], [1337, 543], [1338, 543], [1339, 543], [1340, 543], [1341, 543], [1350, 543], [1351, 543], [1352, 543], [1353, 543], [1354, 543], [1355, 543], [1356, 543], [1358, 543], [1359, 543], [1360, 543], [1361, 543], [1362, 543], [1363, 543], [1364, 543], [1365, 543], [1366, 543], [1367, 543], [1368, 543], [1379, 543], [1380, 543], [1381, 543], [1337, 544], [1338, 544], [1339, 544], [1351, 544], [1352, 544], [1353, 544], [1354, 544], [1355, 544], [1356, 544], [1357, 544], [1358, 544], [1359, 544], [1360, 544], [1379, 544], [1380, 544], [1381, 544], [1352, 545], [1353, 545], [1354, 545], [1355, 545], [1379, 545], [1380, 545], [1381, 545], [1379, 546], [1381, 546], [1379, 547], [1380, 547], [1381, 547], [1403, 548], [1404, 548], [1405, 548], [1406, 548], [1403, 549], [1404, 549], [1405, 549], [1406, 549], [1407, 549], [1351, 550], [1352, 550], [1353, 550], [1403, 550], [1404, 550], [1405, 550], [1406, 550], [1407, 550], [1330, 551], [1331, 551], [1332, 551], [1351, 551], [1353, 551], [1404, 551], [1405, 551], [1406, 551], [1407, 551], [1330, 552], [1331, 552], [1332, 552], [1333, 552], [1334, 552], [1351, 552], [1352, 552], [1353, 552], [1330, 553], [1331, 553], [1332, 553], [1333, 553], [1334, 553], [1335, 553], [1354, 553], [1355, 553], [1356, 553], [1330, 554], [1331, 554], [1332, 554], [1334, 554], [1335, 554], [1336, 554], [1354, 554], [1356, 554], [1331, 555], [1332, 555], [1333, 555], [1334, 555], [1335, 555], [1336, 555], [1354, 555], [1355, 555], [1356, 555], [1332, 556], [1333, 556], [1334, 556], [1335, 556], [1336, 556], [1821, 594], [1822, 594], [1823, 594], [1824, 594], [1819, 595], [1820, 595], [1821, 595], [1822, 595], [1818, 596], [1819, 596], [1820, 596], [1821, 596], [1822, 596], [1823, 596], [1824, 596], [1817, 597], [1818, 597], [1819, 597], [1820, 597], [1821, 597], [1815, 598], [1816, 598], [1817, 598], [1818, 598], [1819, 598], [1820, 598], [1811, 599], [1812, 599], [1813, 599], [1814, 599], [1815, 599], [1816, 599], [1817, 599], [1818, 599], [1819, 599], [1820, 599], [1808, 600], [1809, 600], [1810, 600], [1811, 600], [1812, 600], [1813, 600], [1814, 600], [1815, 600], [1816, 600], [1817, 600], [1818, 600], [1819, 600], [1807, 601], [1808, 601], [1809, 601], [1810, 601], [1811, 601], [1813, 601], [1814, 601], [1815, 601], [1816, 601], [1817, 601], [1818, 601], [1804, 602], [1805, 602], [1806, 602], [1807, 602], [1808, 602], [1809, 602], [1810, 602], [1811, 602], [1812, 602], [1813, 602], [1814, 602], [1815, 602], [1816, 602], [1803, 603], [1804, 603], [1805, 603], [1806, 603], [1808, 603], [1809, 603], [1810, 603], [1811, 603], [1812, 603], [1813, 603], [1800, 604], [1801, 604], [1802, 604], [1803, 604], [1804, 604], [1805, 604], [1806, 604], [1807, 604], [1808, 604], [1809, 604], [1797, 605], [1798, 605], [1799, 605], [1800, 605], [1801, 605], [1802, 605], [1803, 605], [1804, 605], [1805, 605], [1806, 605], [1807, 605], [1795, 606], [1796, 606], [1797, 606], [1798, 606], [1799, 606], [1800, 606], [1801, 606], [1802, 606], [1803, 606], [1804, 606], [1805, 606], [1793, 607], [1794, 607], [1795, 607], [1796, 607], [1797, 607], [1798, 607], [1799, 607], [1800, 607], [1801, 607], [1802, 607], [1792, 608], [1793, 608], [1794, 608], [1795, 608], [1796, 608], [1797, 608], [1798, 608], [1799, 608], [1792, 609], [1793, 609], [1794, 609], [1795, 609], [1796, 609], [1797, 609], [1798, 609], [1788, 610], [1789, 610], [1790, 610], [1791, 610], [1792, 610], [1794, 610], [1795, 610], [1796, 610], [1788, 611], [1790, 611], [1791, 611], [1792, 611], [1793, 611], [1794, 611], [1796, 611], [1788, 612], [1789, 612], [1790, 612], [1791, 612], [1792, 612], [1793, 612], [1794, 612], [1795, 612], [1796, 612], [1791, 613], [1792, 613], [1793, 613], [1794, 613], [1791, 614], [1792, 614], [1793, 614], [1794, 614], [1795, 614], [1796, 614], [1791, 615], [1792, 615], [1793, 615], [1795, 615], [1796, 615], [1792, 616], [1793, 616], [1794, 616], [1795, 616], [1796, 616], [1797, 616], [1795, 617], [1797, 617], [1795, 618], [1796, 618], [1797, 618]


