White line left - [609, 816], [610, 816], [611, 816], [608, 817], [609, 817], [610, 817], [611, 817], [612, 817], [606, 818], [607, 818], [608, 818], [609, 818], [610, 818], [611, 818], [612, 818], [606, 819], [607, 819], [608, 819], [609, 819], [611, 819], [612, 819], [606, 820], [607, 820], [611, 820], [612, 820], [606, 821], [607, 821], [610, 821], [611, 821], [612, 821], [606, 822], [607, 822], [610, 822], [611, 822], [612, 822], [606, 823], [607, 823], [609, 823], [610, 823], [611, 823], [605, 824], [606, 824], [607, 824], [609, 824], [610, 824], [611, 824], [604, 825], [605, 825], [606, 825], [607, 825], [608, 825], [609, 825], [610, 825], [604, 826], [605, 826], [606, 826], [608, 826], [609, 826], [610, 826], [604, 827], [605, 827], [607, 827], [608, 827], [609, 827], [603, 828], [604, 828], [605, 828], [607, 828], [608, 828], [609, 828], [603, 829], [604, 829], [605, 829], [607, 829], [608, 829], [609, 829], [602, 830], [603, 830], [604, 830], [607, 830], [608, 830], [609, 830], [602, 831], [603, 831], [604, 831], [606, 831], [607, 831], [608, 831], [609, 831], [602, 832], [603, 832], [604, 832], [605, 832], [606, 832], [607, 832], [608, 832], [602, 833], [603, 833], [604, 833], [605, 833], [606, 833], [607, 833], [602, 834], [603, 834], [604, 834], [602, 835], [603, 835], [604, 835], [600, 836], [601, 836], [602, 836], [603, 836], [604, 836], [605, 836], [600, 837], [601, 837], [602, 837], [603, 837], [604, 837], [605, 837], [606, 837], [599, 838], [600, 838], [601, 838], [604, 838], [605, 838], [606, 838], [599, 839], [600, 839], [601, 839], [605, 839], [606, 839], [599, 840], [600, 840], [601, 840], [602, 840], [603, 840], [604, 840], [605, 840], [606, 840], [599, 841], [600, 841], [601, 841], [602, 841], [603, 841], [604, 841], [605, 841], [606, 841], [603, 842], [604, 842], [605, 842], [606, 842], [597, 844], [598, 844], [599, 844], [597, 845], [598, 845], [599, 845], [597, 846], [599, 846], [597, 847], [598, 847], [599, 847], [597, 848], [598, 848], [599, 848], [546, 986], [547, 986], [548, 986], [546, 987], [547, 987], [548, 987], [549, 987], [546, 988], [547, 988], [548, 988], [549, 988], [546, 989], [547, 989], [548, 989], [549, 989], [546, 990], [547, 990], [548, 990], [549, 990], [547, 991], [548, 991], [549, 991], [566, 995], [567, 995], [568, 995], [566, 996], [567, 996], [568, 996], [566, 997], [567, 997], [568, 997], [566, 998], [567, 998], [568, 998], [533, 1057], [534, 1057], [535, 1057], [531, 1058], [532, 1058], [533, 1058], [534, 1058], [535, 1058], [536, 1058], [523, 1059], [524, 1059], [525, 1059], [526, 1059], [527, 1059], [529, 1059], [530, 1059], [531, 1059], [532, 1059], [533, 1059], [534, 1059], [535, 1059], [536, 1059], [522, 1060], [523, 1060], [524, 1060], [525, 1060], [526, 1060], [527, 1060], [528, 1060], [529, 1060], [530, 1060], [531, 1060], [532, 1060], [533, 1060], [534, 1060], [535, 1060], [536, 1060], [521, 1061], [522, 1061], [523, 1061], [524, 1061], [526, 1061], [527, 1061], [528, 1061], [529, 1061], [530, 1061], [533, 1061], [534, 1061], [535, 1061], [536, 1061], [521, 1062], [522, 1062], [523, 1062], [533, 1062], [534, 1062], [520, 1063], [521, 1063], [522, 1063], [533, 1063], [534, 1063], [520, 1064], [521, 1064], [522, 1064], [532, 1064], [533, 1064], [534, 1064], [520, 1065], [521, 1065], [532, 1065], [533, 1065], [534, 1065], [520, 1066], [521, 1066], [532, 1066], [533, 1066], [519, 1067], [520, 1067], [521, 1067], [531, 1067], [532, 1067], [533, 1067], [519, 1068], [520, 1068], [521, 1068], [530, 1068], [531, 1068], [532, 1068], [533, 1068], [519, 1069], [520, 1069], [529, 1069], [530, 1069], [531, 1069], [532, 1069], [518, 1070], [519, 1070], [520, 1070], [529, 1070], [530, 1070], [531, 1070], [518, 1071], [519, 1071], [520, 1071], [529, 1071], [530, 1071], [517, 1072], [518, 1072], [519, 1072], [528, 1072], [529, 1072], [530, 1072], [517, 1073], [518, 1073], [519, 1073], [527, 1073], [528, 1073], [529, 1073], [530, 1073], [517, 1074], [518, 1074], [526, 1074], [527, 1074], [528, 1074], [529, 1074], [517, 1075], [518, 1075], [525, 1075], [526, 1075], [527, 1075], [528, 1075], [514, 1076], [515, 1076], [516, 1076], [517, 1076], [518, 1076], [525, 1076], [526, 1076], [527, 1076], [514, 1077], [515, 1077], [516, 1077], [517, 1077], [518, 1077], [525, 1077], [526, 1077], [514, 1078], [515, 1078], [525, 1078], [526, 1078], [514, 1079], [515, 1079], [525, 1079], [526, 1079]




Yellow line left - [1353, 453], [1354, 453], [1355, 453], [1356, 453], [1357, 453], [1358, 453], [1359, 453], [1360, 453], [1348, 454], [1349, 454], [1350, 454], [1351, 454], [1352, 454], [1353, 454], [1354, 454], [1355, 454], [1356, 454], [1357, 454], [1358, 454], [1359, 454], [1360, 454], [1361, 454], [1362, 454], [1363, 454], [1364, 454], [1365, 454], [1348, 455], [1349, 455], [1350, 455], [1351, 455], [1352, 455], [1353, 455], [1354, 455], [1355, 455], [1356, 455], [1357, 455], [1358, 455], [1359, 455], [1360, 455], [1361, 455], [1362, 455], [1363, 455], [1364, 455], [1365, 455], [1366, 455], [1367, 455], [1348, 456], [1349, 456], [1364, 456], [1365, 456], [1366, 456], [1367, 456], [1348, 457], [1349, 457], [1350, 457], [1351, 457], [1365, 457], [1366, 457], [1367, 457], [1348, 458], [1349, 458], [1350, 458], [1351, 458], [1352, 458], [1353, 458], [1354, 458], [1355, 458], [1360, 458], [1361, 458], [1362, 458], [1363, 458], [1364, 458], [1365, 458], [1366, 458], [1367, 458], [1350, 459], [1351, 459], [1352, 459], [1353, 459], [1354, 459], [1355, 459], [1356, 459], [1357, 459], [1358, 459], [1359, 459], [1360, 459], [1361, 459], [1362, 459], [1363, 459], [1364, 459], [1365, 459], [1366, 459], [1354, 460], [1355, 460], [1356, 460], [1357, 460], [1358, 460], [1359, 460], [1360, 460], [1361, 460]




Yellow line right - [1437, 501], [1438, 501], [1439, 501], [1437, 502], [1439, 502], [1437, 503], [1438, 503], [1439, 503], [1444, 506], [1445, 506], [1446, 506], [1444, 507], [1446, 507], [1444, 508], [1445, 508], [1446, 508]




White line right - [1763, 360], [1764, 360], [1765, 360], [1763, 361], [1765, 361], [1766, 361], [1767, 361], [1768, 361], [1763, 362], [1764, 362], [1765, 362], [1766, 362], [1767, 362], [1768, 362], [1765, 363], [1766, 363], [1767, 363], [1768, 363], [1776, 364], [1777, 364], [1778, 364], [1779, 364], [1776, 365], [1777, 365], [1778, 365], [1779, 365], [1780, 365], [1781, 365], [1782, 365], [1783, 365], [1776, 366], [1777, 366], [1778, 366], [1779, 366], [1780, 366], [1781, 366], [1782, 366], [1783, 366], [1784, 366], [1785, 366], [1786, 366], [1787, 366], [1778, 367], [1779, 367], [1780, 367], [1781, 367], [1782, 367], [1783, 367], [1785, 367], [1786, 367], [1787, 367], [1788, 367], [1789, 367], [1790, 367], [1791, 367], [1780, 368], [1781, 368], [1782, 368], [1783, 368], [1784, 368], [1785, 368], [1786, 368], [1787, 368], [1788, 368], [1789, 368], [1790, 368], [1791, 368], [1792, 368], [1793, 368], [1794, 368], [1785, 369], [1786, 369], [1787, 369], [1788, 369], [1789, 369], [1790, 369], [1792, 369], [1793, 369], [1794, 369], [1795, 369], [1796, 369], [1797, 369], [1798, 369], [1788, 370], [1789, 370], [1790, 370], [1791, 370], [1792, 370], [1793, 370], [1795, 370], [1796, 370], [1797, 370], [1798, 370], [1799, 370], [1800, 370], [1801, 370], [1802, 370], [1803, 370], [1791, 371], [1792, 371], [1793, 371], [1794, 371], [1795, 371], [1796, 371], [1797, 371], [1799, 371], [1800, 371], [1801, 371], [1802, 371], [1803, 371], [1804, 371], [1805, 371], [1806, 371], [1794, 372], [1795, 372], [1796, 372], [1797, 372], [1798, 372], [1799, 372], [1800, 372], [1801, 372], [1802, 372], [1803, 372], [1804, 372], [1805, 372], [1806, 372], [1807, 372], [1808, 372], [1809, 372], [1798, 373], [1799, 373], [1800, 373], [1801, 373], [1802, 373], [1803, 373], [1804, 373], [1805, 373], [1806, 373], [1807, 373], [1808, 373], [1809, 373], [1810, 373], [1811, 373], [1812, 373], [1800, 374], [1801, 374], [1802, 374], [1803, 374], [1804, 374], [1805, 374], [1806, 374], [1807, 374], [1808, 374], [1809, 374], [1810, 374], [1811, 374], [1812, 374], [1813, 374], [1814, 374], [1815, 374], [1803, 375], [1804, 375], [1805, 375], [1806, 375], [1807, 375], [1808, 375], [1809, 375], [1810, 375], [1812, 375], [1813, 375], [1814, 375], [1815, 375], [1816, 375], [1817, 375], [1818, 375], [1806, 376], [1807, 376], [1808, 376], [1809, 376], [1810, 376], [1811, 376], [1812, 376], [1813, 376], [1814, 376], [1816, 376], [1817, 376], [1818, 376], [1819, 376], [1820, 376], [1810, 377], [1811, 377], [1812, 377], [1813, 377], [1814, 377], [1815, 377], [1816, 377], [1817, 377], [1818, 377], [1819, 377], [1820, 377], [1815, 378], [1816, 378], [1817, 378], [1818, 378], [1819, 378], [1820, 378]


