White line left - 




Yellow line left - [841, 942], [842, 942], [843, 942], [844, 942], [845, 942], [850, 942], [851, 942], [852, 942], [853, 942], [854, 942], [855, 942], [841, 943], [842, 943], [843, 943], [844, 943], [845, 943], [846, 943], [850, 943], [851, 943], [852, 943], [853, 943], [854, 943], [855, 943], [841, 944], [842, 944], [843, 944], [844, 944], [845, 944], [846, 944], [847, 944], [848, 944], [849, 944], [850, 944], [851, 944], [852, 944], [853, 944], [854, 944], [855, 944], [841, 945], [842, 945], [843, 945], [845, 945], [846, 945], [847, 945], [848, 945], [849, 945], [850, 945], [851, 945], [852, 945], [853, 945], [854, 945], [855, 945], [856, 945], [841, 946], [842, 946], [843, 946], [854, 946], [855, 946], [856, 946], [841, 947], [842, 947], [843, 947], [854, 947], [855, 947], [856, 947], [841, 948], [842, 948], [843, 948], [854, 948], [855, 948], [856, 948], [841, 949], [842, 949], [843, 949], [854, 949], [855, 949], [856, 949], [839, 950], [840, 950], [841, 950], [842, 950], [855, 950], [856, 950], [857, 950], [858, 950], [839, 951], [840, 951], [841, 951], [842, 951], [855, 951], [856, 951], [857, 951], [858, 951], [859, 951], [860, 951], [861, 951], [839, 952], [840, 952], [841, 952], [855, 952], [856, 952], [857, 952], [858, 952], [859, 952], [860, 952], [861, 952], [862, 952], [863, 952], [864, 952], [837, 953], [838, 953], [839, 953], [840, 953], [841, 953], [858, 953], [859, 953], [860, 953], [861, 953], [862, 953], [863, 953], [864, 953], [837, 954], [838, 954], [839, 954], [840, 954], [841, 954], [863, 954], [864, 954], [837, 955], [838, 955], [839, 955], [840, 955], [863, 955], [864, 955], [838, 956], [839, 956], [840, 956], [863, 956], [864, 956], [838, 957], [839, 957], [840, 957], [863, 957], [864, 957], [837, 958], [838, 958], [839, 958], [840, 958], [841, 958], [861, 958], [862, 958], [863, 958], [864, 958], [837, 959], [838, 959], [839, 959], [840, 959], [841, 959], [842, 959], [843, 959], [844, 959], [861, 959], [862, 959], [863, 959], [864, 959], [837, 960], [838, 960], [839, 960], [840, 960], [841, 960], [842, 960], [843, 960], [844, 960], [861, 960], [862, 960], [863, 960], [840, 961], [841, 961], [842, 961], [843, 961], [844, 961], [862, 961], [863, 961], [864, 961], [843, 962], [844, 962], [862, 962], [863, 962], [864, 962], [865, 962], [843, 963], [844, 963], [845, 963], [863, 963], [864, 963], [865, 963], [866, 963], [843, 964], [844, 964], [845, 964], [864, 964], [865, 964], [866, 964], [840, 965], [841, 965], [842, 965], [843, 965], [844, 965], [845, 965], [856, 965], [857, 965], [858, 965], [865, 965], [866, 965], [840, 966], [841, 966], [844, 966], [845, 966], [849, 966], [850, 966], [851, 966], [852, 966], [853, 966], [854, 966], [855, 966], [856, 966], [857, 966], [858, 966], [859, 966], [860, 966], [861, 966], [862, 966], [863, 966], [865, 966], [866, 966], [867, 966], [840, 967], [841, 967], [843, 967], [844, 967], [845, 967], [848, 967], [849, 967], [850, 967], [851, 967], [852, 967], [853, 967], [854, 967], [856, 967], [857, 967], [858, 967], [859, 967], [860, 967], [861, 967], [862, 967], [863, 967], [865, 967], [866, 967], [867, 967], [840, 968], [841, 968], [842, 968], [843, 968], [844, 968], [845, 968], [846, 968], [847, 968], [848, 968], [849, 968], [850, 968], [851, 968], [852, 968], [853, 968], [855, 968], [856, 968], [857, 968], [858, 968], [859, 968], [860, 968], [861, 968], [862, 968], [863, 968], [866, 968], [867, 968], [840, 969], [841, 969], [842, 969], [845, 969], [846, 969], [847, 969], [849, 969], [850, 969], [851, 969], [852, 969], [853, 969], [854, 969], [855, 969], [856, 969], [857, 969], [858, 969], [859, 969], [860, 969], [866, 969], [867, 969], [839, 970], [840, 970], [841, 970], [842, 970], [845, 970], [846, 970], [847, 970], [848, 970], [849, 970], [850, 970], [851, 970], [852, 970], [853, 970], [854, 970], [855, 970], [856, 970], [857, 970], [865, 970], [866, 970], [867, 970], [839, 971], [840, 971], [841, 971], [845, 971], [846, 971], [847, 971], [848, 971], [850, 971], [851, 971], [852, 971], [853, 971], [854, 971], [855, 971], [856, 971], [857, 971], [864, 971], [865, 971], [866, 971], [867, 971], [839, 972], [840, 972], [855, 972], [856, 972], [857, 972], [864, 972], [865, 972], [866, 972], [839, 973], [840, 973], [841, 973], [845, 973], [846, 973], [847, 973], [864, 973], [865, 973], [866, 973], [839, 974], [840, 974], [841, 974], [842, 974], [845, 974], [847, 974], [864, 974], [865, 974], [866, 974], [840, 975], [841, 975], [842, 975], [843, 975], [844, 975], [845, 975], [846, 975], [847, 975], [864, 975], [865, 975], [866, 975], [841, 976], [842, 976], [843, 976], [844, 976], [845, 976], [864, 976], [865, 976], [866, 976], [843, 977], [844, 977], [845, 977], [864, 977], [865, 977], [866, 977], [867, 977], [871, 977], [872, 977], [873, 977], [842, 978], [843, 978], [844, 978], [845, 978], [864, 978], [865, 978], [866, 978], [867, 978], [868, 978], [871, 978], [873, 978], [841, 979], [842, 979], [843, 979], [844, 979], [845, 979], [866, 979], [867, 979], [868, 979], [871, 979], [872, 979], [873, 979], [841, 980], [842, 980], [843, 980], [844, 980], [845, 980], [867, 980], [868, 980], [869, 980], [841, 981], [842, 981], [843, 981], [867, 981], [868, 981], [869, 981], [870, 981], [840, 982], [841, 982], [842, 982], [843, 982], [868, 982], [869, 982], [870, 982], [840, 983], [841, 983], [842, 983], [843, 983], [868, 983], [869, 983], [870, 983], [871, 983], [872, 983], [840, 984], [841, 984], [842, 984], [868, 984], [869, 984], [870, 984], [871, 984], [872, 984], [873, 984], [874, 984], [841, 985], [842, 985], [843, 985], [871, 985], [872, 985], [873, 985], [874, 985], [875, 985], [841, 986], [842, 986], [843, 986], [844, 986], [873, 986], [874, 986], [875, 986], [876, 986], [842, 987], [843, 987], [844, 987], [874, 987], [875, 987], [876, 987], [843, 988], [844, 988], [875, 988], [876, 988], [843, 989], [844, 989], [845, 989], [875, 989], [876, 989], [843, 990], [844, 990], [845, 990], [871, 990], [872, 990], [873, 990], [874, 990], [875, 990], [876, 990], [844, 991], [845, 991], [871, 991], [872, 991], [873, 991], [874, 991], [875, 991], [876, 991], [843, 992], [844, 992], [845, 992], [871, 992], [872, 992], [873, 992], [874, 992], [843, 993], [844, 993], [845, 993], [871, 993], [872, 993], [843, 994], [844, 994], [845, 994], [871, 994], [872, 994], [873, 994], [874, 994], [843, 995], [844, 995], [845, 995], [871, 995], [872, 995], [873, 995], [874, 995], [875, 995], [843, 996], [844, 996], [871, 996], [872, 996], [873, 996], [874, 996], [875, 996], [843, 997], [844, 997], [873, 997], [874, 997], [875, 997], [843, 998], [844, 998], [873, 998], [874, 998], [875, 998], [843, 999], [844, 999], [845, 999], [873, 999], [874, 999], [875, 999], [843, 1000], [844, 1000], [845, 1000], [873, 1000], [874, 1000], [875, 1000], [844, 1001], [845, 1001], [872, 1001], [873, 1001], [874, 1001], [875, 1001], [876, 1001], [844, 1002], [845, 1002], [846, 1002], [870, 1002], [871, 1002], [872, 1002], [873, 1002], [874, 1002], [875, 1002], [876, 1002], [877, 1002], [878, 1002], [879, 1002], [880, 1002], [844, 1003], [845, 1003], [846, 1003], [870, 1003], [871, 1003], [872, 1003], [873, 1003], [874, 1003], [875, 1003], [876, 1003], [877, 1003], [878, 1003], [879, 1003], [880, 1003], [845, 1004], [846, 1004], [847, 1004], [870, 1004], [871, 1004], [872, 1004], [873, 1004], [874, 1004], [875, 1004], [876, 1004], [877, 1004], [878, 1004], [879, 1004], [880, 1004], [845, 1005], [846, 1005], [847, 1005], [871, 1005], [872, 1005], [873, 1005], [874, 1005], [876, 1005], [877, 1005], [878, 1005], [879, 1005], [880, 1005], [845, 1006], [846, 1006], [847, 1006], [871, 1006], [872, 1006], [873, 1006], [874, 1006], [875, 1006], [876, 1006], [877, 1006], [878, 1006], [879, 1006], [880, 1006], [845, 1007], [846, 1007], [847, 1007], [871, 1007], [872, 1007], [873, 1007], [874, 1007], [875, 1007], [876, 1007], [877, 1007], [878, 1007], [879, 1007], [880, 1007], [845, 1008], [846, 1008], [847, 1008], [871, 1008], [872, 1008], [873, 1008], [874, 1008], [875, 1008], [876, 1008], [877, 1008], [878, 1008], [879, 1008], [880, 1008], [846, 1009], [847, 1009], [875, 1009], [876, 1009], [877, 1009], [846, 1010], [847, 1010], [875, 1010], [876, 1010], [877, 1010], [878, 1010], [879, 1010], [846, 1011], [847, 1011], [875, 1011], [876, 1011], [877, 1011], [879, 1011], [845, 1012], [846, 1012], [847, 1012], [875, 1012], [876, 1012], [877, 1012], [878, 1012], [879, 1012], [880, 1012], [845, 1013], [846, 1013], [847, 1013], [875, 1013], [876, 1013], [877, 1013], [878, 1013], [880, 1013], [845, 1014], [846, 1014], [847, 1014], [876, 1014], [877, 1014], [879, 1014], [880, 1014], [845, 1015], [846, 1015], [847, 1015], [848, 1015], [875, 1015], [876, 1015], [877, 1015], [878, 1015], [879, 1015], [880, 1015], [881, 1015], [846, 1016], [847, 1016], [848, 1016], [875, 1016], [876, 1016], [877, 1016], [878, 1016], [879, 1016], [880, 1016], [881, 1016], [846, 1017], [847, 1017], [848, 1017], [875, 1017], [876, 1017], [877, 1017], [879, 1017], [880, 1017], [881, 1017], [846, 1018], [847, 1018], [848, 1018], [876, 1018], [877, 1018], [879, 1018], [881, 1018], [846, 1019], [847, 1019], [848, 1019], [876, 1019], [877, 1019], [879, 1019], [881, 1019], [846, 1020], [847, 1020], [848, 1020], [876, 1020], [877, 1020], [879, 1020], [880, 1020], [881, 1020], [845, 1021], [846, 1021], [847, 1021], [848, 1021], [876, 1021], [877, 1021], [845, 1022], [846, 1022], [847, 1022], [876, 1022], [877, 1022], [878, 1022], [844, 1023], [845, 1023], [846, 1023], [876, 1023], [877, 1023], [878, 1023], [879, 1023], [880, 1023], [881, 1023], [844, 1024], [845, 1024], [846, 1024], [877, 1024], [878, 1024], [879, 1024], [880, 1024], [881, 1024], [844, 1025], [845, 1025], [846, 1025], [880, 1025], [881, 1025], [882, 1025], [844, 1026], [845, 1026], [846, 1026], [880, 1026], [881, 1026], [882, 1026], [883, 1026], [844, 1027], [845, 1027], [846, 1027], [881, 1027], [882, 1027], [883, 1027], [844, 1028], [845, 1028], [846, 1028], [882, 1028], [883, 1028], [884, 1028], [845, 1029], [846, 1029], [882, 1029], [883, 1029], [884, 1029], [845, 1030], [846, 1030], [882, 1030], [883, 1030], [884, 1030], [845, 1031], [846, 1031], [847, 1031], [882, 1031], [883, 1031], [884, 1031], [845, 1032], [846, 1032], [847, 1032], [848, 1032], [849, 1032], [850, 1032], [880, 1032], [881, 1032], [882, 1032], [883, 1032], [846, 1033], [847, 1033], [848, 1033], [850, 1033], [880, 1033], [881, 1033], [882, 1033], [883, 1033], [846, 1034], [847, 1034], [848, 1034], [850, 1034], [880, 1034], [881, 1034], [882, 1034], [883, 1034], [846, 1035], [847, 1035], [848, 1035], [850, 1035], [881, 1035], [882, 1035], [883, 1035], [846, 1036], [847, 1036], [848, 1036], [849, 1036], [851, 1036], [852, 1036], [881, 1036], [882, 1036], [883, 1036], [847, 1037], [848, 1037], [850, 1037], [852, 1037], [882, 1037], [883, 1037], [847, 1038], [848, 1038], [849, 1038], [850, 1038], [851, 1038], [852, 1038], [882, 1038], [883, 1038], [847, 1039], [848, 1039], [849, 1039], [881, 1039], [882, 1039], [883, 1039], [846, 1040], [847, 1040], [848, 1040], [849, 1040], [881, 1040], [882, 1040], [883, 1040], [846, 1041], [847, 1041], [848, 1041], [849, 1041], [879, 1041], [880, 1041], [881, 1041], [882, 1041], [846, 1042], [847, 1042], [848, 1042], [849, 1042], [850, 1042], [857, 1042], [858, 1042], [859, 1042], [879, 1042], [880, 1042], [881, 1042], [882, 1042], [883, 1042], [848, 1043], [849, 1043], [850, 1043], [857, 1043], [859, 1043], [860, 1043], [861, 1043], [879, 1043], [880, 1043], [881, 1043], [883, 1043], [884, 1043], [849, 1044], [850, 1044], [851, 1044], [857, 1044], [858, 1044], [859, 1044], [861, 1044], [880, 1044], [881, 1044], [882, 1044], [883, 1044], [884, 1044], [849, 1045], [850, 1045], [851, 1045], [854, 1045], [855, 1045], [856, 1045], [857, 1045], [859, 1045], [860, 1045], [861, 1045], [880, 1045], [881, 1045], [882, 1045], [884, 1045], [850, 1046], [851, 1046], [854, 1046], [855, 1046], [856, 1046], [857, 1046], [880, 1046], [881, 1046], [883, 1046], [884, 1046], [850, 1047], [851, 1047], [852, 1047], [853, 1047], [855, 1047], [856, 1047], [858, 1047], [859, 1047], [880, 1047], [881, 1047], [882, 1047], [883, 1047], [884, 1047], [850, 1048], [851, 1048], [852, 1048], [853, 1048], [854, 1048], [855, 1048], [856, 1048], [857, 1048], [858, 1048], [859, 1048], [880, 1048], [881, 1048], [882, 1048], [883, 1048], [884, 1048], [885, 1048], [851, 1049], [852, 1049], [853, 1049], [854, 1049], [855, 1049], [856, 1049], [857, 1049], [858, 1049], [859, 1049], [883, 1049], [884, 1049], [885, 1049], [852, 1050], [853, 1050], [854, 1050], [855, 1050], [856, 1050], [857, 1050], [858, 1050], [883, 1050], [884, 1050], [885, 1050], [852, 1051], [853, 1051], [854, 1051], [855, 1051], [857, 1051], [858, 1051], [859, 1051], [883, 1051], [884, 1051], [885, 1051], [852, 1052], [853, 1052], [854, 1052], [857, 1052], [859, 1052], [884, 1052], [885, 1052], [852, 1053], [853, 1053], [854, 1053], [857, 1053], [858, 1053], [859, 1053], [864, 1053], [865, 1053], [866, 1053], [867, 1053], [868, 1053], [869, 1053], [871, 1053], [872, 1053], [873, 1053], [874, 1053], [875, 1053], [876, 1053], [884, 1053], [885, 1053], [886, 1053], [853, 1054], [854, 1054], [864, 1054], [865, 1054], [866, 1054], [867, 1054], [868, 1054], [869, 1054], [870, 1054], [871, 1054], [872, 1054], [873, 1054], [875, 1054], [876, 1054], [877, 1054], [884, 1054], [885, 1054], [886, 1054], [852, 1055], [853, 1055], [854, 1055], [864, 1055], [865, 1055], [866, 1055], [867, 1055], [868, 1055], [869, 1055], [870, 1055], [871, 1055], [873, 1055], [874, 1055], [875, 1055], [877, 1055], [878, 1055], [885, 1055], [886, 1055], [852, 1056], [853, 1056], [854, 1056], [866, 1056], [867, 1056], [868, 1056], [869, 1056], [870, 1056], [871, 1056], [872, 1056], [873, 1056], [875, 1056], [876, 1056], [877, 1056], [878, 1056], [883, 1056], [884, 1056], [885, 1056], [886, 1056], [852, 1057], [853, 1057], [854, 1057], [866, 1057], [867, 1057], [868, 1057], [869, 1057], [870, 1057], [871, 1057], [872, 1057], [873, 1057], [876, 1057], [877, 1057], [878, 1057], [883, 1057], [884, 1057], [885, 1057], [886, 1057], [852, 1058], [853, 1058], [854, 1058], [855, 1058], [856, 1058], [882, 1058], [883, 1058], [884, 1058], [853, 1059], [854, 1059], [855, 1059], [856, 1059], [882, 1059], [883, 1059], [884, 1059], [885, 1059], [854, 1060], [855, 1060], [856, 1060], [882, 1060], [883, 1060], [884, 1060], [885, 1060], [854, 1061], [855, 1061], [856, 1061], [882, 1061], [883, 1061], [884, 1061], [885, 1061], [855, 1062], [856, 1062], [882, 1062], [883, 1062], [884, 1062], [885, 1062], [855, 1063], [856, 1063], [857, 1063], [883, 1063], [884, 1063], [885, 1063], [886, 1063], [855, 1064], [856, 1064], [857, 1064], [858, 1064], [883, 1064], [884, 1064], [885, 1064], [886, 1064], [856, 1065], [857, 1065], [858, 1065], [883, 1065], [884, 1065], [885, 1065], [886, 1065], [856, 1066], [857, 1066], [858, 1066], [883, 1066], [884, 1066], [885, 1066], [886, 1066], [856, 1067], [857, 1067], [884, 1067], [885, 1067], [886, 1067], [856, 1068], [857, 1068], [884, 1068], [885, 1068], [856, 1069], [857, 1069], [858, 1069], [883, 1069], [884, 1069], [885, 1069], [886, 1069], [887, 1069], [856, 1070], [857, 1070], [858, 1070], [883, 1070], [884, 1070], [885, 1070], [887, 1070], [890, 1070], [891, 1070], [892, 1070], [893, 1070], [857, 1071], [858, 1071], [882, 1071], [883, 1071], [884, 1071], [885, 1071], [886, 1071], [887, 1071], [888, 1071], [889, 1071], [890, 1071], [891, 1071], [892, 1071], [893, 1071], [857, 1072], [858, 1072], [859, 1072], [860, 1072], [882, 1072], [883, 1072], [884, 1072], [885, 1072], [886, 1072], [887, 1072], [888, 1072], [889, 1072], [890, 1072], [891, 1072], [892, 1072], [893, 1072], [857, 1073], [858, 1073], [859, 1073], [860, 1073], [882, 1073], [883, 1073], [884, 1073], [885, 1073], [886, 1073], [887, 1073], [888, 1073], [889, 1073], [890, 1073], [891, 1073], [858, 1074], [859, 1074], [860, 1074], [883, 1074], [884, 1074], [858, 1075], [859, 1075], [860, 1075], [861, 1075], [882, 1075], [883, 1075], [884, 1075], [889, 1075], [890, 1075], [891, 1075], [858, 1076], [859, 1076], [860, 1076], [861, 1076], [862, 1076], [882, 1076], [883, 1076], [884, 1076], [885, 1076], [889, 1076], [891, 1076], [860, 1077], [861, 1077], [862, 1077], [882, 1077], [883, 1077], [884, 1077], [885, 1077], [886, 1077], [889, 1077], [890, 1077], [891, 1077], [861, 1078], [862, 1078], [884, 1078], [885, 1078], [886, 1078], [887, 1078], [888, 1078], [861, 1079], [862, 1079], [884, 1079], [885, 1079], [888, 1079]




Yellow line right - [912, 870], [913, 870], [914, 870], [912, 871], [913, 871], [914, 871], [911, 872], [912, 872], [914, 872], [915, 872], [917, 872], [918, 872], [919, 872], [920, 872], [921, 872], [922, 872], [923, 872], [924, 872], [925, 872], [911, 873], [912, 873], [913, 873], [914, 873], [915, 873], [916, 873], [917, 873], [918, 873], [919, 873], [920, 873], [921, 873], [922, 873], [923, 873], [924, 873], [925, 873], [926, 873], [927, 873], [928, 873], [911, 874], [912, 874], [913, 874], [914, 874], [915, 874], [916, 874], [917, 874], [918, 874], [920, 874], [921, 874], [922, 874], [923, 874], [924, 874], [925, 874], [926, 874], [927, 874], [928, 874], [929, 874], [911, 875], [912, 875], [913, 875], [920, 875], [921, 875], [922, 875], [923, 875], [925, 875], [926, 875], [927, 875], [928, 875], [929, 875], [911, 876], [912, 876], [913, 876], [926, 876], [927, 876], [928, 876], [929, 876], [912, 877], [913, 877], [914, 877], [927, 877], [928, 877], [911, 878], [912, 878], [913, 878], [914, 878], [927, 878], [928, 878], [929, 878], [930, 878], [911, 879], [912, 879], [913, 879], [914, 879], [927, 879], [928, 879], [929, 879], [930, 879], [931, 879], [932, 879], [909, 880], [910, 880], [911, 880], [912, 880], [913, 880], [914, 880], [929, 880], [930, 880], [931, 880], [932, 880], [933, 880], [934, 880], [909, 881], [910, 881], [911, 881], [912, 881], [913, 881], [931, 881], [932, 881], [933, 881], [934, 881], [909, 882], [910, 882], [911, 882], [912, 882], [913, 882], [931, 882], [932, 882], [933, 882], [934, 882], [910, 883], [911, 883], [917, 883], [918, 883], [919, 883], [931, 883], [932, 883], [910, 884], [911, 884], [916, 884], [917, 884], [918, 884], [919, 884], [929, 884], [930, 884], [931, 884], [932, 884], [910, 885], [911, 885], [912, 885], [916, 885], [917, 885], [918, 885], [919, 885], [929, 885], [931, 885], [932, 885], [933, 885], [934, 885], [910, 886], [911, 886], [912, 886], [916, 886], [917, 886], [918, 886], [919, 886], [929, 886], [930, 886], [931, 886], [932, 886], [933, 886], [934, 886], [935, 886], [911, 887], [912, 887], [916, 887], [917, 887], [918, 887], [933, 887], [934, 887], [935, 887], [936, 887], [911, 888], [912, 888], [913, 888], [914, 888], [915, 888], [916, 888], [934, 888], [935, 888], [936, 888], [937, 888], [938, 888], [911, 889], [912, 889], [913, 889], [916, 889], [935, 889], [936, 889], [937, 889], [938, 889], [939, 889], [912, 890], [913, 890], [914, 890], [916, 890], [917, 890], [918, 890], [937, 890], [938, 890], [939, 890], [912, 891], [913, 891], [914, 891], [915, 891], [916, 891], [917, 891], [918, 891], [919, 891], [936, 891], [937, 891], [938, 891], [939, 891], [914, 892], [915, 892], [916, 892], [917, 892], [918, 892], [919, 892], [936, 892], [937, 892], [938, 892], [916, 893], [917, 893], [918, 893], [919, 893], [935, 893], [936, 893], [937, 893], [916, 894], [917, 894], [918, 894], [919, 894], [932, 894], [933, 894], [934, 894], [935, 894], [936, 894], [937, 894], [916, 895], [917, 895], [918, 895], [919, 895], [923, 895], [924, 895], [925, 895], [932, 895], [933, 895], [934, 895], [935, 895], [936, 895], [918, 896], [919, 896], [920, 896], [921, 896], [922, 896], [923, 896], [924, 896], [925, 896], [926, 896], [931, 896], [932, 896], [933, 896], [934, 896], [935, 896], [936, 896], [918, 897], [919, 897], [920, 897], [921, 897], [922, 897], [923, 897], [924, 897], [925, 897], [926, 897], [927, 897], [931, 897], [932, 897], [934, 897], [935, 897], [936, 897], [918, 898], [919, 898], [920, 898], [921, 898], [922, 898], [923, 898], [925, 898], [926, 898], [927, 898], [931, 898], [932, 898], [933, 898], [934, 898], [935, 898], [936, 898], [920, 899], [922, 899], [926, 899], [927, 899], [932, 899], [933, 899], [934, 899], [936, 899], [937, 899], [938, 899], [939, 899], [920, 900], [921, 900], [923, 900], [924, 900], [925, 900], [926, 900], [927, 900], [928, 900], [933, 900], [934, 900], [935, 900], [936, 900], [937, 900], [938, 900], [939, 900], [940, 900], [921, 901], [922, 901], [923, 901], [924, 901], [925, 901], [926, 901], [927, 901], [928, 901], [933, 901], [934, 901], [935, 901], [937, 901], [938, 901], [939, 901], [940, 901], [941, 901], [942, 901], [943, 901], [944, 901], [921, 902], [922, 902], [923, 902], [924, 902], [925, 902], [926, 902], [927, 902], [928, 902], [929, 902], [937, 902], [938, 902], [939, 902], [940, 902], [941, 902], [942, 902], [943, 902], [944, 902], [921, 903], [922, 903], [923, 903], [924, 903], [925, 903], [926, 903], [927, 903], [928, 903], [929, 903], [930, 903], [931, 903], [937, 903], [938, 903], [939, 903], [942, 903], [943, 903], [944, 903], [923, 904], [924, 904], [925, 904], [927, 904], [928, 904], [929, 904], [930, 904], [931, 904], [942, 904], [943, 904], [944, 904], [923, 905], [924, 905], [925, 905], [926, 905], [927, 905], [928, 905], [929, 905], [930, 905], [931, 905], [942, 905], [943, 905], [944, 905], [923, 906], [924, 906], [925, 906], [926, 906], [927, 906], [928, 906], [929, 906], [943, 906], [944, 906], [924, 907], [926, 907], [927, 907], [928, 907], [929, 907], [943, 907], [944, 907], [924, 908], [925, 908], [926, 908], [927, 908], [928, 908], [929, 908], [942, 908], [943, 908], [944, 908], [924, 909], [925, 909], [926, 909], [927, 909], [928, 909], [929, 909], [940, 909], [941, 909], [942, 909], [943, 909], [944, 909], [924, 910], [925, 910], [928, 910], [929, 910], [938, 910], [939, 910], [940, 910], [941, 910], [943, 910], [944, 910], [924, 911], [925, 911], [926, 911], [927, 911], [928, 911], [929, 911], [937, 911], [938, 911], [939, 911], [940, 911], [941, 911], [942, 911], [943, 911], [944, 911], [927, 912], [928, 912], [929, 912], [937, 912], [938, 912], [939, 912], [941, 912], [942, 912], [943, 912], [944, 912], [927, 913], [928, 913], [929, 913], [937, 913], [938, 913], [939, 913], [940, 913], [941, 913], [927, 914], [928, 914], [929, 914], [937, 914], [938, 914], [939, 914], [940, 914], [941, 914], [927, 915], [928, 915], [929, 915], [939, 915], [940, 915], [941, 915], [942, 915], [927, 916], [928, 916], [929, 916], [939, 916], [940, 916], [941, 916], [942, 916], [927, 917], [928, 917], [941, 917], [942, 917], [943, 917], [927, 918], [928, 918], [941, 918], [942, 918], [943, 918], [944, 918], [927, 919], [928, 919], [942, 919], [943, 919], [944, 919], [945, 919], [946, 919], [947, 919], [927, 920], [928, 920], [943, 920], [944, 920], [945, 920], [946, 920], [947, 920], [948, 920], [949, 920], [950, 920], [927, 921], [928, 921], [929, 921], [944, 921], [945, 921], [946, 921], [947, 921], [948, 921], [949, 921], [950, 921], [927, 922], [928, 922], [929, 922], [930, 922], [947, 922], [949, 922], [950, 922], [928, 923], [929, 923], [930, 923], [947, 923], [948, 923], [949, 923], [950, 923], [929, 924], [930, 924], [931, 924], [945, 924], [946, 924], [947, 924], [948, 924], [949, 924], [950, 924], [929, 925], [930, 925], [931, 925], [932, 925], [933, 925], [944, 925], [945, 925], [946, 925], [947, 925], [948, 925], [949, 925], [924, 926], [925, 926], [926, 926], [930, 926], [931, 926], [932, 926], [933, 926], [943, 926], [944, 926], [945, 926], [946, 926], [947, 926], [948, 926], [949, 926], [923, 927], [924, 927], [925, 927], [926, 927], [927, 927], [928, 927], [929, 927], [931, 927], [932, 927], [933, 927], [934, 927], [935, 927], [939, 927], [940, 927], [941, 927], [942, 927], [943, 927], [944, 927], [945, 927], [946, 927], [947, 927], [948, 927], [949, 927], [950, 927], [923, 928], [924, 928], [925, 928], [926, 928], [927, 928], [928, 928], [929, 928], [930, 928], [931, 928], [932, 928], [933, 928], [934, 928], [935, 928], [936, 928], [937, 928], [938, 928], [939, 928], [940, 928], [941, 928], [942, 928], [943, 928], [944, 928], [945, 928], [946, 928], [947, 928], [948, 928], [949, 928], [950, 928], [951, 928], [923, 929], [924, 929], [925, 929], [927, 929], [928, 929], [929, 929], [931, 929], [932, 929], [933, 929], [934, 929], [935, 929], [936, 929], [937, 929], [938, 929], [939, 929], [940, 929], [941, 929], [942, 929], [943, 929], [944, 929], [949, 929], [950, 929], [951, 929], [952, 929], [923, 930], [924, 930], [925, 930], [926, 930], [927, 930], [928, 930], [929, 930], [930, 930], [932, 930], [933, 930], [934, 930], [935, 930], [936, 930], [937, 930], [938, 930], [939, 930], [940, 930], [941, 930], [943, 930], [944, 930], [950, 930], [951, 930], [952, 930], [923, 931], [924, 931], [925, 931], [926, 931], [927, 931], [928, 931], [929, 931], [930, 931], [931, 931], [932, 931], [933, 931], [934, 931], [935, 931], [936, 931], [937, 931], [938, 931], [939, 931], [940, 931], [941, 931], [942, 931], [943, 931], [950, 931], [951, 931], [952, 931], [953, 931], [923, 932], [924, 932], [925, 932], [926, 932], [927, 932], [928, 932], [929, 932], [930, 932], [931, 932], [932, 932], [933, 932], [934, 932], [938, 932], [939, 932], [940, 932], [941, 932], [942, 932], [943, 932], [950, 932], [951, 932], [952, 932], [953, 932], [924, 933], [925, 933], [926, 933], [927, 933], [928, 933], [929, 933], [930, 933], [931, 933], [932, 933], [950, 933], [951, 933], [952, 933], [953, 933], [926, 934], [927, 934], [928, 934], [929, 934], [930, 934], [950, 934], [951, 934], [952, 934], [926, 935], [927, 935], [928, 935], [929, 935], [930, 935], [950, 935], [951, 935], [952, 935], [953, 935], [954, 935], [926, 936], [927, 936], [928, 936], [951, 936], [952, 936], [953, 936], [954, 936], [926, 937], [927, 937], [951, 937], [952, 937], [953, 937], [954, 937], [926, 938], [927, 938], [928, 938], [952, 938], [953, 938], [954, 938], [926, 939], [927, 939], [928, 939], [941, 939], [942, 939], [943, 939], [951, 939], [952, 939], [953, 939], [954, 939], [926, 940], [927, 940], [928, 940], [939, 940], [940, 940], [941, 940], [942, 940], [943, 940], [951, 940], [952, 940], [953, 940], [954, 940], [925, 941], [926, 941], [927, 941], [939, 941], [940, 941], [941, 941], [942, 941], [943, 941], [944, 941], [951, 941], [952, 941], [953, 941], [954, 941], [925, 942], [926, 942], [927, 942], [939, 942], [940, 942], [941, 942], [942, 942], [943, 942], [944, 942], [951, 942], [952, 942], [953, 942], [954, 942], [925, 943], [926, 943], [927, 943], [941, 943], [942, 943], [943, 943], [944, 943], [951, 943], [952, 943], [953, 943], [954, 943], [926, 944], [927, 944], [948, 944], [949, 944], [950, 944], [951, 944], [952, 944], [926, 945], [927, 945], [948, 945], [949, 945], [950, 945], [951, 945], [952, 945], [925, 946], [926, 946], [927, 946], [948, 946], [949, 946], [950, 946], [951, 946], [952, 946], [925, 947], [926, 947], [927, 947], [949, 947], [950, 947], [951, 947], [952, 947], [953, 947], [954, 947], [925, 948], [926, 948], [951, 948], [952, 948], [953, 948], [954, 948], [925, 949], [926, 949], [953, 949], [954, 949], [925, 950], [926, 950], [953, 950], [954, 950], [925, 951], [926, 951], [927, 951], [948, 951], [949, 951], [950, 951], [951, 951], [952, 951], [953, 951], [954, 951], [925, 952], [926, 952], [927, 952], [947, 952], [948, 952], [949, 952], [950, 952], [951, 952], [952, 952], [953, 952], [954, 952], [956, 952], [957, 952], [958, 952], [926, 953], [927, 953], [928, 953], [947, 953], [948, 953], [949, 953], [950, 953], [951, 953], [952, 953], [953, 953], [954, 953], [955, 953], [956, 953], [957, 953], [958, 953], [959, 953], [960, 953], [961, 953], [926, 954], [927, 954], [928, 954], [947, 954], [948, 954], [949, 954], [951, 954], [953, 954], [954, 954], [955, 954], [956, 954], [957, 954], [958, 954], [959, 954], [960, 954], [961, 954], [927, 955], [928, 955], [947, 955], [948, 955], [949, 955], [950, 955], [951, 955], [952, 955], [953, 955], [954, 955], [955, 955], [956, 955], [957, 955], [958, 955], [959, 955], [960, 955], [961, 955], [927, 956], [928, 956], [948, 956], [949, 956], [950, 956], [951, 956], [952, 956], [953, 956], [954, 956], [955, 956], [956, 956], [957, 956], [958, 956], [959, 956], [960, 956], [961, 956], [927, 957], [928, 957], [929, 957], [948, 957], [949, 957], [950, 957], [951, 957], [952, 957], [953, 957], [954, 957], [955, 957], [956, 957], [960, 957], [961, 957], [927, 958], [928, 958], [929, 958], [930, 958], [949, 958], [950, 958], [951, 958], [952, 958], [953, 958], [960, 958], [961, 958], [962, 958], [928, 959], [929, 959], [930, 959], [931, 959], [932, 959], [951, 959], [952, 959], [953, 959], [960, 959], [961, 959], [962, 959], [963, 959], [929, 960], [930, 960], [931, 960], [932, 960], [933, 960], [951, 960], [952, 960], [953, 960], [961, 960], [962, 960], [963, 960], [964, 960], [931, 961], [932, 961], [933, 961], [934, 961], [935, 961], [936, 961], [937, 961], [962, 961], [963, 961], [964, 961], [932, 962], [933, 962], [934, 962], [935, 962], [936, 962], [937, 962], [938, 962], [939, 962], [962, 962], [963, 962], [964, 962], [931, 963], [932, 963], [933, 963], [934, 963], [935, 963], [936, 963], [937, 963], [938, 963], [939, 963], [962, 963], [963, 963], [931, 964], [932, 964], [933, 964], [934, 964], [935, 964], [936, 964], [937, 964], [938, 964], [939, 964], [962, 964], [963, 964], [964, 964], [931, 965], [932, 965], [933, 965], [934, 965], [935, 965], [936, 965], [962, 965], [963, 965], [964, 965], [932, 966], [933, 966], [934, 966], [935, 966], [936, 966], [963, 966], [964, 966], [965, 966], [966, 966], [967, 966], [968, 966], [969, 966], [970, 966], [932, 967], [933, 967], [934, 967], [935, 967], [936, 967], [963, 967], [964, 967], [965, 967], [966, 967], [967, 967], [968, 967], [969, 967], [970, 967], [932, 968], [933, 968], [935, 968], [936, 968], [937, 968], [964, 968], [965, 968], [966, 968], [968, 968], [969, 968], [970, 968], [933, 969], [934, 969], [935, 969], [936, 969], [937, 969], [938, 969], [939, 969], [940, 969], [962, 969], [963, 969], [964, 969], [965, 969], [966, 969], [967, 969], [968, 969], [969, 969], [970, 969], [933, 970], [934, 970], [935, 970], [936, 970], [937, 970], [938, 970], [940, 970], [962, 970], [963, 970], [964, 970], [965, 970], [966, 970], [967, 970], [968, 970], [969, 970], [970, 970], [971, 970], [933, 971], [934, 971], [935, 971], [936, 971], [937, 971], [938, 971], [939, 971], [940, 971], [962, 971], [963, 971], [964, 971], [967, 971], [968, 971], [969, 971], [970, 971], [971, 971], [934, 972], [935, 972], [962, 972], [963, 972], [964, 972], [967, 972], [968, 972], [969, 972], [970, 972], [971, 972], [934, 973], [935, 973], [936, 973], [962, 973], [963, 973], [964, 973], [967, 973], [968, 973], [969, 973], [970, 973], [971, 973], [934, 974], [935, 974], [936, 974], [937, 974], [962, 974], [963, 974], [964, 974], [965, 974], [967, 974], [968, 974], [969, 974], [970, 974], [971, 974], [935, 975], [936, 975], [937, 975], [963, 975], [964, 975], [965, 975], [966, 975], [967, 975], [969, 975], [970, 975], [935, 976], [936, 976], [937, 976], [964, 976], [965, 976], [966, 976], [967, 976], [968, 976], [969, 976], [970, 976], [935, 977], [936, 977], [965, 977], [966, 977], [967, 977], [968, 977], [969, 977], [970, 977], [935, 978], [936, 978], [937, 978], [968, 978], [969, 978], [970, 978], [971, 978], [935, 979], [936, 979], [937, 979], [938, 979], [968, 979], [969, 979], [970, 979], [971, 979], [936, 980], [937, 980], [938, 980], [939, 980], [968, 980], [969, 980], [970, 980], [971, 980], [937, 981], [938, 981], [939, 981], [968, 981], [969, 981], [970, 981], [971, 981], [972, 981], [973, 981], [974, 981], [975, 981], [937, 982], [938, 982], [939, 982], [969, 982], [970, 982], [971, 982], [972, 982], [973, 982], [974, 982], [975, 982], [937, 983], [938, 983], [939, 983], [970, 983], [971, 983], [972, 983], [973, 983], [974, 983], [975, 983], [976, 983], [977, 983], [978, 983], [938, 984], [939, 984], [974, 984], [975, 984], [976, 984], [977, 984], [978, 984], [938, 985], [939, 985], [977, 985], [978, 985], [938, 986], [939, 986], [977, 986], [978, 986], [937, 987], [938, 987], [939, 987], [977, 987], [978, 987], [937, 988], [938, 988], [939, 988], [977, 988], [978, 988], [979, 988], [980, 988], [937, 989], [938, 989], [939, 989], [977, 989], [978, 989], [979, 989], [980, 989], [938, 990], [939, 990], [978, 990], [979, 990], [980, 990], [981, 990], [982, 990], [938, 991], [939, 991], [940, 991], [978, 991], [979, 991], [980, 991], [981, 991], [982, 991], [983, 991], [938, 992], [939, 992], [940, 992], [981, 992], [982, 992], [983, 992], [939, 993], [940, 993], [941, 993], [982, 993], [983, 993], [939, 994], [940, 994], [941, 994], [982, 994], [983, 994], [940, 995], [941, 995], [982, 995], [983, 995], [940, 996], [941, 996], [942, 996], [982, 996], [983, 996], [940, 997], [941, 997], [942, 997], [943, 997], [982, 997], [983, 997], [941, 998], [942, 998], [943, 998], [982, 998], [983, 998], [941, 999], [942, 999], [943, 999], [982, 999], [983, 999], [941, 1000], [942, 1000], [943, 1000], [982, 1000], [983, 1000], [941, 1001], [942, 1001], [981, 1001], [982, 1001], [983, 1001], [941, 1002], [942, 1002], [981, 1002], [982, 1002], [983, 1002], [984, 1002], [941, 1003], [942, 1003], [981, 1003], [982, 1003], [983, 1003], [984, 1003], [940, 1004], [941, 1004], [942, 1004], [981, 1004], [982, 1004], [983, 1004], [984, 1004], [985, 1004], [986, 1004], [940, 1005], [941, 1005], [942, 1005], [981, 1005], [982, 1005], [983, 1005], [984, 1005], [985, 1005], [986, 1005], [940, 1006], [941, 1006], [942, 1006], [984, 1006], [985, 1006], [986, 1006], [941, 1007], [942, 1007], [943, 1007], [984, 1007], [985, 1007], [941, 1008], [942, 1008], [943, 1008], [944, 1008], [982, 1008], [983, 1008], [984, 1008], [985, 1008], [942, 1009], [943, 1009], [944, 1009], [945, 1009], [982, 1009], [983, 1009], [984, 1009], [985, 1009], [943, 1010], [944, 1010], [945, 1010], [981, 1010], [982, 1010], [984, 1010], [985, 1010], [944, 1011], [945, 1011], [946, 1011], [981, 1011], [982, 1011], [983, 1011], [984, 1011], [985, 1011], [944, 1012], [945, 1012], [946, 1012], [947, 1012], [948, 1012], [949, 1012], [950, 1012], [981, 1012], [982, 1012], [983, 1012], [984, 1012], [985, 1012], [945, 1013], [946, 1013], [947, 1013], [948, 1013], [949, 1013], [950, 1013], [980, 1013], [981, 1013], [982, 1013], [983, 1013], [984, 1013], [985, 1013], [946, 1014], [947, 1014], [948, 1014], [949, 1014], [950, 1014], [980, 1014], [981, 1014], [982, 1014], [946, 1015], [947, 1015], [948, 1015], [980, 1015], [981, 1015], [982, 1015], [946, 1016], [947, 1016], [948, 1016], [980, 1016], [981, 1016], [982, 1016], [947, 1017], [948, 1017], [949, 1017], [950, 1017], [981, 1017], [982, 1017], [983, 1017], [984, 1017], [985, 1017], [986, 1017], [947, 1018], [948, 1018], [949, 1018], [950, 1018], [981, 1018], [982, 1018], [983, 1018], [984, 1018], [985, 1018], [986, 1018], [948, 1019], [949, 1019], [950, 1019], [982, 1019], [983, 1019], [984, 1019], [985, 1019], [986, 1019], [948, 1020], [949, 1020], [950, 1020], [985, 1020], [986, 1020], [987, 1020], [988, 1020], [948, 1021], [949, 1021], [950, 1021], [985, 1021], [986, 1021], [987, 1021], [988, 1021], [949, 1022], [950, 1022], [951, 1022], [987, 1022], [988, 1022], [949, 1023], [950, 1023], [951, 1023], [952, 1023], [985, 1023], [986, 1023], [987, 1023], [988, 1023], [950, 1024], [951, 1024], [952, 1024], [953, 1024], [985, 1024], [986, 1024], [987, 1024], [988, 1024], [950, 1025], [951, 1025], [952, 1025], [953, 1025], [984, 1025], [985, 1025], [986, 1025], [987, 1025], [988, 1025], [989, 1025], [950, 1026], [951, 1026], [952, 1026], [953, 1026], [984, 1026], [985, 1026], [986, 1026], [989, 1026], [950, 1027], [951, 1027], [952, 1027], [984, 1027], [985, 1027], [986, 1027], [987, 1027], [988, 1027], [989, 1027], [951, 1028], [952, 1028], [986, 1028], [987, 1028], [988, 1028], [989, 1028], [951, 1029], [952, 1029], [953, 1029], [986, 1029], [987, 1029], [988, 1029], [989, 1029], [951, 1030], [952, 1030], [953, 1030], [986, 1030], [987, 1030], [988, 1030], [990, 1030], [991, 1030], [952, 1031], [953, 1031], [954, 1031], [986, 1031], [987, 1031], [988, 1031], [989, 1031], [990, 1031], [991, 1031], [992, 1031], [952, 1032], [953, 1032], [954, 1032], [955, 1032], [986, 1032], [987, 1032], [988, 1032], [989, 1032], [990, 1032], [991, 1032], [992, 1032], [953, 1033], [954, 1033], [955, 1033], [987, 1033], [989, 1033], [990, 1033], [991, 1033], [992, 1033], [954, 1034], [955, 1034], [987, 1034], [988, 1034], [989, 1034], [991, 1034], [992, 1034], [993, 1034], [954, 1035], [955, 1035], [991, 1035], [992, 1035], [993, 1035], [954, 1036], [955, 1036], [991, 1036], [992, 1036], [993, 1036], [953, 1037], [954, 1037], [955, 1037], [991, 1037], [992, 1037], [993, 1037], [994, 1037], [953, 1038], [954, 1038], [955, 1038], [991, 1038], [992, 1038], [993, 1038], [994, 1038], [953, 1039], [954, 1039], [955, 1039], [992, 1039], [993, 1039], [994, 1039], [954, 1040], [955, 1040], [956, 1040], [992, 1040], [993, 1040], [954, 1041], [955, 1041], [956, 1041], [992, 1041], [993, 1041], [994, 1041], [955, 1042], [956, 1042], [992, 1042], [993, 1042], [994, 1042], [955, 1043], [956, 1043], [993, 1043], [994, 1043], [955, 1044], [956, 1044], [993, 1044], [994, 1044], [995, 1044], [955, 1045], [956, 1045], [993, 1045], [994, 1045], [995, 1045], [955, 1046], [956, 1046], [957, 1046], [994, 1046], [995, 1046], [955, 1047], [956, 1047], [957, 1047], [994, 1047], [995, 1047], [956, 1048], [957, 1048], [993, 1048], [994, 1048], [995, 1048], [956, 1049], [957, 1049], [958, 1049], [993, 1049], [994, 1049], [995, 1049], [956, 1050], [957, 1050], [958, 1050], [993, 1050], [994, 1050], [995, 1050], [957, 1051], [958, 1051], [994, 1051], [995, 1051], [957, 1052], [958, 1052], [994, 1052], [995, 1052], [957, 1053], [958, 1053], [994, 1053], [995, 1053], [957, 1054], [958, 1054], [959, 1054], [993, 1054], [994, 1054], [995, 1054], [996, 1054], [957, 1055], [958, 1055], [959, 1055], [993, 1055], [994, 1055], [995, 1055], [996, 1055], [958, 1056], [959, 1056], [993, 1056], [994, 1056], [995, 1056], [996, 1056], [958, 1057], [959, 1057], [992, 1057], [993, 1057], [994, 1057], [996, 1057], [997, 1057], [998, 1057], [958, 1058], [959, 1058], [992, 1058], [993, 1058], [994, 1058], [995, 1058], [996, 1058], [997, 1058], [998, 1058], [958, 1059], [959, 1059], [992, 1059], [993, 1059], [994, 1059], [995, 1059], [996, 1059], [997, 1059], [998, 1059], [999, 1059], [958, 1060], [959, 1060], [993, 1060], [994, 1060], [995, 1060], [996, 1060], [997, 1060], [998, 1060], [999, 1060], [1000, 1060], [958, 1061], [959, 1061], [960, 1061], [998, 1061], [999, 1061], [1000, 1061], [958, 1062], [959, 1062], [960, 1062], [961, 1062], [999, 1062], [1000, 1062], [959, 1063], [960, 1063], [961, 1063], [962, 1063], [963, 1063], [964, 1063], [999, 1063], [1000, 1063], [1001, 1063], [1002, 1063], [960, 1064], [961, 1064], [962, 1064], [963, 1064], [964, 1064], [965, 1064], [999, 1064], [1000, 1064], [1002, 1064], [961, 1065], [962, 1065], [963, 1065], [964, 1065], [965, 1065], [999, 1065], [1000, 1065], [1001, 1065], [1002, 1065], [964, 1066], [965, 1066], [999, 1066], [1000, 1066], [1001, 1066], [964, 1067], [965, 1067], [1000, 1067], [1001, 1067], [964, 1068], [965, 1068], [966, 1068], [999, 1068], [1000, 1068], [1001, 1068], [964, 1069], [965, 1069], [966, 1069], [999, 1069], [1000, 1069], [1001, 1069], [964, 1070], [965, 1070], [966, 1070], [999, 1070], [1000, 1070], [1001, 1070], [1002, 1070], [964, 1071], [965, 1071], [966, 1071], [999, 1071], [1000, 1071], [1001, 1071], [1002, 1071], [1003, 1071], [1004, 1071], [964, 1072], [965, 1072], [966, 1072], [1001, 1072], [1002, 1072], [1003, 1072], [1004, 1072], [1005, 1072], [964, 1073], [965, 1073], [966, 1073], [967, 1073], [1003, 1073], [1004, 1073], [1005, 1073], [965, 1074], [966, 1074], [967, 1074], [1003, 1074], [1004, 1074], [1005, 1074], [1007, 1074], [1008, 1074], [1009, 1074], [966, 1075], [967, 1075], [968, 1075], [1003, 1075], [1004, 1075], [1005, 1075], [1007, 1075], [1008, 1075], [1009, 1075], [966, 1076], [967, 1076], [968, 1076], [969, 1076], [970, 1076], [1003, 1076], [1004, 1076], [1005, 1076], [1006, 1076], [1007, 1076], [1008, 1076], [1009, 1076], [967, 1077], [968, 1077], [969, 1077], [970, 1077], [1004, 1077], [1005, 1077], [1006, 1077], [1007, 1077], [1008, 1077], [1009, 1077], [969, 1078], [970, 1078], [1004, 1078], [1005, 1078], [1006, 1078], [1007, 1078], [1008, 1078], [1009, 1078], [969, 1079], [970, 1079], [1005, 1079], [1008, 1079], [1009, 1079]




White line right - [1384, 402], [1385, 402], [1386, 402], [1387, 402], [1388, 402], [1389, 402], [1390, 402], [1391, 402], [1392, 402], [1384, 403], [1385, 403], [1386, 403], [1387, 403], [1388, 403], [1389, 403], [1390, 403], [1391, 403], [1392, 403], [1393, 403], [1384, 404], [1385, 404], [1386, 404], [1387, 404], [1388, 404], [1389, 404], [1390, 404], [1391, 404], [1392, 404], [1393, 404], [1384, 405], [1385, 405], [1386, 405], [1387, 405], [1388, 405], [1389, 405], [1390, 405], [1391, 405], [1392, 405], [1393, 405], [1482, 455], [1483, 455], [1484, 455], [1482, 456], [1483, 456], [1484, 456], [1485, 456], [1486, 456], [1482, 457], [1483, 457], [1484, 457], [1485, 457], [1486, 457], [1487, 457], [1488, 457], [1482, 458], [1483, 458], [1484, 458], [1486, 458], [1487, 458], [1488, 458], [1489, 458], [1483, 459], [1484, 459], [1485, 459], [1486, 459], [1487, 459], [1488, 459], [1489, 459], [1484, 460], [1485, 460], [1486, 460], [1487, 460], [1488, 460], [1489, 460]


