White line left - 




Yellow line left - [756, 996], [757, 996], [758, 996], [756, 997], [758, 997], [751, 998], [752, 998], [753, 998], [756, 998], [757, 998], [758, 998], [779, 998], [780, 998], [781, 998], [751, 999], [753, 999], [779, 999], [781, 999], [749, 1000], [750, 1000], [752, 1000], [753, 1000], [779, 1000], [780, 1000], [781, 1000], [749, 1001], [750, 1001], [751, 1001], [752, 1001], [753, 1001], [754, 1001], [755, 1001], [756, 1001], [757, 1001], [758, 1001], [762, 1001], [763, 1001], [764, 1001], [749, 1002], [750, 1002], [751, 1002], [753, 1002], [754, 1002], [755, 1002], [756, 1002], [757, 1002], [758, 1002], [762, 1002], [764, 1002], [750, 1003], [751, 1003], [752, 1003], [753, 1003], [754, 1003], [755, 1003], [756, 1003], [757, 1003], [758, 1003], [762, 1003], [763, 1003], [764, 1003], [754, 1004], [755, 1004], [756, 1004], [757, 1004], [758, 1004], [782, 1004], [783, 1004], [784, 1004], [780, 1005], [781, 1005], [782, 1005], [784, 1005], [752, 1006], [753, 1006], [754, 1006], [755, 1006], [756, 1006], [757, 1006], [758, 1006], [759, 1006], [764, 1006], [765, 1006], [766, 1006], [780, 1006], [782, 1006], [783, 1006], [784, 1006], [752, 1007], [753, 1007], [755, 1007], [756, 1007], [757, 1007], [759, 1007], [764, 1007], [766, 1007], [780, 1007], [781, 1007], [782, 1007], [752, 1008], [753, 1008], [754, 1008], [755, 1008], [756, 1008], [757, 1008], [758, 1008], [759, 1008], [764, 1008], [765, 1008], [766, 1008], [777, 1017], [778, 1017], [779, 1017], [771, 1018], [772, 1018], [773, 1018], [777, 1018], [779, 1018], [767, 1019], [768, 1019], [769, 1019], [771, 1019], [773, 1019], [777, 1019], [778, 1019], [779, 1019], [782, 1019], [783, 1019], [784, 1019], [767, 1020], [769, 1020], [771, 1020], [772, 1020], [773, 1020], [782, 1020], [784, 1020], [767, 1021], [768, 1021], [769, 1021], [782, 1021], [783, 1021], [784, 1021], [767, 1022], [768, 1022], [769, 1022], [770, 1022], [771, 1022], [772, 1022], [773, 1022], [774, 1022], [775, 1022], [776, 1022], [777, 1022], [767, 1023], [768, 1023], [769, 1023], [770, 1023], [773, 1023], [774, 1023], [775, 1023], [776, 1023], [777, 1023], [778, 1023], [779, 1023], [780, 1023], [767, 1024], [768, 1024], [769, 1024], [770, 1024], [771, 1024], [772, 1024], [773, 1024], [774, 1024], [775, 1024], [776, 1024], [777, 1024], [779, 1024], [780, 1024], [768, 1025], [769, 1025], [770, 1025], [776, 1025], [777, 1025], [778, 1025], [779, 1025], [780, 1025], [766, 1038], [767, 1038], [768, 1038], [763, 1039], [764, 1039], [765, 1039], [766, 1039], [767, 1039], [768, 1039], [758, 1040], [759, 1040], [760, 1040], [762, 1040], [763, 1040], [764, 1040], [765, 1040], [766, 1040], [767, 1040], [768, 1040], [758, 1041], [759, 1041], [760, 1041], [761, 1041], [762, 1041], [763, 1041], [764, 1041], [765, 1041], [766, 1041], [767, 1041], [758, 1042], [759, 1042], [760, 1042], [761, 1042], [763, 1042], [764, 1042], [765, 1042], [766, 1042], [758, 1043], [759, 1043], [760, 1043], [761, 1043], [762, 1043], [763, 1043], [758, 1044], [759, 1044], [760, 1044], [761, 1044], [762, 1044], [765, 1055], [766, 1055], [767, 1055], [764, 1056], [765, 1056], [766, 1056], [767, 1056], [764, 1057], [765, 1057], [766, 1057], [767, 1057], [763, 1058], [764, 1058], [765, 1058], [766, 1058], [763, 1059], [764, 1059], [765, 1059], [766, 1059], [767, 1059], [768, 1059], [769, 1059], [770, 1059], [763, 1060], [764, 1060], [765, 1060], [768, 1060], [769, 1060], [770, 1060], [763, 1061], [764, 1061], [765, 1061], [766, 1061], [767, 1061], [768, 1061], [769, 1061], [770, 1061], [782, 1061], [783, 1061], [784, 1061], [785, 1061], [763, 1062], [764, 1062], [765, 1062], [766, 1062], [767, 1062], [768, 1062], [770, 1062], [782, 1062], [783, 1062], [784, 1062], [785, 1062], [786, 1062], [787, 1062], [763, 1063], [764, 1063], [765, 1063], [766, 1063], [767, 1063], [768, 1063], [769, 1063], [770, 1063], [782, 1063], [783, 1063], [784, 1063], [785, 1063], [786, 1063], [787, 1063], [788, 1063], [763, 1064], [764, 1064], [765, 1064], [766, 1064], [768, 1064], [769, 1064], [770, 1064], [784, 1064], [785, 1064], [786, 1064], [787, 1064], [788, 1064], [763, 1065], [764, 1065], [765, 1065], [766, 1065], [768, 1065], [769, 1065], [770, 1065], [784, 1065], [785, 1065], [786, 1065], [787, 1065], [788, 1065], [763, 1066], [764, 1066], [765, 1066], [766, 1066], [767, 1066], [768, 1066], [784, 1066], [785, 1066], [786, 1066], [766, 1067], [767, 1067], [768, 1067], [791, 1074], [792, 1074], [793, 1074], [789, 1075], [790, 1075], [791, 1075], [792, 1075], [793, 1075], [782, 1076], [783, 1076], [784, 1076], [786, 1076], [787, 1076], [788, 1076], [789, 1076], [791, 1076], [792, 1076], [793, 1076], [782, 1077], [783, 1077], [784, 1077], [785, 1077], [786, 1077], [787, 1077], [788, 1077], [790, 1077], [791, 1077], [792, 1077], [793, 1077], [794, 1077], [795, 1077], [782, 1078], [783, 1078], [784, 1078], [785, 1078], [786, 1078], [787, 1078], [788, 1078], [789, 1078], [792, 1078], [793, 1078], [794, 1078], [795, 1078], [782, 1079], [783, 1079], [784, 1079], [785, 1079], [786, 1079], [787, 1079], [788, 1079], [789, 1079], [792, 1079], [793, 1079], [794, 1079], [795, 1079]




Yellow line right - [861, 933], [862, 933], [863, 933], [864, 933], [861, 934], [862, 934], [863, 934], [864, 934], [861, 935], [862, 935], [863, 935], [864, 935]




White line right - [1463, 448], [1464, 448], [1465, 448], [1466, 448], [1467, 448], [1468, 448], [1469, 448], [1470, 448], [1471, 448], [1472, 448], [1473, 448], [1461, 449], [1462, 449], [1463, 449], [1464, 449], [1465, 449], [1466, 449], [1467, 449], [1468, 449], [1469, 449], [1470, 449], [1471, 449], [1472, 449], [1473, 449], [1474, 449], [1475, 449], [1461, 450], [1462, 450], [1463, 450], [1464, 450], [1472, 450], [1473, 450], [1474, 450], [1475, 450], [1476, 450], [1461, 451], [1462, 451], [1463, 451], [1464, 451], [1465, 451], [1466, 451], [1467, 451], [1468, 451], [1473, 451], [1474, 451], [1475, 451], [1476, 451], [1463, 452], [1464, 452], [1465, 452], [1466, 452], [1467, 452], [1468, 452], [1469, 452], [1470, 452], [1471, 452], [1472, 452], [1473, 452], [1474, 452], [1475, 452], [1476, 452], [1467, 453], [1468, 453], [1469, 453], [1470, 453], [1471, 453], [1472, 453], [1473, 453], [1474, 453], [1523, 487], [1524, 487], [1525, 487], [1526, 487], [1527, 487], [1528, 487], [1523, 488], [1524, 488], [1525, 488], [1526, 488], [1527, 488], [1528, 488], [1529, 488], [1530, 488], [1523, 489], [1524, 489], [1525, 489], [1526, 489], [1527, 489], [1528, 489], [1529, 489], [1530, 489], [1531, 489], [1524, 490], [1525, 490], [1526, 490], [1527, 490], [1528, 490], [1529, 490], [1530, 490], [1531, 490], [1527, 491], [1528, 491], [1529, 491], [1530, 491], [1531, 491], [1578, 512], [1579, 512], [1580, 512], [1578, 513], [1580, 513], [1578, 514], [1579, 514], [1580, 514], [1589, 517], [1590, 517], [1591, 517], [1592, 517], [1589, 518], [1590, 518], [1591, 518], [1592, 518], [1593, 518], [1594, 518], [1589, 519], [1590, 519], [1591, 519], [1592, 519], [1593, 519], [1594, 519], [1590, 520], [1591, 520], [1592, 520], [1593, 520], [1594, 520], [1592, 522], [1593, 522], [1594, 522], [1595, 522], [1596, 522], [1592, 523], [1593, 523], [1595, 523], [1596, 523], [1600, 523], [1601, 523], [1602, 523], [1603, 523], [1604, 523], [1592, 524], [1593, 524], [1594, 524], [1595, 524], [1596, 524], [1600, 524], [1601, 524], [1602, 524], [1603, 524], [1604, 524], [1605, 524], [1606, 524], [1600, 525], [1601, 525], [1602, 525], [1603, 525], [1604, 525], [1605, 525], [1606, 525], [1607, 525], [1608, 525], [1601, 526], [1602, 526], [1603, 526], [1604, 526], [1605, 526], [1606, 526], [1607, 526], [1608, 526], [1603, 527], [1604, 527], [1605, 527], [1606, 527], [1607, 527], [1608, 527]


