White line left - [767, 697], [768, 697], [769, 697], [766, 698], [767, 698], [768, 698], [769, 698], [770, 698], [766, 699], [767, 699], [768, 699], [769, 699], [770, 699], [766, 700], [767, 700], [768, 700], [769, 700], [770, 700], [766, 701], [767, 701], [768, 701], [769, 701], [770, 701], [759, 704], [760, 704], [761, 704], [762, 704], [763, 704], [764, 704], [765, 704], [766, 704], [758, 705], [759, 705], [760, 705], [761, 705], [762, 705], [763, 705], [764, 705], [765, 705], [766, 705], [758, 706], [759, 706], [760, 706], [761, 706], [762, 706], [763, 706], [764, 706], [765, 706], [766, 706], [757, 707], [758, 707], [759, 707], [760, 707], [761, 707], [762, 707], [763, 707], [764, 707], [765, 707], [757, 708], [758, 708], [759, 708], [763, 708], [764, 708], [757, 709], [758, 709], [763, 709], [764, 709], [757, 710], [758, 710], [763, 710], [764, 710], [757, 711], [758, 711], [759, 711], [760, 711], [761, 711], [762, 711], [763, 711], [764, 711], [757, 712], [758, 712], [759, 712], [760, 712], [761, 712], [762, 712], [763, 712], [764, 712], [759, 742], [760, 742], [761, 742], [756, 743], [757, 743], [758, 743], [759, 743], [760, 743], [761, 743], [762, 743], [750, 744], [751, 744], [752, 744], [753, 744], [754, 744], [755, 744], [756, 744], [757, 744], [758, 744], [759, 744], [760, 744], [761, 744], [762, 744], [750, 745], [751, 745], [752, 745], [753, 745], [754, 745], [755, 745], [756, 745], [757, 745], [761, 745], [762, 745], [763, 745], [750, 746], [751, 746], [752, 746], [753, 746], [754, 746], [761, 746], [762, 746], [763, 746], [764, 746], [750, 747], [751, 747], [762, 747], [763, 747], [764, 747], [749, 748], [750, 748], [751, 748], [762, 748], [763, 748], [764, 748], [749, 749], [750, 749], [751, 749], [762, 749], [763, 749], [764, 749], [738, 750], [739, 750], [740, 750], [748, 750], [749, 750], [750, 750], [763, 750], [764, 750], [737, 751], [738, 751], [739, 751], [740, 751], [748, 751], [749, 751], [750, 751], [763, 751], [764, 751], [765, 751], [737, 752], [738, 752], [739, 752], [740, 752], [747, 752], [748, 752], [749, 752], [763, 752], [764, 752], [765, 752], [766, 752], [737, 753], [738, 753], [739, 753], [740, 753], [746, 753], [747, 753], [748, 753], [749, 753], [764, 753], [765, 753], [766, 753], [737, 754], [738, 754], [739, 754], [740, 754], [746, 754], [747, 754], [748, 754], [765, 754], [766, 754], [738, 755], [739, 755], [740, 755], [746, 755], [747, 755], [764, 755], [765, 755], [766, 755], [736, 756], [737, 756], [738, 756], [739, 756], [740, 756], [745, 756], [746, 756], [747, 756], [763, 756], [764, 756], [765, 756], [766, 756], [735, 757], [736, 757], [737, 757], [738, 757], [739, 757], [740, 757], [745, 757], [746, 757], [747, 757], [763, 757], [764, 757], [765, 757], [735, 758], [736, 758], [737, 758], [739, 758], [740, 758], [744, 758], [745, 758], [746, 758], [763, 758], [764, 758], [735, 759], [736, 759], [739, 759], [740, 759], [741, 759], [743, 759], [744, 759], [745, 759], [746, 759], [763, 759], [764, 759], [735, 760], [736, 760], [739, 760], [740, 760], [741, 760], [743, 760], [744, 760], [745, 760], [763, 760], [764, 760], [735, 761], [736, 761], [737, 761], [738, 761], [739, 761], [740, 761], [741, 761], [743, 761], [744, 761], [763, 761], [764, 761], [765, 761], [734, 762], [735, 762], [737, 762], [738, 762], [739, 762], [740, 762], [741, 762], [742, 762], [743, 762], [744, 762], [763, 762], [764, 762], [765, 762], [734, 763], [735, 763], [736, 763], [737, 763], [738, 763], [739, 763], [740, 763], [741, 763], [742, 763], [743, 763], [744, 763], [763, 763], [764, 763], [765, 763], [733, 764], [734, 764], [736, 764], [737, 764], [739, 764], [740, 764], [741, 764], [742, 764], [743, 764], [762, 764], [763, 764], [764, 764], [765, 764], [733, 765], [734, 765], [735, 765], [736, 765], [739, 765], [740, 765], [761, 765], [762, 765], [763, 765], [764, 765], [733, 766], [734, 766], [735, 766], [736, 766], [739, 766], [740, 766], [761, 766], [762, 766], [763, 766], [764, 766], [765, 766], [766, 766], [738, 767], [739, 767], [740, 767], [761, 767], [762, 767], [763, 767], [764, 767], [765, 767], [766, 767], [738, 768], [739, 768], [740, 768], [761, 768], [762, 768], [763, 768], [764, 768], [765, 768], [766, 768], [738, 769], [739, 769], [761, 769], [762, 769], [763, 769], [764, 769], [765, 769], [766, 769], [738, 770], [739, 770], [740, 770], [760, 770], [761, 770], [762, 770], [763, 770], [764, 770], [765, 770], [766, 770], [738, 771], [739, 771], [740, 771], [757, 771], [758, 771], [759, 771], [760, 771], [761, 771], [762, 771], [763, 771], [764, 771], [765, 771], [738, 772], [739, 772], [740, 772], [756, 772], [757, 772], [758, 772], [759, 772], [760, 772], [761, 772], [737, 773], [738, 773], [739, 773], [740, 773], [756, 773], [757, 773], [758, 773], [737, 774], [738, 774], [739, 774], [756, 774], [757, 774], [737, 775], [738, 775], [755, 775], [756, 775], [757, 775], [737, 776], [738, 776], [754, 776], [755, 776], [756, 776], [757, 776], [737, 777], [738, 777], [754, 777], [755, 777], [756, 777], [737, 778], [738, 778], [754, 778], [755, 778], [735, 779], [736, 779], [737, 779], [738, 779], [754, 779], [755, 779], [734, 780], [735, 780], [736, 780], [737, 780], [738, 780], [754, 780], [755, 780], [733, 781], [734, 781], [735, 781], [736, 781], [754, 781], [755, 781], [733, 782], [734, 782], [735, 782], [753, 782], [754, 782], [755, 782], [733, 783], [734, 783], [753, 783], [754, 783], [755, 783], [733, 784], [734, 784], [753, 784], [754, 784], [732, 785], [733, 785], [734, 785], [753, 785], [754, 785], [732, 786], [733, 786], [734, 786], [753, 786], [754, 786], [732, 787], [733, 787], [753, 787], [754, 787], [732, 788], [733, 788], [752, 788], [753, 788], [754, 788], [731, 789], [732, 789], [733, 789], [752, 789], [753, 789], [754, 789], [730, 790], [731, 790], [732, 790], [733, 790], [751, 790], [752, 790], [753, 790], [730, 791], [731, 791], [732, 791], [750, 791], [751, 791], [752, 791], [753, 791], [730, 792], [731, 792], [750, 792], [751, 792], [752, 792], [729, 793], [730, 793], [731, 793], [749, 793], [750, 793], [751, 793], [729, 794], [730, 794], [731, 794], [733, 794], [734, 794], [735, 794], [736, 794], [738, 794], [739, 794], [740, 794], [741, 794], [749, 794], [750, 794], [751, 794], [729, 795], [730, 795], [731, 795], [733, 795], [734, 795], [735, 795], [736, 795], [737, 795], [738, 795], [739, 795], [740, 795], [741, 795], [747, 795], [748, 795], [749, 795], [750, 795], [729, 796], [730, 796], [731, 796], [733, 796], [734, 796], [735, 796], [736, 796], [737, 796], [739, 796], [740, 796], [741, 796], [745, 796], [746, 796], [747, 796], [748, 796], [749, 796], [750, 796], [730, 797], [731, 797], [732, 797], [733, 797], [734, 797], [736, 797], [737, 797], [738, 797], [745, 797], [746, 797], [747, 797], [748, 797], [728, 798], [729, 798], [730, 798], [731, 798], [732, 798], [733, 798], [734, 798], [737, 798], [738, 798], [745, 798], [746, 798], [726, 799], [727, 799], [728, 799], [729, 799], [730, 799], [731, 799], [732, 799], [733, 799], [737, 799], [738, 799], [745, 799], [746, 799], [747, 799], [726, 800], [727, 800], [728, 800], [729, 800], [730, 800], [731, 800], [736, 800], [737, 800], [738, 800], [745, 800], [746, 800], [747, 800], [726, 801], [727, 801], [728, 801], [729, 801], [730, 801], [731, 801], [736, 801], [737, 801], [738, 801], [745, 801], [746, 801], [747, 801], [725, 802], [726, 802], [727, 802], [728, 802], [729, 802], [730, 802], [731, 802], [736, 802], [737, 802], [738, 802], [744, 802], [745, 802], [746, 802], [747, 802], [725, 803], [726, 803], [727, 803], [730, 803], [731, 803], [736, 803], [737, 803], [738, 803], [742, 803], [743, 803], [744, 803], [745, 803], [746, 803], [725, 804], [726, 804], [730, 804], [731, 804], [736, 804], [737, 804], [738, 804], [742, 804], [743, 804], [744, 804], [745, 804], [723, 805], [724, 805], [725, 805], [726, 805], [730, 805], [731, 805], [736, 805], [737, 805], [738, 805], [742, 805], [743, 805], [723, 806], [724, 806], [725, 806], [726, 806], [730, 806], [731, 806], [736, 806], [737, 806], [742, 806], [743, 806], [723, 807], [724, 807], [729, 807], [730, 807], [731, 807], [733, 807], [734, 807], [735, 807], [736, 807], [737, 807], [742, 807], [743, 807], [723, 808], [724, 808], [725, 808], [728, 808], [729, 808], [730, 808], [731, 808], [733, 808], [734, 808], [735, 808], [736, 808], [737, 808], [742, 808], [743, 808], [723, 809], [724, 809], [725, 809], [726, 809], [727, 809], [728, 809], [729, 809], [730, 809], [733, 809], [734, 809], [735, 809], [736, 809], [742, 809], [743, 809], [724, 810], [725, 810], [726, 810], [727, 810], [728, 810], [729, 810], [735, 810], [736, 810], [741, 810], [742, 810], [743, 810], [725, 811], [726, 811], [727, 811], [728, 811], [729, 811], [735, 811], [736, 811], [740, 811], [741, 811], [742, 811], [743, 811], [725, 812], [726, 812], [727, 812], [728, 812], [729, 812], [735, 812], [736, 812], [740, 812], [741, 812], [742, 812], [725, 813], [726, 813], [727, 813], [728, 813], [729, 813], [735, 813], [736, 813], [739, 813], [740, 813], [741, 813], [724, 814], [725, 814], [726, 814], [727, 814], [728, 814], [729, 814], [735, 814], [736, 814], [739, 814], [740, 814], [741, 814], [724, 815], [725, 815], [726, 815], [727, 815], [728, 815], [735, 815], [736, 815], [738, 815], [739, 815], [740, 815], [724, 816], [725, 816], [726, 816], [727, 816], [728, 816], [734, 816], [735, 816], [736, 816], [738, 816], [739, 816], [740, 816], [725, 817], [726, 817], [727, 817], [728, 817], [734, 817], [735, 817], [736, 817], [738, 817], [739, 817], [732, 818], [733, 818], [734, 818], [735, 818], [737, 818], [738, 818], [739, 818], [731, 819], [732, 819], [733, 819], [734, 819], [735, 819], [737, 819], [738, 819], [739, 819], [724, 820], [725, 820], [726, 820], [731, 820], [732, 820], [733, 820], [737, 820], [738, 820], [723, 821], [724, 821], [725, 821], [726, 821], [731, 821], [732, 821], [735, 821], [736, 821], [737, 821], [738, 821], [722, 822], [723, 822], [724, 822], [725, 822], [726, 822], [731, 822], [732, 822], [735, 822], [736, 822], [737, 822], [738, 822], [722, 823], [723, 823], [724, 823], [725, 823], [727, 823], [728, 823], [729, 823], [730, 823], [731, 823], [732, 823], [735, 823], [736, 823], [722, 824], [723, 824], [724, 824], [725, 824], [726, 824], [727, 824], [728, 824], [729, 824], [730, 824], [731, 824], [732, 824], [735, 824], [736, 824], [721, 825], [722, 825], [723, 825], [724, 825], [725, 825], [726, 825], [727, 825], [735, 825], [736, 825], [737, 825], [721, 826], [722, 826], [723, 826], [735, 826], [736, 826], [737, 826], [738, 826], [739, 826], [720, 827], [721, 827], [722, 827], [736, 827], [737, 827], [738, 827], [739, 827], [720, 828], [721, 828], [722, 828], [738, 828], [739, 828], [720, 829], [721, 829], [737, 829], [738, 829], [739, 829], [720, 830], [721, 830], [722, 830], [737, 830], [738, 830], [739, 830], [720, 831], [721, 831], [722, 831], [723, 831], [737, 831], [738, 831], [721, 832], [722, 832], [723, 832], [724, 832], [725, 832], [737, 832], [738, 832], [722, 833], [723, 833], [724, 833], [725, 833], [726, 833], [727, 833], [735, 833], [736, 833], [737, 833], [738, 833], [724, 834], [725, 834], [726, 834], [727, 834], [734, 834], [735, 834], [736, 834], [737, 834], [738, 834], [724, 835], [725, 835], [726, 835], [727, 835], [733, 835], [734, 835], [735, 835], [736, 835], [724, 836], [725, 836], [726, 836], [727, 836], [728, 836], [733, 836], [734, 836], [735, 836], [724, 837], [725, 837], [726, 837], [727, 837], [728, 837], [729, 837], [733, 837], [734, 837], [727, 838], [728, 838], [729, 838], [730, 838], [731, 838], [732, 838], [733, 838], [734, 838], [728, 839], [729, 839], [730, 839], [731, 839], [732, 839], [733, 839], [734, 839], [729, 840], [730, 840], [731, 840], [732, 840], [708, 880], [709, 880], [710, 880], [711, 880], [707, 881], [708, 881], [709, 881], [710, 881], [711, 881], [712, 881], [713, 881], [707, 882], [708, 882], [709, 882], [710, 882], [711, 882], [712, 882], [713, 882], [707, 883], [708, 883], [711, 883], [712, 883], [713, 883], [703, 884], [704, 884], [705, 884], [706, 884], [707, 884], [708, 884], [711, 884], [712, 884], [713, 884], [703, 885], [704, 885], [705, 885], [706, 885], [707, 885], [708, 885], [711, 885], [712, 885], [703, 886], [704, 886], [705, 886], [706, 886], [711, 886], [712, 886], [703, 887], [704, 887], [705, 887], [706, 887], [711, 887], [712, 887], [704, 888], [705, 888], [706, 888], [711, 888], [712, 888], [704, 889], [705, 889], [706, 889], [711, 889], [712, 889], [703, 890], [704, 890], [705, 890], [710, 890], [711, 890], [712, 890], [702, 891], [703, 891], [704, 891], [705, 891], [710, 891], [711, 891], [712, 891], [702, 892], [703, 892], [704, 892], [710, 892], [711, 892], [702, 893], [703, 893], [710, 893], [711, 893], [702, 894], [703, 894], [710, 894], [711, 894], [702, 895], [703, 895], [710, 895], [711, 895], [702, 896], [703, 896], [710, 896], [711, 896], [712, 896], [702, 897], [703, 897], [710, 897], [711, 897], [712, 897], [702, 898], [703, 898], [710, 898], [711, 898], [712, 898], [701, 899], [702, 899], [703, 899], [710, 899], [711, 899], [712, 899], [701, 900], [702, 900], [703, 900], [710, 900], [711, 900], [701, 901], [702, 901], [710, 901], [711, 901], [701, 902], [702, 902], [709, 902], [710, 902], [711, 902], [701, 903], [702, 903], [709, 903], [710, 903], [711, 903], [701, 904], [702, 904], [709, 904], [710, 904], [700, 905], [701, 905], [702, 905], [709, 905], [710, 905], [700, 906], [701, 906], [702, 906], [709, 906], [710, 906], [700, 907], [701, 907], [709, 907], [710, 907], [700, 908], [701, 908], [709, 908], [710, 908], [711, 908], [712, 908], [700, 909], [701, 909], [709, 909], [710, 909], [711, 909], [712, 909], [713, 909], [700, 910], [701, 910], [708, 910], [709, 910], [710, 910], [712, 910], [713, 910], [714, 910], [700, 911], [701, 911], [702, 911], [708, 911], [709, 911], [710, 911], [711, 911], [712, 911], [713, 911], [714, 911], [700, 912], [701, 912], [702, 912], [707, 912], [708, 912], [709, 912], [710, 912], [711, 912], [712, 912], [713, 912], [714, 912], [701, 913], [702, 913], [707, 913], [708, 913], [709, 913], [700, 914], [701, 914], [702, 914], [707, 914], [708, 914], [709, 914], [710, 914], [711, 914], [712, 914], [700, 915], [701, 915], [702, 915], [707, 915], [708, 915], [709, 915], [710, 915], [711, 915], [712, 915], [699, 916], [700, 916], [701, 916], [711, 916], [712, 916], [699, 917], [700, 917], [701, 917], [711, 917], [712, 917], [699, 918], [700, 918], [710, 918], [711, 918], [712, 918], [699, 919], [700, 919], [710, 919], [711, 919], [712, 919], [699, 920], [700, 920], [709, 920], [710, 920], [711, 920], [698, 921], [699, 921], [700, 921], [708, 921], [709, 921], [710, 921], [711, 921], [698, 922], [699, 922], [700, 922], [708, 922], [709, 922], [710, 922], [698, 923], [699, 923], [707, 923], [708, 923], [709, 923], [698, 924], [699, 924], [702, 924], [703, 924], [704, 924], [705, 924], [706, 924], [707, 924], [708, 924], [709, 924], [697, 925], [698, 925], [699, 925], [702, 925], [703, 925], [704, 925], [705, 925], [706, 925], [707, 925], [708, 925], [697, 926], [698, 926], [699, 926], [701, 926], [702, 926], [703, 926], [697, 927], [698, 927], [701, 927], [702, 927], [703, 927], [696, 928], [697, 928], [698, 928], [700, 928], [701, 928], [702, 928], [696, 929], [697, 929], [698, 929], [699, 929], [700, 929], [701, 929], [702, 929], [696, 930], [697, 930], [698, 930], [699, 930], [700, 930], [701, 930], [696, 931], [697, 931], [698, 931], [699, 931], [700, 931], [696, 932], [697, 932], [698, 932], [699, 932]




Yellow line left - [182, 1066], [183, 1066], [184, 1066], [185, 1066], [179, 1067], [180, 1067], [181, 1067], [182, 1067], [183, 1067], [184, 1067], [185, 1067], [177, 1068], [178, 1068], [179, 1068], [180, 1068], [181, 1068], [182, 1068], [183, 1068], [184, 1068], [185, 1068], [186, 1068], [177, 1069], [178, 1069], [179, 1069], [180, 1069], [181, 1069], [184, 1069], [185, 1069], [186, 1069], [177, 1070], [178, 1070], [179, 1070], [180, 1070], [181, 1070], [184, 1070], [185, 1070], [186, 1070], [175, 1071], [176, 1071], [177, 1071], [178, 1071], [179, 1071], [184, 1071], [185, 1071], [174, 1072], [175, 1072], [176, 1072], [177, 1072], [178, 1072], [183, 1072], [184, 1072], [185, 1072], [173, 1073], [174, 1073], [175, 1073], [176, 1073], [180, 1073], [181, 1073], [182, 1073], [183, 1073], [184, 1073], [185, 1073], [173, 1074], [174, 1074], [175, 1074], [178, 1074], [179, 1074], [180, 1074], [181, 1074], [182, 1074], [183, 1074], [184, 1074], [173, 1075], [174, 1075], [175, 1075], [176, 1075], [177, 1075], [178, 1075], [179, 1075], [180, 1075], [181, 1075], [173, 1076], [174, 1076], [176, 1076], [177, 1076], [178, 1076], [179, 1076], [173, 1077], [174, 1077], [175, 1077], [176, 1077], [177, 1077], [178, 1077], [179, 1077], [173, 1078], [174, 1078], [175, 1078], [176, 1078], [177, 1078], [173, 1079], [174, 1079], [176, 1079], [177, 1079]




Yellow line right - [204, 1045], [205, 1045], [206, 1045], [200, 1046], [201, 1046], [202, 1046], [203, 1046], [204, 1046], [205, 1046], [206, 1046], [199, 1047], [200, 1047], [201, 1047], [202, 1047], [203, 1047], [205, 1047], [206, 1047], [198, 1048], [199, 1048], [200, 1048], [201, 1048], [202, 1048], [203, 1048], [204, 1048], [205, 1048], [206, 1048], [197, 1049], [198, 1049], [199, 1049], [200, 1049], [201, 1049], [202, 1049], [203, 1049], [204, 1049], [205, 1049], [206, 1049], [197, 1050], [198, 1050], [199, 1050], [200, 1050], [201, 1050], [202, 1050], [197, 1051], [198, 1051], [199, 1051], [200, 1051], [201, 1051], [202, 1051], [197, 1052], [198, 1052], [199, 1052], [200, 1052], [201, 1052], [196, 1053], [197, 1053], [198, 1053], [199, 1053], [200, 1053], [201, 1053], [196, 1054], [197, 1054], [198, 1054], [199, 1054], [200, 1054], [201, 1054], [196, 1055], [197, 1055], [198, 1055], [199, 1055], [200, 1055]




White line right - [1777, 302], [1778, 302], [1779, 302], [1780, 302], [1781, 302], [1782, 302], [1783, 302], [1784, 302], [1776, 303], [1777, 303], [1778, 303], [1779, 303], [1780, 303], [1781, 303], [1782, 303], [1783, 303], [1784, 303], [1785, 303], [1786, 303], [1776, 304], [1777, 304], [1778, 304], [1783, 304], [1784, 304], [1785, 304], [1786, 304], [1787, 304], [1776, 305], [1777, 305], [1785, 305], [1786, 305], [1787, 305], [1788, 305], [1774, 306], [1775, 306], [1776, 306], [1777, 306], [1786, 306], [1787, 306], [1788, 306], [1773, 307], [1774, 307], [1775, 307], [1776, 307], [1777, 307], [1785, 307], [1786, 307], [1787, 307], [1788, 307], [1773, 308], [1774, 308], [1775, 308], [1784, 308], [1785, 308], [1786, 308], [1787, 308], [1773, 309], [1774, 309], [1784, 309], [1785, 309], [1786, 309], [1773, 310], [1774, 310], [1775, 310], [1784, 310], [1785, 310], [1773, 311], [1774, 311], [1775, 311], [1776, 311], [1777, 311], [1778, 311], [1783, 311], [1784, 311], [1785, 311], [1774, 312], [1775, 312], [1776, 312], [1777, 312], [1778, 312], [1779, 312], [1780, 312], [1781, 312], [1782, 312], [1783, 312], [1784, 312], [1785, 312], [1777, 313], [1778, 313], [1779, 313], [1780, 313], [1781, 313], [1782, 313], [1783, 313], [1784, 313], [1824, 316], [1824, 317], [1823, 318], [1824, 318], [1823, 319], [1824, 319], [1823, 320], [1824, 320], [1823, 321], [1824, 321], [1822, 322], [1823, 322], [1824, 322], [1822, 323], [1823, 323], [1824, 323], [1822, 324], [1823, 324], [1821, 325], [1822, 325], [1823, 325], [1789, 326], [1790, 326], [1791, 326], [1792, 326], [1793, 326], [1794, 326], [1795, 326], [1796, 326], [1797, 326], [1798, 326], [1821, 326], [1822, 326], [1823, 326], [1789, 327], [1790, 327], [1791, 327], [1792, 327], [1793, 327], [1794, 327], [1795, 327], [1796, 327], [1797, 327], [1798, 327], [1821, 327], [1822, 327], [1789, 328], [1790, 328], [1791, 328], [1792, 328], [1793, 328], [1794, 328], [1796, 328], [1797, 328], [1798, 328], [1820, 328], [1821, 328], [1822, 328], [1790, 329], [1791, 329], [1792, 329], [1793, 329], [1794, 329], [1795, 329], [1796, 329], [1797, 329], [1798, 329], [1820, 329], [1821, 329], [1822, 329], [1793, 330], [1794, 330], [1795, 330], [1796, 330], [1797, 330], [1820, 330], [1821, 330], [1819, 331], [1820, 331], [1821, 331], [1818, 332], [1819, 332], [1820, 332], [1821, 332], [1817, 333], [1818, 333], [1819, 333], [1820, 333], [1817, 334], [1818, 334], [1819, 334], [1817, 335], [1818, 335], [1817, 336], [1818, 336], [1816, 337], [1817, 337], [1818, 337], [1816, 338], [1817, 338], [1818, 338], [1816, 339], [1817, 339], [1815, 340], [1816, 340], [1817, 340], [1814, 341], [1815, 341], [1816, 341], [1817, 341], [1814, 342], [1815, 342], [1816, 342], [1813, 343], [1814, 343], [1815, 343], [1813, 344], [1814, 344], [1815, 344], [1813, 345], [1814, 345], [1813, 346], [1814, 346], [1812, 347], [1813, 347], [1814, 347], [1824, 347], [1811, 348], [1812, 348], [1813, 348], [1814, 348], [1824, 348], [1811, 349], [1812, 349], [1813, 349], [1823, 349], [1824, 349], [1811, 350], [1812, 350], [1823, 350], [1824, 350], [1810, 351], [1811, 351], [1812, 351], [1823, 351], [1824, 351], [1810, 352], [1811, 352], [1812, 352], [1823, 352], [1824, 352], [1810, 353], [1811, 353], [1822, 353], [1823, 353], [1824, 353], [1810, 354], [1811, 354], [1822, 354], [1823, 354], [1824, 354], [1809, 355], [1810, 355], [1811, 355], [1822, 355], [1823, 355], [1809, 356], [1810, 356], [1811, 356], [1822, 356], [1823, 356], [1808, 357], [1809, 357], [1810, 357], [1821, 357], [1822, 357], [1823, 357], [1808, 358], [1809, 358], [1810, 358], [1821, 358], [1822, 358], [1823, 358], [1807, 359], [1808, 359], [1809, 359], [1821, 359], [1822, 359], [1807, 360], [1808, 360], [1809, 360], [1820, 360], [1821, 360], [1822, 360], [1807, 361], [1808, 361], [1820, 361], [1821, 361], [1822, 361], [1806, 362], [1807, 362], [1808, 362], [1820, 362], [1821, 362], [1806, 363], [1807, 363], [1808, 363], [1820, 363], [1821, 363], [1806, 364], [1807, 364], [1819, 364], [1820, 364], [1821, 364], [1805, 365], [1806, 365], [1807, 365], [1819, 365], [1820, 365], [1821, 365], [1805, 366], [1806, 366], [1807, 366], [1819, 366], [1820, 366], [1804, 367], [1805, 367], [1806, 367], [1818, 367], [1819, 367], [1820, 367], [1804, 368], [1805, 368], [1806, 368], [1818, 368], [1819, 368], [1820, 368], [1804, 369], [1805, 369], [1817, 369], [1818, 369], [1819, 369], [1804, 370], [1805, 370], [1817, 370], [1818, 370], [1819, 370], [1803, 371], [1804, 371], [1805, 371], [1816, 371], [1817, 371], [1818, 371], [1803, 372], [1804, 372], [1805, 372], [1816, 372], [1817, 372], [1818, 372], [1803, 373], [1804, 373], [1816, 373], [1817, 373], [1802, 374], [1803, 374], [1804, 374], [1816, 374], [1817, 374], [1802, 375], [1803, 375], [1804, 375], [1815, 375], [1816, 375], [1817, 375], [1802, 376], [1803, 376], [1814, 376], [1815, 376], [1816, 376], [1817, 376], [1801, 377], [1802, 377], [1803, 377], [1813, 377], [1814, 377], [1815, 377], [1816, 377], [1801, 378], [1802, 378], [1803, 378], [1813, 378], [1814, 378], [1815, 378], [1801, 379], [1802, 379], [1813, 379], [1814, 379], [1800, 380], [1801, 380], [1802, 380], [1813, 380], [1814, 380], [1800, 381], [1801, 381], [1802, 381], [1813, 381], [1814, 381], [1799, 382], [1800, 382], [1801, 382], [1812, 382], [1813, 382], [1814, 382], [1799, 383], [1800, 383], [1801, 383], [1812, 383], [1813, 383], [1814, 383], [1799, 384], [1800, 384], [1811, 384], [1812, 384], [1813, 384], [1798, 385], [1799, 385], [1800, 385], [1811, 385], [1812, 385], [1813, 385], [1798, 386], [1799, 386], [1800, 386], [1810, 386], [1811, 386], [1812, 386], [1797, 387], [1798, 387], [1799, 387], [1810, 387], [1811, 387], [1812, 387], [1797, 388], [1798, 388], [1799, 388], [1809, 388], [1810, 388], [1811, 388], [1797, 389], [1798, 389], [1809, 389], [1810, 389], [1811, 389], [1796, 390], [1797, 390], [1798, 390], [1809, 390], [1810, 390], [1796, 391], [1797, 391], [1798, 391], [1809, 391], [1810, 391], [1796, 392], [1797, 392], [1808, 392], [1809, 392], [1810, 392], [1796, 393], [1797, 393], [1808, 393], [1809, 393], [1810, 393], [1795, 394], [1796, 394], [1797, 394], [1807, 394], [1808, 394], [1809, 394], [1795, 395], [1796, 395], [1797, 395], [1807, 395], [1808, 395], [1809, 395], [1795, 396], [1796, 396], [1806, 396], [1807, 396], [1808, 396], [1794, 397], [1795, 397], [1796, 397], [1806, 397], [1807, 397], [1808, 397], [1794, 398], [1795, 398], [1796, 398], [1806, 398], [1807, 398], [1794, 399], [1795, 399], [1806, 399], [1807, 399], [1793, 400], [1794, 400], [1795, 400], [1805, 400], [1806, 400], [1807, 400], [1793, 401], [1794, 401], [1795, 401], [1805, 401], [1806, 401], [1807, 401], [1793, 402], [1794, 402], [1804, 402], [1805, 402], [1806, 402], [1793, 403], [1794, 403], [1804, 403], [1805, 403], [1806, 403], [1792, 404], [1793, 404], [1794, 404], [1803, 404], [1804, 404], [1805, 404], [1792, 405], [1793, 405], [1794, 405], [1802, 405], [1803, 405], [1804, 405], [1805, 405], [1791, 406], [1792, 406], [1793, 406], [1802, 406], [1803, 406], [1804, 406], [1703, 407], [1704, 407], [1705, 407], [1706, 407], [1791, 407], [1792, 407], [1793, 407], [1802, 407], [1803, 407], [1702, 408], [1703, 408], [1704, 408], [1705, 408], [1706, 408], [1707, 408], [1708, 408], [1791, 408], [1792, 408], [1802, 408], [1803, 408], [1701, 409], [1702, 409], [1703, 409], [1704, 409], [1705, 409], [1706, 409], [1707, 409], [1708, 409], [1709, 409], [1710, 409], [1790, 409], [1791, 409], [1792, 409], [1802, 409], [1803, 409], [1701, 410], [1702, 410], [1703, 410], [1707, 410], [1708, 410], [1709, 410], [1710, 410], [1711, 410], [1790, 410], [1791, 410], [1792, 410], [1801, 410], [1802, 410], [1803, 410], [1700, 411], [1701, 411], [1702, 411], [1709, 411], [1710, 411], [1711, 411], [1790, 411], [1791, 411], [1800, 411], [1801, 411], [1802, 411], [1803, 411], [1699, 412], [1700, 412], [1701, 412], [1702, 412], [1710, 412], [1711, 412], [1789, 412], [1790, 412], [1791, 412], [1800, 412], [1801, 412], [1802, 412], [1699, 413], [1700, 413], [1701, 413], [1709, 413], [1710, 413], [1711, 413], [1789, 413], [1790, 413], [1791, 413], [1800, 413], [1801, 413], [1699, 414], [1700, 414], [1701, 414], [1708, 414], [1709, 414], [1710, 414], [1711, 414], [1789, 414], [1790, 414], [1800, 414], [1801, 414], [1699, 415], [1700, 415], [1701, 415], [1702, 415], [1703, 415], [1708, 415], [1709, 415], [1710, 415], [1789, 415], [1790, 415], [1799, 415], [1800, 415], [1801, 415], [1700, 416], [1701, 416], [1702, 416], [1703, 416], [1704, 416], [1705, 416], [1706, 416], [1707, 416], [1708, 416], [1709, 416], [1789, 416], [1790, 416], [1799, 416], [1800, 416], [1801, 416], [1702, 417], [1703, 417], [1704, 417], [1705, 417], [1706, 417], [1707, 417], [1708, 417], [1709, 417], [1789, 417], [1790, 417], [1798, 417], [1799, 417], [1800, 417], [1705, 418], [1706, 418], [1707, 418], [1789, 418], [1790, 418], [1798, 418], [1799, 418], [1800, 418], [1789, 419], [1790, 419], [1791, 419], [1798, 419], [1799, 419], [1789, 420], [1790, 420], [1791, 420], [1792, 420], [1793, 420], [1797, 420], [1798, 420], [1799, 420], [1790, 421], [1791, 421], [1792, 421], [1793, 421], [1794, 421], [1795, 421], [1796, 421], [1797, 421], [1798, 421], [1799, 421], [1792, 422], [1793, 422], [1794, 422], [1795, 422], [1796, 422], [1797, 422], [1798, 422]


