White line left - [882, 718], [883, 718], [884, 718], [885, 718], [882, 719], [883, 719], [884, 719], [885, 719], [882, 720], [883, 720], [884, 720], [885, 720], [882, 721], [883, 721], [884, 721], [885, 721], [882, 722], [883, 722], [884, 722], [885, 722], [882, 723], [883, 723], [884, 723], [885, 723], [882, 724], [883, 724], [884, 724], [885, 724], [882, 725], [883, 725], [884, 725], [885, 725], [882, 726], [883, 726], [884, 726], [885, 726], [882, 727], [883, 727], [884, 727], [885, 727], [882, 728], [883, 728], [884, 728], [885, 728], [882, 729], [883, 729], [884, 729], [290, 989], [291, 989], [292, 989], [293, 989], [288, 990], [289, 990], [290, 990], [291, 990], [292, 990], [293, 990], [294, 990], [281, 991], [282, 991], [283, 991], [284, 991], [285, 991], [286, 991], [287, 991], [288, 991], [289, 991], [290, 991], [291, 991], [292, 991], [293, 991], [294, 991], [297, 991], [298, 991], [299, 991], [300, 991], [301, 991], [302, 991], [303, 991], [304, 991], [305, 991], [306, 991], [269, 992], [270, 992], [271, 992], [272, 992], [273, 992], [279, 992], [280, 992], [281, 992], [282, 992], [283, 992], [284, 992], [285, 992], [286, 992], [287, 992], [288, 992], [289, 992], [292, 992], [293, 992], [294, 992], [296, 992], [297, 992], [298, 992], [299, 992], [300, 992], [301, 992], [302, 992], [303, 992], [304, 992], [305, 992], [306, 992], [269, 993], [270, 993], [271, 993], [272, 993], [273, 993], [274, 993], [275, 993], [276, 993], [277, 993], [278, 993], [279, 993], [280, 993], [281, 993], [282, 993], [291, 993], [292, 993], [293, 993], [294, 993], [296, 993], [297, 993], [298, 993], [305, 993], [306, 993], [268, 994], [269, 994], [270, 994], [271, 994], [273, 994], [274, 994], [275, 994], [276, 994], [277, 994], [278, 994], [279, 994], [280, 994], [290, 994], [291, 994], [292, 994], [293, 994], [295, 994], [296, 994], [297, 994], [304, 994], [305, 994], [306, 994], [266, 995], [267, 995], [268, 995], [269, 995], [270, 995], [271, 995], [272, 995], [290, 995], [291, 995], [292, 995], [295, 995], [296, 995], [297, 995], [303, 995], [304, 995], [305, 995], [306, 995], [264, 996], [265, 996], [266, 996], [267, 996], [268, 996], [269, 996], [270, 996], [271, 996], [272, 996], [273, 996], [290, 996], [291, 996], [292, 996], [294, 996], [295, 996], [296, 996], [302, 996], [303, 996], [304, 996], [305, 996], [264, 997], [265, 997], [266, 997], [267, 997], [269, 997], [270, 997], [271, 997], [272, 997], [273, 997], [290, 997], [291, 997], [292, 997], [293, 997], [294, 997], [295, 997], [296, 997], [301, 997], [302, 997], [303, 997], [304, 997], [264, 998], [265, 998], [266, 998], [269, 998], [270, 998], [271, 998], [272, 998], [274, 998], [275, 998], [276, 998], [291, 998], [292, 998], [293, 998], [294, 998], [295, 998], [300, 998], [301, 998], [302, 998], [303, 998], [264, 999], [265, 999], [266, 999], [269, 999], [270, 999], [271, 999], [272, 999], [273, 999], [274, 999], [275, 999], [276, 999], [286, 999], [287, 999], [288, 999], [289, 999], [290, 999], [291, 999], [292, 999], [300, 999], [301, 999], [302, 999], [265, 1000], [266, 1000], [267, 1000], [269, 1000], [270, 1000], [271, 1000], [272, 1000], [273, 1000], [274, 1000], [275, 1000], [276, 1000], [277, 1000], [278, 1000], [279, 1000], [280, 1000], [285, 1000], [286, 1000], [287, 1000], [288, 1000], [289, 1000], [290, 1000], [291, 1000], [292, 1000], [293, 1000], [299, 1000], [300, 1000], [301, 1000], [265, 1001], [266, 1001], [267, 1001], [269, 1001], [270, 1001], [271, 1001], [272, 1001], [273, 1001], [274, 1001], [275, 1001], [276, 1001], [277, 1001], [278, 1001], [279, 1001], [280, 1001], [281, 1001], [282, 1001], [283, 1001], [284, 1001], [285, 1001], [286, 1001], [287, 1001], [291, 1001], [292, 1001], [293, 1001], [294, 1001], [299, 1001], [300, 1001], [301, 1001], [264, 1002], [265, 1002], [266, 1002], [267, 1002], [269, 1002], [270, 1002], [271, 1002], [272, 1002], [273, 1002], [279, 1002], [280, 1002], [281, 1002], [282, 1002], [283, 1002], [284, 1002], [285, 1002], [286, 1002], [291, 1002], [292, 1002], [293, 1002], [294, 1002], [297, 1002], [298, 1002], [299, 1002], [300, 1002], [264, 1003], [265, 1003], [266, 1003], [267, 1003], [268, 1003], [269, 1003], [270, 1003], [271, 1003], [272, 1003], [273, 1003], [280, 1003], [281, 1003], [282, 1003], [283, 1003], [290, 1003], [291, 1003], [292, 1003], [293, 1003], [295, 1003], [296, 1003], [297, 1003], [298, 1003], [299, 1003], [300, 1003], [264, 1004], [265, 1004], [266, 1004], [267, 1004], [268, 1004], [269, 1004], [270, 1004], [271, 1004], [289, 1004], [290, 1004], [291, 1004], [292, 1004], [294, 1004], [295, 1004], [296, 1004], [297, 1004], [298, 1004], [267, 1005], [268, 1005], [269, 1005], [270, 1005], [287, 1005], [288, 1005], [289, 1005], [290, 1005], [291, 1005], [293, 1005], [294, 1005], [295, 1005], [264, 1006], [265, 1006], [266, 1006], [267, 1006], [286, 1006], [287, 1006], [288, 1006], [289, 1006], [290, 1006], [291, 1006], [292, 1006], [293, 1006], [294, 1006], [295, 1006], [263, 1007], [264, 1007], [265, 1007], [266, 1007], [267, 1007], [285, 1007], [286, 1007], [287, 1007], [288, 1007], [290, 1007], [291, 1007], [292, 1007], [293, 1007], [294, 1007], [263, 1008], [264, 1008], [265, 1008], [266, 1008], [267, 1008], [285, 1008], [286, 1008], [287, 1008], [288, 1008], [289, 1008], [290, 1008], [291, 1008], [292, 1008], [263, 1009], [264, 1009], [265, 1009], [266, 1009], [267, 1009], [285, 1009], [286, 1009], [287, 1009], [288, 1009], [289, 1009], [290, 1009], [291, 1009], [263, 1010], [264, 1010], [265, 1010], [266, 1010], [267, 1010], [263, 1011], [264, 1011], [265, 1011], [266, 1011], [263, 1012], [264, 1012], [265, 1012], [238, 1030], [239, 1030], [240, 1030], [237, 1031], [238, 1031], [239, 1031], [240, 1031], [236, 1032], [237, 1032], [238, 1032], [239, 1032], [240, 1032], [241, 1032], [235, 1033], [236, 1033], [237, 1033], [238, 1033], [239, 1033], [240, 1033], [241, 1033], [234, 1034], [235, 1034], [236, 1034], [237, 1034], [240, 1034], [241, 1034], [257, 1034], [258, 1034], [259, 1034], [233, 1035], [234, 1035], [235, 1035], [236, 1035], [240, 1035], [241, 1035], [256, 1035], [257, 1035], [258, 1035], [259, 1035], [232, 1036], [233, 1036], [234, 1036], [235, 1036], [238, 1036], [239, 1036], [240, 1036], [241, 1036], [256, 1036], [257, 1036], [258, 1036], [259, 1036], [232, 1037], [233, 1037], [234, 1037], [238, 1037], [239, 1037], [240, 1037], [241, 1037], [255, 1037], [256, 1037], [258, 1037], [259, 1037], [231, 1038], [232, 1038], [233, 1038], [238, 1038], [239, 1038], [253, 1038], [254, 1038], [255, 1038], [256, 1038], [257, 1038], [258, 1038], [230, 1039], [231, 1039], [232, 1039], [233, 1039], [237, 1039], [238, 1039], [239, 1039], [252, 1039], [253, 1039], [254, 1039], [255, 1039], [256, 1039], [257, 1039], [258, 1039], [229, 1040], [230, 1040], [231, 1040], [232, 1040], [237, 1040], [238, 1040], [239, 1040], [250, 1040], [251, 1040], [252, 1040], [253, 1040], [255, 1040], [256, 1040], [257, 1040], [228, 1041], [229, 1041], [230, 1041], [231, 1041], [237, 1041], [238, 1041], [247, 1041], [248, 1041], [249, 1041], [250, 1041], [251, 1041], [252, 1041], [254, 1041], [255, 1041], [256, 1041], [228, 1042], [229, 1042], [230, 1042], [237, 1042], [238, 1042], [246, 1042], [247, 1042], [248, 1042], [249, 1042], [250, 1042], [251, 1042], [253, 1042], [254, 1042], [255, 1042], [227, 1043], [228, 1043], [229, 1043], [237, 1043], [238, 1043], [239, 1043], [240, 1043], [241, 1043], [242, 1043], [243, 1043], [245, 1043], [246, 1043], [247, 1043], [248, 1043], [252, 1043], [253, 1043], [254, 1043], [226, 1044], [227, 1044], [228, 1044], [229, 1044], [236, 1044], [237, 1044], [239, 1044], [240, 1044], [241, 1044], [242, 1044], [243, 1044], [244, 1044], [245, 1044], [246, 1044], [247, 1044], [248, 1044], [251, 1044], [252, 1044], [253, 1044], [254, 1044], [225, 1045], [226, 1045], [227, 1045], [228, 1045], [235, 1045], [236, 1045], [237, 1045], [238, 1045], [239, 1045], [240, 1045], [241, 1045], [243, 1045], [244, 1045], [245, 1045], [246, 1045], [247, 1045], [248, 1045], [250, 1045], [251, 1045], [252, 1045], [253, 1045], [224, 1046], [225, 1046], [226, 1046], [227, 1046], [234, 1046], [235, 1046], [236, 1046], [237, 1046], [238, 1046], [239, 1046], [240, 1046], [241, 1046], [242, 1046], [243, 1046], [244, 1046], [247, 1046], [248, 1046], [250, 1046], [251, 1046], [252, 1046], [224, 1047], [225, 1047], [226, 1047], [233, 1047], [234, 1047], [235, 1047], [236, 1047], [238, 1047], [239, 1047], [240, 1047], [241, 1047], [242, 1047], [243, 1047], [244, 1047], [247, 1047], [248, 1047], [249, 1047], [250, 1047], [251, 1047], [223, 1048], [224, 1048], [225, 1048], [233, 1048], [234, 1048], [235, 1048], [247, 1048], [248, 1048], [249, 1048], [250, 1048], [251, 1048], [222, 1049], [223, 1049], [224, 1049], [225, 1049], [233, 1049], [234, 1049], [221, 1050], [222, 1050], [223, 1050], [224, 1050], [232, 1050], [233, 1050], [234, 1050], [220, 1051], [221, 1051], [222, 1051], [223, 1051], [230, 1051], [231, 1051], [232, 1051], [233, 1051], [234, 1051], [220, 1052], [221, 1052], [222, 1052], [229, 1052], [230, 1052], [231, 1052], [232, 1052], [233, 1052], [219, 1053], [220, 1053], [221, 1053], [229, 1053], [230, 1053], [231, 1053], [218, 1054], [219, 1054], [220, 1054], [221, 1054], [229, 1054], [230, 1054], [231, 1054], [217, 1055], [218, 1055], [219, 1055], [220, 1055], [226, 1055], [227, 1055], [228, 1055], [229, 1055], [230, 1055], [231, 1055], [232, 1055], [217, 1056], [218, 1056], [219, 1056], [226, 1056], [227, 1056], [228, 1056], [229, 1056], [230, 1056], [231, 1056], [232, 1056], [216, 1057], [217, 1057], [218, 1057], [222, 1057], [223, 1057], [224, 1057], [225, 1057], [226, 1057], [227, 1057], [228, 1057], [229, 1057], [230, 1057], [231, 1057], [232, 1057], [215, 1058], [216, 1058], [217, 1058], [218, 1058], [221, 1058], [222, 1058], [223, 1058], [224, 1058], [225, 1058], [226, 1058], [227, 1058], [228, 1058], [229, 1058], [231, 1058], [232, 1058], [214, 1059], [215, 1059], [216, 1059], [217, 1059], [221, 1059], [222, 1059], [223, 1059], [228, 1059], [229, 1059], [230, 1059], [231, 1059], [232, 1059], [213, 1060], [214, 1060], [215, 1060], [216, 1060], [220, 1060], [221, 1060], [222, 1060], [228, 1060], [229, 1060], [230, 1060], [231, 1060], [213, 1061], [214, 1061], [215, 1061], [218, 1061], [219, 1061], [220, 1061], [221, 1061], [222, 1061], [228, 1061], [229, 1061], [230, 1061], [212, 1062], [213, 1062], [214, 1062], [217, 1062], [218, 1062], [219, 1062], [220, 1062], [221, 1062], [223, 1062], [224, 1062], [225, 1062], [211, 1063], [212, 1063], [213, 1063], [214, 1063], [216, 1063], [217, 1063], [218, 1063], [219, 1063], [223, 1063], [224, 1063], [225, 1063], [211, 1064], [212, 1064], [213, 1064], [216, 1064], [217, 1064], [218, 1064], [223, 1064], [224, 1064], [225, 1064], [210, 1065], [211, 1065], [212, 1065], [216, 1065], [217, 1065], [223, 1065], [224, 1065], [225, 1065], [210, 1066], [211, 1066], [212, 1066], [215, 1066], [216, 1066], [217, 1066], [209, 1067], [210, 1067], [211, 1067], [214, 1067], [215, 1067], [216, 1067], [217, 1067], [219, 1067], [220, 1067], [221, 1067], [222, 1067], [208, 1068], [209, 1068], [210, 1068], [211, 1068], [213, 1068], [214, 1068], [215, 1068], [216, 1068], [218, 1068], [219, 1068], [220, 1068], [221, 1068], [222, 1068], [207, 1069], [208, 1069], [209, 1069], [210, 1069], [212, 1069], [213, 1069], [214, 1069], [215, 1069], [218, 1069], [219, 1069], [220, 1069], [221, 1069], [222, 1069], [207, 1070], [208, 1070], [209, 1070], [211, 1070], [212, 1070], [213, 1070], [214, 1070], [218, 1070], [219, 1070], [220, 1070], [221, 1070], [222, 1070], [206, 1071], [207, 1071], [208, 1071], [211, 1071], [212, 1071], [213, 1071], [218, 1071], [219, 1071], [220, 1071], [221, 1071], [222, 1071], [205, 1072], [206, 1072], [207, 1072], [208, 1072], [209, 1072], [210, 1072], [211, 1072], [212, 1072], [218, 1072], [219, 1072], [220, 1072], [204, 1073], [205, 1073], [206, 1073], [207, 1073], [208, 1073], [209, 1073], [210, 1073], [211, 1073], [212, 1073], [204, 1074], [205, 1074], [206, 1074], [207, 1074], [208, 1074], [203, 1075], [204, 1075], [205, 1075], [207, 1075], [208, 1075], [202, 1076], [203, 1076], [204, 1076], [205, 1076], [206, 1076], [207, 1076], [208, 1076], [213, 1076], [214, 1076], [215, 1076], [216, 1076], [202, 1077], [203, 1077], [204, 1077], [205, 1077], [206, 1077], [207, 1077], [208, 1077], [213, 1077], [214, 1077], [215, 1077], [216, 1077], [201, 1078], [202, 1078], [203, 1078], [204, 1078], [205, 1078], [213, 1078], [214, 1078], [215, 1078], [216, 1078], [201, 1079], [202, 1079], [204, 1079], [205, 1079], [213, 1079], [214, 1079], [215, 1079], [216, 1079]




Yellow line left - [1573, 203], [1574, 203], [1575, 203], [1576, 203], [1577, 203], [1578, 203], [1579, 203], [1580, 203], [1581, 203], [1582, 203], [1583, 203], [1584, 203], [1585, 203], [1586, 203], [1587, 203], [1588, 203], [1589, 203], [1590, 203], [1591, 203], [1592, 203], [1593, 203], [1594, 203], [1595, 203], [1596, 203], [1597, 203], [1598, 203], [1599, 203], [1571, 204], [1572, 204], [1573, 204], [1574, 204], [1575, 204], [1576, 204], [1577, 204], [1578, 204], [1579, 204], [1580, 204], [1581, 204], [1582, 204], [1583, 204], [1584, 204], [1585, 204], [1586, 204], [1587, 204], [1588, 204], [1589, 204], [1590, 204], [1591, 204], [1592, 204], [1593, 204], [1594, 204], [1595, 204], [1596, 204], [1597, 204], [1598, 204], [1599, 204], [1600, 204], [1601, 204], [1602, 204], [1603, 204], [1604, 204], [1605, 204], [1606, 204], [1607, 204], [1608, 204], [1609, 204], [1610, 204], [1598, 205], [1599, 205], [1600, 205], [1601, 205], [1602, 205], [1603, 205], [1604, 205], [1605, 205], [1606, 205], [1607, 205], [1608, 205], [1609, 205], [1610, 205], [1611, 205], [1612, 205], [1613, 205], [1614, 205], [1615, 205], [1616, 205], [1617, 205], [1618, 205], [1619, 205], [1620, 205], [1621, 205], [1622, 205], [1623, 205], [1624, 205], [1625, 205], [1626, 205], [1627, 205], [1628, 205], [1629, 205], [1630, 205], [1631, 205], [1632, 205], [1633, 205], [1634, 205], [1635, 205], [1636, 205], [1637, 205], [1638, 205], [1639, 205], [1607, 206], [1608, 206], [1609, 206], [1610, 206], [1611, 206], [1612, 206], [1613, 206], [1614, 206], [1615, 206], [1616, 206], [1617, 206], [1618, 206], [1619, 206], [1620, 206], [1621, 206], [1622, 206], [1623, 206], [1624, 206], [1625, 206], [1626, 206], [1627, 206], [1628, 206], [1629, 206], [1630, 206], [1631, 206], [1632, 206], [1633, 206], [1634, 206], [1635, 206], [1636, 206], [1637, 206], [1638, 206], [1639, 206], [1640, 206], [1641, 206], [1642, 206], [1643, 206], [1644, 206], [1645, 206], [1646, 206], [1647, 206], [1648, 206], [1649, 206], [1650, 206], [1651, 206], [1652, 206], [1653, 206], [1654, 206], [1655, 206], [1656, 206], [1657, 206], [1658, 206], [1659, 206], [1660, 206], [1661, 206], [1662, 206], [1663, 206], [1664, 206], [1665, 206], [1666, 206], [1636, 207], [1637, 207], [1638, 207], [1639, 207], [1640, 207], [1641, 207], [1642, 207], [1643, 207], [1644, 207], [1645, 207], [1646, 207], [1647, 207], [1648, 207], [1649, 207], [1650, 207], [1651, 207], [1652, 207], [1653, 207], [1654, 207], [1655, 207], [1656, 207], [1657, 207], [1658, 207], [1659, 207], [1660, 207], [1661, 207], [1662, 207], [1663, 207], [1664, 207], [1665, 207], [1666, 207], [1667, 207], [1668, 207], [1669, 207], [1670, 207], [1671, 207], [1672, 207], [1673, 207], [1674, 207], [1675, 207], [1676, 207], [1677, 207], [1678, 207], [1679, 207], [1680, 207], [1681, 207], [1682, 207], [1683, 207], [1684, 207], [1685, 207], [1686, 207], [1687, 207], [1688, 207], [1689, 207], [1690, 207], [1691, 207], [1692, 207], [1693, 207], [1694, 207], [1695, 207], [1696, 207], [1697, 207], [1698, 207], [1699, 207], [1700, 207], [1701, 207], [1702, 207], [1665, 208], [1666, 208], [1667, 208], [1668, 208], [1669, 208], [1670, 208], [1671, 208], [1672, 208], [1673, 208], [1674, 208], [1675, 208], [1676, 208], [1677, 208], [1678, 208], [1679, 208], [1680, 208], [1681, 208], [1682, 208], [1683, 208], [1684, 208], [1685, 208], [1686, 208], [1687, 208], [1688, 208], [1689, 208], [1690, 208], [1691, 208], [1692, 208], [1693, 208], [1694, 208], [1695, 208], [1696, 208], [1697, 208], [1698, 208], [1699, 208], [1700, 208], [1701, 208], [1702, 208], [1703, 208], [1704, 208], [1705, 208], [1706, 208], [1707, 208], [1708, 208], [1709, 208], [1710, 208], [1711, 208], [1712, 208], [1713, 208], [1696, 209], [1697, 209], [1698, 209], [1699, 209], [1700, 209], [1701, 209], [1702, 209], [1703, 209], [1704, 209], [1705, 209], [1706, 209], [1707, 209], [1708, 209], [1709, 209], [1710, 209], [1711, 209], [1712, 209], [1713, 209], [1714, 209], [1715, 209], [1716, 209], [1717, 209], [1718, 209], [1719, 209], [1720, 209], [1721, 209], [1722, 209], [1712, 210], [1713, 210], [1714, 210], [1715, 210], [1716, 210], [1717, 210], [1718, 210], [1719, 210], [1720, 210], [1721, 210], [1722, 210], [1723, 210], [1724, 210], [1725, 210], [1726, 210], [1727, 210], [1728, 210], [1729, 210], [1730, 210], [1731, 210], [1732, 210], [1733, 210], [1734, 210], [1735, 210], [1736, 210], [1737, 210], [1738, 210], [1739, 210], [1740, 210], [1741, 210], [1742, 210], [1743, 210], [1744, 210], [1745, 210], [1746, 210], [1747, 210], [1748, 210], [1749, 210], [1750, 210], [1751, 210], [1752, 210], [1753, 210], [1754, 210], [1755, 210], [1756, 210], [1757, 210], [1758, 210], [1759, 210], [1760, 210], [1761, 210], [1762, 210], [1763, 210], [1764, 210], [1765, 210], [1766, 210], [1767, 210], [1768, 210], [1769, 210], [1770, 210], [1771, 210], [1772, 210], [1773, 210], [1774, 210], [1775, 210], [1776, 210], [1777, 210], [1778, 210], [1779, 210], [1780, 210], [1781, 210], [1782, 210], [1783, 210], [1721, 211], [1722, 211], [1723, 211], [1724, 211], [1725, 211], [1726, 211], [1727, 211], [1728, 211], [1729, 211], [1730, 211], [1731, 211], [1732, 211], [1733, 211], [1734, 211], [1735, 211], [1736, 211], [1737, 211], [1738, 211], [1739, 211], [1740, 211], [1741, 211], [1742, 211], [1743, 211], [1744, 211], [1745, 211], [1746, 211], [1747, 211], [1748, 211], [1749, 211], [1750, 211], [1751, 211], [1752, 211], [1753, 211], [1754, 211], [1755, 211], [1756, 211], [1757, 211], [1758, 211], [1759, 211], [1760, 211], [1761, 211], [1762, 211], [1763, 211], [1764, 211], [1765, 211], [1766, 211], [1767, 211], [1768, 211], [1769, 211], [1770, 211], [1771, 211], [1772, 211], [1773, 211], [1774, 211], [1775, 211], [1776, 211], [1777, 211], [1778, 211], [1779, 211], [1780, 211], [1781, 211], [1782, 211], [1783, 211], [1784, 211], [1785, 211], [1786, 211], [1787, 211], [1788, 211], [1789, 211], [1790, 211], [1791, 211], [1792, 211], [1793, 211], [1794, 211], [1795, 211], [1796, 211], [1797, 211], [1798, 211], [1779, 212], [1780, 212], [1781, 212], [1782, 212], [1783, 212], [1784, 212], [1785, 212], [1786, 212], [1787, 212], [1788, 212], [1789, 212], [1790, 212], [1791, 212], [1792, 212], [1793, 212], [1794, 212], [1795, 212], [1796, 212], [1797, 212], [1798, 212], [1799, 212], [1800, 212], [1801, 212], [1802, 212], [1803, 212], [1804, 212], [1805, 212], [1806, 212], [1807, 212], [1808, 212], [1809, 212], [1810, 212], [1811, 212], [1812, 212], [1813, 212], [1814, 212], [1797, 213], [1798, 213], [1799, 213], [1800, 213], [1801, 213], [1802, 213], [1803, 213], [1804, 213], [1805, 213], [1806, 213], [1807, 213], [1808, 213], [1809, 213], [1810, 213], [1811, 213], [1812, 213], [1813, 213], [1814, 213], [1815, 213], [1816, 213], [1817, 213], [1818, 213], [1819, 213], [1820, 213], [1821, 213], [1813, 214], [1814, 214], [1815, 214], [1816, 214], [1817, 214], [1818, 214], [1819, 214], [1820, 214], [1821, 214], [1822, 214], [1823, 214], [1824, 214], [1820, 215], [1821, 215], [1822, 215], [1823, 215], [1824, 215]




Yellow line right - [1707, 818], [1708, 818], [1709, 818], [1710, 818], [1707, 819], [1708, 819], [1709, 819], [1710, 819], [1711, 819], [1712, 819], [1707, 820], [1708, 820], [1709, 820], [1710, 820], [1711, 820], [1712, 820], [1713, 820], [1714, 820], [1710, 821], [1711, 821], [1712, 821], [1713, 821], [1714, 821], [1715, 821], [1710, 822], [1711, 822], [1712, 822], [1713, 822], [1714, 822], [1715, 822], [1710, 823], [1711, 823], [1712, 823], [1713, 823], [1714, 823], [1715, 823], [1711, 824], [1712, 824], [1713, 824], [1714, 824], [1715, 824]




White line right - [1477, 273], [1478, 273], [1479, 273], [1480, 273], [1481, 273], [1477, 274], [1478, 274], [1479, 274], [1480, 274], [1481, 274], [1482, 274], [1483, 274], [1484, 274], [1485, 274], [1486, 274], [1477, 275], [1478, 275], [1479, 275], [1481, 275], [1482, 275], [1483, 275], [1484, 275], [1485, 275], [1486, 275], [1487, 275], [1488, 275], [1489, 275], [1478, 276], [1479, 276], [1480, 276], [1481, 276], [1482, 276], [1485, 276], [1486, 276], [1487, 276], [1488, 276], [1489, 276], [1490, 276], [1491, 276], [1479, 277], [1480, 277], [1481, 277], [1482, 277], [1483, 277], [1484, 277], [1485, 277], [1486, 277], [1488, 277], [1489, 277], [1490, 277], [1491, 277], [1492, 277], [1481, 278], [1482, 278], [1483, 278], [1484, 278], [1485, 278], [1486, 278], [1487, 278], [1488, 278], [1489, 278], [1491, 278], [1492, 278], [1493, 278], [1494, 278], [1495, 278], [1496, 278], [1485, 279], [1486, 279], [1487, 279], [1488, 279], [1489, 279], [1490, 279], [1491, 279], [1492, 279], [1493, 279], [1494, 279], [1495, 279], [1496, 279], [1497, 279], [1498, 279], [1489, 280], [1490, 280], [1491, 280], [1492, 280], [1493, 280], [1494, 280], [1495, 280], [1496, 280], [1497, 280], [1498, 280], [1491, 281], [1492, 281], [1493, 281], [1494, 281], [1495, 281], [1496, 281], [1497, 281], [1498, 281], [1495, 282], [1496, 282], [1497, 282], [1498, 282], [1511, 286], [1512, 286], [1513, 286], [1514, 286], [1515, 286], [1516, 286], [1517, 286], [1518, 286], [1519, 286], [1520, 286], [1521, 286], [1511, 287], [1512, 287], [1513, 287], [1514, 287], [1515, 287], [1516, 287], [1517, 287], [1518, 287], [1519, 287], [1520, 287], [1521, 287], [1522, 287], [1523, 287], [1524, 287], [1511, 288], [1512, 288], [1513, 288], [1514, 288], [1515, 288], [1520, 288], [1521, 288], [1522, 288], [1523, 288], [1524, 288], [1525, 288], [1526, 288], [1527, 288], [1511, 289], [1512, 289], [1513, 289], [1514, 289], [1515, 289], [1516, 289], [1517, 289], [1518, 289], [1523, 289], [1524, 289], [1525, 289], [1526, 289], [1527, 289], [1528, 289], [1529, 289], [1530, 289], [1514, 290], [1515, 290], [1516, 290], [1517, 290], [1518, 290], [1519, 290], [1520, 290], [1521, 290], [1526, 290], [1527, 290], [1528, 290], [1529, 290], [1530, 290], [1531, 290], [1532, 290], [1533, 290], [1517, 291], [1518, 291], [1519, 291], [1520, 291], [1521, 291], [1522, 291], [1523, 291], [1529, 291], [1530, 291], [1531, 291], [1532, 291], [1533, 291], [1534, 291], [1535, 291], [1520, 292], [1521, 292], [1522, 292], [1523, 292], [1524, 292], [1525, 292], [1526, 292], [1532, 292], [1533, 292], [1534, 292], [1535, 292], [1536, 292], [1537, 292], [1538, 292], [1522, 293], [1523, 293], [1524, 293], [1525, 293], [1526, 293], [1527, 293], [1528, 293], [1529, 293], [1534, 293], [1535, 293], [1536, 293], [1537, 293], [1538, 293], [1539, 293], [1540, 293], [1525, 294], [1526, 294], [1527, 294], [1528, 294], [1529, 294], [1530, 294], [1531, 294], [1532, 294], [1537, 294], [1538, 294], [1539, 294], [1540, 294], [1541, 294], [1542, 294], [1543, 294], [1544, 294], [1528, 295], [1529, 295], [1530, 295], [1531, 295], [1532, 295], [1533, 295], [1534, 295], [1539, 295], [1540, 295], [1541, 295], [1542, 295], [1543, 295], [1544, 295], [1545, 295], [1546, 295], [1547, 295], [1531, 296], [1532, 296], [1533, 296], [1534, 296], [1535, 296], [1536, 296], [1537, 296], [1543, 296], [1544, 296], [1545, 296], [1546, 296], [1547, 296], [1548, 296], [1549, 296], [1533, 297], [1534, 297], [1535, 297], [1536, 297], [1537, 297], [1538, 297], [1539, 297], [1540, 297], [1546, 297], [1547, 297], [1548, 297], [1549, 297], [1550, 297], [1551, 297], [1536, 298], [1537, 298], [1538, 298], [1539, 298], [1540, 298], [1541, 298], [1542, 298], [1543, 298], [1548, 298], [1549, 298], [1550, 298], [1551, 298], [1552, 298], [1553, 298], [1539, 299], [1540, 299], [1541, 299], [1542, 299], [1543, 299], [1544, 299], [1545, 299], [1546, 299], [1550, 299], [1551, 299], [1552, 299], [1553, 299], [1554, 299], [1555, 299], [1556, 299], [1542, 300], [1543, 300], [1544, 300], [1545, 300], [1546, 300], [1547, 300], [1548, 300], [1549, 300], [1552, 300], [1553, 300], [1554, 300], [1555, 300], [1556, 300], [1557, 300], [1558, 300], [1559, 300], [1560, 300], [1545, 301], [1546, 301], [1547, 301], [1548, 301], [1549, 301], [1550, 301], [1551, 301], [1555, 301], [1556, 301], [1557, 301], [1558, 301], [1559, 301], [1560, 301], [1561, 301], [1562, 301], [1563, 301], [1564, 301], [1548, 302], [1549, 302], [1550, 302], [1551, 302], [1552, 302], [1553, 302], [1554, 302], [1559, 302], [1560, 302], [1561, 302], [1562, 302], [1563, 302], [1564, 302], [1565, 302], [1566, 302], [1567, 302], [1550, 303], [1551, 303], [1552, 303], [1553, 303], [1554, 303], [1555, 303], [1556, 303], [1563, 303], [1564, 303], [1565, 303], [1566, 303], [1567, 303], [1568, 303], [1569, 303], [1570, 303], [1553, 304], [1554, 304], [1555, 304], [1556, 304], [1557, 304], [1558, 304], [1559, 304], [1560, 304], [1566, 304], [1567, 304], [1568, 304], [1569, 304], [1570, 304], [1571, 304], [1572, 304], [1573, 304], [1555, 305], [1556, 305], [1557, 305], [1558, 305], [1559, 305], [1560, 305], [1561, 305], [1562, 305], [1563, 305], [1569, 305], [1570, 305], [1571, 305], [1572, 305], [1573, 305], [1574, 305], [1575, 305], [1576, 305], [1559, 306], [1560, 306], [1561, 306], [1562, 306], [1563, 306], [1564, 306], [1565, 306], [1566, 306], [1572, 306], [1573, 306], [1574, 306], [1575, 306], [1576, 306], [1577, 306], [1578, 306], [1579, 306], [1562, 307], [1563, 307], [1564, 307], [1565, 307], [1566, 307], [1567, 307], [1568, 307], [1569, 307], [1575, 307], [1576, 307], [1577, 307], [1578, 307], [1579, 307], [1580, 307], [1581, 307], [1582, 307], [1565, 308], [1566, 308], [1567, 308], [1568, 308], [1569, 308], [1570, 308], [1571, 308], [1572, 308], [1578, 308], [1579, 308], [1580, 308], [1581, 308], [1582, 308], [1583, 308], [1584, 308], [1568, 309], [1569, 309], [1570, 309], [1571, 309], [1572, 309], [1573, 309], [1574, 309], [1575, 309], [1581, 309], [1582, 309], [1583, 309], [1584, 309], [1585, 309], [1586, 309], [1571, 310], [1572, 310], [1573, 310], [1574, 310], [1575, 310], [1576, 310], [1577, 310], [1583, 310], [1584, 310], [1585, 310], [1586, 310], [1587, 310], [1588, 310], [1589, 310], [1574, 311], [1575, 311], [1576, 311], [1577, 311], [1578, 311], [1579, 311], [1580, 311], [1585, 311], [1586, 311], [1587, 311], [1588, 311], [1589, 311], [1590, 311], [1591, 311], [1592, 311], [1576, 312], [1577, 312], [1578, 312], [1579, 312], [1580, 312], [1581, 312], [1582, 312], [1583, 312], [1588, 312], [1589, 312], [1590, 312], [1591, 312], [1592, 312], [1593, 312], [1594, 312], [1595, 312], [1596, 312], [1579, 313], [1580, 313], [1581, 313], [1582, 313], [1583, 313], [1584, 313], [1585, 313], [1591, 313], [1592, 313], [1593, 313], [1594, 313], [1595, 313], [1596, 313], [1597, 313], [1598, 313], [1599, 313], [1582, 314], [1583, 314], [1584, 314], [1585, 314], [1586, 314], [1587, 314], [1588, 314], [1595, 314], [1596, 314], [1597, 314], [1598, 314], [1599, 314], [1600, 314], [1601, 314], [1602, 314], [1584, 315], [1585, 315], [1586, 315], [1587, 315], [1588, 315], [1589, 315], [1590, 315], [1591, 315], [1592, 315], [1598, 315], [1599, 315], [1600, 315], [1601, 315], [1602, 315], [1603, 315], [1604, 315], [1587, 316], [1588, 316], [1589, 316], [1590, 316], [1591, 316], [1592, 316], [1593, 316], [1594, 316], [1595, 316], [1601, 316], [1602, 316], [1603, 316], [1604, 316], [1605, 316], [1606, 316], [1591, 317], [1592, 317], [1593, 317], [1594, 317], [1595, 317], [1596, 317], [1597, 317], [1603, 317], [1604, 317], [1605, 317], [1606, 317], [1607, 317], [1608, 317], [1609, 317], [1594, 318], [1595, 318], [1596, 318], [1597, 318], [1598, 318], [1599, 318], [1600, 318], [1605, 318], [1606, 318], [1607, 318], [1608, 318], [1609, 318], [1610, 318], [1611, 318], [1612, 318], [1596, 319], [1597, 319], [1598, 319], [1599, 319], [1600, 319], [1601, 319], [1602, 319], [1608, 319], [1609, 319], [1610, 319], [1611, 319], [1612, 319], [1613, 319], [1614, 319], [1599, 320], [1600, 320], [1601, 320], [1602, 320], [1603, 320], [1604, 320], [1605, 320], [1606, 320], [1611, 320], [1612, 320], [1613, 320], [1614, 320], [1615, 320], [1616, 320], [1601, 321], [1602, 321], [1603, 321], [1604, 321], [1605, 321], [1606, 321], [1607, 321], [1608, 321], [1609, 321], [1610, 321], [1613, 321], [1614, 321], [1615, 321], [1616, 321], [1617, 321], [1618, 321], [1619, 321], [1620, 321], [1605, 322], [1606, 322], [1607, 322], [1608, 322], [1609, 322], [1610, 322], [1611, 322], [1615, 322], [1616, 322], [1617, 322], [1618, 322], [1619, 322], [1620, 322], [1621, 322], [1622, 322], [1623, 322], [1609, 323], [1610, 323], [1611, 323], [1612, 323], [1613, 323], [1619, 323], [1620, 323], [1621, 323], [1622, 323], [1623, 323], [1624, 323], [1625, 323], [1626, 323], [1610, 324], [1611, 324], [1612, 324], [1613, 324], [1614, 324], [1622, 324], [1623, 324], [1624, 324], [1625, 324], [1626, 324], [1627, 324], [1628, 324], [1629, 324], [1612, 325], [1613, 325], [1614, 325], [1615, 325], [1616, 325], [1617, 325], [1625, 325], [1626, 325], [1627, 325], [1628, 325], [1629, 325], [1630, 325], [1631, 325], [1632, 325], [1613, 326], [1614, 326], [1615, 326], [1616, 326], [1617, 326], [1618, 326], [1619, 326], [1620, 326], [1628, 326], [1629, 326], [1630, 326], [1631, 326], [1632, 326], [1633, 326], [1634, 326], [1635, 326], [1616, 327], [1617, 327], [1618, 327], [1619, 327], [1620, 327], [1621, 327], [1622, 327], [1623, 327], [1631, 327], [1632, 327], [1633, 327], [1634, 327], [1635, 327], [1636, 327], [1637, 327], [1638, 327], [1619, 328], [1620, 328], [1621, 328], [1622, 328], [1623, 328], [1624, 328], [1625, 328], [1626, 328], [1634, 328], [1635, 328], [1636, 328], [1637, 328], [1638, 328], [1639, 328], [1640, 328], [1622, 329], [1623, 329], [1624, 329], [1625, 329], [1626, 329], [1627, 329], [1628, 329], [1629, 329], [1637, 329], [1638, 329], [1639, 329], [1640, 329], [1641, 329], [1642, 329], [1643, 329], [1625, 330], [1626, 330], [1627, 330], [1628, 330], [1629, 330], [1630, 330], [1631, 330], [1632, 330], [1639, 330], [1640, 330], [1641, 330], [1642, 330], [1643, 330], [1644, 330], [1628, 331], [1629, 331], [1630, 331], [1631, 331], [1632, 331], [1633, 331], [1634, 331], [1635, 331], [1642, 331], [1643, 331], [1644, 331], [1645, 331], [1646, 331], [1647, 331], [1648, 331], [1631, 332], [1632, 332], [1633, 332], [1634, 332], [1635, 332], [1636, 332], [1637, 332], [1638, 332], [1643, 332], [1644, 332], [1645, 332], [1646, 332], [1647, 332], [1648, 332], [1649, 332], [1650, 332], [1651, 332], [1652, 332], [1634, 333], [1635, 333], [1636, 333], [1637, 333], [1638, 333], [1639, 333], [1640, 333], [1641, 333], [1647, 333], [1648, 333], [1649, 333], [1650, 333], [1651, 333], [1652, 333], [1653, 333], [1654, 333], [1637, 334], [1638, 334], [1639, 334], [1640, 334], [1641, 334], [1642, 334], [1643, 334], [1644, 334], [1651, 334], [1652, 334], [1653, 334], [1654, 334], [1655, 334], [1656, 334], [1640, 335], [1641, 335], [1642, 335], [1643, 335], [1644, 335], [1645, 335], [1646, 335], [1647, 335], [1653, 335], [1654, 335], [1655, 335], [1656, 335], [1657, 335], [1658, 335], [1659, 335], [1660, 335], [1661, 335], [1643, 336], [1644, 336], [1645, 336], [1646, 336], [1647, 336], [1648, 336], [1649, 336], [1650, 336], [1655, 336], [1656, 336], [1657, 336], [1658, 336], [1659, 336], [1660, 336], [1661, 336], [1662, 336], [1663, 336], [1664, 336], [1665, 336], [1646, 337], [1647, 337], [1648, 337], [1649, 337], [1650, 337], [1651, 337], [1652, 337], [1653, 337], [1660, 337], [1661, 337], [1662, 337], [1663, 337], [1664, 337], [1665, 337], [1666, 337], [1667, 337], [1668, 337], [1649, 338], [1650, 338], [1651, 338], [1652, 338], [1653, 338], [1654, 338], [1655, 338], [1664, 338], [1665, 338], [1666, 338], [1667, 338], [1668, 338], [1669, 338], [1670, 338], [1671, 338], [1652, 339], [1653, 339], [1654, 339], [1655, 339], [1656, 339], [1657, 339], [1658, 339], [1667, 339], [1668, 339], [1669, 339], [1670, 339], [1671, 339], [1672, 339], [1673, 339], [1674, 339], [1654, 340], [1655, 340], [1656, 340], [1657, 340], [1658, 340], [1659, 340], [1660, 340], [1661, 340], [1662, 340], [1670, 340], [1671, 340], [1672, 340], [1673, 340], [1674, 340], [1675, 340], [1676, 340], [1677, 340], [1657, 341], [1658, 341], [1659, 341], [1660, 341], [1661, 341], [1662, 341], [1663, 341], [1664, 341], [1665, 341], [1673, 341], [1674, 341], [1675, 341], [1676, 341], [1677, 341], [1678, 341], [1679, 341], [1661, 342], [1662, 342], [1663, 342], [1664, 342], [1665, 342], [1666, 342], [1667, 342], [1668, 342], [1669, 342], [1670, 342], [1671, 342], [1676, 342], [1677, 342], [1678, 342], [1679, 342], [1680, 342], [1681, 342], [1664, 343], [1665, 343], [1666, 343], [1667, 343], [1668, 343], [1669, 343], [1670, 343], [1671, 343], [1672, 343], [1673, 343], [1674, 343], [1675, 343], [1676, 343], [1678, 343], [1679, 343], [1680, 343], [1681, 343], [1682, 343], [1683, 343], [1684, 343], [1685, 343], [1670, 344], [1671, 344], [1672, 344], [1673, 344], [1674, 344], [1675, 344], [1676, 344], [1677, 344], [1680, 344], [1681, 344], [1682, 344], [1683, 344], [1684, 344], [1685, 344], [1686, 344], [1687, 344], [1675, 345], [1676, 345], [1677, 345], [1678, 345], [1679, 345], [1684, 345], [1685, 345], [1686, 345], [1687, 345], [1688, 345], [1689, 345], [1690, 345], [1691, 345], [1676, 346], [1677, 346], [1678, 346], [1679, 346], [1680, 346], [1681, 346], [1682, 346], [1686, 346], [1687, 346], [1688, 346], [1689, 346], [1690, 346], [1691, 346], [1692, 346], [1693, 346], [1694, 346], [1678, 347], [1679, 347], [1680, 347], [1681, 347], [1682, 347], [1683, 347], [1684, 347], [1690, 347], [1691, 347], [1692, 347], [1693, 347], [1694, 347], [1695, 347], [1696, 347], [1697, 347], [1681, 348], [1682, 348], [1683, 348], [1684, 348], [1685, 348], [1686, 348], [1693, 348], [1694, 348], [1695, 348], [1696, 348], [1697, 348], [1698, 348], [1699, 348], [1700, 348], [1683, 349], [1684, 349], [1685, 349], [1686, 349], [1687, 349], [1688, 349], [1689, 349], [1696, 349], [1697, 349], [1698, 349], [1699, 349], [1700, 349], [1701, 349], [1702, 349], [1703, 349], [1685, 350], [1686, 350], [1687, 350], [1688, 350], [1689, 350], [1690, 350], [1691, 350], [1692, 350], [1699, 350], [1700, 350], [1701, 350], [1702, 350], [1703, 350], [1704, 350], [1705, 350], [1706, 350], [1688, 351], [1689, 351], [1690, 351], [1691, 351], [1692, 351], [1693, 351], [1694, 351], [1695, 351], [1702, 351], [1703, 351], [1704, 351], [1705, 351], [1706, 351], [1707, 351], [1708, 351], [1709, 351], [1710, 351], [1691, 352], [1692, 352], [1693, 352], [1694, 352], [1695, 352], [1696, 352], [1697, 352], [1705, 352], [1706, 352], [1707, 352], [1708, 352], [1709, 352], [1710, 352], [1711, 352], [1712, 352], [1713, 352], [1694, 353], [1695, 353], [1696, 353], [1697, 353], [1698, 353], [1699, 353], [1700, 353], [1709, 353], [1710, 353], [1711, 353], [1712, 353], [1713, 353], [1714, 353], [1715, 353], [1716, 353], [1696, 354], [1697, 354], [1698, 354], [1699, 354], [1700, 354], [1701, 354], [1702, 354], [1703, 354], [1704, 354], [1712, 354], [1713, 354], [1714, 354], [1715, 354], [1716, 354], [1717, 354], [1718, 354], [1719, 354], [1720, 354], [1699, 355], [1700, 355], [1701, 355], [1702, 355], [1703, 355], [1704, 355], [1705, 355], [1706, 355], [1707, 355], [1708, 355], [1715, 355], [1716, 355], [1717, 355], [1718, 355], [1719, 355], [1720, 355], [1721, 355], [1722, 355], [1723, 355], [1703, 356], [1704, 356], [1705, 356], [1706, 356], [1707, 356], [1708, 356], [1709, 356], [1710, 356], [1711, 356], [1719, 356], [1720, 356], [1721, 356], [1722, 356], [1723, 356], [1724, 356], [1725, 356], [1726, 356], [1707, 357], [1708, 357], [1709, 357], [1710, 357], [1711, 357], [1712, 357], [1713, 357], [1722, 357], [1723, 357], [1724, 357], [1725, 357], [1726, 357], [1727, 357], [1728, 357], [1729, 357], [1730, 357], [1710, 358], [1711, 358], [1712, 358], [1713, 358], [1714, 358], [1715, 358], [1716, 358], [1717, 358], [1725, 358], [1726, 358], [1727, 358], [1728, 358], [1729, 358], [1730, 358], [1731, 358], [1732, 358], [1712, 359], [1713, 359], [1714, 359], [1715, 359], [1716, 359], [1717, 359], [1718, 359], [1719, 359], [1720, 359], [1729, 359], [1730, 359], [1731, 359], [1732, 359], [1733, 359], [1734, 359], [1735, 359], [1736, 359], [1716, 360], [1717, 360], [1718, 360], [1719, 360], [1720, 360], [1721, 360], [1722, 360], [1723, 360], [1731, 360], [1732, 360], [1733, 360], [1734, 360], [1735, 360], [1736, 360], [1737, 360], [1738, 360], [1719, 361], [1720, 361], [1721, 361], [1722, 361], [1723, 361], [1724, 361], [1725, 361], [1726, 361], [1735, 361], [1736, 361], [1737, 361], [1738, 361], [1739, 361], [1740, 361], [1741, 361], [1722, 362], [1723, 362], [1724, 362], [1725, 362], [1726, 362], [1727, 362], [1728, 362], [1729, 362], [1737, 362], [1738, 362], [1739, 362], [1740, 362], [1741, 362], [1742, 362], [1743, 362], [1744, 362], [1725, 363], [1726, 363], [1727, 363], [1728, 363], [1729, 363], [1730, 363], [1731, 363], [1732, 363], [1740, 363], [1741, 363], [1742, 363], [1743, 363], [1744, 363], [1745, 363], [1746, 363], [1747, 363], [1748, 363], [1728, 364], [1729, 364], [1730, 364], [1731, 364], [1732, 364], [1733, 364], [1734, 364], [1743, 364], [1744, 364], [1745, 364], [1746, 364], [1747, 364], [1748, 364], [1749, 364], [1750, 364], [1731, 365], [1732, 365], [1733, 365], [1734, 365], [1735, 365], [1736, 365], [1737, 365], [1747, 365], [1748, 365], [1749, 365], [1750, 365], [1751, 365], [1752, 365], [1753, 365], [1754, 365], [1733, 366], [1734, 366], [1735, 366], [1736, 366], [1737, 366], [1738, 366], [1739, 366], [1740, 366], [1741, 366], [1749, 366], [1750, 366], [1751, 366], [1752, 366], [1753, 366], [1754, 366], [1755, 366], [1756, 366], [1736, 367], [1737, 367], [1738, 367], [1739, 367], [1740, 367], [1741, 367], [1742, 367], [1743, 367], [1744, 367], [1753, 367], [1754, 367], [1755, 367], [1756, 367], [1757, 367], [1758, 367], [1759, 367], [1740, 368], [1741, 368], [1742, 368], [1743, 368], [1744, 368], [1745, 368], [1746, 368], [1747, 368], [1748, 368], [1755, 368], [1756, 368], [1757, 368], [1758, 368], [1759, 368], [1760, 368], [1761, 368], [1743, 369], [1744, 369], [1745, 369], [1746, 369], [1747, 369], [1748, 369], [1749, 369], [1750, 369], [1758, 369], [1759, 369], [1760, 369], [1761, 369], [1762, 369], [1763, 369], [1764, 369], [1747, 370], [1748, 370], [1749, 370], [1750, 370], [1751, 370], [1752, 370], [1753, 370], [1760, 370], [1761, 370], [1762, 370], [1763, 370], [1764, 370], [1765, 370], [1766, 370], [1749, 371], [1750, 371], [1751, 371], [1752, 371], [1753, 371], [1754, 371], [1755, 371], [1756, 371], [1757, 371], [1763, 371], [1764, 371], [1765, 371], [1766, 371], [1767, 371], [1768, 371], [1769, 371], [1770, 371], [1752, 372], [1753, 372], [1754, 372], [1755, 372], [1756, 372], [1757, 372], [1758, 372], [1759, 372], [1760, 372], [1761, 372], [1765, 372], [1766, 372], [1767, 372], [1768, 372], [1769, 372], [1770, 372], [1771, 372], [1772, 372], [1773, 372], [1756, 373], [1757, 373], [1758, 373], [1759, 373], [1760, 373], [1761, 373], [1762, 373], [1763, 373], [1769, 373], [1770, 373], [1771, 373], [1772, 373], [1773, 373], [1774, 373], [1775, 373], [1776, 373], [1760, 374], [1761, 374], [1762, 374], [1763, 374], [1764, 374], [1765, 374], [1766, 374], [1772, 374], [1773, 374], [1774, 374], [1775, 374], [1776, 374], [1777, 374], [1778, 374], [1779, 374], [1762, 375], [1763, 375], [1764, 375], [1765, 375], [1766, 375], [1767, 375], [1768, 375], [1775, 375], [1776, 375], [1777, 375], [1778, 375], [1779, 375], [1780, 375], [1781, 375], [1782, 375], [1783, 375], [1765, 376], [1766, 376], [1767, 376], [1768, 376], [1769, 376], [1770, 376], [1771, 376], [1772, 376], [1778, 376], [1779, 376], [1780, 376], [1781, 376], [1782, 376], [1783, 376], [1784, 376], [1785, 376], [1767, 377], [1768, 377], [1769, 377], [1770, 377], [1771, 377], [1772, 377], [1773, 377], [1774, 377], [1775, 377], [1776, 377], [1782, 377], [1783, 377], [1784, 377], [1785, 377], [1786, 377], [1787, 377], [1788, 377], [1771, 378], [1772, 378], [1773, 378], [1774, 378], [1775, 378], [1776, 378], [1777, 378], [1778, 378], [1784, 378], [1785, 378], [1786, 378], [1787, 378], [1788, 378], [1789, 378], [1790, 378], [1775, 379], [1776, 379], [1777, 379], [1778, 379], [1779, 379], [1780, 379], [1781, 379], [1787, 379], [1788, 379], [1789, 379], [1790, 379], [1791, 379], [1792, 379], [1777, 380], [1778, 380], [1779, 380], [1780, 380], [1781, 380], [1782, 380], [1783, 380], [1784, 380], [1789, 380], [1790, 380], [1791, 380], [1792, 380], [1793, 380], [1794, 380], [1795, 380], [1780, 381], [1781, 381], [1782, 381], [1783, 381], [1784, 381], [1785, 381], [1786, 381], [1787, 381], [1791, 381], [1792, 381], [1793, 381], [1794, 381], [1795, 381], [1796, 381], [1797, 381], [1798, 381], [1783, 382], [1784, 382], [1785, 382], [1786, 382], [1787, 382], [1788, 382], [1789, 382], [1790, 382], [1791, 382], [1794, 382], [1795, 382], [1796, 382], [1797, 382], [1798, 382], [1799, 382], [1800, 382], [1801, 382], [1786, 383], [1787, 383], [1788, 383], [1789, 383], [1790, 383], [1791, 383], [1792, 383], [1793, 383], [1794, 383], [1797, 383], [1798, 383], [1799, 383], [1800, 383], [1801, 383], [1802, 383], [1803, 383], [1790, 384], [1791, 384], [1792, 384], [1793, 384], [1794, 384], [1795, 384], [1796, 384], [1797, 384], [1800, 384], [1801, 384], [1802, 384], [1803, 384], [1804, 384], [1805, 384], [1806, 384], [1807, 384], [1793, 385], [1794, 385], [1795, 385], [1796, 385], [1797, 385], [1798, 385], [1799, 385], [1800, 385], [1802, 385], [1803, 385], [1804, 385], [1805, 385], [1806, 385], [1807, 385], [1808, 385], [1809, 385], [1796, 386], [1797, 386], [1798, 386], [1799, 386], [1800, 386], [1801, 386], [1802, 386], [1803, 386], [1806, 386], [1807, 386], [1808, 386], [1809, 386], [1810, 386], [1811, 386], [1799, 387], [1800, 387], [1801, 387], [1802, 387], [1803, 387], [1804, 387], [1805, 387], [1808, 387], [1809, 387], [1810, 387], [1811, 387], [1812, 387], [1813, 387], [1814, 387], [1802, 388], [1803, 388], [1804, 388], [1805, 388], [1806, 388], [1807, 388], [1808, 388], [1809, 388], [1810, 388], [1811, 388], [1812, 388], [1813, 388], [1814, 388], [1815, 388], [1804, 389], [1805, 389], [1806, 389], [1807, 389], [1808, 389], [1809, 389], [1810, 389], [1811, 389], [1812, 389], [1813, 389], [1814, 389], [1815, 389], [1258, 390], [1808, 390], [1809, 390], [1810, 390], [1811, 390], [1812, 390], [1813, 390], [1814, 390], [1815, 390], [1256, 391], [1257, 391], [1258, 391], [1259, 391], [1260, 391], [1257, 392], [1258, 392], [1259, 392], [1260, 392], [1261, 392], [1259, 393], [1260, 393], [1261, 393], [1262, 393], [1260, 394], [1261, 394], [1262, 394], [1263, 394], [1261, 395], [1262, 395], [1263, 395], [1264, 395], [1247, 396], [1248, 396], [1262, 396], [1263, 396], [1264, 396], [1265, 396], [1246, 397], [1247, 397], [1248, 397], [1249, 397], [1263, 397], [1264, 397], [1265, 397], [1266, 397], [1247, 398], [1248, 398], [1249, 398], [1250, 398], [1264, 398], [1265, 398], [1266, 398], [1267, 398], [1248, 399], [1249, 399], [1250, 399], [1251, 399], [1265, 399], [1266, 399], [1267, 399], [1268, 399], [1249, 400], [1250, 400], [1251, 400], [1266, 400], [1267, 400], [1268, 400], [1269, 400], [1241, 401], [1242, 401], [1243, 401], [1244, 401], [1245, 401], [1246, 401], [1247, 401], [1248, 401], [1249, 401], [1250, 401], [1251, 401], [1267, 401], [1268, 401], [1269, 401], [1270, 401], [1240, 402], [1241, 402], [1242, 402], [1243, 402], [1244, 402], [1245, 402], [1246, 402], [1247, 402], [1248, 402], [1250, 402], [1251, 402], [1252, 402], [1253, 402], [1254, 402], [1255, 402], [1268, 402], [1269, 402], [1270, 402], [1271, 402], [1236, 403], [1240, 403], [1241, 403], [1243, 403], [1244, 403], [1245, 403], [1246, 403], [1247, 403], [1248, 403], [1249, 403], [1250, 403], [1251, 403], [1252, 403], [1253, 403], [1254, 403], [1255, 403], [1256, 403], [1257, 403], [1269, 403], [1270, 403], [1271, 403], [1272, 403], [1273, 403], [1234, 404], [1235, 404], [1236, 404], [1237, 404], [1240, 404], [1241, 404], [1242, 404], [1243, 404], [1244, 404], [1245, 404], [1246, 404], [1247, 404], [1248, 404], [1249, 404], [1254, 404], [1255, 404], [1256, 404], [1257, 404], [1258, 404], [1259, 404], [1260, 404], [1270, 404], [1271, 404], [1272, 404], [1273, 404], [1274, 404], [1235, 405], [1236, 405], [1237, 405], [1238, 405], [1240, 405], [1241, 405], [1242, 405], [1243, 405], [1244, 405], [1256, 405], [1257, 405], [1258, 405], [1259, 405], [1260, 405], [1261, 405], [1262, 405], [1272, 405], [1273, 405], [1274, 405], [1275, 405], [1236, 406], [1237, 406], [1238, 406], [1240, 406], [1241, 406], [1242, 406], [1243, 406], [1244, 406], [1245, 406], [1246, 406], [1247, 406], [1248, 406], [1249, 406], [1253, 406], [1254, 406], [1255, 406], [1256, 406], [1257, 406], [1258, 406], [1259, 406], [1260, 406], [1261, 406], [1262, 406], [1263, 406], [1273, 406], [1274, 406], [1275, 406], [1276, 406], [1237, 407], [1238, 407], [1239, 407], [1241, 407], [1242, 407], [1243, 407], [1244, 407], [1248, 407], [1249, 407], [1253, 407], [1254, 407], [1256, 407], [1257, 407], [1258, 407], [1259, 407], [1261, 407], [1262, 407], [1263, 407], [1274, 407], [1275, 407], [1276, 407], [1277, 407], [1237, 408], [1238, 408], [1239, 408], [1240, 408], [1241, 408], [1243, 408], [1244, 408], [1245, 408], [1246, 408], [1247, 408], [1248, 408], [1249, 408], [1253, 408], [1254, 408], [1255, 408], [1256, 408], [1257, 408], [1258, 408], [1262, 408], [1263, 408], [1275, 408], [1276, 408], [1277, 408], [1278, 408], [1238, 409], [1239, 409], [1240, 409], [1241, 409], [1242, 409], [1261, 409], [1262, 409], [1263, 409], [1276, 409], [1277, 409], [1278, 409], [1279, 409], [1224, 410], [1225, 410], [1240, 410], [1241, 410], [1242, 410], [1243, 410], [1261, 410], [1262, 410], [1263, 410], [1277, 410], [1278, 410], [1279, 410], [1280, 410], [1223, 411], [1224, 411], [1225, 411], [1226, 411], [1241, 411], [1242, 411], [1243, 411], [1244, 411], [1261, 411], [1262, 411], [1263, 411], [1264, 411], [1278, 411], [1279, 411], [1280, 411], [1281, 411], [1224, 412], [1225, 412], [1226, 412], [1227, 412], [1242, 412], [1243, 412], [1244, 412], [1245, 412], [1262, 412], [1263, 412], [1264, 412], [1265, 412], [1279, 412], [1280, 412], [1281, 412], [1282, 412], [1225, 413], [1226, 413], [1227, 413], [1243, 413], [1244, 413], [1245, 413], [1246, 413], [1263, 413], [1264, 413], [1265, 413], [1266, 413], [1280, 413], [1281, 413], [1282, 413], [1283, 413], [1226, 414], [1227, 414], [1228, 414], [1229, 414], [1244, 414], [1245, 414], [1246, 414], [1247, 414], [1264, 414], [1265, 414], [1266, 414], [1267, 414], [1281, 414], [1282, 414], [1283, 414], [1284, 414], [1226, 415], [1227, 415], [1228, 415], [1229, 415], [1245, 415], [1246, 415], [1247, 415], [1248, 415], [1265, 415], [1266, 415], [1267, 415], [1268, 415], [1282, 415], [1283, 415], [1284, 415], [1285, 415], [1228, 416], [1229, 416], [1230, 416], [1246, 416], [1247, 416], [1248, 416], [1249, 416], [1266, 416], [1267, 416], [1268, 416], [1269, 416], [1283, 416], [1284, 416], [1285, 416], [1286, 416], [1228, 417], [1229, 417], [1230, 417], [1247, 417], [1248, 417], [1249, 417], [1250, 417], [1251, 417], [1267, 417], [1268, 417], [1269, 417], [1270, 417], [1284, 417], [1285, 417], [1286, 417], [1287, 417], [1288, 417], [1229, 418], [1230, 418], [1231, 418], [1232, 418], [1248, 418], [1249, 418], [1250, 418], [1251, 418], [1268, 418], [1269, 418], [1270, 418], [1271, 418], [1285, 418], [1286, 418], [1287, 418], [1288, 418], [1289, 418], [1229, 419], [1230, 419], [1231, 419], [1232, 419], [1233, 419], [1250, 419], [1251, 419], [1252, 419], [1269, 419], [1270, 419], [1271, 419], [1272, 419], [1287, 419], [1288, 419], [1289, 419], [1290, 419], [1231, 420], [1232, 420], [1233, 420], [1234, 420], [1250, 420], [1251, 420], [1252, 420], [1253, 420], [1270, 420], [1271, 420], [1272, 420], [1273, 420], [1288, 420], [1289, 420], [1290, 420], [1291, 420], [1232, 421], [1233, 421], [1234, 421], [1235, 421], [1251, 421], [1252, 421], [1253, 421], [1254, 421], [1271, 421], [1272, 421], [1273, 421], [1274, 421], [1289, 421], [1290, 421], [1291, 421], [1292, 421], [1233, 422], [1234, 422], [1235, 422], [1236, 422], [1252, 422], [1253, 422], [1254, 422], [1255, 422], [1272, 422], [1273, 422], [1274, 422], [1275, 422], [1290, 422], [1291, 422], [1292, 422], [1293, 422], [1234, 423], [1235, 423], [1236, 423], [1237, 423], [1253, 423], [1254, 423], [1255, 423], [1256, 423], [1273, 423], [1274, 423], [1275, 423], [1276, 423], [1291, 423], [1292, 423], [1293, 423], [1294, 423], [1235, 424], [1236, 424], [1237, 424], [1238, 424], [1254, 424], [1255, 424], [1256, 424], [1257, 424], [1274, 424], [1275, 424], [1276, 424], [1277, 424], [1292, 424], [1293, 424], [1294, 424], [1295, 424], [1236, 425], [1237, 425], [1238, 425], [1239, 425], [1240, 425], [1255, 425], [1256, 425], [1257, 425], [1258, 425], [1275, 425], [1276, 425], [1277, 425], [1278, 425], [1293, 425], [1294, 425], [1295, 425], [1296, 425], [1297, 425], [1237, 426], [1238, 426], [1239, 426], [1240, 426], [1256, 426], [1257, 426], [1258, 426], [1276, 426], [1277, 426], [1278, 426], [1279, 426], [1294, 426], [1295, 426], [1296, 426], [1297, 426], [1298, 426], [1239, 427], [1240, 427], [1241, 427], [1242, 427], [1257, 427], [1258, 427], [1259, 427], [1260, 427], [1277, 427], [1278, 427], [1279, 427], [1280, 427], [1296, 427], [1297, 427], [1298, 427], [1299, 427], [1239, 428], [1240, 428], [1241, 428], [1242, 428], [1243, 428], [1257, 428], [1258, 428], [1259, 428], [1260, 428], [1278, 428], [1279, 428], [1280, 428], [1281, 428], [1297, 428], [1298, 428], [1299, 428], [1300, 428], [1241, 429], [1242, 429], [1243, 429], [1244, 429], [1259, 429], [1260, 429], [1261, 429], [1279, 429], [1280, 429], [1281, 429], [1282, 429], [1298, 429], [1299, 429], [1300, 429], [1242, 430], [1243, 430], [1244, 430], [1245, 430], [1259, 430], [1260, 430], [1261, 430], [1262, 430], [1280, 430], [1281, 430], [1282, 430], [1283, 430], [1299, 430], [1300, 430], [1301, 430], [1243, 431], [1244, 431], [1245, 431], [1246, 431], [1247, 431], [1260, 431], [1261, 431], [1262, 431], [1263, 431], [1281, 431], [1282, 431], [1283, 431], [1284, 431], [1285, 431], [1299, 431], [1300, 431], [1301, 431], [1302, 431], [1303, 431], [1244, 432], [1245, 432], [1246, 432], [1247, 432], [1261, 432], [1262, 432], [1263, 432], [1264, 432], [1282, 432], [1283, 432], [1284, 432], [1285, 432], [1286, 432], [1300, 432], [1301, 432], [1302, 432], [1303, 432], [1246, 433], [1247, 433], [1248, 433], [1262, 433], [1263, 433], [1264, 433], [1265, 433], [1284, 433], [1285, 433], [1286, 433], [1287, 433], [1302, 433], [1303, 433], [1304, 433], [1246, 434], [1247, 434], [1248, 434], [1263, 434], [1264, 434], [1265, 434], [1266, 434], [1285, 434], [1286, 434], [1287, 434], [1288, 434], [1302, 434], [1303, 434], [1304, 434], [1305, 434], [1306, 434], [1247, 435], [1248, 435], [1249, 435], [1264, 435], [1265, 435], [1266, 435], [1267, 435], [1286, 435], [1287, 435], [1288, 435], [1289, 435], [1303, 435], [1304, 435], [1305, 435], [1306, 435], [1307, 435], [1308, 435], [1247, 436], [1248, 436], [1249, 436], [1250, 436], [1265, 436], [1266, 436], [1267, 436], [1268, 436], [1269, 436], [1287, 436], [1288, 436], [1289, 436], [1290, 436], [1291, 436], [1305, 436], [1306, 436], [1307, 436], [1308, 436], [1309, 436], [1248, 437], [1249, 437], [1250, 437], [1251, 437], [1266, 437], [1267, 437], [1268, 437], [1269, 437], [1288, 437], [1289, 437], [1290, 437], [1291, 437], [1292, 437], [1307, 437], [1308, 437], [1309, 437], [1310, 437], [1249, 438], [1250, 438], [1251, 438], [1252, 438], [1268, 438], [1269, 438], [1270, 438], [1290, 438], [1291, 438], [1292, 438], [1293, 438], [1308, 438], [1309, 438], [1310, 438], [1311, 438], [1250, 439], [1251, 439], [1252, 439], [1253, 439], [1268, 439], [1269, 439], [1270, 439], [1271, 439], [1272, 439], [1291, 439], [1292, 439], [1293, 439], [1309, 439], [1310, 439], [1311, 439], [1312, 439], [1251, 440], [1252, 440], [1253, 440], [1269, 440], [1270, 440], [1271, 440], [1272, 440], [1273, 440], [1292, 440], [1293, 440], [1294, 440], [1310, 440], [1311, 440], [1312, 440], [1313, 440], [1252, 441], [1253, 441], [1254, 441], [1255, 441], [1271, 441], [1272, 441], [1273, 441], [1292, 441], [1293, 441], [1294, 441], [1295, 441], [1311, 441], [1312, 441], [1313, 441], [1314, 441], [1252, 442], [1253, 442], [1254, 442], [1255, 442], [1256, 442], [1272, 442], [1273, 442], [1274, 442], [1293, 442], [1294, 442], [1295, 442], [1296, 442], [1312, 442], [1313, 442], [1314, 442], [1315, 442], [1254, 443], [1255, 443], [1256, 443], [1257, 443], [1272, 443], [1273, 443], [1274, 443], [1275, 443], [1294, 443], [1295, 443], [1296, 443], [1297, 443], [1313, 443], [1314, 443], [1315, 443], [1316, 443], [1317, 443], [1255, 444], [1256, 444], [1257, 444], [1258, 444], [1273, 444], [1274, 444], [1275, 444], [1276, 444], [1295, 444], [1296, 444], [1297, 444], [1298, 444], [1314, 444], [1315, 444], [1316, 444], [1317, 444], [1318, 444], [1256, 445], [1257, 445], [1258, 445], [1259, 445], [1260, 445], [1274, 445], [1275, 445], [1276, 445], [1277, 445], [1278, 445], [1296, 445], [1297, 445], [1298, 445], [1299, 445], [1316, 445], [1317, 445], [1318, 445], [1319, 445], [1257, 446], [1258, 446], [1259, 446], [1260, 446], [1261, 446], [1275, 446], [1276, 446], [1277, 446], [1278, 446], [1279, 446], [1297, 446], [1298, 446], [1299, 446], [1300, 446], [1317, 446], [1318, 446], [1319, 446], [1320, 446], [1259, 447], [1260, 447], [1261, 447], [1262, 447], [1277, 447], [1278, 447], [1279, 447], [1280, 447], [1298, 447], [1299, 447], [1300, 447], [1301, 447], [1302, 447], [1318, 447], [1319, 447], [1320, 447], [1321, 447], [1260, 448], [1261, 448], [1262, 448], [1278, 448], [1279, 448], [1280, 448], [1281, 448], [1299, 448], [1300, 448], [1301, 448], [1302, 448], [1319, 448], [1320, 448], [1321, 448], [1322, 448], [1261, 449], [1262, 449], [1263, 449], [1279, 449], [1280, 449], [1281, 449], [1282, 449], [1301, 449], [1302, 449], [1303, 449], [1320, 449], [1321, 449], [1322, 449], [1323, 449], [1261, 450], [1262, 450], [1263, 450], [1280, 450], [1281, 450], [1282, 450], [1283, 450], [1301, 450], [1302, 450], [1303, 450], [1304, 450], [1321, 450], [1322, 450], [1323, 450], [1324, 450], [1262, 451], [1263, 451], [1264, 451], [1281, 451], [1282, 451], [1283, 451], [1284, 451], [1302, 451], [1303, 451], [1304, 451], [1305, 451], [1322, 451], [1323, 451], [1324, 451], [1325, 451], [1262, 452], [1263, 452], [1264, 452], [1265, 452], [1282, 452], [1283, 452], [1284, 452], [1285, 452], [1303, 452], [1304, 452], [1305, 452], [1306, 452], [1323, 452], [1324, 452], [1325, 452], [1326, 452], [1263, 453], [1264, 453], [1265, 453], [1266, 453], [1283, 453], [1284, 453], [1285, 453], [1286, 453], [1304, 453], [1305, 453], [1306, 453], [1307, 453], [1324, 453], [1325, 453], [1326, 453], [1327, 453], [1264, 454], [1265, 454], [1266, 454], [1267, 454], [1284, 454], [1285, 454], [1286, 454], [1287, 454], [1305, 454], [1306, 454], [1307, 454], [1308, 454], [1325, 454], [1326, 454], [1327, 454], [1328, 454], [1329, 454], [1265, 455], [1266, 455], [1267, 455], [1268, 455], [1285, 455], [1286, 455], [1287, 455], [1288, 455], [1306, 455], [1307, 455], [1308, 455], [1309, 455], [1326, 455], [1327, 455], [1328, 455], [1329, 455], [1330, 455], [1266, 456], [1267, 456], [1268, 456], [1269, 456], [1286, 456], [1287, 456], [1288, 456], [1289, 456], [1307, 456], [1308, 456], [1309, 456], [1310, 456], [1328, 456], [1329, 456], [1330, 456], [1331, 456], [1267, 457], [1268, 457], [1269, 457], [1270, 457], [1287, 457], [1288, 457], [1289, 457], [1290, 457], [1308, 457], [1309, 457], [1310, 457], [1311, 457], [1312, 457], [1329, 457], [1330, 457], [1331, 457], [1332, 457], [1268, 458], [1269, 458], [1270, 458], [1271, 458], [1288, 458], [1289, 458], [1290, 458], [1291, 458], [1309, 458], [1310, 458], [1311, 458], [1312, 458], [1313, 458], [1330, 458], [1331, 458], [1332, 458], [1333, 458], [1269, 459], [1270, 459], [1271, 459], [1272, 459], [1289, 459], [1290, 459], [1291, 459], [1292, 459], [1311, 459], [1312, 459], [1313, 459], [1314, 459], [1331, 459], [1332, 459], [1333, 459], [1334, 459], [1270, 460], [1271, 460], [1272, 460], [1273, 460], [1290, 460], [1291, 460], [1292, 460], [1312, 460], [1313, 460], [1314, 460], [1315, 460], [1316, 460], [1332, 460], [1333, 460], [1334, 460], [1335, 460], [1271, 461], [1272, 461], [1273, 461], [1274, 461], [1291, 461], [1292, 461], [1293, 461], [1313, 461], [1314, 461], [1315, 461], [1316, 461], [1317, 461], [1333, 461], [1334, 461], [1335, 461], [1336, 461], [1272, 462], [1273, 462], [1274, 462], [1275, 462], [1291, 462], [1292, 462], [1293, 462], [1294, 462], [1315, 462], [1316, 462], [1317, 462], [1318, 462], [1321, 462], [1322, 462], [1323, 462], [1324, 462], [1334, 462], [1335, 462], [1336, 462], [1337, 462], [1273, 463], [1274, 463], [1275, 463], [1276, 463], [1292, 463], [1293, 463], [1294, 463], [1295, 463], [1296, 463], [1316, 463], [1317, 463], [1318, 463], [1319, 463], [1321, 463], [1322, 463], [1323, 463], [1324, 463], [1325, 463], [1326, 463], [1327, 463], [1335, 463], [1336, 463], [1337, 463], [1338, 463], [1274, 464], [1275, 464], [1276, 464], [1293, 464], [1294, 464], [1295, 464], [1296, 464], [1297, 464], [1317, 464], [1318, 464], [1319, 464], [1320, 464], [1321, 464], [1322, 464], [1324, 464], [1325, 464], [1326, 464], [1327, 464], [1328, 464], [1329, 464], [1336, 464], [1337, 464], [1338, 464], [1339, 464], [1275, 465], [1276, 465], [1277, 465], [1295, 465], [1296, 465], [1297, 465], [1298, 465], [1318, 465], [1319, 465], [1320, 465], [1321, 465], [1322, 465], [1323, 465], [1324, 465], [1326, 465], [1327, 465], [1328, 465], [1329, 465], [1330, 465], [1337, 465], [1338, 465], [1339, 465], [1340, 465], [1275, 466], [1276, 466], [1277, 466], [1278, 466], [1296, 466], [1297, 466], [1298, 466], [1299, 466], [1320, 466], [1321, 466], [1322, 466], [1323, 466], [1324, 466], [1325, 466], [1328, 466], [1329, 466], [1330, 466], [1338, 466], [1339, 466], [1340, 466], [1341, 466], [1342, 466], [1276, 467], [1277, 467], [1278, 467], [1279, 467], [1297, 467], [1298, 467], [1299, 467], [1321, 467], [1322, 467], [1323, 467], [1324, 467], [1325, 467], [1329, 467], [1330, 467], [1339, 467], [1340, 467], [1341, 467], [1342, 467], [1343, 467], [1277, 468], [1278, 468], [1279, 468], [1280, 468], [1298, 468], [1299, 468], [1300, 468], [1322, 468], [1323, 468], [1324, 468], [1325, 468], [1326, 468], [1327, 468], [1329, 468], [1330, 468], [1331, 468], [1341, 468], [1342, 468], [1343, 468], [1344, 468], [1278, 469], [1279, 469], [1280, 469], [1281, 469], [1298, 469], [1299, 469], [1300, 469], [1301, 469], [1323, 469], [1324, 469], [1325, 469], [1326, 469], [1327, 469], [1328, 469], [1329, 469], [1330, 469], [1331, 469], [1332, 469], [1342, 469], [1343, 469], [1344, 469], [1345, 469], [1279, 470], [1280, 470], [1281, 470], [1282, 470], [1299, 470], [1300, 470], [1301, 470], [1302, 470], [1303, 470], [1324, 470], [1325, 470], [1326, 470], [1327, 470], [1328, 470], [1329, 470], [1331, 470], [1332, 470], [1333, 470], [1343, 470], [1344, 470], [1345, 470], [1346, 470], [1280, 471], [1281, 471], [1282, 471], [1283, 471], [1300, 471], [1301, 471], [1302, 471], [1303, 471], [1325, 471], [1326, 471], [1327, 471], [1328, 471], [1329, 471], [1330, 471], [1332, 471], [1333, 471], [1334, 471], [1344, 471], [1345, 471], [1346, 471], [1347, 471], [1281, 472], [1282, 472], [1283, 472], [1284, 472], [1302, 472], [1303, 472], [1304, 472], [1326, 472], [1327, 472], [1328, 472], [1329, 472], [1330, 472], [1331, 472], [1333, 472], [1334, 472], [1335, 472], [1345, 472], [1346, 472], [1347, 472], [1348, 472], [1282, 473], [1283, 473], [1284, 473], [1285, 473], [1302, 473], [1303, 473], [1304, 473], [1305, 473], [1326, 473], [1327, 473], [1328, 473], [1329, 473], [1330, 473], [1331, 473], [1332, 473], [1333, 473], [1334, 473], [1335, 473], [1336, 473], [1343, 473], [1344, 473], [1345, 473], [1347, 473], [1348, 473], [1349, 473], [1283, 474], [1284, 474], [1285, 474], [1286, 474], [1303, 474], [1304, 474], [1305, 474], [1306, 474], [1327, 474], [1328, 474], [1329, 474], [1330, 474], [1331, 474], [1332, 474], [1333, 474], [1334, 474], [1335, 474], [1336, 474], [1341, 474], [1342, 474], [1343, 474], [1344, 474], [1345, 474], [1346, 474], [1348, 474], [1349, 474], [1350, 474], [1351, 474], [1284, 475], [1285, 475], [1286, 475], [1287, 475], [1304, 475], [1305, 475], [1306, 475], [1328, 475], [1329, 475], [1330, 475], [1331, 475], [1332, 475], [1333, 475], [1334, 475], [1335, 475], [1336, 475], [1341, 475], [1342, 475], [1343, 475], [1344, 475], [1345, 475], [1346, 475], [1347, 475], [1348, 475], [1349, 475], [1350, 475], [1351, 475], [1352, 475], [1285, 476], [1286, 476], [1287, 476], [1288, 476], [1305, 476], [1306, 476], [1329, 476], [1330, 476], [1331, 476], [1332, 476], [1334, 476], [1335, 476], [1336, 476], [1341, 476], [1342, 476], [1343, 476], [1345, 476], [1346, 476], [1347, 476], [1350, 476], [1351, 476], [1352, 476], [1353, 476], [1286, 477], [1287, 477], [1288, 477], [1289, 477], [1305, 477], [1306, 477], [1331, 477], [1332, 477], [1333, 477], [1334, 477], [1341, 477], [1342, 477], [1343, 477], [1344, 477], [1345, 477], [1346, 477], [1347, 477], [1351, 477], [1352, 477], [1353, 477], [1354, 477], [1287, 478], [1288, 478], [1289, 478], [1305, 478], [1306, 478], [1332, 478], [1333, 478], [1334, 478], [1335, 478], [1342, 478], [1343, 478], [1344, 478], [1345, 478], [1352, 478], [1353, 478], [1354, 478], [1355, 478], [1288, 479], [1289, 479], [1290, 479], [1305, 479], [1306, 479], [1307, 479], [1333, 479], [1334, 479], [1335, 479], [1336, 479], [1341, 479], [1342, 479], [1343, 479], [1344, 479], [1345, 479], [1353, 479], [1354, 479], [1355, 479], [1288, 480], [1289, 480], [1290, 480], [1291, 480], [1305, 480], [1306, 480], [1307, 480], [1308, 480], [1309, 480], [1310, 480], [1311, 480], [1334, 480], [1335, 480], [1336, 480], [1337, 480], [1341, 480], [1342, 480], [1343, 480], [1344, 480], [1345, 480], [1354, 480], [1355, 480], [1356, 480], [1289, 481], [1290, 481], [1291, 481], [1292, 481], [1306, 481], [1307, 481], [1308, 481], [1309, 481], [1310, 481], [1311, 481], [1312, 481], [1313, 481], [1335, 481], [1336, 481], [1337, 481], [1338, 481], [1340, 481], [1341, 481], [1342, 481], [1344, 481], [1345, 481], [1354, 481], [1355, 481], [1356, 481], [1357, 481], [1358, 481], [1290, 482], [1291, 482], [1292, 482], [1293, 482], [1310, 482], [1311, 482], [1312, 482], [1313, 482], [1314, 482], [1336, 482], [1337, 482], [1338, 482], [1339, 482], [1340, 482], [1341, 482], [1342, 482], [1343, 482], [1344, 482], [1345, 482], [1346, 482], [1347, 482], [1348, 482], [1349, 482], [1350, 482], [1355, 482], [1356, 482], [1357, 482], [1358, 482], [1291, 483], [1292, 483], [1293, 483], [1294, 483], [1312, 483], [1313, 483], [1314, 483], [1315, 483], [1337, 483], [1338, 483], [1339, 483], [1341, 483], [1342, 483], [1343, 483], [1344, 483], [1345, 483], [1346, 483], [1347, 483], [1348, 483], [1349, 483], [1350, 483], [1351, 483], [1352, 483], [1357, 483], [1358, 483], [1359, 483], [1360, 483], [1292, 484], [1293, 484], [1294, 484], [1295, 484], [1313, 484], [1314, 484], [1315, 484], [1316, 484], [1338, 484], [1339, 484], [1340, 484], [1342, 484], [1343, 484], [1344, 484], [1345, 484], [1346, 484], [1349, 484], [1350, 484], [1351, 484], [1352, 484], [1353, 484], [1357, 484], [1358, 484], [1359, 484], [1360, 484], [1361, 484], [1293, 485], [1294, 485], [1295, 485], [1296, 485], [1314, 485], [1315, 485], [1316, 485], [1317, 485], [1339, 485], [1340, 485], [1341, 485], [1342, 485], [1345, 485], [1346, 485], [1347, 485], [1351, 485], [1352, 485], [1353, 485], [1354, 485], [1355, 485], [1356, 485], [1357, 485], [1358, 485], [1359, 485], [1360, 485], [1361, 485], [1362, 485], [1363, 485], [1294, 486], [1295, 486], [1296, 486], [1297, 486], [1298, 486], [1315, 486], [1316, 486], [1317, 486], [1318, 486], [1340, 486], [1341, 486], [1342, 486], [1343, 486], [1344, 486], [1345, 486], [1346, 486], [1347, 486], [1348, 486], [1352, 486], [1353, 486], [1354, 486], [1355, 486], [1356, 486], [1357, 486], [1358, 486], [1359, 486], [1360, 486], [1361, 486], [1362, 486], [1363, 486], [1364, 486], [1295, 487], [1296, 487], [1297, 487], [1298, 487], [1299, 487], [1316, 487], [1317, 487], [1318, 487], [1319, 487], [1341, 487], [1342, 487], [1343, 487], [1344, 487], [1345, 487], [1346, 487], [1347, 487], [1348, 487], [1355, 487], [1356, 487], [1358, 487], [1359, 487], [1360, 487], [1361, 487], [1362, 487], [1363, 487], [1364, 487], [1365, 487], [1297, 488], [1298, 488], [1299, 488], [1300, 488], [1317, 488], [1318, 488], [1319, 488], [1320, 488], [1343, 488], [1344, 488], [1345, 488], [1346, 488], [1347, 488], [1348, 488], [1355, 488], [1356, 488], [1357, 488], [1358, 488], [1359, 488], [1360, 488], [1361, 488], [1362, 488], [1363, 488], [1364, 488], [1365, 488], [1298, 489], [1299, 489], [1300, 489], [1301, 489], [1309, 489], [1310, 489], [1311, 489], [1312, 489], [1313, 489], [1318, 489], [1319, 489], [1320, 489], [1321, 489], [1344, 489], [1345, 489], [1346, 489], [1347, 489], [1348, 489], [1356, 489], [1357, 489], [1358, 489], [1359, 489], [1360, 489], [1361, 489], [1362, 489], [1363, 489], [1364, 489], [1365, 489], [1299, 490], [1300, 490], [1301, 490], [1302, 490], [1309, 490], [1313, 490], [1319, 490], [1320, 490], [1321, 490], [1322, 490], [1323, 490], [1358, 490], [1359, 490], [1360, 490], [1361, 490], [1362, 490], [1363, 490], [1300, 491], [1301, 491], [1302, 491], [1303, 491], [1309, 491], [1310, 491], [1311, 491], [1312, 491], [1313, 491], [1320, 491], [1321, 491], [1322, 491], [1323, 491], [1324, 491], [1358, 491], [1359, 491], [1360, 491], [1361, 491], [1362, 491], [1363, 491], [1364, 491], [1301, 492], [1302, 492], [1303, 492], [1304, 492], [1322, 492], [1323, 492], [1324, 492], [1350, 492], [1351, 492], [1352, 492], [1353, 492], [1358, 492], [1359, 492], [1362, 492], [1363, 492], [1364, 492], [1302, 493], [1303, 493], [1304, 493], [1305, 493], [1323, 493], [1324, 493], [1325, 493], [1350, 493], [1351, 493], [1352, 493], [1353, 493], [1354, 493], [1358, 493], [1359, 493], [1360, 493], [1361, 493], [1362, 493], [1363, 493], [1364, 493], [1365, 493], [1366, 493], [1369, 493], [1370, 493], [1371, 493], [1303, 494], [1304, 494], [1305, 494], [1306, 494], [1323, 494], [1324, 494], [1325, 494], [1326, 494], [1350, 494], [1351, 494], [1352, 494], [1353, 494], [1354, 494], [1358, 494], [1359, 494], [1360, 494], [1361, 494], [1362, 494], [1363, 494], [1364, 494], [1365, 494], [1366, 494], [1369, 494], [1370, 494], [1371, 494], [1372, 494], [1373, 494], [1304, 495], [1305, 495], [1306, 495], [1324, 495], [1325, 495], [1326, 495], [1327, 495], [1350, 495], [1351, 495], [1352, 495], [1354, 495], [1355, 495], [1362, 495], [1363, 495], [1364, 495], [1365, 495], [1366, 495], [1369, 495], [1370, 495], [1371, 495], [1372, 495], [1373, 495], [1374, 495], [1305, 496], [1306, 496], [1307, 496], [1325, 496], [1326, 496], [1327, 496], [1328, 496], [1352, 496], [1353, 496], [1354, 496], [1355, 496], [1362, 496], [1363, 496], [1364, 496], [1365, 496], [1367, 496], [1368, 496], [1369, 496], [1370, 496], [1372, 496], [1373, 496], [1374, 496], [1375, 496], [1305, 497], [1306, 497], [1307, 497], [1308, 497], [1326, 497], [1327, 497], [1328, 497], [1352, 497], [1353, 497], [1354, 497], [1355, 497], [1366, 497], [1367, 497], [1369, 497], [1370, 497], [1373, 497], [1374, 497], [1375, 497], [1376, 497], [1377, 497], [1306, 498], [1307, 498], [1308, 498], [1309, 498], [1310, 498], [1327, 498], [1328, 498], [1356, 498], [1357, 498], [1358, 498], [1359, 498], [1360, 498], [1362, 498], [1363, 498], [1364, 498], [1366, 498], [1367, 498], [1368, 498], [1369, 498], [1370, 498], [1371, 498], [1372, 498], [1374, 498], [1375, 498], [1376, 498], [1377, 498], [1307, 499], [1308, 499], [1309, 499], [1310, 499], [1311, 499], [1326, 499], [1327, 499], [1328, 499], [1356, 499], [1357, 499], [1358, 499], [1359, 499], [1360, 499], [1362, 499], [1364, 499], [1369, 499], [1370, 499], [1371, 499], [1372, 499], [1373, 499], [1376, 499], [1377, 499], [1378, 499], [1379, 499], [1309, 500], [1310, 500], [1311, 500], [1312, 500], [1320, 500], [1321, 500], [1322, 500], [1323, 500], [1326, 500], [1327, 500], [1328, 500], [1356, 500], [1357, 500], [1358, 500], [1359, 500], [1360, 500], [1361, 500], [1362, 500], [1363, 500], [1364, 500], [1371, 500], [1372, 500], [1373, 500], [1374, 500], [1375, 500], [1376, 500], [1377, 500], [1378, 500], [1379, 500], [1380, 500], [1310, 501], [1311, 501], [1312, 501], [1313, 501], [1320, 501], [1321, 501], [1322, 501], [1323, 501], [1326, 501], [1327, 501], [1328, 501], [1357, 501], [1358, 501], [1359, 501], [1360, 501], [1361, 501], [1372, 501], [1373, 501], [1374, 501], [1375, 501], [1376, 501], [1377, 501], [1379, 501], [1380, 501], [1381, 501], [1311, 502], [1312, 502], [1313, 502], [1320, 502], [1321, 502], [1322, 502], [1323, 502], [1327, 502], [1328, 502], [1329, 502], [1358, 502], [1359, 502], [1360, 502], [1361, 502], [1376, 502], [1377, 502], [1378, 502], [1379, 502], [1380, 502], [1381, 502], [1382, 502], [1312, 503], [1313, 503], [1314, 503], [1321, 503], [1322, 503], [1323, 503], [1327, 503], [1328, 503], [1329, 503], [1377, 503], [1378, 503], [1379, 503], [1380, 503], [1381, 503], [1382, 503], [1312, 504], [1313, 504], [1314, 504], [1315, 504], [1328, 504], [1329, 504], [1332, 504], [1333, 504], [1334, 504], [1335, 504], [1379, 504], [1380, 504], [1382, 504], [1383, 504], [1313, 505], [1314, 505], [1315, 505], [1316, 505], [1328, 505], [1329, 505], [1332, 505], [1333, 505], [1334, 505], [1335, 505], [1336, 505], [1380, 505], [1381, 505], [1382, 505], [1383, 505], [1314, 506], [1315, 506], [1316, 506], [1317, 506], [1328, 506], [1329, 506], [1330, 506], [1331, 506], [1332, 506], [1333, 506], [1334, 506], [1335, 506], [1336, 506], [1337, 506], [1380, 506], [1381, 506], [1382, 506], [1383, 506], [1315, 507], [1316, 507], [1317, 507], [1318, 507], [1327, 507], [1328, 507], [1329, 507], [1330, 507], [1331, 507], [1332, 507], [1333, 507], [1334, 507], [1335, 507], [1336, 507], [1337, 507], [1338, 507], [1339, 507], [1385, 507], [1386, 507], [1387, 507], [1388, 507], [1316, 508], [1317, 508], [1318, 508], [1319, 508], [1327, 508], [1328, 508], [1329, 508], [1330, 508], [1331, 508], [1332, 508], [1333, 508], [1334, 508], [1335, 508], [1336, 508], [1337, 508], [1338, 508], [1339, 508], [1340, 508], [1385, 508], [1386, 508], [1387, 508], [1388, 508], [1389, 508], [1317, 509], [1318, 509], [1319, 509], [1327, 509], [1328, 509], [1329, 509], [1330, 509], [1331, 509], [1333, 509], [1334, 509], [1335, 509], [1336, 509], [1338, 509], [1339, 509], [1340, 509], [1341, 509], [1385, 509], [1386, 509], [1387, 509], [1388, 509], [1389, 509], [1318, 510], [1319, 510], [1320, 510], [1327, 510], [1328, 510], [1329, 510], [1330, 510], [1331, 510], [1333, 510], [1334, 510], [1335, 510], [1336, 510], [1337, 510], [1338, 510], [1340, 510], [1341, 510], [1386, 510], [1387, 510], [1388, 510], [1389, 510], [1318, 511], [1319, 511], [1320, 511], [1321, 511], [1327, 511], [1328, 511], [1329, 511], [1330, 511], [1331, 511], [1333, 511], [1334, 511], [1335, 511], [1336, 511], [1337, 511], [1338, 511], [1339, 511], [1340, 511], [1341, 511], [1342, 511], [1343, 511], [1319, 512], [1320, 512], [1321, 512], [1322, 512], [1330, 512], [1331, 512], [1332, 512], [1333, 512], [1334, 512], [1335, 512], [1336, 512], [1338, 512], [1339, 512], [1340, 512], [1341, 512], [1342, 512], [1343, 512], [1344, 512], [1320, 513], [1321, 513], [1322, 513], [1323, 513], [1330, 513], [1331, 513], [1332, 513], [1334, 513], [1335, 513], [1336, 513], [1339, 513], [1340, 513], [1342, 513], [1343, 513], [1344, 513], [1345, 513], [1321, 514], [1322, 514], [1323, 514], [1324, 514], [1331, 514], [1332, 514], [1333, 514], [1334, 514], [1335, 514], [1336, 514], [1339, 514], [1340, 514], [1341, 514], [1343, 514], [1344, 514], [1345, 514], [1346, 514], [1322, 515], [1323, 515], [1324, 515], [1325, 515], [1331, 515], [1332, 515], [1333, 515], [1339, 515], [1340, 515], [1341, 515], [1342, 515], [1343, 515], [1345, 515], [1346, 515], [1347, 515], [1323, 516], [1324, 516], [1325, 516], [1326, 516], [1329, 516], [1330, 516], [1331, 516], [1332, 516], [1333, 516], [1340, 516], [1341, 516], [1342, 516], [1343, 516], [1344, 516], [1345, 516], [1346, 516], [1347, 516], [1377, 516], [1378, 516], [1379, 516], [1324, 517], [1325, 517], [1326, 517], [1327, 517], [1329, 517], [1330, 517], [1331, 517], [1332, 517], [1343, 517], [1344, 517], [1345, 517], [1346, 517], [1347, 517], [1377, 517], [1378, 517], [1379, 517], [1380, 517], [1325, 518], [1326, 518], [1327, 518], [1328, 518], [1329, 518], [1330, 518], [1331, 518], [1332, 518], [1333, 518], [1334, 518], [1345, 518], [1346, 518], [1347, 518], [1377, 518], [1378, 518], [1379, 518], [1380, 518], [1381, 518], [1326, 519], [1327, 519], [1328, 519], [1329, 519], [1330, 519], [1331, 519], [1332, 519], [1333, 519], [1334, 519], [1377, 519], [1378, 519], [1379, 519], [1380, 519], [1381, 519], [1328, 520], [1329, 520], [1330, 520], [1331, 520], [1332, 520], [1333, 520], [1334, 520], [1379, 520], [1380, 520], [1381, 520], [1329, 521], [1330, 521], [1331, 521], [1332, 521], [1333, 521], [1334, 521], [1352, 521], [1353, 521], [1354, 521], [1330, 522], [1331, 522], [1332, 522], [1333, 522], [1334, 522], [1335, 522], [1336, 522], [1352, 522], [1353, 522], [1354, 522], [1331, 523], [1332, 523], [1333, 523], [1334, 523], [1335, 523], [1336, 523], [1352, 523], [1353, 523], [1354, 523], [1332, 524], [1333, 524], [1334, 524], [1335, 524], [1336, 524], [1337, 524], [1352, 524], [1353, 524], [1354, 524], [1333, 525], [1334, 525], [1335, 525], [1336, 525], [1337, 525], [1338, 525], [1334, 526], [1335, 526], [1337, 526], [1338, 526], [1339, 526], [1334, 527], [1335, 527], [1336, 527], [1338, 527], [1339, 527], [1340, 527], [1335, 528], [1336, 528], [1337, 528], [1338, 528], [1339, 528], [1340, 528], [1336, 529], [1337, 529], [1338, 529], [1339, 529], [1340, 529], [1338, 530], [1339, 530], [1340, 530], [1340, 531], [1341, 531], [1342, 531], [1340, 532], [1341, 532], [1342, 532], [1343, 532], [1340, 533], [1341, 533], [1342, 533], [1343, 533], [1341, 534], [1342, 534], [1343, 534], [1424, 591], [1425, 591], [1426, 591], [1424, 592], [1425, 592], [1426, 592], [1427, 592], [1428, 592], [1429, 592], [1424, 593], [1425, 593], [1426, 593], [1427, 593], [1428, 593], [1429, 593], [1430, 593], [1425, 594], [1426, 594], [1427, 594], [1429, 594], [1430, 594], [1431, 594], [1432, 594], [1425, 595], [1426, 595], [1427, 595], [1428, 595], [1430, 595], [1431, 595], [1432, 595], [1433, 595], [1434, 595], [1427, 596], [1428, 596], [1429, 596], [1431, 596], [1432, 596], [1433, 596], [1434, 596], [1435, 596], [1428, 597], [1429, 597], [1430, 597], [1433, 597], [1434, 597], [1435, 597], [1436, 597], [1437, 597], [1428, 598], [1429, 598], [1430, 598], [1431, 598], [1432, 598], [1434, 598], [1435, 598], [1436, 598], [1437, 598], [1438, 598], [1429, 599], [1430, 599], [1431, 599], [1432, 599], [1433, 599], [1434, 599], [1436, 599], [1437, 599], [1438, 599], [1439, 599], [1431, 600], [1432, 600], [1433, 600], [1434, 600], [1435, 600], [1436, 600], [1437, 600], [1438, 600], [1439, 600], [1440, 600], [1433, 601], [1434, 601], [1435, 601], [1436, 601], [1437, 601], [1438, 601], [1439, 601], [1440, 601], [1441, 601], [1435, 602], [1436, 602], [1437, 602], [1438, 602], [1439, 602], [1440, 602], [1441, 602], [1438, 603], [1439, 603], [1440, 603], [1441, 603]


