White line left - [393, 903], [394, 903], [392, 904], [393, 904], [390, 905], [391, 905], [392, 905], [393, 905], [390, 906], [391, 906], [392, 906], [389, 907], [390, 907], [391, 907], [389, 908], [390, 908], [391, 908], [388, 909], [389, 909], [390, 909], [388, 910], [389, 910], [390, 910], [387, 911], [388, 911], [389, 911], [386, 912], [387, 912], [388, 912], [389, 912], [386, 913], [387, 913], [388, 913], [385, 914], [386, 914], [387, 914], [384, 915], [385, 915], [386, 915], [387, 915], [384, 916], [385, 916], [386, 916], [383, 917], [384, 917], [385, 917], [383, 918], [384, 918], [385, 918], [382, 919], [383, 919], [384, 919], [381, 920], [382, 920], [383, 920], [384, 920], [381, 921], [382, 921], [383, 921], [380, 922], [381, 922], [382, 922], [380, 923], [381, 923], [382, 923], [379, 924], [380, 924], [381, 924], [378, 925], [379, 925], [380, 925], [381, 925], [378, 926], [379, 926], [380, 926], [377, 927], [378, 927], [379, 927], [376, 928], [377, 928], [378, 928], [379, 928], [374, 929], [375, 929], [376, 929], [377, 929], [378, 929], [371, 930], [372, 930], [373, 930], [374, 930], [375, 930], [376, 930], [377, 930], [370, 931], [371, 931], [372, 931], [373, 931], [374, 931], [375, 931], [344, 932], [358, 932], [359, 932], [360, 932], [361, 932], [362, 932], [369, 932], [370, 932], [371, 932], [372, 932], [343, 933], [344, 933], [345, 933], [348, 933], [349, 933], [350, 933], [351, 933], [352, 933], [353, 933], [356, 933], [357, 933], [358, 933], [359, 933], [360, 933], [361, 933], [362, 933], [363, 933], [368, 933], [369, 933], [370, 933], [371, 933], [343, 934], [344, 934], [345, 934], [346, 934], [347, 934], [348, 934], [349, 934], [350, 934], [351, 934], [352, 934], [353, 934], [354, 934], [355, 934], [356, 934], [357, 934], [358, 934], [359, 934], [361, 934], [362, 934], [363, 934], [364, 934], [365, 934], [366, 934], [367, 934], [368, 934], [369, 934], [370, 934], [344, 935], [345, 935], [346, 935], [347, 935], [348, 935], [349, 935], [352, 935], [353, 935], [354, 935], [355, 935], [356, 935], [357, 935], [362, 935], [363, 935], [364, 935], [365, 935], [366, 935], [367, 935], [368, 935], [369, 935], [365, 936], [366, 936], [367, 936], [274, 1046], [275, 1046], [276, 1046], [277, 1046], [278, 1046], [279, 1046], [280, 1046], [281, 1046], [282, 1046], [283, 1046], [284, 1046], [285, 1046], [267, 1047], [268, 1047], [269, 1047], [270, 1047], [271, 1047], [272, 1047], [273, 1047], [274, 1047], [275, 1047], [276, 1047], [277, 1047], [278, 1047], [279, 1047], [280, 1047], [281, 1047], [282, 1047], [283, 1047], [284, 1047], [285, 1047], [291, 1047], [292, 1047], [293, 1047], [294, 1047], [295, 1047], [265, 1048], [266, 1048], [267, 1048], [268, 1048], [269, 1048], [270, 1048], [271, 1048], [272, 1048], [273, 1048], [274, 1048], [275, 1048], [279, 1048], [280, 1048], [281, 1048], [282, 1048], [284, 1048], [285, 1048], [286, 1048], [287, 1048], [288, 1048], [289, 1048], [290, 1048], [291, 1048], [292, 1048], [293, 1048], [294, 1048], [295, 1048], [296, 1048], [297, 1048], [298, 1048], [258, 1049], [259, 1049], [260, 1049], [261, 1049], [262, 1049], [263, 1049], [264, 1049], [265, 1049], [266, 1049], [267, 1049], [268, 1049], [284, 1049], [285, 1049], [286, 1049], [287, 1049], [288, 1049], [289, 1049], [290, 1049], [291, 1049], [292, 1049], [294, 1049], [295, 1049], [296, 1049], [297, 1049], [298, 1049], [299, 1049], [300, 1049], [301, 1049], [302, 1049], [257, 1050], [258, 1050], [259, 1050], [260, 1050], [261, 1050], [262, 1050], [263, 1050], [264, 1050], [265, 1050], [266, 1050], [285, 1050], [286, 1050], [287, 1050], [288, 1050], [297, 1050], [298, 1050], [299, 1050], [300, 1050], [301, 1050], [302, 1050], [256, 1051], [257, 1051], [258, 1051], [259, 1051], [261, 1051], [262, 1051], [263, 1051], [264, 1051], [301, 1051], [302, 1051], [303, 1051], [255, 1052], [256, 1052], [257, 1052], [258, 1052], [301, 1052], [302, 1052], [303, 1052], [254, 1053], [255, 1053], [256, 1053], [257, 1053], [302, 1053], [303, 1053], [254, 1054], [255, 1054], [256, 1054], [301, 1054], [302, 1054], [303, 1054], [254, 1055], [255, 1055], [301, 1055], [302, 1055], [303, 1055], [253, 1056], [254, 1056], [255, 1056], [300, 1056], [301, 1056], [302, 1056], [253, 1057], [254, 1057], [255, 1057], [300, 1057], [301, 1057], [302, 1057], [253, 1058], [254, 1058], [255, 1058], [299, 1058], [300, 1058], [301, 1058], [253, 1059], [254, 1059], [255, 1059], [299, 1059], [300, 1059], [301, 1059], [253, 1060], [254, 1060], [298, 1060], [299, 1060], [300, 1060], [253, 1061], [254, 1061], [298, 1061], [299, 1061], [300, 1061], [253, 1062], [254, 1062], [255, 1062], [277, 1062], [278, 1062], [279, 1062], [297, 1062], [298, 1062], [299, 1062], [253, 1063], [254, 1063], [255, 1063], [276, 1063], [277, 1063], [278, 1063], [279, 1063], [296, 1063], [297, 1063], [298, 1063], [299, 1063], [254, 1064], [255, 1064], [274, 1064], [275, 1064], [276, 1064], [277, 1064], [278, 1064], [279, 1064], [296, 1064], [297, 1064], [298, 1064], [254, 1065], [255, 1065], [272, 1065], [273, 1065], [274, 1065], [275, 1065], [276, 1065], [277, 1065], [278, 1065], [279, 1065], [295, 1065], [296, 1065], [297, 1065], [254, 1066], [255, 1066], [271, 1066], [272, 1066], [273, 1066], [274, 1066], [275, 1066], [276, 1066], [277, 1066], [278, 1066], [279, 1066], [295, 1066], [296, 1066], [297, 1066], [254, 1067], [255, 1067], [270, 1067], [271, 1067], [272, 1067], [273, 1067], [275, 1067], [276, 1067], [277, 1067], [294, 1067], [295, 1067], [296, 1067], [253, 1068], [254, 1068], [255, 1068], [269, 1068], [270, 1068], [271, 1068], [272, 1068], [275, 1068], [276, 1068], [277, 1068], [293, 1068], [294, 1068], [295, 1068], [296, 1068], [253, 1069], [254, 1069], [255, 1069], [267, 1069], [268, 1069], [269, 1069], [270, 1069], [271, 1069], [275, 1069], [276, 1069], [293, 1069], [294, 1069], [295, 1069], [252, 1070], [253, 1070], [254, 1070], [266, 1070], [267, 1070], [268, 1070], [269, 1070], [270, 1070], [275, 1070], [276, 1070], [292, 1070], [293, 1070], [294, 1070], [251, 1071], [252, 1071], [253, 1071], [254, 1071], [266, 1071], [267, 1071], [268, 1071], [275, 1071], [276, 1071], [292, 1071], [293, 1071], [294, 1071], [250, 1072], [251, 1072], [252, 1072], [253, 1072], [264, 1072], [265, 1072], [266, 1072], [267, 1072], [274, 1072], [275, 1072], [276, 1072], [291, 1072], [292, 1072], [293, 1072], [250, 1073], [251, 1073], [252, 1073], [259, 1073], [260, 1073], [261, 1073], [262, 1073], [263, 1073], [264, 1073], [265, 1073], [266, 1073], [267, 1073], [273, 1073], [274, 1073], [275, 1073], [276, 1073], [290, 1073], [291, 1073], [292, 1073], [293, 1073], [250, 1074], [251, 1074], [252, 1074], [254, 1074], [255, 1074], [256, 1074], [257, 1074], [258, 1074], [259, 1074], [260, 1074], [261, 1074], [262, 1074], [263, 1074], [264, 1074], [265, 1074], [266, 1074], [267, 1074], [273, 1074], [274, 1074], [275, 1074], [290, 1074], [291, 1074], [292, 1074], [251, 1075], [252, 1075], [253, 1075], [254, 1075], [255, 1075], [256, 1075], [257, 1075], [258, 1075], [259, 1075], [260, 1075], [262, 1075], [263, 1075], [264, 1075], [265, 1075], [266, 1075], [267, 1075], [272, 1075], [273, 1075], [274, 1075], [289, 1075], [290, 1075], [291, 1075], [251, 1076], [252, 1076], [253, 1076], [254, 1076], [255, 1076], [256, 1076], [257, 1076], [258, 1076], [262, 1076], [263, 1076], [264, 1076], [265, 1076], [266, 1076], [267, 1076], [272, 1076], [273, 1076], [274, 1076], [288, 1076], [289, 1076], [290, 1076], [291, 1076], [251, 1077], [252, 1077], [253, 1077], [254, 1077], [262, 1077], [263, 1077], [264, 1077], [265, 1077], [266, 1077], [272, 1077], [273, 1077], [274, 1077], [287, 1077], [288, 1077], [289, 1077], [290, 1077], [272, 1078], [273, 1078], [274, 1078], [275, 1078], [287, 1078], [288, 1078], [289, 1078], [273, 1079], [274, 1079], [275, 1079], [287, 1079], [288, 1079]




Yellow line left - [1642, 233], [1643, 233], [1644, 233], [1645, 233], [1646, 233], [1647, 233], [1648, 233], [1649, 233], [1650, 233], [1651, 233], [1652, 233], [1653, 233], [1654, 233], [1655, 233], [1656, 233], [1657, 233], [1658, 233], [1659, 233], [1660, 233], [1661, 233], [1662, 233], [1663, 233], [1664, 233], [1665, 233], [1666, 233], [1667, 233], [1668, 233], [1669, 233], [1670, 233], [1671, 233], [1672, 233], [1673, 233], [1674, 233], [1675, 233], [1638, 234], [1639, 234], [1640, 234], [1641, 234], [1642, 234], [1643, 234], [1644, 234], [1645, 234], [1646, 234], [1647, 234], [1648, 234], [1649, 234], [1650, 234], [1651, 234], [1652, 234], [1653, 234], [1654, 234], [1655, 234], [1656, 234], [1657, 234], [1658, 234], [1659, 234], [1660, 234], [1661, 234], [1662, 234], [1663, 234], [1664, 234], [1665, 234], [1666, 234], [1667, 234], [1668, 234], [1669, 234], [1670, 234], [1671, 234], [1672, 234], [1673, 234], [1674, 234], [1675, 234], [1676, 234], [1677, 234], [1633, 235], [1634, 235], [1635, 235], [1636, 235], [1637, 235], [1638, 235], [1639, 235], [1640, 235], [1641, 235], [1642, 235], [1643, 235], [1662, 235], [1663, 235], [1664, 235], [1665, 235], [1673, 235], [1674, 235], [1675, 235], [1676, 235], [1677, 235], [1630, 236], [1631, 236], [1632, 236], [1633, 236], [1634, 236], [1635, 236], [1636, 236], [1637, 236], [1638, 236], [1639, 236], [1672, 236], [1673, 236], [1674, 236], [1675, 236], [1676, 236], [1677, 236], [1627, 237], [1628, 237], [1629, 237], [1630, 237], [1631, 237], [1632, 237], [1633, 237], [1634, 237], [1668, 237], [1669, 237], [1670, 237], [1671, 237], [1672, 237], [1673, 237], [1674, 237], [1619, 238], [1620, 238], [1621, 238], [1622, 238], [1623, 238], [1624, 238], [1625, 238], [1626, 238], [1627, 238], [1628, 238], [1629, 238], [1630, 238], [1631, 238], [1667, 238], [1668, 238], [1669, 238], [1670, 238], [1671, 238], [1672, 238], [1673, 238], [1608, 239], [1609, 239], [1610, 239], [1611, 239], [1612, 239], [1613, 239], [1614, 239], [1615, 239], [1616, 239], [1617, 239], [1618, 239], [1619, 239], [1620, 239], [1621, 239], [1622, 239], [1623, 239], [1624, 239], [1625, 239], [1626, 239], [1627, 239], [1628, 239], [1663, 239], [1664, 239], [1665, 239], [1666, 239], [1667, 239], [1668, 239], [1669, 239], [1596, 240], [1597, 240], [1598, 240], [1599, 240], [1600, 240], [1601, 240], [1602, 240], [1603, 240], [1604, 240], [1605, 240], [1606, 240], [1607, 240], [1608, 240], [1609, 240], [1610, 240], [1611, 240], [1612, 240], [1613, 240], [1614, 240], [1615, 240], [1616, 240], [1617, 240], [1618, 240], [1619, 240], [1620, 240], [1663, 240], [1664, 240], [1665, 240], [1666, 240], [1667, 240], [1668, 240], [1593, 241], [1594, 241], [1595, 241], [1596, 241], [1597, 241], [1598, 241], [1599, 241], [1600, 241], [1601, 241], [1602, 241], [1603, 241], [1604, 241], [1605, 241], [1606, 241], [1607, 241], [1608, 241], [1609, 241], [1610, 241], [1611, 241], [1614, 241], [1615, 241], [1616, 241], [1663, 241], [1664, 241], [1665, 241], [1666, 241], [1667, 241], [1668, 241], [1669, 241], [1670, 241], [1592, 242], [1593, 242], [1594, 242], [1595, 242], [1596, 242], [1597, 242], [1665, 242], [1666, 242], [1667, 242], [1668, 242], [1669, 242], [1670, 242], [1592, 243], [1593, 243], [1594, 243], [1669, 243], [1670, 243], [1671, 243], [1591, 244], [1592, 244], [1593, 244], [1669, 244], [1670, 244], [1671, 244], [1590, 245], [1591, 245], [1592, 245], [1593, 245], [1669, 245], [1670, 245], [1671, 245], [1588, 246], [1589, 246], [1590, 246], [1591, 246], [1592, 246], [1668, 246], [1669, 246], [1670, 246], [1671, 246], [1583, 247], [1584, 247], [1585, 247], [1586, 247], [1587, 247], [1588, 247], [1589, 247], [1590, 247], [1591, 247], [1668, 247], [1669, 247], [1670, 247], [1579, 248], [1580, 248], [1581, 248], [1582, 248], [1583, 248], [1584, 248], [1585, 248], [1586, 248], [1587, 248], [1588, 248], [1589, 248], [1667, 248], [1668, 248], [1669, 248], [1573, 249], [1574, 249], [1575, 249], [1576, 249], [1577, 249], [1578, 249], [1579, 249], [1580, 249], [1581, 249], [1582, 249], [1583, 249], [1584, 249], [1666, 249], [1667, 249], [1668, 249], [1669, 249], [1572, 250], [1573, 250], [1574, 250], [1575, 250], [1576, 250], [1577, 250], [1578, 250], [1579, 250], [1580, 250], [1663, 250], [1664, 250], [1665, 250], [1666, 250], [1667, 250], [1668, 250], [1572, 251], [1573, 251], [1574, 251], [1663, 251], [1664, 251], [1665, 251], [1666, 251], [1667, 251], [1572, 252], [1573, 252], [1663, 252], [1664, 252], [1571, 253], [1572, 253], [1573, 253], [1662, 253], [1663, 253], [1664, 253], [1571, 254], [1572, 254], [1573, 254], [1661, 254], [1662, 254], [1663, 254], [1664, 254], [1571, 255], [1572, 255], [1573, 255], [1660, 255], [1661, 255], [1662, 255], [1663, 255], [1572, 256], [1573, 256], [1660, 256], [1661, 256], [1662, 256], [1572, 257], [1573, 257], [1659, 257], [1660, 257], [1661, 257], [1571, 258], [1572, 258], [1573, 258], [1659, 258], [1660, 258], [1661, 258], [1571, 259], [1572, 259], [1573, 259], [1633, 259], [1634, 259], [1635, 259], [1636, 259], [1637, 259], [1643, 259], [1644, 259], [1645, 259], [1646, 259], [1647, 259], [1658, 259], [1659, 259], [1660, 259], [1570, 260], [1571, 260], [1572, 260], [1622, 260], [1623, 260], [1624, 260], [1625, 260], [1626, 260], [1627, 260], [1628, 260], [1629, 260], [1630, 260], [1631, 260], [1632, 260], [1633, 260], [1634, 260], [1635, 260], [1636, 260], [1637, 260], [1638, 260], [1639, 260], [1640, 260], [1641, 260], [1642, 260], [1643, 260], [1644, 260], [1645, 260], [1646, 260], [1647, 260], [1648, 260], [1649, 260], [1650, 260], [1656, 260], [1657, 260], [1658, 260], [1659, 260], [1660, 260], [1569, 261], [1570, 261], [1571, 261], [1572, 261], [1621, 261], [1622, 261], [1623, 261], [1624, 261], [1625, 261], [1626, 261], [1627, 261], [1628, 261], [1629, 261], [1630, 261], [1631, 261], [1632, 261], [1633, 261], [1634, 261], [1635, 261], [1636, 261], [1637, 261], [1638, 261], [1639, 261], [1640, 261], [1641, 261], [1642, 261], [1643, 261], [1644, 261], [1645, 261], [1646, 261], [1647, 261], [1648, 261], [1649, 261], [1650, 261], [1651, 261], [1652, 261], [1653, 261], [1654, 261], [1655, 261], [1656, 261], [1657, 261], [1658, 261], [1659, 261], [1567, 262], [1568, 262], [1569, 262], [1570, 262], [1571, 262], [1618, 262], [1619, 262], [1620, 262], [1621, 262], [1622, 262], [1623, 262], [1625, 262], [1626, 262], [1627, 262], [1628, 262], [1630, 262], [1631, 262], [1632, 262], [1649, 262], [1650, 262], [1651, 262], [1652, 262], [1653, 262], [1654, 262], [1655, 262], [1656, 262], [1657, 262], [1565, 263], [1566, 263], [1567, 263], [1568, 263], [1569, 263], [1570, 263], [1616, 263], [1617, 263], [1618, 263], [1619, 263], [1620, 263], [1621, 263], [1622, 263], [1563, 264], [1564, 264], [1565, 264], [1566, 264], [1567, 264], [1568, 264], [1614, 264], [1615, 264], [1616, 264], [1617, 264], [1618, 264], [1619, 264], [1561, 265], [1562, 265], [1563, 265], [1564, 265], [1565, 265], [1566, 265], [1614, 265], [1615, 265], [1616, 265], [1617, 265], [1560, 266], [1561, 266], [1562, 266], [1563, 266], [1564, 266], [1613, 266], [1614, 266], [1615, 266], [1558, 267], [1559, 267], [1560, 267], [1561, 267], [1562, 267], [1612, 267], [1613, 267], [1614, 267], [1615, 267], [1557, 268], [1558, 268], [1559, 268], [1560, 268], [1561, 268], [1611, 268], [1612, 268], [1613, 268], [1614, 268], [1550, 269], [1551, 269], [1552, 269], [1553, 269], [1554, 269], [1555, 269], [1556, 269], [1557, 269], [1558, 269], [1559, 269], [1609, 269], [1610, 269], [1611, 269], [1612, 269], [1613, 269], [1543, 270], [1544, 270], [1545, 270], [1546, 270], [1547, 270], [1548, 270], [1549, 270], [1550, 270], [1551, 270], [1552, 270], [1553, 270], [1554, 270], [1555, 270], [1556, 270], [1557, 270], [1558, 270], [1609, 270], [1610, 270], [1611, 270], [1612, 270], [1541, 271], [1542, 271], [1543, 271], [1544, 271], [1545, 271], [1546, 271], [1547, 271], [1548, 271], [1549, 271], [1550, 271], [1551, 271], [1609, 271], [1610, 271], [1611, 271], [1539, 272], [1540, 272], [1541, 272], [1542, 272], [1543, 272], [1544, 272], [1607, 272], [1608, 272], [1609, 272], [1610, 272], [1611, 272], [1538, 273], [1539, 273], [1540, 273], [1541, 273], [1542, 273], [1604, 273], [1605, 273], [1606, 273], [1607, 273], [1608, 273], [1609, 273], [1610, 273], [1538, 274], [1539, 274], [1540, 274], [1602, 274], [1603, 274], [1604, 274], [1605, 274], [1606, 274], [1607, 274], [1608, 274], [1537, 275], [1538, 275], [1539, 275], [1594, 275], [1595, 275], [1596, 275], [1597, 275], [1598, 275], [1599, 275], [1600, 275], [1601, 275], [1602, 275], [1603, 275], [1604, 275], [1605, 275], [1537, 276], [1538, 276], [1539, 276], [1589, 276], [1590, 276], [1591, 276], [1592, 276], [1593, 276], [1594, 276], [1595, 276], [1596, 276], [1597, 276], [1598, 276], [1599, 276], [1600, 276], [1601, 276], [1602, 276], [1603, 276], [1798, 276], [1799, 276], [1800, 276], [1801, 276], [1802, 276], [1803, 276], [1537, 277], [1538, 277], [1539, 277], [1540, 277], [1589, 277], [1590, 277], [1593, 277], [1594, 277], [1596, 277], [1597, 277], [1797, 277], [1798, 277], [1799, 277], [1800, 277], [1801, 277], [1802, 277], [1803, 277], [1804, 277], [1538, 278], [1539, 278], [1540, 278], [1541, 278], [1589, 278], [1590, 278], [1591, 278], [1592, 278], [1593, 278], [1594, 278], [1595, 278], [1596, 278], [1597, 278], [1632, 278], [1633, 278], [1634, 278], [1797, 278], [1798, 278], [1799, 278], [1802, 278], [1803, 278], [1804, 278], [1539, 279], [1540, 279], [1541, 279], [1542, 279], [1543, 279], [1593, 279], [1594, 279], [1595, 279], [1596, 279], [1597, 279], [1598, 279], [1599, 279], [1600, 279], [1601, 279], [1602, 279], [1631, 279], [1632, 279], [1633, 279], [1634, 279], [1635, 279], [1797, 279], [1798, 279], [1799, 279], [1800, 279], [1803, 279], [1804, 279], [1540, 280], [1541, 280], [1542, 280], [1543, 280], [1544, 280], [1545, 280], [1596, 280], [1597, 280], [1598, 280], [1599, 280], [1600, 280], [1601, 280], [1602, 280], [1603, 280], [1604, 280], [1605, 280], [1606, 280], [1631, 280], [1632, 280], [1633, 280], [1634, 280], [1635, 280], [1692, 280], [1693, 280], [1694, 280], [1695, 280], [1696, 280], [1697, 280], [1698, 280], [1699, 280], [1701, 280], [1702, 280], [1703, 280], [1707, 280], [1708, 280], [1709, 280], [1710, 280], [1711, 280], [1712, 280], [1713, 280], [1714, 280], [1715, 280], [1716, 280], [1717, 280], [1718, 280], [1719, 280], [1720, 280], [1721, 280], [1722, 280], [1723, 280], [1724, 280], [1725, 280], [1726, 280], [1798, 280], [1799, 280], [1800, 280], [1801, 280], [1802, 280], [1803, 280], [1804, 280], [1542, 281], [1543, 281], [1544, 281], [1545, 281], [1546, 281], [1547, 281], [1601, 281], [1602, 281], [1603, 281], [1604, 281], [1605, 281], [1606, 281], [1607, 281], [1608, 281], [1609, 281], [1610, 281], [1611, 281], [1613, 281], [1614, 281], [1615, 281], [1616, 281], [1631, 281], [1632, 281], [1633, 281], [1634, 281], [1635, 281], [1689, 281], [1690, 281], [1691, 281], [1692, 281], [1693, 281], [1694, 281], [1695, 281], [1696, 281], [1697, 281], [1698, 281], [1699, 281], [1700, 281], [1701, 281], [1702, 281], [1703, 281], [1704, 281], [1705, 281], [1706, 281], [1707, 281], [1708, 281], [1709, 281], [1710, 281], [1711, 281], [1712, 281], [1713, 281], [1714, 281], [1715, 281], [1716, 281], [1717, 281], [1718, 281], [1719, 281], [1720, 281], [1721, 281], [1722, 281], [1723, 281], [1724, 281], [1725, 281], [1726, 281], [1727, 281], [1728, 281], [1729, 281], [1730, 281], [1731, 281], [1732, 281], [1733, 281], [1799, 281], [1800, 281], [1801, 281], [1802, 281], [1803, 281], [1804, 281], [1807, 281], [1808, 281], [1809, 281], [1810, 281], [1811, 281], [1544, 282], [1545, 282], [1546, 282], [1547, 282], [1548, 282], [1549, 282], [1550, 282], [1551, 282], [1605, 282], [1606, 282], [1607, 282], [1608, 282], [1609, 282], [1610, 282], [1611, 282], [1612, 282], [1613, 282], [1614, 282], [1615, 282], [1616, 282], [1668, 282], [1669, 282], [1670, 282], [1671, 282], [1672, 282], [1673, 282], [1686, 282], [1687, 282], [1688, 282], [1689, 282], [1690, 282], [1691, 282], [1692, 282], [1693, 282], [1698, 282], [1699, 282], [1700, 282], [1701, 282], [1702, 282], [1703, 282], [1704, 282], [1705, 282], [1706, 282], [1707, 282], [1708, 282], [1725, 282], [1726, 282], [1727, 282], [1728, 282], [1729, 282], [1730, 282], [1731, 282], [1732, 282], [1733, 282], [1734, 282], [1735, 282], [1736, 282], [1737, 282], [1738, 282], [1807, 282], [1808, 282], [1809, 282], [1810, 282], [1811, 282], [1812, 282], [1813, 282], [1814, 282], [1817, 282], [1818, 282], [1819, 282], [1546, 283], [1547, 283], [1548, 283], [1549, 283], [1550, 283], [1551, 283], [1552, 283], [1553, 283], [1554, 283], [1555, 283], [1556, 283], [1557, 283], [1610, 283], [1611, 283], [1612, 283], [1613, 283], [1614, 283], [1615, 283], [1616, 283], [1617, 283], [1660, 283], [1661, 283], [1662, 283], [1663, 283], [1664, 283], [1665, 283], [1666, 283], [1667, 283], [1668, 283], [1669, 283], [1670, 283], [1671, 283], [1672, 283], [1673, 283], [1674, 283], [1675, 283], [1676, 283], [1677, 283], [1678, 283], [1679, 283], [1680, 283], [1681, 283], [1682, 283], [1683, 283], [1684, 283], [1685, 283], [1686, 283], [1687, 283], [1688, 283], [1689, 283], [1690, 283], [1732, 283], [1733, 283], [1734, 283], [1735, 283], [1736, 283], [1737, 283], [1738, 283], [1739, 283], [1740, 283], [1741, 283], [1742, 283], [1743, 283], [1789, 283], [1790, 283], [1791, 283], [1792, 283], [1793, 283], [1794, 283], [1795, 283], [1796, 283], [1797, 283], [1798, 283], [1799, 283], [1800, 283], [1801, 283], [1802, 283], [1803, 283], [1804, 283], [1807, 283], [1808, 283], [1809, 283], [1810, 283], [1811, 283], [1812, 283], [1813, 283], [1814, 283], [1815, 283], [1816, 283], [1817, 283], [1818, 283], [1819, 283], [1820, 283], [1821, 283], [1822, 283], [1823, 283], [1824, 283], [1550, 284], [1551, 284], [1552, 284], [1553, 284], [1554, 284], [1555, 284], [1556, 284], [1557, 284], [1558, 284], [1559, 284], [1560, 284], [1561, 284], [1615, 284], [1616, 284], [1617, 284], [1618, 284], [1619, 284], [1620, 284], [1621, 284], [1655, 284], [1656, 284], [1657, 284], [1658, 284], [1659, 284], [1660, 284], [1661, 284], [1662, 284], [1663, 284], [1664, 284], [1665, 284], [1666, 284], [1667, 284], [1668, 284], [1669, 284], [1670, 284], [1671, 284], [1672, 284], [1673, 284], [1674, 284], [1675, 284], [1676, 284], [1677, 284], [1678, 284], [1679, 284], [1680, 284], [1681, 284], [1682, 284], [1683, 284], [1684, 284], [1685, 284], [1686, 284], [1687, 284], [1737, 284], [1738, 284], [1739, 284], [1740, 284], [1741, 284], [1742, 284], [1743, 284], [1744, 284], [1745, 284], [1746, 284], [1786, 284], [1787, 284], [1788, 284], [1789, 284], [1790, 284], [1791, 284], [1792, 284], [1793, 284], [1794, 284], [1795, 284], [1796, 284], [1797, 284], [1798, 284], [1799, 284], [1800, 284], [1801, 284], [1802, 284], [1803, 284], [1804, 284], [1805, 284], [1806, 284], [1807, 284], [1808, 284], [1809, 284], [1810, 284], [1811, 284], [1812, 284], [1813, 284], [1814, 284], [1815, 284], [1816, 284], [1817, 284], [1818, 284], [1819, 284], [1820, 284], [1821, 284], [1822, 284], [1823, 284], [1824, 284], [1556, 285], [1557, 285], [1558, 285], [1559, 285], [1560, 285], [1561, 285], [1562, 285], [1563, 285], [1564, 285], [1565, 285], [1566, 285], [1616, 285], [1617, 285], [1618, 285], [1619, 285], [1620, 285], [1621, 285], [1622, 285], [1623, 285], [1624, 285], [1625, 285], [1626, 285], [1627, 285], [1628, 285], [1629, 285], [1630, 285], [1652, 285], [1653, 285], [1654, 285], [1655, 285], [1656, 285], [1657, 285], [1658, 285], [1659, 285], [1660, 285], [1661, 285], [1662, 285], [1663, 285], [1742, 285], [1743, 285], [1744, 285], [1745, 285], [1746, 285], [1747, 285], [1748, 285], [1782, 285], [1783, 285], [1784, 285], [1785, 285], [1786, 285], [1787, 285], [1788, 285], [1789, 285], [1790, 285], [1803, 285], [1804, 285], [1805, 285], [1806, 285], [1811, 285], [1812, 285], [1813, 285], [1814, 285], [1823, 285], [1824, 285], [1560, 286], [1561, 286], [1562, 286], [1563, 286], [1564, 286], [1565, 286], [1566, 286], [1567, 286], [1568, 286], [1569, 286], [1570, 286], [1620, 286], [1621, 286], [1622, 286], [1623, 286], [1624, 286], [1625, 286], [1626, 286], [1627, 286], [1628, 286], [1629, 286], [1630, 286], [1631, 286], [1632, 286], [1633, 286], [1634, 286], [1635, 286], [1636, 286], [1637, 286], [1638, 286], [1639, 286], [1640, 286], [1641, 286], [1642, 286], [1643, 286], [1644, 286], [1645, 286], [1646, 286], [1647, 286], [1648, 286], [1649, 286], [1650, 286], [1651, 286], [1652, 286], [1653, 286], [1654, 286], [1655, 286], [1656, 286], [1745, 286], [1746, 286], [1747, 286], [1748, 286], [1749, 286], [1750, 286], [1751, 286], [1780, 286], [1781, 286], [1782, 286], [1783, 286], [1784, 286], [1785, 286], [1786, 286], [1787, 286], [1805, 286], [1806, 286], [1807, 286], [1808, 286], [1809, 286], [1811, 286], [1812, 286], [1813, 286], [1814, 286], [1824, 286], [1565, 287], [1566, 287], [1567, 287], [1568, 287], [1569, 287], [1570, 287], [1571, 287], [1572, 287], [1573, 287], [1623, 287], [1624, 287], [1625, 287], [1626, 287], [1627, 287], [1628, 287], [1629, 287], [1630, 287], [1631, 287], [1632, 287], [1633, 287], [1634, 287], [1635, 287], [1636, 287], [1637, 287], [1638, 287], [1639, 287], [1640, 287], [1641, 287], [1642, 287], [1643, 287], [1644, 287], [1645, 287], [1646, 287], [1647, 287], [1648, 287], [1649, 287], [1650, 287], [1651, 287], [1652, 287], [1653, 287], [1747, 287], [1748, 287], [1749, 287], [1750, 287], [1751, 287], [1752, 287], [1753, 287], [1754, 287], [1755, 287], [1756, 287], [1757, 287], [1758, 287], [1759, 287], [1760, 287], [1761, 287], [1762, 287], [1763, 287], [1764, 287], [1765, 287], [1766, 287], [1767, 287], [1768, 287], [1769, 287], [1770, 287], [1771, 287], [1772, 287], [1773, 287], [1774, 287], [1775, 287], [1776, 287], [1777, 287], [1778, 287], [1779, 287], [1780, 287], [1781, 287], [1782, 287], [1783, 287], [1805, 287], [1806, 287], [1807, 287], [1808, 287], [1809, 287], [1810, 287], [1811, 287], [1812, 287], [1813, 287], [1569, 288], [1570, 288], [1571, 288], [1572, 288], [1573, 288], [1574, 288], [1575, 288], [1576, 288], [1577, 288], [1750, 288], [1751, 288], [1752, 288], [1753, 288], [1754, 288], [1755, 288], [1756, 288], [1757, 288], [1758, 288], [1759, 288], [1760, 288], [1761, 288], [1762, 288], [1763, 288], [1764, 288], [1765, 288], [1766, 288], [1767, 288], [1768, 288], [1769, 288], [1770, 288], [1771, 288], [1772, 288], [1773, 288], [1774, 288], [1775, 288], [1776, 288], [1777, 288], [1778, 288], [1779, 288], [1780, 288], [1781, 288], [1808, 288], [1809, 288], [1810, 288], [1811, 288], [1812, 288], [1572, 289], [1573, 289], [1574, 289], [1575, 289], [1576, 289], [1577, 289], [1578, 289], [1579, 289], [1580, 289], [1581, 289], [1582, 289], [1576, 290], [1577, 290], [1578, 290], [1579, 290], [1580, 290], [1581, 290], [1582, 290], [1583, 290], [1584, 290], [1585, 290], [1586, 290], [1581, 291], [1582, 291], [1583, 291], [1584, 291], [1585, 291], [1586, 291], [1587, 291], [1588, 291], [1585, 292], [1586, 292], [1587, 292], [1588, 292], [1589, 292], [1590, 292], [1591, 292], [1587, 293], [1588, 293], [1589, 293], [1590, 293], [1591, 293], [1592, 293], [1593, 293], [1590, 294], [1591, 294], [1592, 294], [1593, 294], [1594, 294], [1595, 294], [1596, 294], [1592, 295], [1593, 295], [1594, 295], [1595, 295], [1596, 295], [1597, 295], [1598, 295], [1599, 295], [1600, 295], [1601, 295], [1602, 295], [1595, 296], [1596, 296], [1597, 296], [1598, 296], [1599, 296], [1600, 296], [1601, 296], [1602, 296], [1603, 296], [1604, 296], [1605, 296], [1601, 297], [1602, 297], [1603, 297], [1604, 297], [1605, 297], [1606, 297], [1607, 297], [1608, 297], [1609, 297], [1604, 298], [1605, 298], [1606, 298], [1607, 298], [1608, 298], [1609, 298], [1610, 298], [1611, 298], [1612, 298], [1613, 298], [1614, 298], [1776, 298], [1777, 298], [1778, 298], [1608, 299], [1609, 299], [1610, 299], [1611, 299], [1612, 299], [1613, 299], [1614, 299], [1615, 299], [1616, 299], [1617, 299], [1776, 299], [1778, 299], [1613, 300], [1614, 300], [1615, 300], [1616, 300], [1617, 300], [1618, 300], [1619, 300], [1776, 300], [1777, 300], [1778, 300], [1616, 301], [1617, 301], [1618, 301], [1619, 301], [1620, 301], [1621, 301], [1622, 301], [1623, 301], [1618, 302], [1619, 302], [1620, 302], [1621, 302], [1622, 302], [1623, 302], [1624, 302], [1625, 302], [1626, 302], [1622, 303], [1623, 303], [1624, 303], [1625, 303], [1626, 303], [1627, 303], [1628, 303], [1629, 303], [1630, 303], [1631, 303], [1625, 304], [1626, 304], [1627, 304], [1628, 304], [1629, 304], [1630, 304], [1631, 304], [1632, 304], [1633, 304], [1630, 305], [1631, 305], [1632, 305], [1633, 305], [1634, 305], [1635, 305], [1636, 305], [1632, 306], [1633, 306], [1634, 306], [1635, 306], [1636, 306], [1637, 306], [1638, 306], [1639, 306], [1635, 307], [1636, 307], [1637, 307], [1638, 307], [1639, 307], [1640, 307], [1641, 307], [1642, 307], [1638, 308], [1639, 308], [1640, 308], [1641, 308], [1642, 308], [1643, 308], [1641, 309], [1642, 309], [1643, 309], [1644, 309], [1645, 309], [1646, 309], [1647, 309], [1642, 310], [1643, 310], [1644, 310], [1645, 310], [1646, 310], [1647, 310], [1648, 310], [1649, 310], [1646, 311], [1647, 311], [1648, 311], [1649, 311], [1650, 311], [1651, 311], [1652, 311], [1653, 311], [1648, 312], [1649, 312], [1650, 312], [1651, 312], [1652, 312], [1653, 312], [1654, 312], [1655, 312], [1656, 312], [1652, 313], [1653, 313], [1654, 313], [1655, 313], [1656, 313], [1657, 313], [1658, 313], [1655, 314], [1656, 314], [1657, 314], [1658, 314], [1659, 314], [1660, 314], [1661, 314], [1662, 314], [1663, 314], [1664, 314], [1665, 314], [1666, 314], [1667, 314], [1657, 315], [1658, 315], [1659, 315], [1660, 315], [1661, 315], [1662, 315], [1663, 315], [1664, 315], [1665, 315], [1666, 315], [1667, 315], [1668, 315], [1669, 315], [1670, 315], [1671, 315], [1672, 315], [1673, 315], [1666, 316], [1667, 316], [1668, 316], [1669, 316], [1670, 316], [1671, 316], [1672, 316], [1673, 316], [1674, 316], [1675, 316], [1672, 317], [1673, 317], [1674, 317], [1675, 317], [1676, 317], [1674, 318], [1675, 318], [1676, 318], [1677, 318], [1675, 319], [1676, 319], [1677, 319], [1675, 320], [1676, 320], [1677, 320], [1678, 320], [1679, 320], [1675, 321], [1676, 321], [1677, 321], [1678, 321], [1679, 321], [1680, 321], [1681, 321], [1682, 321], [1683, 321], [1684, 321], [1685, 321], [1686, 321], [1687, 321], [1688, 321], [1678, 322], [1679, 322], [1680, 322], [1681, 322], [1682, 322], [1683, 322], [1684, 322], [1685, 322], [1686, 322], [1687, 322], [1688, 322], [1689, 322], [1690, 322], [1691, 322], [1687, 323], [1688, 323], [1689, 323], [1690, 323], [1691, 323], [1692, 323], [1693, 323], [1690, 324], [1691, 324], [1692, 324], [1693, 324], [1694, 324], [1695, 324], [1696, 324], [1692, 325], [1693, 325], [1694, 325], [1695, 325], [1696, 325], [1697, 325], [1698, 325], [1699, 325], [1700, 325], [1701, 325], [1702, 325], [1695, 326], [1696, 326], [1697, 326], [1698, 326], [1699, 326], [1700, 326], [1701, 326], [1702, 326], [1703, 326], [1704, 326], [1705, 326], [1701, 327], [1702, 327], [1703, 327], [1704, 327], [1705, 327], [1704, 328], [1705, 328], [1706, 328], [1704, 329], [1705, 329], [1706, 329], [1707, 329], [1708, 329], [1709, 329], [1705, 330], [1706, 330], [1707, 330], [1708, 330], [1709, 330], [1710, 330], [1711, 330], [1712, 330], [1713, 330], [1714, 330], [1708, 331], [1709, 331], [1710, 331], [1711, 331], [1712, 331], [1713, 331], [1714, 331], [1715, 331], [1716, 331], [1717, 331], [1718, 331], [1719, 331], [1720, 331], [1721, 331], [1713, 332], [1714, 332], [1715, 332], [1716, 332], [1717, 332], [1718, 332], [1719, 332], [1720, 332], [1721, 332], [1722, 332], [1720, 333], [1721, 333], [1722, 333], [1721, 334], [1722, 334], [1723, 334], [1724, 334], [1721, 335], [1722, 335], [1723, 335], [1724, 335], [1725, 335], [1726, 335], [1723, 336], [1724, 336], [1725, 336], [1726, 336], [1727, 336], [1728, 336], [1729, 336], [1730, 336], [1731, 336], [1732, 336], [1733, 336], [1734, 336], [1735, 336], [1725, 337], [1726, 337], [1727, 337], [1728, 337], [1729, 337], [1730, 337], [1731, 337], [1732, 337], [1733, 337], [1734, 337], [1735, 337], [1736, 337], [1737, 337], [1734, 338], [1735, 338], [1736, 338], [1737, 338], [1738, 338], [1739, 338], [1740, 338], [1736, 339], [1737, 339], [1738, 339], [1739, 339], [1740, 339], [1741, 339], [1742, 339], [1743, 339], [1744, 339], [1739, 340], [1740, 340], [1741, 340], [1742, 340], [1743, 340], [1744, 340], [1745, 340], [1746, 340], [1747, 340], [1748, 340], [1743, 341], [1744, 341], [1745, 341], [1746, 341], [1747, 341], [1748, 341], [1749, 341], [1750, 341], [1751, 341], [1752, 341], [1753, 341], [1747, 342], [1748, 342], [1749, 342], [1750, 342], [1751, 342], [1752, 342], [1753, 342], [1754, 342], [1752, 343], [1753, 343], [1754, 343], [1755, 343], [1756, 343], [1753, 344], [1754, 344], [1755, 344], [1756, 344], [1757, 344], [1758, 344], [1755, 345], [1756, 345], [1757, 345], [1758, 345], [1759, 345], [1760, 345], [1761, 345], [1757, 346], [1758, 346], [1759, 346], [1760, 346], [1761, 346], [1762, 346], [1763, 346], [1764, 346], [1765, 346], [1766, 346], [1760, 347], [1761, 347], [1762, 347], [1763, 347], [1764, 347], [1765, 347], [1766, 347], [1767, 347], [1768, 347], [1769, 347], [1770, 347], [1765, 348], [1766, 348], [1767, 348], [1768, 348], [1769, 348], [1770, 348], [1771, 348], [1769, 349], [1770, 349], [1771, 349], [1772, 349], [1773, 349], [1774, 349], [1775, 349], [1770, 350], [1771, 350], [1772, 350], [1773, 350], [1774, 350], [1775, 350], [1776, 350], [1777, 350], [1778, 350], [1779, 350], [1780, 350], [1774, 351], [1775, 351], [1776, 351], [1777, 351], [1778, 351], [1779, 351], [1780, 351], [1781, 351], [1782, 351], [1783, 351], [1784, 351], [1779, 352], [1780, 352], [1781, 352], [1782, 352], [1783, 352], [1784, 352], [1785, 352], [1786, 352], [1783, 353], [1784, 353], [1785, 353], [1786, 353], [1787, 353], [1788, 353], [1785, 354], [1786, 354], [1787, 354], [1788, 354], [1789, 354], [1790, 354], [1791, 354], [1792, 354], [1787, 355], [1788, 355], [1789, 355], [1790, 355], [1791, 355], [1792, 355], [1793, 355], [1794, 355], [1791, 356], [1792, 356], [1793, 356], [1794, 356], [1795, 356], [1796, 356], [1797, 356], [1798, 356], [1799, 356], [1793, 357], [1794, 357], [1795, 357], [1796, 357], [1797, 357], [1798, 357], [1799, 357], [1800, 357], [1801, 357], [1802, 357], [1798, 358], [1799, 358], [1800, 358], [1801, 358], [1802, 358], [1803, 358], [1801, 359], [1802, 359], [1803, 359], [1804, 359], [1805, 359], [1802, 360], [1803, 360], [1804, 360], [1805, 360], [1806, 360], [1804, 361], [1805, 361], [1806, 361], [1807, 361], [1808, 361], [1809, 361], [1810, 361], [1811, 361], [1812, 361], [1813, 361], [1805, 362], [1806, 362], [1807, 362], [1808, 362], [1809, 362], [1810, 362], [1811, 362], [1812, 362], [1813, 362], [1814, 362], [1815, 362], [1816, 362], [1812, 363], [1813, 363], [1814, 363], [1815, 363], [1816, 363], [1817, 363], [1818, 363], [1819, 363], [1815, 364], [1816, 364], [1817, 364], [1818, 364], [1819, 364], [1820, 364], [1821, 364], [1822, 364], [1823, 364], [1824, 364], [1818, 365], [1819, 365], [1820, 365], [1821, 365], [1822, 365], [1823, 365], [1824, 365], [1824, 366]




Yellow line right - [1679, 814], [1680, 814], [1681, 814], [1682, 814], [1679, 815], [1680, 815], [1681, 815], [1682, 815], [1679, 816], [1680, 816], [1681, 816], [1682, 816]




White line right - [1820, 174], [1821, 174], [1822, 174], [1823, 174], [1819, 175], [1820, 175], [1821, 175], [1822, 175], [1823, 175], [1818, 176], [1819, 176], [1821, 176], [1822, 176], [1823, 176], [1818, 177], [1819, 177], [1820, 177], [1821, 177], [1823, 177], [1818, 178], [1819, 178], [1820, 178], [1821, 178], [1822, 178], [1823, 178], [1819, 179], [1821, 179], [1822, 179], [1823, 179], [1819, 180], [1820, 180], [1821, 180], [1466, 266], [1467, 266], [1465, 267], [1466, 267], [1467, 267], [1468, 267], [1469, 267], [1470, 267], [1471, 267], [1463, 268], [1464, 268], [1465, 268], [1466, 268], [1467, 268], [1468, 268], [1469, 268], [1470, 268], [1471, 268], [1472, 268], [1473, 268], [1474, 268], [1461, 269], [1462, 269], [1463, 269], [1464, 269], [1465, 269], [1466, 269], [1467, 269], [1470, 269], [1471, 269], [1472, 269], [1473, 269], [1474, 269], [1475, 269], [1476, 269], [1477, 269], [1464, 270], [1465, 270], [1466, 270], [1467, 270], [1468, 270], [1469, 270], [1473, 270], [1474, 270], [1475, 270], [1476, 270], [1477, 270], [1478, 270], [1479, 270], [1480, 270], [1466, 271], [1467, 271], [1468, 271], [1469, 271], [1470, 271], [1471, 271], [1476, 271], [1477, 271], [1478, 271], [1479, 271], [1480, 271], [1481, 271], [1482, 271], [1483, 271], [1468, 272], [1469, 272], [1470, 272], [1471, 272], [1472, 272], [1473, 272], [1474, 272], [1475, 272], [1479, 272], [1480, 272], [1481, 272], [1482, 272], [1483, 272], [1484, 272], [1485, 272], [1470, 273], [1471, 273], [1472, 273], [1473, 273], [1474, 273], [1475, 273], [1476, 273], [1477, 273], [1478, 273], [1482, 273], [1483, 273], [1484, 273], [1485, 273], [1486, 273], [1487, 273], [1488, 273], [1474, 274], [1475, 274], [1476, 274], [1477, 274], [1478, 274], [1479, 274], [1480, 274], [1481, 274], [1484, 274], [1485, 274], [1486, 274], [1487, 274], [1488, 274], [1489, 274], [1490, 274], [1477, 275], [1478, 275], [1479, 275], [1480, 275], [1481, 275], [1482, 275], [1483, 275], [1487, 275], [1488, 275], [1489, 275], [1490, 275], [1491, 275], [1492, 275], [1493, 275], [1480, 276], [1481, 276], [1482, 276], [1483, 276], [1484, 276], [1485, 276], [1486, 276], [1487, 276], [1489, 276], [1490, 276], [1491, 276], [1492, 276], [1493, 276], [1494, 276], [1495, 276], [1496, 276], [1497, 276], [1498, 276], [1499, 276], [1482, 277], [1483, 277], [1484, 277], [1485, 277], [1486, 277], [1487, 277], [1488, 277], [1489, 277], [1492, 277], [1493, 277], [1494, 277], [1495, 277], [1496, 277], [1497, 277], [1498, 277], [1499, 277], [1500, 277], [1501, 277], [1502, 277], [1486, 278], [1487, 278], [1488, 278], [1489, 278], [1490, 278], [1491, 278], [1492, 278], [1498, 278], [1499, 278], [1500, 278], [1501, 278], [1502, 278], [1503, 278], [1504, 278], [1488, 279], [1489, 279], [1490, 279], [1491, 279], [1492, 279], [1493, 279], [1494, 279], [1495, 279], [1496, 279], [1501, 279], [1502, 279], [1503, 279], [1504, 279], [1505, 279], [1506, 279], [1491, 280], [1492, 280], [1493, 280], [1494, 280], [1495, 280], [1496, 280], [1497, 280], [1498, 280], [1499, 280], [1500, 280], [1501, 280], [1503, 280], [1504, 280], [1505, 280], [1506, 280], [1507, 280], [1508, 280], [1509, 280], [1495, 281], [1496, 281], [1497, 281], [1498, 281], [1499, 281], [1500, 281], [1501, 281], [1502, 281], [1503, 281], [1504, 281], [1505, 281], [1506, 281], [1507, 281], [1508, 281], [1509, 281], [1510, 281], [1511, 281], [1512, 281], [1500, 282], [1501, 282], [1502, 282], [1503, 282], [1504, 282], [1505, 282], [1506, 282], [1508, 282], [1509, 282], [1510, 282], [1511, 282], [1512, 282], [1513, 282], [1514, 282], [1515, 282], [1503, 283], [1504, 283], [1505, 283], [1506, 283], [1507, 283], [1508, 283], [1511, 283], [1512, 283], [1513, 283], [1514, 283], [1515, 283], [1516, 283], [1517, 283], [1518, 283], [1505, 284], [1506, 284], [1507, 284], [1508, 284], [1509, 284], [1510, 284], [1514, 284], [1515, 284], [1516, 284], [1517, 284], [1518, 284], [1519, 284], [1520, 284], [1521, 284], [1507, 285], [1508, 285], [1509, 285], [1510, 285], [1511, 285], [1512, 285], [1513, 285], [1517, 285], [1518, 285], [1519, 285], [1520, 285], [1521, 285], [1522, 285], [1523, 285], [1524, 285], [1525, 285], [1509, 286], [1510, 286], [1511, 286], [1512, 286], [1513, 286], [1514, 286], [1515, 286], [1516, 286], [1520, 286], [1521, 286], [1522, 286], [1523, 286], [1524, 286], [1525, 286], [1526, 286], [1527, 286], [1528, 286], [1512, 287], [1513, 287], [1514, 287], [1515, 287], [1516, 287], [1517, 287], [1518, 287], [1519, 287], [1524, 287], [1525, 287], [1526, 287], [1527, 287], [1528, 287], [1529, 287], [1530, 287], [1531, 287], [1515, 288], [1516, 288], [1517, 288], [1518, 288], [1519, 288], [1520, 288], [1521, 288], [1522, 288], [1523, 288], [1527, 288], [1528, 288], [1529, 288], [1530, 288], [1531, 288], [1532, 288], [1533, 288], [1534, 288], [1535, 288], [1518, 289], [1519, 289], [1520, 289], [1521, 289], [1522, 289], [1523, 289], [1524, 289], [1525, 289], [1526, 289], [1530, 289], [1531, 289], [1532, 289], [1533, 289], [1534, 289], [1535, 289], [1536, 289], [1537, 289], [1522, 290], [1523, 290], [1524, 290], [1525, 290], [1526, 290], [1527, 290], [1528, 290], [1529, 290], [1530, 290], [1534, 290], [1535, 290], [1536, 290], [1537, 290], [1538, 290], [1539, 290], [1540, 290], [1541, 290], [1525, 291], [1526, 291], [1527, 291], [1528, 291], [1529, 291], [1530, 291], [1531, 291], [1532, 291], [1536, 291], [1537, 291], [1538, 291], [1539, 291], [1540, 291], [1541, 291], [1542, 291], [1543, 291], [1544, 291], [1529, 292], [1530, 292], [1531, 292], [1532, 292], [1533, 292], [1534, 292], [1535, 292], [1540, 292], [1541, 292], [1542, 292], [1543, 292], [1544, 292], [1545, 292], [1546, 292], [1547, 292], [1531, 293], [1532, 293], [1533, 293], [1534, 293], [1535, 293], [1536, 293], [1537, 293], [1538, 293], [1543, 293], [1544, 293], [1545, 293], [1546, 293], [1547, 293], [1548, 293], [1549, 293], [1550, 293], [1534, 294], [1535, 294], [1536, 294], [1537, 294], [1538, 294], [1539, 294], [1540, 294], [1541, 294], [1542, 294], [1546, 294], [1547, 294], [1548, 294], [1549, 294], [1550, 294], [1551, 294], [1552, 294], [1537, 295], [1538, 295], [1539, 295], [1540, 295], [1541, 295], [1542, 295], [1543, 295], [1544, 295], [1545, 295], [1549, 295], [1550, 295], [1551, 295], [1552, 295], [1553, 295], [1554, 295], [1541, 296], [1542, 296], [1543, 296], [1544, 296], [1545, 296], [1546, 296], [1547, 296], [1548, 296], [1551, 296], [1552, 296], [1553, 296], [1554, 296], [1555, 296], [1556, 296], [1557, 296], [1558, 296], [1544, 297], [1545, 297], [1546, 297], [1547, 297], [1548, 297], [1549, 297], [1550, 297], [1551, 297], [1553, 297], [1554, 297], [1555, 297], [1556, 297], [1557, 297], [1558, 297], [1559, 297], [1560, 297], [1547, 298], [1548, 298], [1549, 298], [1550, 298], [1551, 298], [1552, 298], [1553, 298], [1554, 298], [1557, 298], [1558, 298], [1559, 298], [1560, 298], [1561, 298], [1562, 298], [1563, 298], [1564, 298], [1550, 299], [1551, 299], [1552, 299], [1553, 299], [1554, 299], [1555, 299], [1556, 299], [1557, 299], [1558, 299], [1559, 299], [1560, 299], [1561, 299], [1562, 299], [1563, 299], [1564, 299], [1565, 299], [1566, 299], [1567, 299], [1553, 300], [1554, 300], [1555, 300], [1556, 300], [1557, 300], [1558, 300], [1559, 300], [1560, 300], [1563, 300], [1564, 300], [1565, 300], [1566, 300], [1567, 300], [1568, 300], [1569, 300], [1570, 300], [1557, 301], [1558, 301], [1559, 301], [1560, 301], [1561, 301], [1562, 301], [1563, 301], [1564, 301], [1566, 301], [1567, 301], [1568, 301], [1569, 301], [1570, 301], [1571, 301], [1572, 301], [1559, 302], [1560, 302], [1561, 302], [1562, 302], [1563, 302], [1564, 302], [1565, 302], [1566, 302], [1567, 302], [1569, 302], [1570, 302], [1571, 302], [1572, 302], [1573, 302], [1574, 302], [1563, 303], [1564, 303], [1565, 303], [1566, 303], [1567, 303], [1568, 303], [1569, 303], [1570, 303], [1571, 303], [1572, 303], [1573, 303], [1574, 303], [1575, 303], [1576, 303], [1577, 303], [1578, 303], [1566, 304], [1567, 304], [1568, 304], [1569, 304], [1570, 304], [1571, 304], [1572, 304], [1573, 304], [1574, 304], [1575, 304], [1576, 304], [1577, 304], [1578, 304], [1579, 304], [1580, 304], [1569, 305], [1570, 305], [1571, 305], [1572, 305], [1573, 305], [1574, 305], [1575, 305], [1576, 305], [1577, 305], [1578, 305], [1579, 305], [1580, 305], [1581, 305], [1582, 305], [1573, 306], [1574, 306], [1575, 306], [1576, 306], [1577, 306], [1578, 306], [1580, 306], [1581, 306], [1582, 306], [1583, 306], [1584, 306], [1575, 307], [1576, 307], [1577, 307], [1578, 307], [1579, 307], [1580, 307], [1581, 307], [1582, 307], [1583, 307], [1584, 307], [1578, 308], [1579, 308], [1580, 308], [1581, 308], [1582, 308], [1583, 308], [1584, 308], [1588, 308], [1589, 308], [1590, 308], [1591, 308], [1588, 309], [1589, 309], [1590, 309], [1591, 309], [1592, 309], [1593, 309], [1588, 310], [1589, 310], [1590, 310], [1591, 310], [1592, 310], [1593, 310], [1594, 310], [1595, 310], [1589, 311], [1590, 311], [1591, 311], [1592, 311], [1593, 311], [1594, 311], [1595, 311], [1596, 311], [1597, 311], [1598, 311], [1592, 312], [1593, 312], [1594, 312], [1595, 312], [1596, 312], [1597, 312], [1598, 312], [1599, 312], [1600, 312], [1601, 312], [1602, 312], [1603, 312], [1604, 312], [1595, 313], [1596, 313], [1597, 313], [1598, 313], [1599, 313], [1600, 313], [1601, 313], [1602, 313], [1603, 313], [1604, 313], [1605, 313], [1606, 313], [1620, 313], [1621, 313], [1622, 313], [1623, 313], [1624, 313], [1625, 313], [1626, 313], [1627, 313], [1628, 313], [1629, 313], [1630, 313], [1631, 313], [1599, 314], [1600, 314], [1601, 314], [1602, 314], [1603, 314], [1604, 314], [1605, 314], [1606, 314], [1620, 314], [1621, 314], [1622, 314], [1623, 314], [1624, 314], [1625, 314], [1626, 314], [1627, 314], [1628, 314], [1629, 314], [1630, 314], [1631, 314], [1632, 314], [1633, 314], [1600, 315], [1601, 315], [1602, 315], [1603, 315], [1604, 315], [1605, 315], [1606, 315], [1607, 315], [1608, 315], [1609, 315], [1610, 315], [1611, 315], [1612, 315], [1613, 315], [1620, 315], [1621, 315], [1630, 315], [1631, 315], [1632, 315], [1633, 315], [1634, 315], [1607, 316], [1608, 316], [1609, 316], [1610, 316], [1611, 316], [1612, 316], [1613, 316], [1614, 316], [1615, 316], [1616, 316], [1617, 316], [1618, 316], [1619, 316], [1620, 316], [1621, 316], [1622, 316], [1623, 316], [1624, 316], [1625, 316], [1626, 316], [1627, 316], [1628, 316], [1629, 316], [1630, 316], [1631, 316], [1632, 316], [1633, 316], [1634, 316], [1607, 317], [1608, 317], [1609, 317], [1610, 317], [1611, 317], [1613, 317], [1614, 317], [1615, 317], [1616, 317], [1617, 317], [1618, 317], [1619, 317], [1620, 317], [1621, 317], [1622, 317], [1623, 317], [1624, 317], [1625, 317], [1626, 317], [1627, 317], [1628, 317], [1629, 317], [1630, 317], [1631, 317], [1632, 317], [1633, 317], [1634, 317], [1609, 318], [1610, 318], [1611, 318], [1612, 318], [1613, 318], [1614, 318], [1615, 318], [1616, 318], [1618, 318], [1619, 318], [1620, 318], [1621, 318], [1622, 318], [1623, 318], [1611, 319], [1612, 319], [1613, 319], [1614, 319], [1615, 319], [1616, 319], [1617, 319], [1618, 319], [1620, 319], [1621, 319], [1622, 319], [1623, 319], [1624, 319], [1625, 319], [1626, 319], [1615, 320], [1616, 320], [1617, 320], [1618, 320], [1619, 320], [1620, 320], [1621, 320], [1622, 320], [1623, 320], [1624, 320], [1625, 320], [1626, 320], [1627, 320], [1628, 320], [1629, 320], [1617, 321], [1618, 321], [1619, 321], [1620, 321], [1621, 321], [1622, 321], [1623, 321], [1624, 321], [1625, 321], [1626, 321], [1627, 321], [1628, 321], [1629, 321], [1630, 321], [1631, 321], [1620, 322], [1621, 322], [1622, 322], [1623, 322], [1624, 322], [1625, 322], [1626, 322], [1627, 322], [1629, 322], [1630, 322], [1631, 322], [1632, 322], [1633, 322], [1623, 323], [1624, 323], [1625, 323], [1626, 323], [1627, 323], [1628, 323], [1629, 323], [1630, 323], [1631, 323], [1632, 323], [1633, 323], [1634, 323], [1635, 323], [1627, 324], [1628, 324], [1629, 324], [1630, 324], [1631, 324], [1632, 324], [1633, 324], [1634, 324], [1635, 324], [1630, 325], [1631, 325], [1632, 325], [1633, 325], [1634, 325], [1635, 325], [1637, 325], [1638, 325], [1639, 325], [1640, 325], [1641, 325], [1642, 325], [1637, 326], [1638, 326], [1639, 326], [1640, 326], [1641, 326], [1642, 326], [1643, 326], [1644, 326], [1645, 326], [1637, 327], [1638, 327], [1639, 327], [1640, 327], [1641, 327], [1643, 327], [1644, 327], [1645, 327], [1646, 327], [1647, 327], [1639, 328], [1640, 328], [1641, 328], [1642, 328], [1643, 328], [1644, 328], [1645, 328], [1646, 328], [1647, 328], [1648, 328], [1649, 328], [1642, 329], [1643, 329], [1644, 329], [1645, 329], [1646, 329], [1647, 329], [1648, 329], [1649, 329], [1650, 329], [1651, 329], [1652, 329], [1653, 329], [1654, 329], [1655, 329], [1646, 330], [1647, 330], [1648, 330], [1649, 330], [1652, 330], [1653, 330], [1654, 330], [1655, 330], [1656, 330], [1657, 330], [1648, 331], [1649, 331], [1650, 331], [1651, 331], [1652, 331], [1653, 331], [1654, 331], [1655, 331], [1656, 331], [1657, 331], [1658, 331], [1659, 331], [1660, 331], [1652, 332], [1653, 332], [1654, 332], [1655, 332], [1656, 332], [1657, 332], [1659, 332], [1660, 332], [1661, 332], [1662, 332], [1663, 332], [1664, 332], [1656, 333], [1657, 333], [1658, 333], [1659, 333], [1660, 333], [1661, 333], [1662, 333], [1663, 333], [1664, 333], [1665, 333], [1666, 333], [1660, 334], [1661, 334], [1662, 334], [1663, 334], [1664, 334], [1665, 334], [1666, 334], [1667, 334], [1668, 334], [1669, 334], [1662, 335], [1663, 335], [1664, 335], [1665, 335], [1666, 335], [1667, 335], [1668, 335], [1669, 335], [1670, 335], [1671, 335], [1672, 335], [1665, 336], [1666, 336], [1667, 336], [1668, 336], [1669, 336], [1671, 336], [1672, 336], [1673, 336], [1674, 336], [1675, 336], [1667, 337], [1668, 337], [1669, 337], [1670, 337], [1671, 337], [1672, 337], [1673, 337], [1674, 337], [1675, 337], [1676, 337], [1677, 337], [1672, 338], [1673, 338], [1674, 338], [1675, 338], [1676, 338], [1677, 338], [1674, 339], [1675, 339], [1676, 339], [1677, 339], [1721, 352], [1722, 352], [1723, 352], [1724, 352], [1725, 352], [1726, 352], [1721, 353], [1722, 353], [1723, 353], [1724, 353], [1725, 353], [1726, 353], [1727, 353], [1728, 353], [1729, 353], [1721, 354], [1722, 354], [1723, 354], [1724, 354], [1725, 354], [1727, 354], [1728, 354], [1729, 354], [1730, 354], [1731, 354], [1732, 354], [1723, 355], [1724, 355], [1725, 355], [1726, 355], [1727, 355], [1728, 355], [1730, 355], [1731, 355], [1732, 355], [1726, 356], [1727, 356], [1728, 356], [1729, 356], [1730, 356], [1731, 356], [1732, 356], [1729, 357], [1730, 357], [1731, 357], [1263, 387], [1264, 387], [1265, 387], [1262, 388], [1263, 388], [1264, 388], [1265, 388], [1266, 388], [1264, 389], [1265, 389], [1266, 389], [1267, 389], [1268, 389], [1265, 390], [1266, 390], [1267, 390], [1268, 390], [1269, 390], [1270, 390], [1256, 391], [1267, 391], [1268, 391], [1269, 391], [1270, 391], [1271, 391], [1272, 391], [1255, 392], [1256, 392], [1257, 392], [1269, 392], [1270, 392], [1271, 392], [1272, 392], [1273, 392], [1255, 393], [1256, 393], [1257, 393], [1258, 393], [1271, 393], [1272, 393], [1273, 393], [1256, 394], [1257, 394], [1258, 394], [1259, 394], [1272, 394], [1273, 394], [1274, 394], [1257, 395], [1258, 395], [1259, 395], [1260, 395], [1272, 395], [1273, 395], [1274, 395], [1275, 395], [1258, 396], [1259, 396], [1260, 396], [1261, 396], [1262, 396], [1273, 396], [1274, 396], [1275, 396], [1259, 397], [1260, 397], [1261, 397], [1262, 397], [1263, 397], [1273, 397], [1274, 397], [1275, 397], [1244, 398], [1261, 398], [1262, 398], [1263, 398], [1264, 398], [1265, 398], [1266, 398], [1267, 398], [1268, 398], [1273, 398], [1274, 398], [1275, 398], [1242, 399], [1243, 399], [1244, 399], [1245, 399], [1246, 399], [1247, 399], [1262, 399], [1263, 399], [1264, 399], [1265, 399], [1266, 399], [1267, 399], [1268, 399], [1269, 399], [1270, 399], [1271, 399], [1272, 399], [1273, 399], [1274, 399], [1243, 400], [1244, 400], [1245, 400], [1246, 400], [1247, 400], [1248, 400], [1249, 400], [1267, 400], [1268, 400], [1269, 400], [1270, 400], [1271, 400], [1272, 400], [1273, 400], [1274, 400], [1276, 400], [1277, 400], [1278, 400], [1279, 400], [1280, 400], [1241, 401], [1242, 401], [1243, 401], [1246, 401], [1247, 401], [1248, 401], [1249, 401], [1250, 401], [1267, 401], [1268, 401], [1269, 401], [1270, 401], [1276, 401], [1277, 401], [1278, 401], [1279, 401], [1280, 401], [1241, 402], [1242, 402], [1243, 402], [1244, 402], [1248, 402], [1249, 402], [1250, 402], [1251, 402], [1267, 402], [1268, 402], [1269, 402], [1270, 402], [1271, 402], [1274, 402], [1275, 402], [1276, 402], [1277, 402], [1279, 402], [1280, 402], [1241, 403], [1242, 403], [1243, 403], [1244, 403], [1245, 403], [1246, 403], [1249, 403], [1250, 403], [1251, 403], [1267, 403], [1268, 403], [1269, 403], [1270, 403], [1271, 403], [1272, 403], [1273, 403], [1274, 403], [1275, 403], [1276, 403], [1277, 403], [1279, 403], [1280, 403], [1234, 404], [1241, 404], [1242, 404], [1243, 404], [1244, 404], [1245, 404], [1246, 404], [1248, 404], [1249, 404], [1250, 404], [1251, 404], [1268, 404], [1269, 404], [1270, 404], [1271, 404], [1272, 404], [1273, 404], [1274, 404], [1275, 404], [1279, 404], [1280, 404], [1233, 405], [1234, 405], [1241, 405], [1242, 405], [1243, 405], [1244, 405], [1245, 405], [1246, 405], [1248, 405], [1249, 405], [1250, 405], [1251, 405], [1270, 405], [1271, 405], [1272, 405], [1273, 405], [1274, 405], [1275, 405], [1279, 405], [1280, 405], [1285, 405], [1286, 405], [1287, 405], [1233, 406], [1234, 406], [1235, 406], [1236, 406], [1240, 406], [1241, 406], [1242, 406], [1243, 406], [1244, 406], [1245, 406], [1246, 406], [1247, 406], [1248, 406], [1249, 406], [1271, 406], [1272, 406], [1273, 406], [1274, 406], [1279, 406], [1280, 406], [1285, 406], [1286, 406], [1287, 406], [1288, 406], [1289, 406], [1233, 407], [1234, 407], [1235, 407], [1236, 407], [1240, 407], [1241, 407], [1242, 407], [1245, 407], [1246, 407], [1247, 407], [1248, 407], [1249, 407], [1271, 407], [1272, 407], [1273, 407], [1274, 407], [1275, 407], [1279, 407], [1280, 407], [1281, 407], [1284, 407], [1285, 407], [1286, 407], [1287, 407], [1288, 407], [1289, 407], [1235, 408], [1236, 408], [1237, 408], [1239, 408], [1240, 408], [1241, 408], [1242, 408], [1273, 408], [1274, 408], [1275, 408], [1276, 408], [1277, 408], [1279, 408], [1280, 408], [1281, 408], [1284, 408], [1285, 408], [1286, 408], [1288, 408], [1289, 408], [1290, 408], [1291, 408], [1235, 409], [1236, 409], [1237, 409], [1238, 409], [1239, 409], [1240, 409], [1241, 409], [1242, 409], [1274, 409], [1275, 409], [1276, 409], [1277, 409], [1278, 409], [1279, 409], [1280, 409], [1281, 409], [1282, 409], [1283, 409], [1284, 409], [1285, 409], [1288, 409], [1289, 409], [1290, 409], [1291, 409], [1292, 409], [1236, 410], [1237, 410], [1238, 410], [1239, 410], [1240, 410], [1241, 410], [1242, 410], [1276, 410], [1277, 410], [1278, 410], [1280, 410], [1281, 410], [1282, 410], [1283, 410], [1284, 410], [1285, 410], [1290, 410], [1291, 410], [1292, 410], [1277, 411], [1278, 411], [1279, 411], [1280, 411], [1281, 411], [1282, 411], [1283, 411], [1284, 411], [1285, 411], [1291, 411], [1292, 411], [1293, 411], [1278, 412], [1279, 412], [1280, 412], [1281, 412], [1282, 412], [1283, 412], [1284, 412], [1285, 412], [1289, 412], [1290, 412], [1291, 412], [1292, 412], [1293, 412], [1294, 412], [1295, 412], [1279, 413], [1280, 413], [1281, 413], [1284, 413], [1285, 413], [1286, 413], [1287, 413], [1288, 413], [1289, 413], [1290, 413], [1291, 413], [1292, 413], [1293, 413], [1294, 413], [1295, 413], [1296, 413], [1252, 414], [1253, 414], [1254, 414], [1255, 414], [1257, 414], [1258, 414], [1259, 414], [1284, 414], [1285, 414], [1286, 414], [1287, 414], [1288, 414], [1289, 414], [1290, 414], [1291, 414], [1292, 414], [1293, 414], [1294, 414], [1295, 414], [1296, 414], [1252, 415], [1253, 415], [1254, 415], [1255, 415], [1256, 415], [1257, 415], [1258, 415], [1259, 415], [1286, 415], [1287, 415], [1288, 415], [1289, 415], [1294, 415], [1295, 415], [1296, 415], [1252, 416], [1253, 416], [1255, 416], [1256, 416], [1257, 416], [1258, 416], [1259, 416], [1286, 416], [1287, 416], [1288, 416], [1289, 416], [1252, 417], [1253, 417], [1254, 417], [1255, 417], [1256, 417], [1257, 417], [1258, 417], [1259, 417], [1253, 418], [1254, 418], [1255, 418], [1256, 418], [1265, 422], [1266, 422], [1267, 422], [1264, 423], [1265, 423], [1266, 423], [1267, 423], [1268, 423], [1264, 424], [1265, 424], [1266, 424], [1267, 424], [1268, 424], [1264, 425], [1265, 425], [1266, 425], [1267, 425], [1268, 425], [1266, 426], [1267, 426], [1268, 426]


