White line left - 




Yellow line left - [1522, 233], [1523, 233], [1520, 234], [1521, 234], [1522, 234], [1523, 234], [1519, 235], [1520, 235], [1521, 235], [1522, 235], [1523, 235], [1519, 236], [1520, 236], [1521, 236], [1522, 236], [1514, 238], [1515, 238], [1516, 238], [1517, 238], [1518, 238], [1512, 239], [1513, 239], [1514, 239], [1515, 239], [1516, 239], [1517, 239], [1518, 239], [1519, 239], [1510, 240], [1511, 240], [1512, 240], [1513, 240], [1514, 240], [1515, 240], [1516, 240], [1517, 240], [1518, 240], [1519, 240], [1509, 241], [1510, 241], [1511, 241], [1512, 241], [1513, 241], [1514, 241], [1515, 241], [1516, 241], [1517, 241], [1518, 241], [1519, 241], [1507, 242], [1508, 242], [1509, 242], [1510, 242], [1512, 242], [1513, 242], [1514, 242], [1515, 242], [1516, 242], [1517, 242], [1518, 242], [1519, 242], [1505, 243], [1506, 243], [1507, 243], [1509, 243], [1510, 243], [1511, 243], [1512, 243], [1513, 243], [1514, 243], [1515, 243], [1516, 243], [1504, 244], [1505, 244], [1506, 244], [1507, 244], [1508, 244], [1509, 244], [1510, 244], [1511, 244], [1512, 244], [1502, 245], [1503, 245], [1504, 245], [1505, 245], [1506, 245], [1507, 245], [1508, 245], [1509, 245], [1510, 245], [1501, 246], [1502, 246], [1503, 246], [1504, 246], [1505, 246], [1506, 246], [1507, 246], [1508, 246], [1504, 247], [1505, 247], [1506, 247], [1507, 247], [1508, 247], [1509, 247], [1507, 248], [1508, 248], [1509, 248], [1510, 248], [1516, 248], [1517, 248], [1518, 248], [1519, 248], [1520, 248], [1521, 248], [1495, 249], [1496, 249], [1497, 249], [1498, 249], [1499, 249], [1500, 249], [1501, 249], [1502, 249], [1503, 249], [1504, 249], [1505, 249], [1506, 249], [1507, 249], [1508, 249], [1509, 249], [1510, 249], [1515, 249], [1516, 249], [1517, 249], [1518, 249], [1519, 249], [1520, 249], [1521, 249], [1522, 249], [1493, 250], [1494, 250], [1495, 250], [1496, 250], [1497, 250], [1498, 250], [1499, 250], [1500, 250], [1501, 250], [1502, 250], [1503, 250], [1504, 250], [1505, 250], [1506, 250], [1507, 250], [1508, 250], [1509, 250], [1510, 250], [1515, 250], [1516, 250], [1517, 250], [1519, 250], [1520, 250], [1521, 250], [1522, 250], [1523, 250], [1524, 250], [1492, 251], [1493, 251], [1494, 251], [1495, 251], [1496, 251], [1503, 251], [1504, 251], [1505, 251], [1515, 251], [1516, 251], [1517, 251], [1518, 251], [1519, 251], [1520, 251], [1521, 251], [1522, 251], [1524, 251], [1517, 252], [1518, 252], [1519, 252], [1520, 252], [1521, 252], [1522, 252], [1523, 252], [1524, 252]




Yellow line right - [1667, 147], [1668, 147], [1665, 148], [1666, 148], [1667, 148], [1668, 148], [1664, 149], [1665, 149], [1666, 149], [1667, 149], [1662, 150], [1663, 150], [1664, 150], [1665, 150], [1666, 150], [1660, 151], [1661, 151], [1662, 151], [1663, 151], [1664, 151], [1659, 152], [1660, 152], [1661, 152], [1662, 152], [1657, 153], [1658, 153], [1659, 153], [1660, 153], [1661, 153], [1662, 153], [1655, 154], [1656, 154], [1657, 154], [1658, 154], [1659, 154], [1660, 154], [1654, 155], [1655, 155], [1656, 155], [1657, 155], [1653, 156], [1654, 156], [1655, 156], [1656, 156], [1650, 157], [1651, 157], [1652, 157], [1653, 157], [1654, 157], [1655, 157], [1648, 158], [1649, 158], [1650, 158], [1651, 158], [1652, 158], [1653, 158], [1654, 158], [1647, 159], [1648, 159], [1649, 159], [1646, 160], [1647, 160], [1648, 160], [1646, 161], [1647, 161], [1646, 162], [1647, 162], [1646, 163], [1647, 163], [1646, 164], [1647, 164], [1644, 165], [1645, 165], [1646, 165], [1647, 165], [1639, 166], [1640, 166], [1641, 166], [1642, 166], [1643, 166], [1644, 166], [1645, 166], [1646, 166], [1647, 166], [1637, 167], [1638, 167], [1639, 167], [1640, 167], [1641, 167], [1642, 167], [1643, 167], [1644, 167], [1645, 167], [1632, 168], [1633, 168], [1634, 168], [1635, 168], [1636, 168], [1637, 168], [1638, 168], [1639, 168], [1640, 168], [1641, 168], [1642, 168], [1631, 169], [1632, 169], [1633, 169], [1634, 169], [1635, 169], [1636, 169], [1637, 169], [1638, 169], [1631, 170], [1632, 170], [1633, 170], [1634, 170], [1635, 170], [1636, 170], [1629, 171], [1630, 171], [1631, 171], [1632, 171], [1625, 172], [1626, 172], [1627, 172], [1628, 172], [1629, 172], [1630, 172], [1631, 172], [1632, 172], [1623, 173], [1624, 173], [1625, 173], [1626, 173], [1627, 173], [1628, 173], [1629, 173], [1630, 173], [1621, 174], [1623, 174], [1624, 174], [1625, 174]




White line right - [1160, 448], [1161, 448], [1162, 448], [1158, 449], [1159, 449], [1160, 449], [1161, 449], [1162, 449], [1157, 450], [1158, 450], [1159, 450], [1160, 450], [1161, 450], [1162, 450], [1163, 450], [1158, 451], [1159, 451], [1160, 451], [1162, 451], [1163, 451], [1164, 451], [1159, 452], [1160, 452], [1161, 452], [1162, 452], [1163, 452], [1164, 452], [1160, 453], [1161, 453], [1162, 453], [1163, 453], [1164, 453], [1165, 453], [1160, 454], [1161, 454], [1162, 454], [1163, 454], [1164, 454], [1165, 454], [1166, 454], [1161, 455], [1162, 455], [1163, 455], [1164, 455], [1165, 455], [1166, 455], [1146, 456], [1147, 456], [1148, 456], [1161, 456], [1162, 456], [1163, 456], [1165, 456], [1166, 456], [1167, 456], [1145, 457], [1146, 457], [1147, 457], [1148, 457], [1162, 457], [1163, 457], [1165, 457], [1166, 457], [1167, 457], [1168, 457], [1143, 458], [1144, 458], [1145, 458], [1147, 458], [1148, 458], [1149, 458], [1162, 458], [1163, 458], [1164, 458], [1165, 458], [1166, 458], [1167, 458], [1168, 458], [1144, 459], [1145, 459], [1146, 459], [1147, 459], [1148, 459], [1149, 459], [1162, 459], [1163, 459], [1164, 459], [1165, 459], [1167, 459], [1168, 459], [1169, 459], [1144, 460], [1145, 460], [1146, 460], [1147, 460], [1148, 460], [1149, 460], [1164, 460], [1165, 460], [1167, 460], [1168, 460], [1169, 460], [1145, 461], [1146, 461], [1147, 461], [1148, 461], [1149, 461], [1150, 461], [1164, 461], [1165, 461], [1166, 461], [1168, 461], [1169, 461], [1170, 461], [1146, 462], [1147, 462], [1149, 462], [1150, 462], [1151, 462], [1164, 462], [1165, 462], [1166, 462], [1168, 462], [1169, 462], [1170, 462], [1171, 462], [1146, 463], [1147, 463], [1148, 463], [1150, 463], [1151, 463], [1152, 463], [1153, 463], [1165, 463], [1166, 463], [1169, 463], [1170, 463], [1171, 463], [1147, 464], [1148, 464], [1149, 464], [1150, 464], [1151, 464], [1152, 464], [1153, 464], [1154, 464], [1165, 464], [1166, 464], [1170, 464], [1171, 464], [1172, 464], [1148, 465], [1149, 465], [1150, 465], [1152, 465], [1153, 465], [1154, 465], [1155, 465], [1165, 465], [1166, 465], [1167, 465], [1170, 465], [1171, 465], [1172, 465], [1148, 466], [1149, 466], [1150, 466], [1153, 466], [1154, 466], [1155, 466], [1165, 466], [1166, 466], [1167, 466], [1171, 466], [1172, 466], [1173, 466], [1149, 467], [1150, 467], [1151, 467], [1153, 467], [1154, 467], [1155, 467], [1166, 467], [1167, 467], [1171, 467], [1172, 467], [1173, 467], [1149, 468], [1150, 468], [1151, 468], [1153, 468], [1154, 468], [1155, 468], [1166, 468], [1167, 468], [1168, 468], [1169, 468], [1172, 468], [1173, 468], [1174, 468], [1150, 469], [1151, 469], [1152, 469], [1153, 469], [1154, 469], [1166, 469], [1167, 469], [1168, 469], [1169, 469], [1170, 469], [1172, 469], [1173, 469], [1174, 469], [1175, 469], [1150, 470], [1151, 470], [1152, 470], [1153, 470], [1154, 470], [1166, 470], [1167, 470], [1168, 470], [1169, 470], [1170, 470], [1171, 470], [1172, 470], [1173, 470], [1174, 470], [1175, 470], [1151, 471], [1152, 471], [1153, 471], [1154, 471], [1155, 471], [1169, 471], [1170, 471], [1171, 471], [1172, 471], [1174, 471], [1175, 471], [1176, 471], [1151, 472], [1152, 472], [1153, 472], [1154, 472], [1155, 472], [1156, 472], [1169, 472], [1170, 472], [1171, 472], [1172, 472], [1174, 472], [1175, 472], [1176, 472], [1177, 472], [1152, 473], [1153, 473], [1154, 473], [1155, 473], [1156, 473], [1169, 473], [1170, 473], [1171, 473], [1172, 473], [1173, 473], [1174, 473], [1175, 473], [1176, 473], [1177, 473], [1153, 474], [1154, 474], [1155, 474], [1156, 474], [1157, 474], [1169, 474], [1170, 474], [1171, 474], [1172, 474], [1173, 474], [1174, 474], [1175, 474], [1176, 474], [1177, 474], [1178, 474], [1153, 475], [1154, 475], [1155, 475], [1156, 475], [1157, 475], [1173, 475], [1174, 475], [1175, 475], [1176, 475], [1177, 475], [1178, 475], [1179, 475], [1154, 476], [1155, 476], [1157, 476], [1158, 476], [1174, 476], [1175, 476], [1176, 476], [1177, 476], [1178, 476], [1179, 476], [1155, 477], [1156, 477], [1157, 477], [1158, 477], [1159, 477], [1174, 477], [1175, 477], [1176, 477], [1178, 477], [1179, 477], [1180, 477], [1155, 478], [1156, 478], [1157, 478], [1158, 478], [1159, 478], [1173, 478], [1174, 478], [1175, 478], [1176, 478], [1178, 478], [1179, 478], [1180, 478], [1181, 478], [1156, 479], [1157, 479], [1158, 479], [1159, 479], [1160, 479], [1172, 479], [1173, 479], [1174, 479], [1175, 479], [1176, 479], [1179, 479], [1180, 479], [1181, 479], [1156, 480], [1157, 480], [1158, 480], [1159, 480], [1160, 480], [1172, 480], [1173, 480], [1174, 480], [1180, 480], [1181, 480], [1182, 480], [1157, 481], [1158, 481], [1160, 481], [1161, 481], [1172, 481], [1173, 481], [1174, 481], [1180, 481], [1181, 481], [1182, 481], [1183, 481], [1158, 482], [1159, 482], [1160, 482], [1161, 482], [1162, 482], [1173, 482], [1174, 482], [1175, 482], [1181, 482], [1182, 482], [1183, 482], [1158, 483], [1159, 483], [1160, 483], [1161, 483], [1162, 483], [1163, 483], [1173, 483], [1174, 483], [1175, 483], [1176, 483], [1182, 483], [1183, 483], [1184, 483], [1159, 484], [1160, 484], [1162, 484], [1163, 484], [1174, 484], [1175, 484], [1176, 484], [1182, 484], [1183, 484], [1184, 484], [1185, 484], [1159, 485], [1160, 485], [1161, 485], [1162, 485], [1163, 485], [1164, 485], [1175, 485], [1176, 485], [1177, 485], [1183, 485], [1184, 485], [1185, 485], [1160, 486], [1161, 486], [1163, 486], [1164, 486], [1175, 486], [1176, 486], [1177, 486], [1178, 486], [1179, 486], [1184, 486], [1185, 486], [1186, 486], [1160, 487], [1161, 487], [1162, 487], [1163, 487], [1164, 487], [1165, 487], [1166, 487], [1176, 487], [1177, 487], [1178, 487], [1179, 487], [1180, 487], [1184, 487], [1185, 487], [1186, 487], [1187, 487], [1161, 488], [1162, 488], [1163, 488], [1164, 488], [1165, 488], [1166, 488], [1167, 488], [1168, 488], [1178, 488], [1179, 488], [1180, 488], [1185, 488], [1186, 488], [1187, 488], [1162, 489], [1163, 489], [1164, 489], [1165, 489], [1166, 489], [1167, 489], [1168, 489], [1179, 489], [1180, 489], [1186, 489], [1187, 489], [1188, 489], [1162, 490], [1163, 490], [1164, 490], [1165, 490], [1167, 490], [1168, 490], [1169, 490], [1179, 490], [1180, 490], [1181, 490], [1186, 490], [1187, 490], [1188, 490], [1189, 490], [1163, 491], [1164, 491], [1165, 491], [1167, 491], [1168, 491], [1169, 491], [1170, 491], [1171, 491], [1172, 491], [1173, 491], [1179, 491], [1180, 491], [1181, 491], [1187, 491], [1188, 491], [1189, 491], [1164, 492], [1165, 492], [1166, 492], [1168, 492], [1169, 492], [1170, 492], [1171, 492], [1172, 492], [1173, 492], [1174, 492], [1180, 492], [1181, 492], [1182, 492], [1183, 492], [1184, 492], [1185, 492], [1188, 492], [1189, 492], [1190, 492], [1164, 493], [1165, 493], [1166, 493], [1170, 493], [1171, 493], [1172, 493], [1173, 493], [1174, 493], [1180, 493], [1181, 493], [1182, 493], [1183, 493], [1184, 493], [1185, 493], [1186, 493], [1188, 493], [1189, 493], [1190, 493], [1191, 493], [1165, 494], [1166, 494], [1167, 494], [1173, 494], [1174, 494], [1181, 494], [1182, 494], [1183, 494], [1184, 494], [1185, 494], [1186, 494], [1187, 494], [1189, 494], [1190, 494], [1191, 494], [1165, 495], [1166, 495], [1167, 495], [1168, 495], [1173, 495], [1174, 495], [1182, 495], [1183, 495], [1184, 495], [1185, 495], [1186, 495], [1187, 495], [1190, 495], [1191, 495], [1192, 495], [1166, 496], [1167, 496], [1168, 496], [1173, 496], [1174, 496], [1181, 496], [1182, 496], [1183, 496], [1184, 496], [1185, 496], [1186, 496], [1187, 496], [1188, 496], [1189, 496], [1190, 496], [1191, 496], [1192, 496], [1193, 496], [1167, 497], [1168, 497], [1169, 497], [1171, 497], [1172, 497], [1173, 497], [1174, 497], [1181, 497], [1182, 497], [1183, 497], [1184, 497], [1185, 497], [1186, 497], [1187, 497], [1188, 497], [1189, 497], [1191, 497], [1192, 497], [1193, 497], [1167, 498], [1168, 498], [1169, 498], [1171, 498], [1172, 498], [1173, 498], [1174, 498], [1181, 498], [1182, 498], [1183, 498], [1184, 498], [1185, 498], [1186, 498], [1188, 498], [1189, 498], [1192, 498], [1193, 498], [1194, 498], [1168, 499], [1169, 499], [1170, 499], [1171, 499], [1172, 499], [1181, 499], [1182, 499], [1183, 499], [1184, 499], [1185, 499], [1186, 499], [1188, 499], [1189, 499], [1190, 499], [1191, 499], [1192, 499], [1193, 499], [1194, 499], [1195, 499], [1168, 500], [1169, 500], [1170, 500], [1171, 500], [1172, 500], [1173, 500], [1174, 500], [1182, 500], [1183, 500], [1184, 500], [1185, 500], [1186, 500], [1188, 500], [1189, 500], [1190, 500], [1191, 500], [1192, 500], [1193, 500], [1194, 500], [1195, 500], [1169, 501], [1170, 501], [1172, 501], [1173, 501], [1174, 501], [1190, 501], [1191, 501], [1192, 501], [1193, 501], [1194, 501], [1195, 501], [1196, 501], [1169, 502], [1170, 502], [1171, 502], [1172, 502], [1173, 502], [1174, 502], [1191, 502], [1192, 502], [1193, 502], [1195, 502], [1196, 502], [1197, 502], [1170, 503], [1171, 503], [1172, 503], [1173, 503], [1174, 503], [1175, 503], [1192, 503], [1193, 503], [1194, 503], [1196, 503], [1197, 503], [1171, 504], [1172, 504], [1174, 504], [1175, 504], [1193, 504], [1194, 504], [1195, 504], [1196, 504], [1197, 504], [1198, 504], [1171, 505], [1172, 505], [1173, 505], [1174, 505], [1175, 505], [1176, 505], [1194, 505], [1195, 505], [1197, 505], [1198, 505], [1199, 505], [1172, 506], [1173, 506], [1174, 506], [1175, 506], [1176, 506], [1194, 506], [1195, 506], [1196, 506], [1198, 506], [1199, 506], [1173, 507], [1174, 507], [1175, 507], [1176, 507], [1177, 507], [1195, 507], [1196, 507], [1197, 507], [1198, 507], [1199, 507], [1200, 507], [1173, 508], [1174, 508], [1175, 508], [1176, 508], [1177, 508], [1178, 508], [1196, 508], [1197, 508], [1199, 508], [1200, 508], [1201, 508], [1174, 509], [1175, 509], [1177, 509], [1178, 509], [1179, 509], [1196, 509], [1197, 509], [1198, 509], [1199, 509], [1200, 509], [1201, 509], [1174, 510], [1175, 510], [1176, 510], [1178, 510], [1179, 510], [1196, 510], [1197, 510], [1198, 510], [1200, 510], [1201, 510], [1202, 510], [1175, 511], [1176, 511], [1177, 511], [1178, 511], [1179, 511], [1180, 511], [1195, 511], [1196, 511], [1197, 511], [1198, 511], [1200, 511], [1201, 511], [1202, 511], [1203, 511], [1176, 512], [1177, 512], [1179, 512], [1180, 512], [1195, 512], [1196, 512], [1197, 512], [1198, 512], [1201, 512], [1202, 512], [1203, 512], [1176, 513], [1177, 513], [1178, 513], [1179, 513], [1180, 513], [1181, 513], [1194, 513], [1195, 513], [1196, 513], [1202, 513], [1203, 513], [1204, 513], [1177, 514], [1178, 514], [1180, 514], [1181, 514], [1192, 514], [1193, 514], [1194, 514], [1195, 514], [1196, 514], [1202, 514], [1203, 514], [1204, 514], [1205, 514], [1177, 515], [1178, 515], [1179, 515], [1180, 515], [1181, 515], [1192, 515], [1193, 515], [1194, 515], [1195, 515], [1203, 515], [1204, 515], [1205, 515], [1178, 516], [1179, 516], [1180, 516], [1181, 516], [1182, 516], [1183, 516], [1192, 516], [1193, 516], [1204, 516], [1205, 516], [1206, 516], [1178, 517], [1179, 517], [1180, 517], [1181, 517], [1182, 517], [1183, 517], [1192, 517], [1193, 517], [1204, 517], [1205, 517], [1206, 517], [1207, 517], [1179, 518], [1180, 518], [1181, 518], [1182, 518], [1183, 518], [1192, 518], [1193, 518], [1205, 518], [1206, 518], [1207, 518], [1180, 519], [1181, 519], [1182, 519], [1183, 519], [1184, 519], [1185, 519], [1192, 519], [1193, 519], [1206, 519], [1207, 519], [1208, 519], [1180, 520], [1181, 520], [1182, 520], [1183, 520], [1184, 520], [1185, 520], [1186, 520], [1192, 520], [1193, 520], [1194, 520], [1195, 520], [1206, 520], [1207, 520], [1208, 520], [1209, 520], [1181, 521], [1182, 521], [1183, 521], [1184, 521], [1185, 521], [1186, 521], [1192, 521], [1193, 521], [1194, 521], [1195, 521], [1196, 521], [1207, 521], [1208, 521], [1209, 521], [1182, 522], [1183, 522], [1184, 522], [1185, 522], [1186, 522], [1187, 522], [1194, 522], [1195, 522], [1196, 522], [1197, 522], [1208, 522], [1209, 522], [1210, 522], [1182, 523], [1183, 523], [1184, 523], [1185, 523], [1186, 523], [1187, 523], [1195, 523], [1196, 523], [1197, 523], [1208, 523], [1209, 523], [1210, 523], [1183, 524], [1184, 524], [1185, 524], [1186, 524], [1187, 524], [1188, 524], [1196, 524], [1197, 524], [1209, 524], [1210, 524], [1211, 524], [1183, 525], [1184, 525], [1185, 525], [1186, 525], [1187, 525], [1188, 525], [1196, 525], [1197, 525], [1198, 525], [1199, 525], [1200, 525], [1209, 525], [1210, 525], [1211, 525], [1212, 525], [1184, 526], [1185, 526], [1186, 526], [1187, 526], [1188, 526], [1189, 526], [1196, 526], [1197, 526], [1198, 526], [1199, 526], [1200, 526], [1201, 526], [1202, 526], [1203, 526], [1204, 526], [1205, 526], [1206, 526], [1207, 526], [1210, 526], [1211, 526], [1212, 526], [1184, 527], [1185, 527], [1186, 527], [1188, 527], [1189, 527], [1199, 527], [1200, 527], [1201, 527], [1202, 527], [1203, 527], [1204, 527], [1205, 527], [1206, 527], [1207, 527], [1211, 527], [1212, 527], [1213, 527], [1185, 528], [1186, 528], [1187, 528], [1188, 528], [1189, 528], [1190, 528], [1206, 528], [1207, 528], [1208, 528], [1209, 528], [1211, 528], [1212, 528], [1213, 528], [1186, 529], [1187, 529], [1189, 529], [1190, 529], [1206, 529], [1207, 529], [1208, 529], [1209, 529], [1210, 529], [1212, 529], [1213, 529], [1214, 529], [1186, 530], [1187, 530], [1188, 530], [1189, 530], [1190, 530], [1191, 530], [1208, 530], [1209, 530], [1210, 530], [1212, 530], [1213, 530], [1214, 530], [1215, 530], [1187, 531], [1188, 531], [1190, 531], [1191, 531], [1209, 531], [1210, 531], [1211, 531], [1213, 531], [1214, 531], [1215, 531], [1187, 532], [1188, 532], [1189, 532], [1190, 532], [1191, 532], [1192, 532], [1193, 532], [1209, 532], [1210, 532], [1211, 532], [1212, 532], [1214, 532], [1215, 532], [1216, 532], [1188, 533], [1189, 533], [1190, 533], [1191, 533], [1192, 533], [1193, 533], [1210, 533], [1211, 533], [1212, 533], [1213, 533], [1214, 533], [1215, 533], [1216, 533], [1217, 533], [1189, 534], [1190, 534], [1191, 534], [1192, 534], [1193, 534], [1194, 534], [1211, 534], [1212, 534], [1213, 534], [1215, 534], [1216, 534], [1217, 534], [1189, 535], [1190, 535], [1191, 535], [1192, 535], [1193, 535], [1194, 535], [1195, 535], [1212, 535], [1213, 535], [1216, 535], [1217, 535], [1218, 535], [1190, 536], [1191, 536], [1192, 536], [1193, 536], [1194, 536], [1195, 536], [1211, 536], [1212, 536], [1213, 536], [1216, 536], [1217, 536], [1218, 536], [1219, 536], [1190, 537], [1191, 537], [1192, 537], [1193, 537], [1194, 537], [1195, 537], [1196, 537], [1197, 537], [1198, 537], [1199, 537], [1210, 537], [1211, 537], [1212, 537], [1213, 537], [1217, 537], [1218, 537], [1219, 537], [1191, 538], [1192, 538], [1193, 538], [1194, 538], [1195, 538], [1196, 538], [1197, 538], [1198, 538], [1199, 538], [1207, 538], [1208, 538], [1209, 538], [1210, 538], [1211, 538], [1212, 538], [1218, 538], [1219, 538], [1220, 538], [1192, 539], [1193, 539], [1194, 539], [1195, 539], [1196, 539], [1198, 539], [1199, 539], [1207, 539], [1208, 539], [1209, 539], [1210, 539], [1211, 539], [1218, 539], [1219, 539], [1220, 539], [1221, 539], [1192, 540], [1193, 540], [1194, 540], [1195, 540], [1197, 540], [1198, 540], [1199, 540], [1207, 540], [1208, 540], [1209, 540], [1219, 540], [1220, 540], [1221, 540], [1193, 541], [1194, 541], [1195, 541], [1197, 541], [1198, 541], [1207, 541], [1208, 541], [1209, 541], [1210, 541], [1211, 541], [1220, 541], [1221, 541], [1222, 541], [1194, 542], [1195, 542], [1196, 542], [1197, 542], [1198, 542], [1199, 542], [1208, 542], [1209, 542], [1210, 542], [1211, 542], [1212, 542], [1213, 542], [1220, 542], [1221, 542], [1222, 542], [1194, 543], [1195, 543], [1196, 543], [1197, 543], [1198, 543], [1199, 543], [1200, 543], [1210, 543], [1211, 543], [1212, 543], [1213, 543], [1214, 543], [1215, 543], [1216, 543], [1221, 543], [1222, 543], [1223, 543], [1195, 544], [1196, 544], [1197, 544], [1198, 544], [1199, 544], [1200, 544], [1212, 544], [1213, 544], [1214, 544], [1215, 544], [1216, 544], [1217, 544], [1221, 544], [1222, 544], [1223, 544], [1224, 544], [1195, 545], [1196, 545], [1197, 545], [1198, 545], [1199, 545], [1200, 545], [1201, 545], [1215, 545], [1216, 545], [1217, 545], [1218, 545], [1219, 545], [1220, 545], [1222, 545], [1223, 545], [1224, 545], [1196, 546], [1197, 546], [1198, 546], [1199, 546], [1200, 546], [1201, 546], [1205, 546], [1206, 546], [1207, 546], [1208, 546], [1216, 546], [1217, 546], [1218, 546], [1219, 546], [1220, 546], [1223, 546], [1224, 546], [1225, 546], [1197, 547], [1198, 547], [1199, 547], [1200, 547], [1201, 547], [1202, 547], [1204, 547], [1205, 547], [1206, 547], [1207, 547], [1208, 547], [1209, 547], [1210, 547], [1211, 547], [1219, 547], [1220, 547], [1221, 547], [1223, 547], [1224, 547], [1225, 547], [1226, 547], [1197, 548], [1198, 548], [1199, 548], [1201, 548], [1202, 548], [1203, 548], [1204, 548], [1205, 548], [1206, 548], [1207, 548], [1208, 548], [1209, 548], [1210, 548], [1211, 548], [1212, 548], [1219, 548], [1220, 548], [1221, 548], [1224, 548], [1225, 548], [1226, 548], [1198, 549], [1199, 549], [1200, 549], [1201, 549], [1202, 549], [1203, 549], [1204, 549], [1205, 549], [1210, 549], [1211, 549], [1212, 549], [1220, 549], [1221, 549], [1225, 549], [1226, 549], [1227, 549], [1199, 550], [1200, 550], [1201, 550], [1211, 550], [1212, 550], [1213, 550], [1214, 550], [1215, 550], [1216, 550], [1217, 550], [1220, 550], [1221, 550], [1222, 550], [1225, 550], [1226, 550], [1227, 550], [1228, 550], [1199, 551], [1200, 551], [1201, 551], [1211, 551], [1212, 551], [1213, 551], [1214, 551], [1215, 551], [1216, 551], [1217, 551], [1218, 551], [1219, 551], [1220, 551], [1221, 551], [1222, 551], [1226, 551], [1227, 551], [1228, 551], [1200, 552], [1201, 552], [1202, 552], [1212, 552], [1213, 552], [1214, 552], [1215, 552], [1216, 552], [1217, 552], [1218, 552], [1219, 552], [1220, 552], [1221, 552], [1222, 552], [1227, 552], [1228, 552], [1229, 552], [1200, 553], [1201, 553], [1202, 553], [1203, 553], [1227, 553], [1228, 553], [1229, 553], [1230, 553], [1201, 554], [1202, 554], [1203, 554], [1228, 554], [1229, 554], [1230, 554], [1231, 554], [1202, 555], [1203, 555], [1229, 555], [1230, 555], [1231, 555], [1202, 556], [1203, 556], [1204, 556], [1230, 556], [1231, 556], [1232, 556], [1202, 557], [1203, 557], [1204, 557], [1216, 557], [1217, 557], [1218, 557], [1219, 557], [1220, 557], [1221, 557], [1222, 557], [1223, 557], [1224, 557], [1225, 557], [1230, 557], [1231, 557], [1232, 557], [1203, 558], [1204, 558], [1205, 558], [1210, 558], [1211, 558], [1212, 558], [1214, 558], [1215, 558], [1216, 558], [1217, 558], [1218, 558], [1219, 558], [1220, 558], [1221, 558], [1222, 558], [1223, 558], [1224, 558], [1225, 558], [1231, 558], [1232, 558], [1233, 558], [1203, 559], [1204, 559], [1205, 559], [1209, 559], [1210, 559], [1211, 559], [1212, 559], [1213, 559], [1214, 559], [1215, 559], [1216, 559], [1217, 559], [1224, 559], [1225, 559], [1226, 559], [1227, 559], [1231, 559], [1232, 559], [1233, 559], [1234, 559], [1204, 560], [1205, 560], [1206, 560], [1209, 560], [1210, 560], [1211, 560], [1212, 560], [1213, 560], [1214, 560], [1215, 560], [1224, 560], [1225, 560], [1226, 560], [1227, 560], [1228, 560], [1232, 560], [1233, 560], [1234, 560], [1204, 561], [1205, 561], [1206, 561], [1209, 561], [1210, 561], [1226, 561], [1227, 561], [1228, 561], [1233, 561], [1234, 561], [1235, 561], [1205, 562], [1206, 562], [1207, 562], [1209, 562], [1210, 562], [1227, 562], [1228, 562], [1229, 562], [1233, 562], [1234, 562], [1235, 562], [1236, 562], [1205, 563], [1206, 563], [1207, 563], [1208, 563], [1209, 563], [1210, 563], [1211, 563], [1227, 563], [1228, 563], [1229, 563], [1230, 563], [1231, 563], [1234, 563], [1235, 563], [1236, 563], [1206, 564], [1207, 564], [1208, 564], [1209, 564], [1210, 564], [1211, 564], [1212, 564], [1228, 564], [1229, 564], [1230, 564], [1231, 564], [1235, 564], [1236, 564], [1237, 564], [1207, 565], [1208, 565], [1209, 565], [1210, 565], [1211, 565], [1212, 565], [1230, 565], [1231, 565], [1232, 565], [1235, 565], [1236, 565], [1237, 565], [1207, 566], [1208, 566], [1209, 566], [1210, 566], [1211, 566], [1212, 566], [1213, 566], [1230, 566], [1231, 566], [1232, 566], [1236, 566], [1237, 566], [1238, 566], [1208, 567], [1209, 567], [1210, 567], [1212, 567], [1213, 567], [1214, 567], [1225, 567], [1226, 567], [1227, 567], [1228, 567], [1231, 567], [1232, 567], [1233, 567], [1236, 567], [1237, 567], [1238, 567], [1239, 567], [1209, 568], [1210, 568], [1211, 568], [1212, 568], [1213, 568], [1214, 568], [1215, 568], [1225, 568], [1226, 568], [1227, 568], [1228, 568], [1231, 568], [1232, 568], [1233, 568], [1237, 568], [1238, 568], [1239, 568], [1210, 569], [1211, 569], [1212, 569], [1213, 569], [1214, 569], [1215, 569], [1216, 569], [1225, 569], [1226, 569], [1227, 569], [1228, 569], [1232, 569], [1233, 569], [1234, 569], [1238, 569], [1239, 569], [1240, 569], [1210, 570], [1211, 570], [1212, 570], [1213, 570], [1214, 570], [1215, 570], [1216, 570], [1217, 570], [1225, 570], [1226, 570], [1227, 570], [1229, 570], [1230, 570], [1232, 570], [1233, 570], [1234, 570], [1235, 570], [1238, 570], [1239, 570], [1240, 570], [1241, 570], [1211, 571], [1212, 571], [1213, 571], [1215, 571], [1216, 571], [1217, 571], [1228, 571], [1229, 571], [1230, 571], [1231, 571], [1233, 571], [1234, 571], [1235, 571], [1239, 571], [1240, 571], [1241, 571], [1212, 572], [1213, 572], [1214, 572], [1216, 572], [1217, 572], [1218, 572], [1223, 572], [1224, 572], [1225, 572], [1228, 572], [1229, 572], [1230, 572], [1231, 572], [1232, 572], [1234, 572], [1235, 572], [1240, 572], [1241, 572], [1242, 572], [1212, 573], [1213, 573], [1214, 573], [1215, 573], [1216, 573], [1217, 573], [1218, 573], [1223, 573], [1224, 573], [1225, 573], [1226, 573], [1227, 573], [1228, 573], [1229, 573], [1230, 573], [1231, 573], [1232, 573], [1234, 573], [1235, 573], [1240, 573], [1241, 573], [1242, 573], [1243, 573], [1213, 574], [1214, 574], [1215, 574], [1217, 574], [1218, 574], [1219, 574], [1223, 574], [1224, 574], [1225, 574], [1226, 574], [1227, 574], [1228, 574], [1229, 574], [1231, 574], [1232, 574], [1233, 574], [1234, 574], [1235, 574], [1241, 574], [1242, 574], [1243, 574], [1214, 575], [1215, 575], [1216, 575], [1217, 575], [1218, 575], [1219, 575], [1220, 575], [1224, 575], [1225, 575], [1226, 575], [1227, 575], [1228, 575], [1231, 575], [1232, 575], [1233, 575], [1234, 575], [1235, 575], [1236, 575], [1242, 575], [1243, 575], [1244, 575], [1214, 576], [1215, 576], [1216, 576], [1217, 576], [1218, 576], [1219, 576], [1220, 576], [1224, 576], [1225, 576], [1232, 576], [1233, 576], [1234, 576], [1236, 576], [1237, 576], [1242, 576], [1243, 576], [1244, 576], [1245, 576], [1215, 577], [1216, 577], [1217, 577], [1219, 577], [1220, 577], [1221, 577], [1222, 577], [1224, 577], [1225, 577], [1234, 577], [1235, 577], [1236, 577], [1237, 577], [1243, 577], [1244, 577], [1245, 577], [1216, 578], [1217, 578], [1218, 578], [1219, 578], [1220, 578], [1221, 578], [1222, 578], [1223, 578], [1224, 578], [1225, 578], [1235, 578], [1236, 578], [1237, 578], [1238, 578], [1244, 578], [1245, 578], [1246, 578], [1216, 579], [1217, 579], [1218, 579], [1221, 579], [1222, 579], [1223, 579], [1224, 579], [1225, 579], [1235, 579], [1236, 579], [1237, 579], [1238, 579], [1244, 579], [1245, 579], [1246, 579], [1247, 579], [1217, 580], [1218, 580], [1219, 580], [1224, 580], [1225, 580], [1226, 580], [1236, 580], [1237, 580], [1238, 580], [1245, 580], [1246, 580], [1247, 580], [1217, 581], [1218, 581], [1219, 581], [1220, 581], [1223, 581], [1224, 581], [1225, 581], [1226, 581], [1246, 581], [1247, 581], [1248, 581], [1218, 582], [1219, 582], [1220, 582], [1223, 582], [1224, 582], [1225, 582], [1226, 582], [1227, 582], [1246, 582], [1247, 582], [1248, 582], [1249, 582], [1219, 583], [1220, 583], [1221, 583], [1223, 583], [1224, 583], [1226, 583], [1227, 583], [1228, 583], [1247, 583], [1248, 583], [1249, 583], [1219, 584], [1220, 584], [1221, 584], [1222, 584], [1223, 584], [1224, 584], [1225, 584], [1226, 584], [1227, 584], [1228, 584], [1229, 584], [1230, 584], [1231, 584], [1248, 584], [1249, 584], [1250, 584], [1220, 585], [1221, 585], [1222, 585], [1224, 585], [1225, 585], [1227, 585], [1228, 585], [1229, 585], [1230, 585], [1231, 585], [1248, 585], [1249, 585], [1250, 585], [1251, 585], [1221, 586], [1222, 586], [1223, 586], [1224, 586], [1225, 586], [1228, 586], [1229, 586], [1230, 586], [1231, 586], [1232, 586], [1233, 586], [1249, 586], [1250, 586], [1251, 586], [1252, 586], [1221, 587], [1222, 587], [1223, 587], [1224, 587], [1225, 587], [1226, 587], [1230, 587], [1231, 587], [1232, 587], [1233, 587], [1234, 587], [1250, 587], [1251, 587], [1252, 587], [1222, 588], [1223, 588], [1225, 588], [1226, 588], [1232, 588], [1233, 588], [1234, 588], [1251, 588], [1252, 588], [1253, 588], [1222, 589], [1223, 589], [1224, 589], [1225, 589], [1226, 589], [1227, 589], [1233, 589], [1234, 589], [1235, 589], [1236, 589], [1237, 589], [1238, 589], [1251, 589], [1252, 589], [1253, 589], [1254, 589], [1223, 590], [1224, 590], [1226, 590], [1227, 590], [1233, 590], [1234, 590], [1235, 590], [1236, 590], [1237, 590], [1238, 590], [1239, 590], [1252, 590], [1253, 590], [1254, 590], [1223, 591], [1224, 591], [1225, 591], [1226, 591], [1227, 591], [1228, 591], [1237, 591], [1238, 591], [1239, 591], [1240, 591], [1241, 591], [1242, 591], [1253, 591], [1254, 591], [1255, 591], [1224, 592], [1225, 592], [1226, 592], [1227, 592], [1228, 592], [1229, 592], [1238, 592], [1239, 592], [1240, 592], [1241, 592], [1242, 592], [1253, 592], [1254, 592], [1255, 592], [1256, 592], [1225, 593], [1226, 593], [1227, 593], [1228, 593], [1229, 593], [1230, 593], [1241, 593], [1242, 593], [1243, 593], [1254, 593], [1255, 593], [1256, 593], [1226, 594], [1227, 594], [1229, 594], [1230, 594], [1241, 594], [1242, 594], [1243, 594], [1244, 594], [1245, 594], [1255, 594], [1256, 594], [1257, 594], [1226, 595], [1227, 595], [1228, 595], [1229, 595], [1230, 595], [1231, 595], [1232, 595], [1242, 595], [1243, 595], [1244, 595], [1245, 595], [1246, 595], [1247, 595], [1255, 595], [1256, 595], [1257, 595], [1258, 595], [1227, 596], [1228, 596], [1229, 596], [1230, 596], [1231, 596], [1232, 596], [1233, 596], [1244, 596], [1245, 596], [1246, 596], [1247, 596], [1256, 596], [1257, 596], [1258, 596], [1228, 597], [1229, 597], [1230, 597], [1231, 597], [1232, 597], [1233, 597], [1246, 597], [1247, 597], [1248, 597], [1249, 597], [1250, 597], [1257, 597], [1258, 597], [1259, 597], [1228, 598], [1229, 598], [1230, 598], [1232, 598], [1233, 598], [1246, 598], [1247, 598], [1248, 598], [1249, 598], [1250, 598], [1257, 598], [1258, 598], [1259, 598], [1229, 599], [1230, 599], [1231, 599], [1232, 599], [1233, 599], [1234, 599], [1235, 599], [1239, 599], [1240, 599], [1241, 599], [1242, 599], [1249, 599], [1250, 599], [1251, 599], [1252, 599], [1258, 599], [1259, 599], [1260, 599], [1229, 600], [1230, 600], [1231, 600], [1232, 600], [1233, 600], [1234, 600], [1235, 600], [1239, 600], [1240, 600], [1241, 600], [1242, 600], [1249, 600], [1250, 600], [1251, 600], [1252, 600], [1258, 600], [1259, 600], [1260, 600], [1261, 600], [1230, 601], [1231, 601], [1232, 601], [1234, 601], [1235, 601], [1236, 601], [1239, 601], [1240, 601], [1241, 601], [1242, 601], [1249, 601], [1251, 601], [1252, 601], [1259, 601], [1260, 601], [1261, 601], [1230, 602], [1231, 602], [1232, 602], [1233, 602], [1234, 602], [1235, 602], [1236, 602], [1237, 602], [1238, 602], [1239, 602], [1240, 602], [1241, 602], [1242, 602], [1249, 602], [1250, 602], [1251, 602], [1252, 602], [1260, 602], [1261, 602], [1262, 602], [1231, 603], [1232, 603], [1233, 603], [1235, 603], [1236, 603], [1237, 603], [1238, 603], [1239, 603], [1241, 603], [1242, 603], [1243, 603], [1244, 603], [1245, 603], [1250, 603], [1251, 603], [1252, 603], [1260, 603], [1261, 603], [1262, 603], [1263, 603], [1232, 604], [1233, 604], [1234, 604], [1237, 604], [1238, 604], [1239, 604], [1240, 604], [1241, 604], [1242, 604], [1243, 604], [1244, 604], [1245, 604], [1246, 604], [1247, 604], [1248, 604], [1249, 604], [1250, 604], [1251, 604], [1252, 604], [1261, 604], [1262, 604], [1263, 604], [1232, 605], [1233, 605], [1234, 605], [1238, 605], [1239, 605], [1240, 605], [1241, 605], [1242, 605], [1244, 605], [1245, 605], [1246, 605], [1247, 605], [1248, 605], [1249, 605], [1250, 605], [1251, 605], [1262, 605], [1263, 605], [1264, 605], [1233, 606], [1234, 606], [1235, 606], [1239, 606], [1240, 606], [1241, 606], [1242, 606], [1246, 606], [1247, 606], [1248, 606], [1249, 606], [1262, 606], [1263, 606], [1264, 606], [1265, 606], [1233, 607], [1234, 607], [1235, 607], [1236, 607], [1244, 607], [1245, 607], [1246, 607], [1263, 607], [1264, 607], [1265, 607], [1234, 608], [1235, 608], [1236, 608], [1244, 608], [1245, 608], [1246, 608], [1247, 608], [1264, 608], [1265, 608], [1266, 608], [1235, 609], [1236, 609], [1237, 609], [1244, 609], [1245, 609], [1246, 609], [1247, 609], [1264, 609], [1265, 609], [1266, 609], [1267, 609], [1235, 610], [1236, 610], [1237, 610], [1244, 610], [1245, 610], [1246, 610], [1247, 610], [1265, 610], [1266, 610], [1267, 610], [1236, 611], [1237, 611], [1238, 611], [1244, 611], [1245, 611], [1246, 611], [1266, 611], [1267, 611], [1268, 611], [1236, 612], [1237, 612], [1238, 612], [1239, 612], [1266, 612], [1267, 612], [1268, 612], [1269, 612], [1237, 613], [1238, 613], [1239, 613], [1267, 613], [1268, 613], [1269, 613], [1238, 614], [1239, 614], [1240, 614], [1268, 614], [1269, 614], [1270, 614], [1238, 615], [1239, 615], [1240, 615], [1241, 615], [1268, 615], [1269, 615], [1270, 615], [1239, 616], [1240, 616], [1241, 616], [1269, 616], [1270, 616], [1271, 616], [1240, 617], [1241, 617], [1242, 617], [1269, 617], [1270, 617], [1271, 617], [1272, 617], [1240, 618], [1241, 618], [1242, 618], [1270, 618], [1271, 618], [1272, 618], [1241, 619], [1242, 619], [1243, 619], [1271, 619], [1272, 619], [1273, 619], [1241, 620], [1242, 620], [1243, 620], [1271, 620], [1272, 620], [1273, 620], [1274, 620], [1242, 621], [1243, 621], [1244, 621], [1272, 621], [1273, 621], [1274, 621], [1242, 622], [1243, 622], [1244, 622], [1273, 622], [1274, 622], [1275, 622], [1243, 623], [1244, 623], [1245, 623], [1273, 623], [1274, 623], [1275, 623], [1276, 623], [1243, 624], [1244, 624], [1245, 624], [1246, 624], [1274, 624], [1275, 624], [1276, 624], [1244, 625], [1245, 625], [1246, 625], [1275, 625], [1276, 625], [1277, 625], [1245, 626], [1246, 626], [1247, 626], [1275, 626], [1276, 626], [1277, 626], [1278, 626], [1245, 627], [1246, 627], [1247, 627], [1276, 627], [1277, 627], [1278, 627], [1279, 627], [1246, 628], [1247, 628], [1248, 628], [1257, 628], [1258, 628], [1259, 628], [1260, 628], [1261, 628], [1262, 628], [1277, 628], [1278, 628], [1279, 628], [1246, 629], [1247, 629], [1248, 629], [1249, 629], [1255, 629], [1256, 629], [1257, 629], [1258, 629], [1259, 629], [1260, 629], [1261, 629], [1262, 629], [1263, 629], [1264, 629], [1265, 629], [1278, 629], [1279, 629], [1280, 629], [1247, 630], [1248, 630], [1249, 630], [1255, 630], [1256, 630], [1257, 630], [1258, 630], [1261, 630], [1262, 630], [1263, 630], [1264, 630], [1265, 630], [1278, 630], [1279, 630], [1280, 630], [1248, 631], [1249, 631], [1250, 631], [1255, 631], [1256, 631], [1262, 631], [1263, 631], [1264, 631], [1265, 631], [1266, 631], [1279, 631], [1280, 631], [1281, 631], [1248, 632], [1249, 632], [1250, 632], [1255, 632], [1256, 632], [1264, 632], [1265, 632], [1266, 632], [1267, 632], [1279, 632], [1280, 632], [1281, 632], [1282, 632], [1249, 633], [1250, 633], [1251, 633], [1255, 633], [1256, 633], [1265, 633], [1266, 633], [1267, 633], [1268, 633], [1269, 633], [1270, 633], [1280, 633], [1281, 633], [1282, 633], [1249, 634], [1250, 634], [1251, 634], [1255, 634], [1256, 634], [1266, 634], [1267, 634], [1268, 634], [1269, 634], [1270, 634], [1271, 634], [1281, 634], [1282, 634], [1283, 634], [1250, 635], [1251, 635], [1252, 635], [1254, 635], [1255, 635], [1256, 635], [1269, 635], [1270, 635], [1271, 635], [1281, 635], [1282, 635], [1283, 635], [1250, 636], [1251, 636], [1252, 636], [1253, 636], [1254, 636], [1255, 636], [1256, 636], [1268, 636], [1269, 636], [1270, 636], [1271, 636], [1282, 636], [1283, 636], [1284, 636], [1251, 637], [1252, 637], [1253, 637], [1254, 637], [1255, 637], [1256, 637], [1268, 637], [1269, 637], [1270, 637], [1271, 637], [1282, 637], [1283, 637], [1284, 637], [1285, 637], [1252, 638], [1253, 638], [1255, 638], [1256, 638], [1257, 638], [1258, 638], [1268, 638], [1269, 638], [1283, 638], [1284, 638], [1285, 638], [1252, 639], [1253, 639], [1254, 639], [1255, 639], [1256, 639], [1257, 639], [1258, 639], [1259, 639], [1260, 639], [1261, 639], [1267, 639], [1268, 639], [1269, 639], [1284, 639], [1285, 639], [1286, 639], [1253, 640], [1254, 640], [1255, 640], [1257, 640], [1258, 640], [1259, 640], [1260, 640], [1261, 640], [1265, 640], [1266, 640], [1267, 640], [1268, 640], [1269, 640], [1284, 640], [1285, 640], [1286, 640], [1287, 640], [1253, 641], [1254, 641], [1255, 641], [1256, 641], [1260, 641], [1261, 641], [1262, 641], [1265, 641], [1266, 641], [1267, 641], [1268, 641], [1285, 641], [1286, 641], [1287, 641], [1254, 642], [1255, 642], [1256, 642], [1260, 642], [1261, 642], [1262, 642], [1263, 642], [1265, 642], [1266, 642], [1267, 642], [1268, 642], [1269, 642], [1270, 642], [1276, 642], [1277, 642], [1278, 642], [1286, 642], [1287, 642], [1288, 642], [1255, 643], [1256, 643], [1257, 643], [1261, 643], [1262, 643], [1263, 643], [1264, 643], [1267, 643], [1268, 643], [1269, 643], [1270, 643], [1271, 643], [1275, 643], [1276, 643], [1277, 643], [1278, 643], [1286, 643], [1287, 643], [1288, 643], [1289, 643], [1255, 644], [1256, 644], [1257, 644], [1258, 644], [1262, 644], [1263, 644], [1264, 644], [1265, 644], [1269, 644], [1270, 644], [1271, 644], [1272, 644], [1273, 644], [1275, 644], [1276, 644], [1277, 644], [1278, 644], [1287, 644], [1288, 644], [1289, 644], [1256, 645], [1257, 645], [1258, 645], [1263, 645], [1264, 645], [1265, 645], [1266, 645], [1270, 645], [1271, 645], [1272, 645], [1273, 645], [1274, 645], [1275, 645], [1276, 645], [1277, 645], [1278, 645], [1288, 645], [1289, 645], [1290, 645], [1257, 646], [1258, 646], [1259, 646], [1264, 646], [1265, 646], [1266, 646], [1272, 646], [1273, 646], [1274, 646], [1276, 646], [1277, 646], [1278, 646], [1288, 646], [1289, 646], [1290, 646], [1291, 646], [1257, 647], [1258, 647], [1259, 647], [1265, 647], [1266, 647], [1267, 647], [1273, 647], [1274, 647], [1289, 647], [1290, 647], [1291, 647], [1258, 648], [1259, 648], [1260, 648], [1265, 648], [1266, 648], [1267, 648], [1268, 648], [1273, 648], [1274, 648], [1290, 648], [1291, 648], [1292, 648], [1258, 649], [1259, 649], [1260, 649], [1266, 649], [1267, 649], [1268, 649], [1271, 649], [1272, 649], [1273, 649], [1274, 649], [1290, 649], [1291, 649], [1292, 649], [1293, 649], [1259, 650], [1260, 650], [1261, 650], [1267, 650], [1268, 650], [1269, 650], [1270, 650], [1271, 650], [1272, 650], [1273, 650], [1274, 650], [1291, 650], [1292, 650], [1293, 650], [1259, 651], [1260, 651], [1261, 651], [1267, 651], [1268, 651], [1269, 651], [1270, 651], [1271, 651], [1272, 651], [1273, 651], [1274, 651], [1292, 651], [1293, 651], [1294, 651], [1260, 652], [1261, 652], [1262, 652], [1272, 652], [1273, 652], [1274, 652], [1292, 652], [1293, 652], [1294, 652], [1260, 653], [1261, 653], [1262, 653], [1293, 653], [1294, 653], [1295, 653], [1261, 654], [1262, 654], [1263, 654], [1293, 654], [1294, 654], [1295, 654], [1261, 655], [1262, 655], [1263, 655], [1264, 655], [1294, 655], [1295, 655], [1296, 655], [1262, 656], [1263, 656], [1264, 656], [1294, 656], [1295, 656], [1296, 656], [1297, 656], [1263, 657], [1264, 657], [1265, 657], [1295, 657], [1296, 657], [1297, 657], [1263, 658], [1264, 658], [1265, 658], [1296, 658], [1297, 658], [1298, 658], [1264, 659], [1265, 659], [1266, 659], [1296, 659], [1297, 659], [1298, 659], [1299, 659], [1264, 660], [1265, 660], [1266, 660], [1297, 660], [1298, 660], [1299, 660], [1265, 661], [1266, 661], [1267, 661], [1298, 661], [1299, 661], [1300, 661], [1265, 662], [1266, 662], [1267, 662], [1298, 662], [1299, 662], [1300, 662], [1301, 662], [1266, 663], [1267, 663], [1268, 663], [1299, 663], [1300, 663], [1301, 663], [1266, 664], [1267, 664], [1268, 664], [1269, 664], [1300, 664], [1301, 664], [1302, 664], [1267, 665], [1268, 665], [1269, 665], [1300, 665], [1301, 665], [1302, 665], [1303, 665], [1268, 666], [1269, 666], [1270, 666], [1301, 666], [1302, 666], [1303, 666], [1268, 667], [1269, 667], [1270, 667], [1271, 667], [1302, 667], [1303, 667], [1304, 667], [1269, 668], [1270, 668], [1271, 668], [1302, 668], [1303, 668], [1304, 668], [1270, 669], [1271, 669], [1272, 669], [1303, 669], [1304, 669], [1305, 669], [1270, 670], [1271, 670], [1272, 670], [1273, 670], [1303, 670], [1304, 670], [1305, 670], [1306, 670], [1271, 671], [1272, 671], [1273, 671], [1304, 671], [1305, 671], [1306, 671], [1307, 671], [1272, 672], [1273, 672], [1274, 672], [1305, 672], [1306, 672], [1307, 672], [1272, 673], [1273, 673], [1274, 673], [1306, 673], [1307, 673], [1308, 673], [1273, 674], [1274, 674], [1275, 674], [1306, 674], [1307, 674], [1308, 674], [1309, 674], [1273, 675], [1274, 675], [1275, 675], [1307, 675], [1308, 675], [1309, 675], [1274, 676], [1275, 676], [1276, 676], [1308, 676], [1309, 676], [1310, 676], [1274, 677], [1275, 677], [1276, 677], [1277, 677], [1308, 677], [1309, 677], [1310, 677], [1275, 678], [1276, 678], [1277, 678], [1309, 678], [1310, 678], [1311, 678], [1276, 679], [1277, 679], [1278, 679], [1309, 679], [1310, 679], [1311, 679], [1276, 680], [1277, 680], [1278, 680], [1310, 680], [1311, 680], [1312, 680], [1277, 681], [1278, 681], [1279, 681], [1310, 681], [1311, 681], [1312, 681], [1313, 681], [1277, 682], [1278, 682], [1279, 682], [1311, 682], [1312, 682], [1313, 682], [1278, 683], [1279, 683], [1280, 683], [1312, 683], [1313, 683], [1314, 683], [1278, 684], [1279, 684], [1280, 684], [1281, 684], [1312, 684], [1313, 684], [1314, 684], [1315, 684], [1279, 685], [1280, 685], [1281, 685], [1282, 685], [1313, 685], [1314, 685], [1315, 685], [1280, 686], [1281, 686], [1282, 686], [1314, 686], [1315, 686], [1316, 686], [1281, 687], [1282, 687], [1283, 687], [1314, 687], [1315, 687], [1316, 687], [1281, 688], [1282, 688], [1283, 688], [1315, 688], [1316, 688], [1317, 688], [1282, 689], [1283, 689], [1284, 689], [1315, 689], [1316, 689], [1317, 689], [1318, 689], [1282, 690], [1283, 690], [1284, 690], [1285, 690], [1316, 690], [1317, 690], [1318, 690], [1319, 690], [1283, 691], [1284, 691], [1285, 691], [1317, 691], [1318, 691], [1319, 691], [1284, 692], [1285, 692], [1286, 692], [1318, 692], [1319, 692], [1320, 692], [1284, 693], [1285, 693], [1286, 693], [1318, 693], [1319, 693], [1320, 693], [1321, 693], [1285, 694], [1286, 694], [1287, 694], [1319, 694], [1320, 694], [1321, 694], [1285, 695], [1286, 695], [1287, 695], [1288, 695], [1320, 695], [1321, 695], [1322, 695], [1286, 696], [1287, 696], [1288, 696], [1320, 696], [1321, 696], [1322, 696], [1323, 696], [1287, 697], [1288, 697], [1289, 697], [1321, 697], [1322, 697], [1323, 697], [1287, 698], [1288, 698], [1289, 698], [1290, 698], [1322, 698], [1323, 698], [1324, 698], [1288, 699], [1289, 699], [1290, 699], [1322, 699], [1323, 699], [1324, 699], [1289, 700], [1290, 700], [1291, 700], [1323, 700], [1324, 700], [1325, 700], [1289, 701], [1290, 701], [1291, 701], [1323, 701], [1324, 701], [1325, 701], [1326, 701], [1290, 702], [1291, 702], [1292, 702], [1324, 702], [1325, 702], [1326, 702], [1290, 703], [1291, 703], [1292, 703], [1325, 703], [1326, 703], [1327, 703], [1291, 704], [1292, 704], [1293, 704], [1325, 704], [1326, 704], [1327, 704], [1291, 705], [1292, 705], [1293, 705], [1294, 705], [1326, 705], [1327, 705], [1328, 705], [1292, 706], [1293, 706], [1294, 706], [1326, 706], [1327, 706], [1328, 706], [1329, 706], [1293, 707], [1294, 707], [1295, 707], [1327, 707], [1328, 707], [1329, 707], [1293, 708], [1294, 708], [1295, 708], [1328, 708], [1329, 708], [1330, 708], [1294, 709], [1295, 709], [1296, 709], [1328, 709], [1329, 709], [1330, 709], [1331, 709], [1294, 710], [1295, 710], [1296, 710], [1297, 710], [1329, 710], [1330, 710], [1331, 710], [1332, 710], [1295, 711], [1296, 711], [1297, 711], [1330, 711], [1331, 711], [1332, 711], [1296, 712], [1297, 712], [1298, 712], [1331, 712], [1332, 712], [1333, 712], [1296, 713], [1297, 713], [1298, 713], [1299, 713], [1331, 713], [1332, 713], [1333, 713], [1297, 714], [1298, 714], [1299, 714], [1332, 714], [1333, 714], [1334, 714], [1298, 715], [1299, 715], [1300, 715], [1332, 715], [1333, 715], [1334, 715], [1298, 716], [1299, 716], [1300, 716], [1333, 716], [1334, 716], [1335, 716], [1299, 717], [1300, 717], [1301, 717], [1333, 717], [1334, 717], [1335, 717], [1336, 717], [1299, 718], [1300, 718], [1301, 718], [1334, 718], [1335, 718], [1336, 718], [1300, 719], [1301, 719], [1302, 719], [1335, 719], [1336, 719], [1337, 719], [1300, 720], [1301, 720], [1302, 720], [1335, 720], [1336, 720], [1337, 720], [1338, 720], [1301, 721], [1302, 721], [1303, 721], [1336, 721], [1337, 721], [1338, 721], [1301, 722], [1302, 722], [1303, 722], [1304, 722], [1337, 722], [1338, 722], [1339, 722], [1302, 723], [1303, 723], [1304, 723], [1337, 723], [1338, 723], [1339, 723], [1340, 723], [1303, 724], [1304, 724], [1305, 724], [1338, 724], [1339, 724], [1340, 724], [1303, 725], [1304, 725], [1305, 725], [1339, 725], [1340, 725], [1341, 725], [1304, 726], [1305, 726], [1306, 726], [1339, 726], [1340, 726], [1341, 726], [1304, 727], [1305, 727], [1306, 727], [1307, 727], [1340, 727], [1341, 727], [1342, 727], [1305, 728], [1306, 728], [1307, 728], [1340, 728], [1341, 728], [1342, 728], [1306, 729], [1307, 729], [1308, 729], [1341, 729], [1342, 729], [1343, 729], [1306, 730], [1307, 730], [1308, 730], [1341, 730], [1342, 730], [1343, 730], [1344, 730], [1307, 731], [1308, 731], [1309, 731], [1342, 731], [1343, 731], [1344, 731], [1307, 732], [1308, 732], [1309, 732], [1310, 732], [1343, 732], [1344, 732], [1345, 732], [1308, 733], [1309, 733], [1310, 733], [1343, 733], [1344, 733], [1345, 733], [1346, 733], [1309, 734], [1310, 734], [1311, 734], [1344, 734], [1345, 734], [1346, 734], [1347, 734], [1309, 735], [1310, 735], [1311, 735], [1345, 735], [1346, 735], [1347, 735], [1310, 736], [1311, 736], [1312, 736], [1346, 736], [1347, 736], [1348, 736], [1310, 737], [1311, 737], [1312, 737], [1313, 737], [1346, 737], [1347, 737], [1348, 737], [1311, 738], [1312, 738], [1313, 738], [1347, 738], [1348, 738], [1349, 738], [1312, 739], [1313, 739], [1314, 739], [1347, 739], [1348, 739], [1349, 739], [1350, 739], [1312, 740], [1313, 740], [1314, 740], [1348, 740], [1349, 740], [1350, 740], [1313, 741], [1314, 741], [1315, 741], [1349, 741], [1350, 741], [1351, 741], [1313, 742], [1314, 742], [1315, 742], [1349, 742], [1350, 742], [1351, 742], [1314, 743], [1315, 743], [1316, 743], [1350, 743], [1351, 743], [1352, 743], [1314, 744], [1315, 744], [1316, 744], [1350, 744], [1351, 744], [1352, 744], [1353, 744], [1315, 745], [1316, 745], [1317, 745], [1351, 745], [1352, 745], [1353, 745], [1354, 745], [1315, 746], [1316, 746], [1317, 746], [1352, 746], [1353, 746], [1354, 746], [1316, 747], [1317, 747], [1318, 747], [1353, 747], [1354, 747], [1355, 747], [1316, 748], [1317, 748], [1318, 748], [1319, 748], [1353, 748], [1354, 748], [1355, 748], [1356, 748], [1317, 749], [1318, 749], [1319, 749], [1354, 749], [1355, 749], [1356, 749], [1318, 750], [1319, 750], [1320, 750], [1355, 750], [1356, 750], [1357, 750], [1318, 751], [1319, 751], [1320, 751], [1321, 751], [1355, 751], [1356, 751], [1357, 751], [1358, 751], [1319, 752], [1320, 752], [1321, 752], [1356, 752], [1357, 752], [1358, 752], [1320, 753], [1321, 753], [1322, 753], [1357, 753], [1358, 753], [1359, 753], [1320, 754], [1321, 754], [1322, 754], [1357, 754], [1358, 754], [1359, 754], [1321, 755], [1322, 755], [1323, 755], [1358, 755], [1359, 755], [1360, 755], [1321, 756], [1322, 756], [1323, 756], [1324, 756], [1358, 756], [1359, 756], [1360, 756], [1361, 756], [1322, 757], [1323, 757], [1324, 757], [1359, 757], [1360, 757], [1361, 757], [1323, 758], [1324, 758], [1325, 758], [1360, 758], [1361, 758], [1362, 758], [1323, 759], [1324, 759], [1325, 759], [1326, 759], [1360, 759], [1361, 759], [1362, 759], [1324, 760], [1325, 760], [1326, 760], [1361, 760], [1362, 760], [1363, 760], [1325, 761], [1326, 761], [1327, 761], [1361, 761], [1362, 761], [1363, 761], [1364, 761], [1325, 762], [1326, 762], [1327, 762], [1362, 762], [1363, 762], [1364, 762], [1365, 762], [1326, 763], [1327, 763], [1328, 763], [1363, 763], [1364, 763], [1365, 763], [1326, 764], [1327, 764], [1328, 764], [1329, 764], [1364, 764], [1365, 764], [1366, 764], [1327, 765], [1328, 765], [1329, 765], [1364, 765], [1365, 765], [1366, 765], [1328, 766], [1329, 766], [1330, 766], [1365, 766], [1366, 766], [1367, 766], [1328, 767], [1329, 767], [1330, 767], [1365, 767], [1366, 767], [1367, 767], [1329, 768], [1330, 768], [1331, 768], [1366, 768], [1367, 768], [1368, 768], [1329, 769], [1330, 769], [1331, 769], [1366, 769], [1367, 769], [1368, 769], [1369, 769], [1330, 770], [1331, 770], [1332, 770], [1367, 770], [1368, 770], [1369, 770], [1330, 771], [1331, 771], [1332, 771], [1333, 771], [1368, 771], [1369, 771], [1370, 771], [1331, 772], [1332, 772], [1333, 772], [1368, 772], [1369, 772], [1370, 772], [1371, 772], [1332, 773], [1333, 773], [1334, 773], [1369, 773], [1370, 773], [1371, 773], [1332, 774], [1333, 774], [1334, 774], [1370, 774], [1371, 774], [1372, 774], [1333, 775], [1334, 775], [1335, 775], [1370, 775], [1371, 775], [1372, 775], [1333, 776], [1334, 776], [1335, 776], [1371, 776], [1372, 776], [1373, 776], [1334, 777], [1335, 777], [1336, 777], [1371, 777], [1372, 777], [1373, 777], [1374, 777], [1334, 778], [1335, 778], [1336, 778], [1372, 778], [1373, 778], [1374, 778], [1335, 779], [1336, 779], [1337, 779], [1373, 779], [1374, 779], [1375, 779], [1335, 780], [1336, 780], [1337, 780], [1338, 780], [1373, 780], [1374, 780], [1375, 780], [1376, 780], [1336, 781], [1337, 781], [1338, 781], [1374, 781], [1375, 781], [1376, 781], [1337, 782], [1338, 782], [1339, 782], [1375, 782], [1376, 782], [1377, 782], [1337, 783], [1338, 783], [1339, 783], [1375, 783], [1376, 783], [1377, 783], [1378, 783], [1338, 784], [1339, 784], [1340, 784], [1376, 784], [1377, 784], [1378, 784], [1338, 785], [1339, 785], [1340, 785], [1377, 785], [1378, 785], [1379, 785], [1339, 786], [1340, 786], [1341, 786], [1377, 786], [1378, 786], [1379, 786], [1339, 787], [1340, 787], [1341, 787], [1342, 787], [1378, 787], [1379, 787], [1380, 787], [1340, 788], [1341, 788], [1342, 788], [1378, 788], [1379, 788], [1380, 788], [1381, 788], [1341, 789], [1342, 789], [1343, 789], [1379, 789], [1380, 789], [1381, 789], [1341, 790], [1342, 790], [1343, 790], [1380, 790], [1381, 790], [1382, 790], [1342, 791], [1343, 791], [1344, 791], [1380, 791], [1381, 791], [1382, 791], [1383, 791], [1342, 792], [1343, 792], [1344, 792], [1345, 792], [1381, 792], [1382, 792], [1383, 792], [1343, 793], [1344, 793], [1345, 793], [1382, 793], [1383, 793], [1384, 793], [1344, 794], [1345, 794], [1346, 794], [1382, 794], [1383, 794], [1384, 794], [1344, 795], [1345, 795], [1346, 795], [1383, 795], [1384, 795], [1385, 795], [1345, 796], [1346, 796], [1383, 796], [1384, 796], [1385, 796], [1386, 796], [1345, 797], [1346, 797], [1347, 797], [1384, 797], [1385, 797], [1386, 797], [1345, 798], [1346, 798], [1347, 798], [1348, 798], [1385, 798], [1386, 798], [1387, 798], [1346, 799], [1347, 799], [1348, 799], [1385, 799], [1386, 799], [1387, 799], [1388, 799], [1347, 800], [1348, 800], [1349, 800], [1386, 800], [1387, 800], [1388, 800], [1347, 801], [1348, 801], [1349, 801], [1350, 801], [1387, 801], [1388, 801], [1389, 801], [1348, 802], [1349, 802], [1350, 802], [1387, 802], [1388, 802], [1389, 802], [1390, 802], [1349, 803], [1350, 803], [1351, 803], [1388, 803], [1389, 803], [1390, 803], [1349, 804], [1350, 804], [1351, 804], [1352, 804], [1389, 804], [1390, 804], [1391, 804], [1350, 805], [1351, 805], [1352, 805], [1353, 805], [1389, 805], [1390, 805], [1391, 805], [1351, 806], [1352, 806], [1353, 806], [1354, 806], [1355, 806], [1356, 806], [1357, 806], [1370, 806], [1371, 806], [1372, 806], [1373, 806], [1374, 806], [1375, 806], [1376, 806], [1377, 806], [1378, 806], [1379, 806], [1380, 806], [1390, 806], [1391, 806], [1352, 807], [1353, 807], [1354, 807], [1355, 807], [1356, 807], [1357, 807], [1358, 807], [1359, 807], [1360, 807], [1361, 807], [1362, 807], [1363, 807], [1364, 807], [1365, 807], [1366, 807], [1367, 807], [1368, 807], [1369, 807], [1370, 807], [1371, 807], [1372, 807], [1373, 807], [1374, 807], [1375, 807], [1376, 807], [1377, 807], [1378, 807], [1379, 807], [1380, 807], [1381, 807], [1382, 807], [1383, 807], [1384, 807], [1385, 807], [1386, 807], [1387, 807], [1388, 807], [1389, 807], [1390, 807], [1391, 807], [1356, 808], [1357, 808], [1358, 808], [1359, 808], [1360, 808], [1361, 808], [1362, 808], [1363, 808], [1364, 808], [1365, 808], [1366, 808], [1367, 808], [1368, 808], [1369, 808], [1370, 808], [1371, 808], [1379, 808], [1380, 808], [1381, 808], [1382, 808], [1383, 808], [1384, 808], [1385, 808], [1386, 808], [1387, 808], [1388, 808], [1389, 808], [1390, 808], [1391, 808]


