White line left - 




Yellow line left - [774, 1036], [775, 1036], [776, 1036], [774, 1037], [775, 1037], [776, 1037], [777, 1037], [774, 1038], [775, 1038], [776, 1038], [777, 1038], [774, 1039], [775, 1039], [776, 1039], [777, 1039], [773, 1043], [774, 1043], [775, 1043], [776, 1043], [777, 1043], [778, 1043], [779, 1043], [780, 1043], [781, 1043], [782, 1043], [783, 1043], [771, 1044], [772, 1044], [773, 1044], [774, 1044], [775, 1044], [776, 1044], [777, 1044], [778, 1044], [779, 1044], [780, 1044], [781, 1044], [782, 1044], [783, 1044], [784, 1044], [770, 1045], [771, 1045], [772, 1045], [773, 1045], [774, 1045], [775, 1045], [776, 1045], [777, 1045], [779, 1045], [780, 1045], [781, 1045], [782, 1045], [783, 1045], [784, 1045], [770, 1046], [771, 1046], [772, 1046], [782, 1046], [783, 1046], [784, 1046], [768, 1047], [769, 1047], [770, 1047], [771, 1047], [782, 1047], [783, 1047], [784, 1047], [768, 1048], [769, 1048], [770, 1048], [771, 1048], [782, 1048], [783, 1048], [784, 1048], [767, 1049], [768, 1049], [769, 1049], [781, 1049], [782, 1049], [783, 1049], [784, 1049], [767, 1050], [768, 1050], [769, 1050], [781, 1050], [782, 1050], [783, 1050], [784, 1050], [767, 1051], [768, 1051], [781, 1051], [782, 1051], [783, 1051], [784, 1051], [765, 1052], [766, 1052], [767, 1052], [768, 1052], [782, 1052], [783, 1052], [784, 1052], [765, 1053], [766, 1053], [767, 1053], [768, 1053], [782, 1053], [783, 1053], [784, 1053], [765, 1054], [766, 1054], [782, 1054], [783, 1054], [784, 1054], [789, 1054], [790, 1054], [791, 1054], [765, 1055], [766, 1055], [768, 1055], [769, 1055], [770, 1055], [771, 1055], [772, 1055], [778, 1055], [779, 1055], [780, 1055], [782, 1055], [783, 1055], [784, 1055], [785, 1055], [786, 1055], [787, 1055], [788, 1055], [789, 1055], [790, 1055], [791, 1055], [792, 1055], [793, 1055], [794, 1055], [765, 1056], [766, 1056], [768, 1056], [769, 1056], [770, 1056], [771, 1056], [772, 1056], [775, 1056], [776, 1056], [777, 1056], [778, 1056], [779, 1056], [780, 1056], [781, 1056], [782, 1056], [783, 1056], [784, 1056], [785, 1056], [786, 1056], [787, 1056], [788, 1056], [789, 1056], [790, 1056], [791, 1056], [792, 1056], [794, 1056], [765, 1057], [766, 1057], [767, 1057], [768, 1057], [769, 1057], [771, 1057], [772, 1057], [773, 1057], [774, 1057], [775, 1057], [776, 1057], [777, 1057], [778, 1057], [779, 1057], [780, 1057], [782, 1057], [784, 1057], [785, 1057], [786, 1057], [787, 1057], [788, 1057], [789, 1057], [790, 1057], [791, 1057], [792, 1057], [793, 1057], [794, 1057], [765, 1058], [766, 1058], [768, 1058], [769, 1058], [770, 1058], [771, 1058], [772, 1058], [773, 1058], [774, 1058], [775, 1058], [776, 1058], [777, 1058], [778, 1058], [779, 1058], [780, 1058], [781, 1058], [782, 1058], [783, 1058], [784, 1058], [785, 1058], [786, 1058], [787, 1058], [789, 1058], [790, 1058], [791, 1058], [792, 1058], [793, 1058], [794, 1058], [764, 1059], [765, 1059], [766, 1059], [767, 1059], [768, 1059], [769, 1059], [770, 1059], [771, 1059], [772, 1059], [773, 1059], [774, 1059], [775, 1059], [776, 1059], [777, 1059], [778, 1059], [779, 1059], [782, 1059], [783, 1059], [784, 1059], [785, 1059], [786, 1059], [787, 1059], [790, 1059], [791, 1059], [792, 1059], [793, 1059], [794, 1059], [795, 1059], [763, 1060], [764, 1060], [765, 1060], [766, 1060], [783, 1060], [784, 1060], [785, 1060], [786, 1060], [787, 1060], [792, 1060], [793, 1060], [794, 1060], [795, 1060], [796, 1060], [797, 1060], [798, 1060], [763, 1061], [764, 1061], [765, 1061], [785, 1061], [786, 1061], [787, 1061], [794, 1061], [795, 1061], [796, 1061], [797, 1061], [798, 1061], [762, 1062], [763, 1062], [764, 1062], [795, 1062], [796, 1062], [797, 1062], [798, 1062], [762, 1063], [763, 1063], [764, 1063], [795, 1063], [796, 1063], [797, 1063], [798, 1063], [799, 1063], [762, 1064], [763, 1064], [764, 1064], [797, 1064], [798, 1064], [799, 1064], [762, 1065], [763, 1065], [764, 1065], [798, 1065], [799, 1065], [762, 1066], [763, 1066], [764, 1066], [798, 1066], [799, 1066], [762, 1067], [763, 1067], [764, 1067], [798, 1067], [799, 1067], [762, 1068], [763, 1068], [764, 1068], [798, 1068], [799, 1068], [762, 1069], [763, 1069], [764, 1069], [765, 1069], [798, 1069], [799, 1069], [800, 1069], [762, 1070], [763, 1070], [764, 1070], [765, 1070], [798, 1070], [799, 1070], [800, 1070], [762, 1071], [763, 1071], [764, 1071], [765, 1071], [798, 1071], [799, 1071], [800, 1071], [763, 1072], [764, 1072], [765, 1072], [798, 1072], [799, 1072], [800, 1072], [763, 1073], [764, 1073], [765, 1073], [799, 1073], [800, 1073], [762, 1074], [763, 1074], [764, 1074], [765, 1074], [798, 1074], [799, 1074], [800, 1074], [761, 1075], [762, 1075], [763, 1075], [764, 1075], [797, 1075], [798, 1075], [799, 1075], [800, 1075], [761, 1076], [762, 1076], [763, 1076], [764, 1076], [797, 1076], [798, 1076], [799, 1076], [761, 1077], [762, 1077], [763, 1077], [764, 1077], [797, 1077], [798, 1077], [761, 1078], [762, 1078], [763, 1078], [797, 1078], [798, 1078], [761, 1079], [762, 1079], [763, 1079], [797, 1079], [798, 1079]




Yellow line right - [886, 859], [887, 859], [888, 859], [881, 860], [882, 860], [883, 860], [885, 860], [886, 860], [887, 860], [888, 860], [889, 860], [890, 860], [891, 860], [892, 860], [881, 861], [882, 861], [883, 861], [884, 861], [885, 861], [886, 861], [887, 861], [888, 861], [889, 861], [890, 861], [891, 861], [892, 861], [893, 861], [881, 862], [882, 862], [883, 862], [885, 862], [886, 862], [888, 862], [889, 862], [890, 862], [891, 862], [892, 862], [893, 862], [894, 862], [895, 862], [896, 862], [881, 863], [882, 863], [883, 863], [884, 863], [885, 863], [886, 863], [887, 863], [889, 863], [890, 863], [891, 863], [892, 863], [893, 863], [894, 863], [896, 863], [885, 864], [886, 864], [887, 864], [888, 864], [889, 864], [890, 864], [891, 864], [892, 864], [893, 864], [894, 864], [895, 864], [896, 864], [886, 865], [887, 865], [888, 865], [889, 865], [890, 865], [891, 865], [892, 865], [893, 865], [894, 865], [895, 865], [896, 865], [884, 866], [885, 866], [886, 866], [887, 866], [888, 866], [889, 866], [890, 866], [891, 866], [892, 866], [893, 866], [894, 866], [895, 866], [896, 866], [884, 867], [885, 867], [886, 867], [887, 867], [888, 867], [889, 867], [890, 867], [891, 867], [892, 867], [893, 867], [894, 867], [895, 867], [884, 868], [885, 868], [886, 868], [887, 868], [888, 868], [889, 868], [890, 868], [891, 868], [892, 868], [893, 868], [894, 868], [895, 868], [884, 869], [885, 869], [886, 869], [887, 869], [888, 869], [889, 869], [894, 882], [895, 882], [896, 882], [897, 882], [898, 882], [894, 883], [895, 883], [896, 883], [897, 883], [898, 883], [877, 884], [878, 884], [879, 884], [894, 884], [895, 884], [896, 884], [897, 884], [898, 884], [877, 885], [879, 885], [894, 885], [895, 885], [896, 885], [897, 885], [898, 885], [877, 886], [878, 886], [879, 886], [880, 886], [894, 886], [895, 886], [896, 886], [897, 886], [898, 886], [878, 887], [880, 887], [894, 887], [895, 887], [896, 887], [897, 887], [898, 887], [878, 888], [879, 888], [880, 888], [894, 888], [895, 888], [896, 888], [897, 888], [898, 888], [894, 889], [895, 889], [896, 889], [897, 889], [898, 889], [894, 890], [895, 890], [896, 890], [897, 890], [898, 890], [894, 891], [895, 891], [896, 891], [897, 891], [898, 891], [894, 892], [895, 892], [897, 892], [898, 892], [894, 893], [895, 893], [896, 893], [897, 893], [898, 893], [894, 894], [895, 894], [896, 894], [897, 894], [898, 894], [894, 895], [895, 895], [896, 895], [897, 895], [895, 896], [896, 896], [897, 896], [894, 900], [895, 900], [896, 900], [897, 900], [898, 900], [894, 901], [895, 901], [896, 901], [897, 901], [898, 901], [894, 902], [895, 902], [896, 902], [897, 902], [898, 902], [899, 902], [895, 903], [896, 903], [897, 903], [898, 903], [899, 903], [895, 904], [896, 904], [897, 904], [898, 904], [899, 904], [895, 905], [896, 905], [897, 905], [898, 905], [899, 905], [900, 905], [895, 906], [896, 906], [897, 906], [898, 906], [899, 906], [900, 906], [894, 907], [895, 907], [896, 907], [897, 907], [898, 907], [899, 907], [900, 907], [894, 908], [895, 908], [896, 908], [897, 908], [898, 908], [899, 908], [894, 909], [895, 909], [896, 909], [897, 909], [898, 909], [875, 916], [876, 916], [877, 916], [878, 916], [875, 917], [876, 917], [877, 917], [878, 917], [889, 917], [890, 917], [891, 917], [875, 918], [876, 918], [877, 918], [878, 918], [879, 918], [880, 918], [881, 918], [882, 918], [883, 918], [884, 918], [885, 918], [886, 918], [887, 918], [888, 918], [889, 918], [890, 918], [891, 918], [892, 918], [893, 918], [895, 918], [896, 918], [897, 918], [876, 919], [877, 919], [878, 919], [879, 919], [880, 919], [881, 919], [882, 919], [883, 919], [884, 919], [885, 919], [886, 919], [887, 919], [888, 919], [889, 919], [890, 919], [891, 919], [892, 919], [893, 919], [894, 919], [895, 919], [896, 919], [897, 919], [876, 920], [877, 920], [878, 920], [879, 920], [880, 920], [888, 920], [889, 920], [890, 920], [892, 920], [893, 920], [894, 920], [895, 920], [896, 920], [897, 920], [876, 921], [877, 921], [879, 921], [880, 921], [895, 921], [896, 921], [897, 921], [876, 922], [878, 922], [879, 922], [880, 922], [895, 922], [896, 922], [897, 922], [876, 923], [877, 923], [878, 923], [879, 923], [880, 923], [895, 923], [896, 923], [897, 923], [876, 924], [877, 924], [878, 924], [879, 924], [880, 924], [895, 924], [896, 924], [897, 924], [876, 925], [877, 925], [878, 925], [879, 925], [880, 925], [895, 925], [896, 925], [897, 925], [876, 926], [878, 926], [879, 926], [880, 926], [881, 926], [882, 926], [883, 926], [895, 926], [896, 926], [897, 926], [898, 926], [899, 926], [876, 927], [877, 927], [878, 927], [879, 927], [880, 927], [881, 927], [882, 927], [883, 927], [884, 927], [886, 927], [887, 927], [888, 927], [889, 927], [891, 927], [892, 927], [893, 927], [895, 927], [896, 927], [897, 927], [898, 927], [899, 927], [900, 927], [901, 927], [879, 928], [880, 928], [881, 928], [882, 928], [883, 928], [884, 928], [885, 928], [886, 928], [887, 928], [888, 928], [889, 928], [890, 928], [891, 928], [892, 928], [893, 928], [894, 928], [895, 928], [896, 928], [898, 928], [899, 928], [900, 928], [901, 928], [883, 929], [884, 929], [885, 929], [886, 929], [887, 929], [888, 929], [889, 929], [890, 929], [891, 929], [893, 929], [894, 929], [895, 929], [896, 929], [897, 929], [898, 929], [899, 929], [900, 929], [901, 929], [888, 930], [890, 930], [891, 930], [892, 930], [893, 930], [894, 930], [895, 930], [896, 930], [897, 930], [899, 930], [900, 930], [901, 930], [881, 931], [882, 931], [883, 931], [884, 931], [885, 931], [887, 931], [888, 931], [890, 931], [891, 931], [892, 931], [893, 931], [894, 931], [895, 931], [896, 931], [897, 931], [898, 931], [899, 931], [900, 931], [901, 931], [878, 932], [879, 932], [880, 932], [881, 932], [882, 932], [883, 932], [884, 932], [885, 932], [886, 932], [887, 932], [888, 932], [889, 932], [890, 932], [891, 932], [893, 932], [894, 932], [895, 932], [898, 932], [899, 932], [900, 932], [878, 933], [879, 933], [880, 933], [881, 933], [882, 933], [883, 933], [884, 933], [885, 933], [886, 933], [887, 933], [888, 933], [889, 933], [890, 933], [897, 933], [898, 933], [899, 933], [900, 933], [876, 934], [877, 934], [878, 934], [879, 934], [880, 934], [881, 934], [882, 934], [883, 934], [884, 934], [885, 934], [886, 934], [887, 934], [888, 934], [889, 934], [897, 934], [898, 934], [899, 934], [900, 934], [876, 935], [877, 935], [878, 935], [879, 935], [897, 935], [898, 935], [899, 935], [900, 935], [876, 936], [877, 936], [878, 936], [896, 936], [897, 936], [898, 936], [899, 936], [900, 936], [876, 937], [877, 937], [878, 937], [896, 937], [897, 937], [898, 937], [899, 937], [870, 938], [871, 938], [872, 938], [873, 938], [874, 938], [875, 938], [876, 938], [877, 938], [878, 938], [895, 938], [896, 938], [897, 938], [898, 938], [899, 938], [870, 939], [871, 939], [872, 939], [873, 939], [874, 939], [875, 939], [876, 939], [877, 939], [878, 939], [891, 939], [892, 939], [893, 939], [894, 939], [895, 939], [896, 939], [897, 939], [870, 940], [871, 940], [872, 940], [873, 940], [874, 940], [875, 940], [876, 940], [877, 940], [890, 940], [891, 940], [892, 940], [893, 940], [894, 940], [895, 940], [896, 940], [897, 940], [870, 941], [871, 941], [872, 941], [873, 941], [876, 941], [890, 941], [891, 941], [892, 941], [893, 941], [895, 941], [896, 941], [897, 941], [871, 942], [872, 942], [873, 942], [874, 942], [876, 942], [889, 942], [890, 942], [891, 942], [892, 942], [893, 942], [894, 942], [895, 942], [896, 942], [897, 942], [898, 942], [870, 943], [871, 943], [872, 943], [874, 943], [875, 943], [876, 943], [889, 943], [890, 943], [891, 943], [892, 943], [893, 943], [894, 943], [895, 943], [896, 943], [897, 943], [898, 943], [870, 944], [871, 944], [872, 944], [889, 944], [890, 944], [891, 944], [894, 944], [895, 944], [896, 944], [897, 944], [898, 944], [899, 944], [900, 944], [901, 944], [870, 945], [871, 945], [872, 945], [897, 945], [898, 945], [899, 945], [900, 945], [901, 945], [871, 946], [872, 946], [873, 946], [898, 946], [900, 946], [901, 946], [902, 946], [871, 947], [872, 947], [873, 947], [875, 947], [876, 947], [877, 947], [897, 947], [898, 947], [899, 947], [901, 947], [902, 947], [872, 948], [873, 948], [874, 948], [875, 948], [876, 948], [877, 948], [897, 948], [898, 948], [899, 948], [900, 948], [901, 948], [902, 948], [872, 949], [873, 949], [874, 949], [875, 949], [876, 949], [877, 949], [897, 949], [898, 949], [899, 949], [901, 949], [902, 949], [876, 950], [877, 950], [897, 950], [898, 950], [899, 950], [900, 950], [901, 950], [902, 950], [873, 951], [874, 951], [875, 951], [876, 951], [877, 951], [897, 951], [898, 951], [899, 951], [900, 951], [901, 951], [902, 951], [871, 952], [872, 952], [873, 952], [874, 952], [875, 952], [876, 952], [877, 952], [898, 952], [899, 952], [900, 952], [901, 952], [902, 952], [871, 953], [872, 953], [873, 953], [875, 953], [876, 953], [897, 953], [898, 953], [899, 953], [900, 953], [901, 953], [902, 953], [871, 954], [872, 954], [873, 954], [874, 954], [875, 954], [876, 954], [897, 954], [898, 954], [899, 954], [900, 954], [901, 954], [902, 954], [872, 955], [873, 955], [874, 955], [875, 955], [876, 955], [897, 955], [898, 955], [899, 955], [900, 955], [901, 955], [902, 955], [873, 956], [874, 956], [897, 956], [898, 956], [899, 956], [900, 956], [901, 956], [902, 956], [872, 957], [873, 957], [874, 957], [898, 957], [899, 957], [900, 957], [901, 957], [872, 958], [873, 958], [874, 958], [897, 958], [898, 958], [899, 958], [900, 958], [901, 958], [872, 959], [873, 959], [897, 959], [898, 959], [899, 959], [900, 959], [901, 959], [872, 960], [873, 960], [897, 960], [898, 960], [899, 960], [872, 961], [873, 961], [874, 961], [897, 961], [898, 961], [899, 961], [872, 962], [873, 962], [874, 962], [897, 962], [898, 962], [899, 962], [872, 963], [873, 963], [874, 963], [897, 963], [898, 963], [899, 963], [872, 964], [873, 964], [874, 964], [897, 964], [898, 964], [899, 964], [872, 965], [873, 965], [874, 965], [897, 965], [898, 965], [899, 965], [872, 966], [873, 966], [874, 966], [898, 966], [899, 966], [900, 966], [872, 967], [873, 967], [874, 967], [898, 967], [899, 967], [900, 967], [872, 968], [873, 968], [899, 968], [900, 968], [901, 968], [872, 969], [873, 969], [899, 969], [900, 969], [901, 969], [872, 970], [873, 970], [874, 970], [875, 970], [876, 970], [877, 970], [878, 970], [879, 970], [900, 970], [901, 970], [902, 970], [872, 971], [873, 971], [874, 971], [875, 971], [876, 971], [877, 971], [878, 971], [879, 971], [900, 971], [901, 971], [902, 971], [874, 972], [875, 972], [876, 972], [877, 972], [878, 972], [879, 972], [900, 972], [901, 972], [902, 972], [874, 973], [875, 973], [876, 973], [877, 973], [878, 973], [900, 973], [901, 973], [902, 973], [873, 974], [874, 974], [875, 974], [900, 974], [901, 974], [902, 974], [873, 975], [874, 975], [875, 975], [898, 975], [899, 975], [900, 975], [901, 975], [902, 975], [873, 976], [874, 976], [898, 976], [899, 976], [900, 976], [901, 976], [873, 977], [874, 977], [875, 977], [897, 977], [898, 977], [899, 977], [873, 978], [874, 978], [875, 978], [897, 978], [898, 978], [899, 978], [873, 979], [874, 979], [875, 979], [897, 979], [898, 979], [899, 979], [873, 980], [874, 980], [875, 980], [876, 980], [897, 980], [898, 980], [899, 980], [874, 981], [875, 981], [876, 981], [877, 981], [897, 981], [898, 981], [899, 981], [875, 982], [876, 982], [877, 982], [878, 982], [879, 982], [897, 982], [898, 982], [899, 982], [900, 982], [876, 983], [877, 983], [878, 983], [879, 983], [898, 983], [899, 983], [900, 983], [878, 984], [879, 984], [898, 984], [899, 984], [900, 984], [878, 985], [879, 985], [880, 985], [898, 985], [899, 985], [900, 985], [878, 986], [879, 986], [880, 986], [898, 986], [899, 986], [878, 987], [879, 987], [880, 987], [898, 987], [899, 987], [878, 988], [879, 988], [880, 988], [898, 988], [899, 988], [878, 989], [879, 989], [880, 989], [898, 989], [899, 989], [876, 990], [877, 990], [878, 990], [879, 990], [880, 990], [898, 990], [899, 990], [876, 991], [877, 991], [878, 991], [879, 991], [880, 991], [898, 991], [899, 991], [876, 992], [877, 992], [878, 992], [879, 992], [880, 992], [897, 992], [898, 992], [899, 992], [876, 993], [877, 993], [878, 993], [879, 993], [880, 993], [897, 993], [898, 993], [899, 993], [875, 994], [876, 994], [877, 994], [878, 994], [879, 994], [880, 994], [897, 994], [898, 994], [899, 994], [900, 994], [875, 995], [876, 995], [877, 995], [878, 995], [898, 995], [899, 995], [900, 995], [901, 995], [875, 996], [876, 996], [877, 996], [878, 996], [899, 996], [900, 996], [901, 996], [902, 996], [875, 997], [876, 997], [877, 997], [900, 997], [901, 997], [902, 997], [903, 997], [875, 998], [876, 998], [877, 998], [901, 998], [902, 998], [903, 998], [875, 999], [876, 999], [877, 999], [902, 999], [903, 999], [904, 999], [875, 1000], [876, 1000], [877, 1000], [902, 1000], [903, 1000], [904, 1000], [875, 1001], [876, 1001], [877, 1001], [902, 1001], [903, 1001], [904, 1001], [875, 1002], [876, 1002], [900, 1002], [901, 1002], [902, 1002], [903, 1002], [904, 1002], [874, 1003], [875, 1003], [876, 1003], [898, 1003], [899, 1003], [900, 1003], [901, 1003], [902, 1003], [903, 1003], [904, 1003], [874, 1004], [875, 1004], [876, 1004], [896, 1004], [897, 1004], [898, 1004], [899, 1004], [900, 1004], [901, 1004], [902, 1004], [903, 1004], [874, 1005], [875, 1005], [876, 1005], [896, 1005], [897, 1005], [898, 1005], [899, 1005], [874, 1006], [875, 1006], [876, 1006], [877, 1006], [896, 1006], [897, 1006], [898, 1006], [874, 1007], [875, 1007], [876, 1007], [877, 1007], [896, 1007], [897, 1007], [898, 1007], [899, 1007], [900, 1007], [874, 1008], [875, 1008], [876, 1008], [877, 1008], [897, 1008], [898, 1008], [899, 1008], [900, 1008], [874, 1009], [875, 1009], [876, 1009], [877, 1009], [878, 1009], [879, 1009], [899, 1009], [900, 1009], [874, 1010], [875, 1010], [876, 1010], [877, 1010], [878, 1010], [879, 1010], [899, 1010], [900, 1010], [872, 1011], [873, 1011], [874, 1011], [875, 1011], [876, 1011], [877, 1011], [878, 1011], [879, 1011], [888, 1011], [889, 1011], [890, 1011], [898, 1011], [899, 1011], [900, 1011], [904, 1011], [905, 1011], [906, 1011], [872, 1012], [874, 1012], [875, 1012], [876, 1012], [877, 1012], [878, 1012], [888, 1012], [890, 1012], [898, 1012], [899, 1012], [900, 1012], [903, 1012], [904, 1012], [905, 1012], [906, 1012], [872, 1013], [873, 1013], [874, 1013], [875, 1013], [888, 1013], [889, 1013], [890, 1013], [898, 1013], [899, 1013], [903, 1013], [904, 1013], [905, 1013], [906, 1013], [873, 1014], [874, 1014], [875, 1014], [898, 1014], [899, 1014], [900, 1014], [903, 1014], [904, 1014], [905, 1014], [906, 1014], [871, 1015], [872, 1015], [873, 1015], [874, 1015], [875, 1015], [898, 1015], [899, 1015], [900, 1015], [903, 1015], [904, 1015], [905, 1015], [906, 1015], [871, 1016], [872, 1016], [873, 1016], [874, 1016], [875, 1016], [898, 1016], [899, 1016], [900, 1016], [903, 1016], [904, 1016], [905, 1016], [906, 1016], [907, 1016], [871, 1017], [872, 1017], [873, 1017], [874, 1017], [897, 1017], [898, 1017], [899, 1017], [900, 1017], [903, 1017], [904, 1017], [905, 1017], [906, 1017], [907, 1017], [871, 1018], [872, 1018], [873, 1018], [874, 1018], [897, 1018], [898, 1018], [899, 1018], [902, 1018], [903, 1018], [904, 1018], [905, 1018], [906, 1018], [907, 1018], [872, 1019], [873, 1019], [897, 1019], [898, 1019], [899, 1019], [901, 1019], [902, 1019], [903, 1019], [904, 1019], [905, 1019], [906, 1019], [907, 1019], [871, 1020], [872, 1020], [873, 1020], [897, 1020], [898, 1020], [899, 1020], [900, 1020], [901, 1020], [902, 1020], [903, 1020], [905, 1020], [906, 1020], [907, 1020], [871, 1021], [872, 1021], [873, 1021], [897, 1021], [898, 1021], [899, 1021], [900, 1021], [901, 1021], [902, 1021], [905, 1021], [906, 1021], [907, 1021], [871, 1022], [872, 1022], [897, 1022], [898, 1022], [899, 1022], [900, 1022], [901, 1022], [903, 1022], [904, 1022], [905, 1022], [906, 1022], [907, 1022], [871, 1023], [872, 1023], [873, 1023], [902, 1023], [903, 1023], [904, 1023], [905, 1023], [906, 1023], [907, 1023], [871, 1024], [872, 1024], [873, 1024], [902, 1024], [903, 1024], [904, 1024], [905, 1024], [906, 1024], [872, 1025], [873, 1025], [902, 1025], [903, 1025], [904, 1025], [905, 1025], [906, 1025], [907, 1025], [871, 1026], [872, 1026], [873, 1026], [902, 1026], [903, 1026], [904, 1026], [905, 1026], [906, 1026], [907, 1026], [871, 1027], [872, 1027], [873, 1027], [902, 1027], [903, 1027], [904, 1027], [905, 1027], [906, 1027], [907, 1027], [871, 1028], [872, 1028], [905, 1028], [906, 1028], [907, 1028], [908, 1028], [871, 1029], [872, 1029], [873, 1029], [906, 1029], [907, 1029], [908, 1029], [909, 1029], [910, 1029], [870, 1030], [871, 1030], [872, 1030], [873, 1030], [907, 1030], [908, 1030], [909, 1030], [910, 1030], [911, 1030], [870, 1031], [871, 1031], [872, 1031], [873, 1031], [905, 1031], [906, 1031], [907, 1031], [908, 1031], [909, 1031], [910, 1031], [911, 1031], [870, 1032], [871, 1032], [872, 1032], [873, 1032], [905, 1032], [908, 1032], [909, 1032], [910, 1032], [911, 1032], [871, 1033], [872, 1033], [873, 1033], [905, 1033], [906, 1033], [907, 1033], [908, 1033], [909, 1033], [910, 1033], [871, 1034], [872, 1034], [873, 1034], [905, 1034], [906, 1034], [907, 1034], [908, 1034], [909, 1034], [871, 1035], [872, 1035], [873, 1035], [905, 1035], [907, 1035], [908, 1035], [871, 1036], [872, 1036], [873, 1036], [905, 1036], [906, 1036], [907, 1036], [908, 1036], [871, 1037], [872, 1037], [873, 1037], [874, 1037], [875, 1037], [906, 1037], [907, 1037], [908, 1037], [872, 1038], [873, 1038], [874, 1038], [875, 1038], [906, 1038], [907, 1038], [908, 1038], [872, 1039], [873, 1039], [874, 1039], [875, 1039], [906, 1039], [907, 1039], [908, 1039], [909, 1039], [910, 1039], [872, 1040], [873, 1040], [874, 1040], [906, 1040], [907, 1040], [908, 1040], [909, 1040], [910, 1040], [872, 1041], [873, 1041], [906, 1041], [907, 1041], [908, 1041], [909, 1041], [910, 1041], [872, 1042], [873, 1042], [908, 1042], [909, 1042], [910, 1042], [871, 1043], [872, 1043], [873, 1043], [908, 1043], [909, 1043], [910, 1043], [871, 1044], [872, 1044], [873, 1044], [908, 1044], [909, 1044], [910, 1044], [871, 1045], [872, 1045], [873, 1045], [907, 1045], [908, 1045], [909, 1045], [910, 1045], [871, 1046], [872, 1046], [873, 1046], [907, 1046], [908, 1046], [909, 1046], [910, 1046], [871, 1047], [872, 1047], [907, 1047], [908, 1047], [909, 1047], [910, 1047], [870, 1048], [871, 1048], [872, 1048], [906, 1048], [907, 1048], [908, 1048], [909, 1048], [910, 1048], [870, 1049], [871, 1049], [872, 1049], [906, 1049], [907, 1049], [908, 1049], [909, 1049], [870, 1050], [871, 1050], [872, 1050], [906, 1050], [907, 1050], [908, 1050], [909, 1050], [910, 1050], [870, 1051], [871, 1051], [872, 1051], [906, 1051], [907, 1051], [908, 1051], [910, 1051], [871, 1052], [872, 1052], [906, 1052], [907, 1052], [908, 1052], [909, 1052], [910, 1052], [871, 1053], [872, 1053], [873, 1053], [906, 1053], [907, 1053], [908, 1053], [871, 1054], [872, 1054], [873, 1054], [906, 1054], [907, 1054], [908, 1054], [871, 1055], [872, 1055], [873, 1055], [906, 1055], [907, 1055], [908, 1055], [870, 1056], [871, 1056], [872, 1056], [873, 1056], [906, 1056], [907, 1056], [908, 1056], [909, 1056], [910, 1056], [911, 1056], [870, 1057], [871, 1057], [872, 1057], [873, 1057], [906, 1057], [907, 1057], [908, 1057], [909, 1057], [910, 1057], [911, 1057], [870, 1058], [871, 1058], [872, 1058], [906, 1058], [907, 1058], [908, 1058], [909, 1058], [910, 1058], [911, 1058], [871, 1059], [872, 1059], [906, 1059], [907, 1059], [908, 1059], [909, 1059], [910, 1059], [911, 1059], [871, 1060], [872, 1060], [873, 1060], [906, 1060], [907, 1060], [908, 1060], [909, 1060], [910, 1060], [871, 1061], [872, 1061], [873, 1061], [906, 1061], [907, 1061], [908, 1061], [909, 1061], [910, 1061], [870, 1062], [871, 1062], [872, 1062], [873, 1062], [906, 1062], [907, 1062], [908, 1062], [870, 1063], [871, 1063], [872, 1063], [873, 1063], [906, 1063], [907, 1063], [908, 1063], [870, 1064], [871, 1064], [873, 1064], [906, 1064], [907, 1064], [870, 1065], [871, 1065], [872, 1065], [873, 1065], [906, 1065], [907, 1065], [908, 1065], [870, 1066], [871, 1066], [872, 1066], [906, 1066], [907, 1066], [908, 1066], [870, 1067], [871, 1067], [872, 1067], [873, 1067], [907, 1067], [908, 1067], [870, 1068], [871, 1068], [872, 1068], [873, 1068], [905, 1068], [906, 1068], [907, 1068], [908, 1068], [871, 1069], [872, 1069], [873, 1069], [904, 1069], [905, 1069], [906, 1069], [907, 1069], [908, 1069], [871, 1070], [872, 1070], [904, 1070], [905, 1070], [906, 1070], [870, 1071], [871, 1071], [872, 1071], [873, 1071], [904, 1071], [905, 1071], [906, 1071], [907, 1071], [870, 1072], [871, 1072], [872, 1072], [873, 1072], [904, 1072], [905, 1072], [906, 1072], [907, 1072], [908, 1072], [909, 1072], [910, 1072], [911, 1072], [870, 1073], [871, 1073], [872, 1073], [873, 1073], [906, 1073], [907, 1073], [908, 1073], [909, 1073], [910, 1073], [911, 1073], [870, 1074], [871, 1074], [872, 1074], [873, 1074], [909, 1074], [910, 1074], [911, 1074], [872, 1075], [873, 1075], [909, 1075], [910, 1075], [911, 1075], [870, 1076], [871, 1076], [872, 1076], [873, 1076], [909, 1076], [910, 1076], [911, 1076], [870, 1077], [871, 1077], [872, 1077], [873, 1077], [907, 1077], [908, 1077], [909, 1077], [910, 1077], [911, 1077], [870, 1078], [871, 1078], [872, 1078], [873, 1078], [907, 1078], [908, 1078], [909, 1078], [910, 1078], [911, 1078], [872, 1079], [873, 1079], [907, 1079], [909, 1079], [910, 1079], [911, 1079]




White line right - [1365, 326], [1366, 326], [1367, 326], [1364, 327], [1365, 327], [1366, 327], [1367, 327], [1368, 327], [1369, 327], [1362, 328], [1363, 328], [1364, 328], [1366, 328], [1367, 328], [1368, 328], [1369, 328], [1370, 328], [1371, 328], [1372, 328], [1373, 328], [1361, 329], [1362, 329], [1363, 329], [1364, 329], [1365, 329], [1366, 329], [1367, 329], [1368, 329], [1369, 329], [1370, 329], [1371, 329], [1372, 329], [1373, 329], [1374, 329], [1363, 330], [1364, 330], [1365, 330], [1366, 330], [1367, 330], [1368, 330], [1372, 330], [1373, 330], [1374, 330], [1366, 331], [1367, 331], [1368, 331], [1369, 331], [1370, 331], [1371, 331], [1372, 331], [1373, 331], [1374, 331], [1367, 332], [1368, 332], [1369, 332], [1370, 332], [1371, 332], [1372, 332], [1373, 332], [1374, 332], [1369, 333], [1370, 333], [1371, 333], [1377, 334], [1378, 334], [1379, 334], [1380, 334], [1377, 335], [1378, 335], [1379, 335], [1380, 335], [1377, 336], [1378, 336], [1379, 336], [1380, 336], [1377, 337], [1378, 337], [1379, 337], [1389, 338], [1390, 338], [1391, 338], [1392, 338], [1389, 339], [1390, 339], [1391, 339], [1392, 339], [1388, 340], [1389, 340], [1390, 340], [1391, 340], [1392, 340], [1393, 340], [1394, 340], [1395, 340], [1388, 341], [1389, 341], [1390, 341], [1391, 341], [1392, 341], [1393, 341], [1394, 341], [1395, 341], [1388, 342], [1389, 342], [1390, 342], [1391, 342], [1392, 342], [1393, 342], [1394, 342], [1395, 342], [1391, 343], [1392, 343], [1393, 343], [1394, 343], [1395, 343], [1396, 343], [1392, 344], [1393, 344], [1394, 344], [1395, 344], [1396, 344], [1393, 345], [1394, 345], [1395, 345], [1396, 345], [1525, 405], [1526, 405], [1527, 405], [1525, 406], [1527, 406], [1525, 407], [1526, 407], [1527, 407]


