White line left - [832, 686], [833, 686], [834, 686], [831, 687], [832, 687], [833, 687], [834, 687], [831, 688], [832, 688], [833, 688], [834, 688], [830, 689], [831, 689], [833, 689], [834, 689], [830, 690], [831, 690], [832, 690], [833, 690], [830, 691], [831, 691], [832, 691], [833, 691], [829, 692], [830, 692], [832, 692], [833, 692], [829, 693], [830, 693], [831, 693], [832, 693], [828, 694], [829, 694], [830, 694], [831, 694], [832, 694], [826, 695], [827, 695], [828, 695], [829, 695], [830, 695], [831, 695], [832, 695], [826, 696], [827, 696], [828, 696], [829, 696], [830, 696], [831, 696], [832, 696], [823, 697], [824, 697], [825, 697], [826, 697], [827, 697], [830, 697], [831, 697], [832, 697], [822, 698], [823, 698], [824, 698], [825, 698], [826, 698], [827, 698], [830, 698], [831, 698], [822, 699], [823, 699], [824, 699], [830, 699], [831, 699], [821, 700], [822, 700], [823, 700], [829, 700], [830, 700], [831, 700], [821, 701], [822, 701], [823, 701], [829, 701], [830, 701], [831, 701], [821, 702], [822, 702], [829, 702], [830, 702], [812, 703], [813, 703], [814, 703], [815, 703], [816, 703], [820, 703], [821, 703], [822, 703], [828, 703], [829, 703], [830, 703], [812, 704], [813, 704], [814, 704], [815, 704], [816, 704], [819, 704], [820, 704], [821, 704], [822, 704], [828, 704], [829, 704], [830, 704], [812, 705], [813, 705], [814, 705], [815, 705], [816, 705], [819, 705], [820, 705], [821, 705], [828, 705], [829, 705], [813, 706], [814, 706], [815, 706], [816, 706], [819, 706], [820, 706], [827, 706], [828, 706], [829, 706], [813, 707], [814, 707], [815, 707], [816, 707], [819, 707], [820, 707], [827, 707], [828, 707], [829, 707], [813, 708], [814, 708], [815, 708], [816, 708], [818, 708], [819, 708], [820, 708], [827, 708], [828, 708], [813, 709], [814, 709], [815, 709], [816, 709], [818, 709], [819, 709], [820, 709], [827, 709], [828, 709], [812, 710], [813, 710], [814, 710], [815, 710], [816, 710], [817, 710], [818, 710], [819, 710], [826, 710], [827, 710], [828, 710], [812, 711], [813, 711], [814, 711], [815, 711], [817, 711], [818, 711], [819, 711], [826, 711], [827, 711], [828, 711], [812, 712], [813, 712], [814, 712], [816, 712], [817, 712], [818, 712], [825, 712], [826, 712], [827, 712], [811, 713], [812, 713], [813, 713], [814, 713], [816, 713], [817, 713], [818, 713], [825, 713], [826, 713], [827, 713], [810, 714], [811, 714], [812, 714], [813, 714], [814, 714], [816, 714], [817, 714], [825, 714], [826, 714], [810, 715], [811, 715], [813, 715], [814, 715], [816, 715], [817, 715], [824, 715], [825, 715], [826, 715], [809, 716], [810, 716], [811, 716], [812, 716], [813, 716], [814, 716], [815, 716], [816, 716], [817, 716], [824, 716], [825, 716], [826, 716], [808, 717], [809, 717], [810, 717], [811, 717], [812, 717], [813, 717], [815, 717], [816, 717], [817, 717], [824, 717], [825, 717], [808, 718], [809, 718], [810, 718], [811, 718], [812, 718], [815, 718], [816, 718], [823, 718], [824, 718], [825, 718], [807, 719], [808, 719], [809, 719], [810, 719], [811, 719], [814, 719], [815, 719], [816, 719], [823, 719], [824, 719], [825, 719], [806, 720], [807, 720], [808, 720], [810, 720], [811, 720], [814, 720], [815, 720], [816, 720], [823, 720], [824, 720], [805, 721], [806, 721], [807, 721], [808, 721], [809, 721], [810, 721], [811, 721], [814, 721], [815, 721], [822, 721], [823, 721], [824, 721], [805, 722], [806, 722], [807, 722], [809, 722], [810, 722], [814, 722], [815, 722], [822, 722], [823, 722], [824, 722], [805, 723], [806, 723], [808, 723], [809, 723], [810, 723], [813, 723], [814, 723], [815, 723], [822, 723], [823, 723], [805, 724], [806, 724], [807, 724], [808, 724], [809, 724], [810, 724], [812, 724], [813, 724], [814, 724], [815, 724], [822, 724], [823, 724], [804, 725], [805, 725], [806, 725], [807, 725], [808, 725], [809, 725], [812, 725], [813, 725], [814, 725], [821, 725], [822, 725], [823, 725], [803, 726], [804, 726], [805, 726], [806, 726], [807, 726], [808, 726], [811, 726], [812, 726], [813, 726], [821, 726], [822, 726], [823, 726], [803, 727], [804, 727], [805, 727], [807, 727], [808, 727], [810, 727], [811, 727], [812, 727], [813, 727], [821, 727], [822, 727], [803, 728], [804, 728], [807, 728], [808, 728], [810, 728], [811, 728], [812, 728], [820, 728], [821, 728], [822, 728], [802, 729], [803, 729], [804, 729], [807, 729], [808, 729], [809, 729], [810, 729], [811, 729], [820, 729], [821, 729], [822, 729], [795, 730], [796, 730], [797, 730], [798, 730], [802, 730], [803, 730], [804, 730], [807, 730], [808, 730], [809, 730], [810, 730], [811, 730], [814, 730], [815, 730], [816, 730], [820, 730], [821, 730], [794, 731], [795, 731], [796, 731], [797, 731], [798, 731], [802, 731], [803, 731], [808, 731], [809, 731], [810, 731], [811, 731], [814, 731], [815, 731], [816, 731], [819, 731], [820, 731], [821, 731], [793, 732], [794, 732], [795, 732], [796, 732], [797, 732], [798, 732], [802, 732], [803, 732], [804, 732], [808, 732], [809, 732], [810, 732], [811, 732], [814, 732], [816, 732], [819, 732], [820, 732], [821, 732], [793, 733], [794, 733], [795, 733], [796, 733], [797, 733], [798, 733], [802, 733], [803, 733], [804, 733], [814, 733], [816, 733], [819, 733], [820, 733], [793, 734], [794, 734], [796, 734], [797, 734], [798, 734], [803, 734], [804, 734], [813, 734], [814, 734], [815, 734], [816, 734], [817, 734], [818, 734], [819, 734], [820, 734], [792, 735], [793, 735], [794, 735], [796, 735], [797, 735], [798, 735], [800, 735], [801, 735], [802, 735], [803, 735], [804, 735], [813, 735], [814, 735], [815, 735], [816, 735], [817, 735], [818, 735], [819, 735], [820, 735], [791, 736], [792, 736], [793, 736], [794, 736], [796, 736], [797, 736], [798, 736], [799, 736], [800, 736], [801, 736], [802, 736], [803, 736], [804, 736], [805, 736], [806, 736], [807, 736], [808, 736], [812, 736], [813, 736], [814, 736], [815, 736], [816, 736], [817, 736], [818, 736], [819, 736], [790, 737], [791, 737], [792, 737], [793, 737], [797, 737], [798, 737], [799, 737], [800, 737], [801, 737], [805, 737], [806, 737], [807, 737], [808, 737], [811, 737], [812, 737], [813, 737], [814, 737], [815, 737], [816, 737], [817, 737], [818, 737], [819, 737], [790, 738], [791, 738], [792, 738], [797, 738], [798, 738], [799, 738], [800, 738], [805, 738], [806, 738], [807, 738], [808, 738], [810, 738], [811, 738], [812, 738], [813, 738], [815, 738], [816, 738], [817, 738], [818, 738], [819, 738], [790, 739], [791, 739], [805, 739], [806, 739], [807, 739], [808, 739], [810, 739], [811, 739], [812, 739], [815, 739], [816, 739], [817, 739], [818, 739], [790, 740], [791, 740], [805, 740], [806, 740], [807, 740], [808, 740], [810, 740], [811, 740], [814, 740], [815, 740], [817, 740], [818, 740], [789, 741], [790, 741], [791, 741], [809, 741], [810, 741], [811, 741], [814, 741], [815, 741], [816, 741], [817, 741], [789, 742], [790, 742], [791, 742], [809, 742], [810, 742], [811, 742], [813, 742], [814, 742], [815, 742], [816, 742], [817, 742], [788, 743], [789, 743], [790, 743], [809, 743], [810, 743], [813, 743], [814, 743], [815, 743], [816, 743], [817, 743], [788, 744], [789, 744], [790, 744], [809, 744], [810, 744], [813, 744], [814, 744], [815, 744], [816, 744], [788, 745], [789, 745], [809, 745], [810, 745], [814, 745], [815, 745], [816, 745], [785, 746], [786, 746], [787, 746], [788, 746], [789, 746], [809, 746], [810, 746], [785, 747], [786, 747], [787, 747], [788, 747], [789, 747], [808, 747], [809, 747], [810, 747], [784, 748], [785, 748], [786, 748], [807, 748], [808, 748], [809, 748], [810, 748], [784, 749], [785, 749], [786, 749], [807, 749], [808, 749], [809, 749], [784, 750], [785, 750], [786, 750], [807, 750], [808, 750], [784, 751], [785, 751], [786, 751], [787, 751], [788, 751], [789, 751], [794, 751], [795, 751], [796, 751], [797, 751], [798, 751], [799, 751], [807, 751], [808, 751], [785, 752], [786, 752], [787, 752], [788, 752], [789, 752], [790, 752], [793, 752], [794, 752], [795, 752], [796, 752], [797, 752], [798, 752], [799, 752], [800, 752], [807, 752], [808, 752], [788, 753], [789, 753], [790, 753], [791, 753], [792, 753], [793, 753], [794, 753], [795, 753], [798, 753], [799, 753], [800, 753], [807, 753], [808, 753], [789, 754], [790, 754], [791, 754], [792, 754], [793, 754], [794, 754], [799, 754], [800, 754], [807, 754], [808, 754], [799, 755], [800, 755], [801, 755], [807, 755], [808, 755], [810, 755], [811, 755], [812, 755], [799, 756], [800, 756], [801, 756], [806, 756], [807, 756], [808, 756], [809, 756], [810, 756], [811, 756], [812, 756], [800, 757], [801, 757], [806, 757], [807, 757], [808, 757], [809, 757], [810, 757], [811, 757], [812, 757], [800, 758], [801, 758], [806, 758], [807, 758], [808, 758], [809, 758], [810, 758], [811, 758], [812, 758], [800, 759], [801, 759], [802, 759], [803, 759], [806, 759], [807, 759], [808, 759], [809, 759], [810, 759], [811, 759], [812, 759], [800, 760], [801, 760], [802, 760], [803, 760], [804, 760], [810, 760], [811, 760], [802, 761], [803, 761], [804, 761], [810, 761], [811, 761], [803, 762], [804, 762], [805, 762], [809, 762], [810, 762], [811, 762], [803, 763], [804, 763], [805, 763], [809, 763], [810, 763], [811, 763], [802, 764], [803, 764], [804, 764], [805, 764], [809, 764], [810, 764], [802, 765], [803, 765], [804, 765], [805, 765], [808, 765], [809, 765], [810, 765], [802, 766], [803, 766], [808, 766], [809, 766], [810, 766], [802, 767], [803, 767], [804, 767], [808, 767], [809, 767], [802, 768], [803, 768], [804, 768], [808, 768], [809, 768], [802, 769], [803, 769], [804, 769], [807, 769], [808, 769], [809, 769], [802, 770], [803, 770], [804, 770], [805, 770], [807, 770], [808, 770], [809, 770], [802, 771], [803, 771], [804, 771], [805, 771], [806, 771], [807, 771], [808, 771], [804, 772], [805, 772], [806, 772], [807, 772], [808, 772], [804, 773], [805, 773], [806, 773], [807, 773], [804, 774], [805, 774], [806, 774], [807, 774], [804, 775], [805, 775], [806, 775], [807, 775], [804, 776], [805, 776], [806, 776], [807, 776], [803, 777], [804, 777], [805, 777], [806, 777], [803, 778], [804, 778], [805, 778], [806, 778], [803, 779], [804, 779], [805, 779], [803, 780], [804, 780], [805, 780], [776, 784], [777, 784], [778, 784], [779, 784], [776, 785], [777, 785], [778, 785], [779, 785], [776, 786], [777, 786], [778, 786], [779, 786], [776, 787], [777, 787], [778, 787], [791, 795], [792, 795], [793, 795], [797, 795], [798, 795], [799, 795], [791, 796], [793, 796], [796, 796], [797, 796], [798, 796], [799, 796], [791, 797], [792, 797], [794, 797], [795, 797], [796, 797], [797, 797], [798, 797], [799, 797], [792, 798], [793, 798], [794, 798], [795, 798], [796, 798], [797, 798], [798, 798], [799, 798], [792, 799], [793, 799], [794, 799], [795, 799], [796, 799], [798, 799], [799, 799], [792, 800], [793, 800], [795, 800], [796, 800], [797, 800], [798, 800], [792, 801], [793, 801], [796, 801], [797, 801], [798, 801], [792, 802], [793, 802], [794, 802], [795, 802], [796, 802], [797, 802], [792, 803], [793, 803], [794, 803], [795, 803], [796, 803], [797, 803], [794, 804], [795, 804], [796, 804], [797, 804], [794, 805], [795, 805], [796, 805], [797, 805], [794, 806], [795, 806], [796, 806], [791, 816], [792, 816], [793, 816], [790, 817], [791, 817], [792, 817], [793, 817], [790, 818], [791, 818], [792, 818], [793, 818], [790, 819], [791, 819], [792, 819], [752, 868], [753, 868], [754, 868], [751, 869], [752, 869], [753, 869], [754, 869], [755, 869], [751, 870], [752, 870], [753, 870], [754, 870], [755, 870], [750, 871], [751, 871], [752, 871], [754, 871], [755, 871], [756, 871], [750, 872], [751, 872], [752, 872], [754, 872], [755, 872], [756, 872], [750, 873], [751, 873], [754, 873], [755, 873], [756, 873], [750, 874], [751, 874], [752, 874], [753, 874], [754, 874], [755, 874], [756, 874], [747, 875], [748, 875], [749, 875], [750, 875], [751, 875], [752, 875], [753, 875], [754, 875], [755, 875], [746, 876], [747, 876], [748, 876], [749, 876], [750, 876], [751, 876], [752, 876], [753, 876], [746, 877], [747, 877], [748, 877], [750, 877], [751, 877], [752, 877], [746, 878], [747, 878], [748, 878], [749, 878], [750, 878], [751, 878], [752, 878], [747, 879], [748, 879], [749, 879], [750, 879], [751, 879]




Yellow line left - [184, 1027], [185, 1027], [183, 1028], [184, 1028], [185, 1028], [181, 1029], [182, 1029], [183, 1029], [184, 1029], [185, 1029], [179, 1030], [180, 1030], [181, 1030], [182, 1030], [183, 1030], [184, 1030], [179, 1031], [180, 1031], [181, 1031], [182, 1031], [183, 1031], [179, 1032], [180, 1032], [181, 1032], [182, 1032], [175, 1033], [176, 1033], [177, 1033], [178, 1033], [179, 1033], [180, 1033], [181, 1033], [182, 1033], [173, 1034], [174, 1034], [175, 1034], [176, 1034], [177, 1034], [178, 1034], [179, 1034], [180, 1034], [181, 1034], [173, 1035], [176, 1035], [177, 1035], [173, 1036], [174, 1036], [175, 1036], [176, 1036], [177, 1036], [174, 1037], [175, 1037], [176, 1037], [167, 1038], [168, 1038], [169, 1038], [174, 1038], [175, 1038], [176, 1038], [167, 1039], [169, 1039], [170, 1039], [171, 1039], [173, 1039], [174, 1039], [175, 1039], [176, 1039], [165, 1040], [166, 1040], [167, 1040], [168, 1040], [169, 1040], [170, 1040], [171, 1040], [172, 1040], [173, 1040], [174, 1040], [175, 1040], [176, 1040], [162, 1041], [163, 1041], [164, 1041], [165, 1041], [166, 1041], [167, 1041], [168, 1041], [169, 1041], [170, 1041], [171, 1041], [172, 1041], [173, 1041], [174, 1041], [175, 1041], [176, 1041], [161, 1042], [162, 1042], [163, 1042], [164, 1042], [165, 1042], [166, 1042], [167, 1042], [168, 1042], [172, 1042], [173, 1042], [174, 1042], [160, 1043], [161, 1043], [162, 1043], [163, 1043], [164, 1043], [165, 1043], [159, 1044], [160, 1044], [161, 1044], [162, 1044], [157, 1045], [158, 1045], [159, 1045], [160, 1045], [161, 1045], [156, 1046], [157, 1046], [158, 1046], [159, 1046], [160, 1046], [155, 1047], [156, 1047], [157, 1047], [158, 1047], [154, 1048], [155, 1048], [156, 1048], [157, 1048], [163, 1048], [164, 1048], [165, 1048], [154, 1049], [155, 1049], [156, 1049], [163, 1049], [165, 1049], [153, 1050], [154, 1050], [155, 1050], [163, 1050], [164, 1050], [165, 1050], [153, 1051], [154, 1051], [155, 1051], [151, 1052], [152, 1052], [153, 1052], [154, 1052], [150, 1053], [151, 1053], [152, 1053], [153, 1053], [154, 1053], [148, 1054], [149, 1054], [150, 1054], [151, 1054], [152, 1054], [147, 1055], [148, 1055], [149, 1055], [150, 1055], [151, 1055], [140, 1056], [141, 1056], [142, 1056], [143, 1056], [144, 1056], [145, 1056], [146, 1056], [147, 1056], [148, 1056], [149, 1056], [139, 1057], [140, 1057], [141, 1057], [142, 1057], [143, 1057], [144, 1057], [145, 1057], [146, 1057], [147, 1057], [148, 1057], [139, 1058], [140, 1058], [141, 1058], [142, 1058], [139, 1059], [140, 1059], [141, 1059], [142, 1059], [141, 1060], [142, 1060], [143, 1060], [141, 1061], [142, 1061], [143, 1061], [141, 1062], [142, 1062], [143, 1062], [139, 1063], [140, 1063], [141, 1063], [142, 1063], [139, 1064], [141, 1064], [142, 1064], [138, 1065], [139, 1065], [141, 1065], [142, 1065], [135, 1066], [136, 1066], [137, 1066], [138, 1066], [139, 1066], [140, 1066], [141, 1066], [142, 1066], [134, 1067], [135, 1067], [136, 1067], [137, 1067], [138, 1067], [139, 1067], [140, 1067], [141, 1067], [133, 1068], [134, 1068], [135, 1068], [136, 1068], [137, 1068], [138, 1068], [145, 1068], [146, 1068], [147, 1068], [130, 1069], [131, 1069], [132, 1069], [133, 1069], [134, 1069], [135, 1069], [142, 1069], [143, 1069], [144, 1069], [145, 1069], [146, 1069], [147, 1069], [157, 1069], [158, 1069], [159, 1069], [160, 1069], [161, 1069], [130, 1070], [131, 1070], [132, 1070], [133, 1070], [134, 1070], [142, 1070], [143, 1070], [144, 1070], [145, 1070], [146, 1070], [147, 1070], [148, 1070], [153, 1070], [154, 1070], [155, 1070], [156, 1070], [157, 1070], [158, 1070], [159, 1070], [160, 1070], [161, 1070], [124, 1071], [125, 1071], [126, 1071], [127, 1071], [128, 1071], [129, 1071], [130, 1071], [131, 1071], [140, 1071], [141, 1071], [143, 1071], [144, 1071], [145, 1071], [146, 1071], [147, 1071], [148, 1071], [149, 1071], [150, 1071], [151, 1071], [152, 1071], [153, 1071], [154, 1071], [155, 1071], [156, 1071], [157, 1071], [158, 1071], [159, 1071], [160, 1071], [161, 1071], [122, 1072], [123, 1072], [124, 1072], [125, 1072], [126, 1072], [127, 1072], [128, 1072], [129, 1072], [130, 1072], [131, 1072], [140, 1072], [142, 1072], [143, 1072], [144, 1072], [147, 1072], [148, 1072], [149, 1072], [150, 1072], [151, 1072], [152, 1072], [153, 1072], [155, 1072], [156, 1072], [157, 1072], [158, 1072], [159, 1072], [160, 1072], [161, 1072], [120, 1073], [121, 1073], [122, 1073], [123, 1073], [124, 1073], [125, 1073], [126, 1073], [127, 1073], [140, 1073], [141, 1073], [142, 1073], [143, 1073], [144, 1073], [145, 1073], [151, 1073], [152, 1073], [153, 1073], [155, 1073], [158, 1073], [159, 1073], [160, 1073], [120, 1074], [121, 1074], [122, 1074], [123, 1074], [143, 1074], [144, 1074], [145, 1074], [146, 1074], [151, 1074], [152, 1074], [153, 1074], [155, 1074], [156, 1074], [157, 1074], [158, 1074], [159, 1074], [117, 1075], [118, 1075], [119, 1075], [120, 1075], [121, 1075], [143, 1075], [144, 1075], [145, 1075], [146, 1075], [147, 1075], [148, 1075], [149, 1075], [153, 1075], [154, 1075], [155, 1075], [156, 1075], [157, 1075], [158, 1075], [159, 1075], [116, 1076], [117, 1076], [118, 1076], [119, 1076], [120, 1076], [121, 1076], [143, 1076], [144, 1076], [145, 1076], [146, 1076], [147, 1076], [148, 1076], [149, 1076], [150, 1076], [151, 1076], [152, 1076], [153, 1076], [155, 1076], [156, 1076], [157, 1076], [159, 1076], [115, 1077], [116, 1077], [117, 1077], [118, 1077], [143, 1077], [144, 1077], [145, 1077], [146, 1077], [147, 1077], [148, 1077], [149, 1077], [150, 1077], [151, 1077], [152, 1077], [154, 1077], [155, 1077], [156, 1077], [157, 1077], [158, 1077], [159, 1077], [115, 1078], [116, 1078], [117, 1078], [150, 1078], [151, 1078], [152, 1078], [153, 1078], [154, 1078], [155, 1078], [156, 1078], [157, 1078], [115, 1079], [116, 1079], [151, 1079], [152, 1079], [153, 1079], [154, 1079], [155, 1079]




Yellow line right - [249, 1076], [250, 1076], [251, 1076], [252, 1076], [254, 1076], [255, 1076], [256, 1076], [248, 1077], [249, 1077], [250, 1077], [251, 1077], [252, 1077], [253, 1077], [254, 1077], [256, 1077], [248, 1078], [249, 1078], [251, 1078], [252, 1078], [253, 1078], [254, 1078], [255, 1078], [256, 1078], [248, 1079], [249, 1079], [253, 1079], [255, 1079], [256, 1079]




White line right - [1720, 168], [1721, 168], [1722, 168], [1723, 168], [1724, 168], [1725, 168], [1726, 168], [1727, 168], [1728, 168], [1729, 168], [1718, 169], [1719, 169], [1720, 169], [1721, 169], [1722, 169], [1723, 169], [1724, 169], [1725, 169], [1726, 169], [1727, 169], [1728, 169], [1729, 169], [1718, 170], [1719, 170], [1720, 170], [1722, 170], [1723, 170], [1724, 170], [1725, 170], [1726, 170], [1727, 170], [1728, 170], [1729, 170], [1718, 171], [1719, 171], [1720, 171], [1721, 171], [1722, 171], [1723, 171], [1724, 171], [1725, 171], [1726, 171], [1727, 171], [1728, 171], [1729, 171], [1730, 171], [1718, 172], [1719, 172], [1720, 172], [1721, 172], [1722, 172], [1724, 172], [1725, 172], [1726, 172], [1727, 172], [1728, 172], [1729, 172], [1730, 172], [1718, 173], [1719, 173], [1720, 173], [1721, 173], [1722, 173], [1723, 173], [1724, 173], [1725, 173], [1727, 173], [1728, 173], [1729, 173], [1730, 173], [1719, 174], [1720, 174], [1721, 174], [1722, 174], [1724, 174], [1725, 174], [1726, 174], [1727, 174], [1728, 174], [1720, 175], [1721, 175], [1722, 175], [1723, 175], [1724, 175], [1725, 175], [1726, 175], [1727, 175], [1643, 179], [1644, 179], [1645, 179], [1686, 179], [1687, 179], [1688, 179], [1689, 179], [1690, 179], [1730, 179], [1731, 179], [1732, 179], [1733, 179], [1772, 179], [1773, 179], [1774, 179], [1775, 179], [1815, 179], [1816, 179], [1817, 179], [1818, 179], [1819, 179], [1643, 180], [1644, 180], [1645, 180], [1648, 180], [1649, 180], [1650, 180], [1685, 180], [1686, 180], [1687, 180], [1688, 180], [1689, 180], [1690, 180], [1728, 180], [1729, 180], [1730, 180], [1731, 180], [1732, 180], [1733, 180], [1770, 180], [1771, 180], [1772, 180], [1773, 180], [1774, 180], [1775, 180], [1813, 180], [1814, 180], [1815, 180], [1816, 180], [1817, 180], [1818, 180], [1819, 180], [1642, 181], [1643, 181], [1644, 181], [1645, 181], [1648, 181], [1650, 181], [1684, 181], [1685, 181], [1686, 181], [1687, 181], [1688, 181], [1689, 181], [1690, 181], [1728, 181], [1729, 181], [1730, 181], [1731, 181], [1732, 181], [1733, 181], [1770, 181], [1771, 181], [1772, 181], [1773, 181], [1774, 181], [1775, 181], [1813, 181], [1814, 181], [1815, 181], [1816, 181], [1818, 181], [1819, 181], [1642, 182], [1643, 182], [1644, 182], [1645, 182], [1648, 182], [1649, 182], [1650, 182], [1684, 182], [1685, 182], [1686, 182], [1688, 182], [1689, 182], [1727, 182], [1728, 182], [1729, 182], [1732, 182], [1733, 182], [1769, 182], [1770, 182], [1771, 182], [1774, 182], [1775, 182], [1812, 182], [1813, 182], [1814, 182], [1818, 182], [1819, 182], [1642, 183], [1643, 183], [1644, 183], [1684, 183], [1685, 183], [1687, 183], [1688, 183], [1689, 183], [1727, 183], [1728, 183], [1729, 183], [1732, 183], [1733, 183], [1769, 183], [1770, 183], [1771, 183], [1774, 183], [1775, 183], [1812, 183], [1813, 183], [1814, 183], [1817, 183], [1818, 183], [1819, 183], [1641, 184], [1642, 184], [1643, 184], [1644, 184], [1683, 184], [1684, 184], [1685, 184], [1687, 184], [1688, 184], [1689, 184], [1727, 184], [1728, 184], [1731, 184], [1732, 184], [1733, 184], [1769, 184], [1770, 184], [1773, 184], [1774, 184], [1775, 184], [1811, 184], [1812, 184], [1813, 184], [1817, 184], [1818, 184], [1819, 184], [1641, 185], [1642, 185], [1643, 185], [1683, 185], [1684, 185], [1685, 185], [1687, 185], [1688, 185], [1726, 185], [1727, 185], [1728, 185], [1731, 185], [1732, 185], [1733, 185], [1768, 185], [1769, 185], [1770, 185], [1773, 185], [1774, 185], [1775, 185], [1811, 185], [1812, 185], [1813, 185], [1816, 185], [1817, 185], [1818, 185], [1641, 186], [1643, 186], [1682, 186], [1683, 186], [1684, 186], [1687, 186], [1688, 186], [1726, 186], [1727, 186], [1728, 186], [1731, 186], [1732, 186], [1768, 186], [1769, 186], [1770, 186], [1773, 186], [1774, 186], [1811, 186], [1812, 186], [1816, 186], [1817, 186], [1818, 186], [1641, 187], [1642, 187], [1643, 187], [1682, 187], [1683, 187], [1684, 187], [1687, 187], [1688, 187], [1726, 187], [1727, 187], [1730, 187], [1731, 187], [1732, 187], [1768, 187], [1769, 187], [1772, 187], [1773, 187], [1774, 187], [1810, 187], [1811, 187], [1812, 187], [1816, 187], [1817, 187], [1640, 188], [1641, 188], [1642, 188], [1643, 188], [1682, 188], [1683, 188], [1686, 188], [1687, 188], [1688, 188], [1725, 188], [1726, 188], [1727, 188], [1730, 188], [1731, 188], [1732, 188], [1768, 188], [1769, 188], [1772, 188], [1773, 188], [1774, 188], [1810, 188], [1811, 188], [1812, 188], [1815, 188], [1816, 188], [1817, 188], [1640, 189], [1642, 189], [1682, 189], [1683, 189], [1686, 189], [1687, 189], [1688, 189], [1725, 189], [1726, 189], [1727, 189], [1730, 189], [1731, 189], [1767, 189], [1768, 189], [1769, 189], [1772, 189], [1773, 189], [1810, 189], [1811, 189], [1815, 189], [1816, 189], [1817, 189], [1640, 190], [1641, 190], [1642, 190], [1681, 190], [1682, 190], [1683, 190], [1686, 190], [1687, 190], [1725, 190], [1726, 190], [1730, 190], [1731, 190], [1767, 190], [1768, 190], [1769, 190], [1771, 190], [1772, 190], [1773, 190], [1809, 190], [1810, 190], [1811, 190], [1815, 190], [1816, 190], [1681, 191], [1682, 191], [1683, 191], [1686, 191], [1687, 191], [1724, 191], [1725, 191], [1726, 191], [1729, 191], [1730, 191], [1731, 191], [1767, 191], [1768, 191], [1771, 191], [1772, 191], [1773, 191], [1809, 191], [1810, 191], [1811, 191], [1814, 191], [1815, 191], [1816, 191], [1681, 192], [1682, 192], [1685, 192], [1686, 192], [1687, 192], [1724, 192], [1725, 192], [1726, 192], [1729, 192], [1730, 192], [1731, 192], [1766, 192], [1767, 192], [1768, 192], [1771, 192], [1772, 192], [1809, 192], [1810, 192], [1814, 192], [1815, 192], [1816, 192], [1680, 193], [1681, 193], [1682, 193], [1685, 193], [1686, 193], [1687, 193], [1724, 193], [1725, 193], [1729, 193], [1730, 193], [1766, 193], [1767, 193], [1768, 193], [1770, 193], [1771, 193], [1772, 193], [1808, 193], [1809, 193], [1810, 193], [1814, 193], [1815, 193], [1680, 194], [1681, 194], [1682, 194], [1685, 194], [1686, 194], [1724, 194], [1725, 194], [1728, 194], [1729, 194], [1730, 194], [1766, 194], [1767, 194], [1770, 194], [1771, 194], [1772, 194], [1808, 194], [1809, 194], [1810, 194], [1813, 194], [1814, 194], [1815, 194], [1680, 195], [1681, 195], [1684, 195], [1685, 195], [1686, 195], [1723, 195], [1724, 195], [1725, 195], [1728, 195], [1729, 195], [1730, 195], [1765, 195], [1766, 195], [1767, 195], [1770, 195], [1771, 195], [1808, 195], [1809, 195], [1813, 195], [1814, 195], [1815, 195], [1679, 196], [1680, 196], [1681, 196], [1684, 196], [1685, 196], [1686, 196], [1723, 196], [1724, 196], [1725, 196], [1728, 196], [1729, 196], [1765, 196], [1766, 196], [1767, 196], [1770, 196], [1771, 196], [1807, 196], [1808, 196], [1809, 196], [1813, 196], [1814, 196], [1638, 197], [1639, 197], [1640, 197], [1643, 197], [1644, 197], [1645, 197], [1679, 197], [1680, 197], [1681, 197], [1684, 197], [1685, 197], [1723, 197], [1724, 197], [1727, 197], [1728, 197], [1729, 197], [1764, 197], [1765, 197], [1766, 197], [1769, 197], [1770, 197], [1771, 197], [1807, 197], [1808, 197], [1809, 197], [1812, 197], [1813, 197], [1814, 197], [1638, 198], [1639, 198], [1640, 198], [1641, 198], [1642, 198], [1643, 198], [1644, 198], [1645, 198], [1679, 198], [1680, 198], [1683, 198], [1684, 198], [1685, 198], [1723, 198], [1724, 198], [1727, 198], [1728, 198], [1729, 198], [1764, 198], [1765, 198], [1766, 198], [1769, 198], [1770, 198], [1771, 198], [1807, 198], [1808, 198], [1812, 198], [1813, 198], [1814, 198], [1638, 199], [1639, 199], [1640, 199], [1641, 199], [1642, 199], [1643, 199], [1644, 199], [1645, 199], [1679, 199], [1680, 199], [1683, 199], [1684, 199], [1685, 199], [1722, 199], [1723, 199], [1724, 199], [1726, 199], [1727, 199], [1728, 199], [1764, 199], [1765, 199], [1769, 199], [1770, 199], [1806, 199], [1807, 199], [1808, 199], [1812, 199], [1813, 199], [1637, 200], [1638, 200], [1639, 200], [1640, 200], [1641, 200], [1642, 200], [1643, 200], [1644, 200], [1679, 200], [1680, 200], [1683, 200], [1684, 200], [1722, 200], [1723, 200], [1724, 200], [1726, 200], [1727, 200], [1728, 200], [1764, 200], [1765, 200], [1768, 200], [1769, 200], [1770, 200], [1806, 200], [1807, 200], [1808, 200], [1812, 200], [1813, 200], [1637, 201], [1638, 201], [1639, 201], [1642, 201], [1643, 201], [1678, 201], [1679, 201], [1680, 201], [1682, 201], [1683, 201], [1684, 201], [1722, 201], [1723, 201], [1726, 201], [1727, 201], [1763, 201], [1764, 201], [1765, 201], [1768, 201], [1769, 201], [1770, 201], [1806, 201], [1807, 201], [1811, 201], [1812, 201], [1813, 201], [1637, 202], [1638, 202], [1641, 202], [1642, 202], [1643, 202], [1678, 202], [1679, 202], [1680, 202], [1682, 202], [1683, 202], [1684, 202], [1721, 202], [1722, 202], [1723, 202], [1726, 202], [1727, 202], [1763, 202], [1764, 202], [1765, 202], [1768, 202], [1769, 202], [1805, 202], [1806, 202], [1807, 202], [1811, 202], [1812, 202], [1813, 202], [1637, 203], [1638, 203], [1641, 203], [1642, 203], [1643, 203], [1677, 203], [1678, 203], [1679, 203], [1682, 203], [1683, 203], [1721, 203], [1722, 203], [1723, 203], [1726, 203], [1727, 203], [1763, 203], [1764, 203], [1767, 203], [1768, 203], [1769, 203], [1805, 203], [1806, 203], [1807, 203], [1810, 203], [1811, 203], [1812, 203], [1636, 204], [1637, 204], [1638, 204], [1641, 204], [1642, 204], [1677, 204], [1678, 204], [1679, 204], [1682, 204], [1683, 204], [1721, 204], [1722, 204], [1725, 204], [1726, 204], [1727, 204], [1762, 204], [1763, 204], [1764, 204], [1767, 204], [1768, 204], [1769, 204], [1805, 204], [1806, 204], [1810, 204], [1811, 204], [1812, 204], [1636, 205], [1637, 205], [1638, 205], [1640, 205], [1641, 205], [1642, 205], [1677, 205], [1678, 205], [1681, 205], [1682, 205], [1683, 205], [1720, 205], [1721, 205], [1722, 205], [1725, 205], [1726, 205], [1727, 205], [1762, 205], [1763, 205], [1764, 205], [1767, 205], [1768, 205], [1804, 205], [1805, 205], [1806, 205], [1810, 205], [1811, 205], [1636, 206], [1637, 206], [1640, 206], [1641, 206], [1642, 206], [1677, 206], [1678, 206], [1681, 206], [1682, 206], [1683, 206], [1720, 206], [1721, 206], [1722, 206], [1725, 206], [1726, 206], [1762, 206], [1763, 206], [1767, 206], [1768, 206], [1804, 206], [1805, 206], [1806, 206], [1809, 206], [1810, 206], [1811, 206], [1593, 207], [1594, 207], [1595, 207], [1636, 207], [1637, 207], [1640, 207], [1641, 207], [1676, 207], [1677, 207], [1678, 207], [1681, 207], [1682, 207], [1720, 207], [1721, 207], [1724, 207], [1725, 207], [1726, 207], [1761, 207], [1762, 207], [1763, 207], [1766, 207], [1767, 207], [1768, 207], [1803, 207], [1804, 207], [1805, 207], [1809, 207], [1810, 207], [1811, 207], [1592, 208], [1593, 208], [1594, 208], [1595, 208], [1635, 208], [1636, 208], [1637, 208], [1640, 208], [1641, 208], [1676, 208], [1677, 208], [1678, 208], [1681, 208], [1682, 208], [1719, 208], [1720, 208], [1721, 208], [1724, 208], [1725, 208], [1726, 208], [1761, 208], [1762, 208], [1763, 208], [1766, 208], [1767, 208], [1768, 208], [1803, 208], [1804, 208], [1805, 208], [1809, 208], [1810, 208], [1592, 209], [1593, 209], [1594, 209], [1595, 209], [1635, 209], [1636, 209], [1637, 209], [1639, 209], [1640, 209], [1641, 209], [1676, 209], [1677, 209], [1680, 209], [1681, 209], [1682, 209], [1719, 209], [1720, 209], [1721, 209], [1724, 209], [1725, 209], [1761, 209], [1762, 209], [1765, 209], [1766, 209], [1767, 209], [1803, 209], [1804, 209], [1808, 209], [1809, 209], [1810, 209], [1592, 210], [1593, 210], [1594, 210], [1595, 210], [1635, 210], [1636, 210], [1639, 210], [1640, 210], [1641, 210], [1675, 210], [1676, 210], [1677, 210], [1680, 210], [1681, 210], [1682, 210], [1719, 210], [1720, 210], [1724, 210], [1725, 210], [1761, 210], [1762, 210], [1765, 210], [1766, 210], [1767, 210], [1802, 210], [1803, 210], [1804, 210], [1808, 210], [1809, 210], [1810, 210], [1591, 211], [1592, 211], [1594, 211], [1595, 211], [1634, 211], [1635, 211], [1636, 211], [1639, 211], [1640, 211], [1675, 211], [1676, 211], [1677, 211], [1680, 211], [1681, 211], [1718, 211], [1719, 211], [1720, 211], [1724, 211], [1725, 211], [1760, 211], [1761, 211], [1762, 211], [1765, 211], [1766, 211], [1802, 211], [1803, 211], [1804, 211], [1808, 211], [1809, 211], [1591, 212], [1592, 212], [1593, 212], [1594, 212], [1634, 212], [1635, 212], [1636, 212], [1639, 212], [1640, 212], [1675, 212], [1676, 212], [1680, 212], [1681, 212], [1718, 212], [1719, 212], [1720, 212], [1723, 212], [1724, 212], [1725, 212], [1760, 212], [1761, 212], [1762, 212], [1765, 212], [1766, 212], [1802, 212], [1803, 212], [1807, 212], [1808, 212], [1809, 212], [1591, 213], [1592, 213], [1593, 213], [1594, 213], [1634, 213], [1635, 213], [1638, 213], [1639, 213], [1640, 213], [1674, 213], [1675, 213], [1676, 213], [1679, 213], [1680, 213], [1681, 213], [1718, 213], [1719, 213], [1723, 213], [1724, 213], [1725, 213], [1759, 213], [1760, 213], [1761, 213], [1764, 213], [1765, 213], [1766, 213], [1801, 213], [1802, 213], [1803, 213], [1807, 213], [1808, 213], [1809, 213], [1590, 214], [1591, 214], [1592, 214], [1593, 214], [1594, 214], [1634, 214], [1635, 214], [1638, 214], [1639, 214], [1640, 214], [1674, 214], [1675, 214], [1676, 214], [1679, 214], [1680, 214], [1681, 214], [1717, 214], [1718, 214], [1719, 214], [1723, 214], [1724, 214], [1759, 214], [1760, 214], [1761, 214], [1764, 214], [1765, 214], [1766, 214], [1801, 214], [1802, 214], [1803, 214], [1807, 214], [1808, 214], [1590, 215], [1591, 215], [1592, 215], [1593, 215], [1594, 215], [1633, 215], [1634, 215], [1635, 215], [1638, 215], [1639, 215], [1674, 215], [1675, 215], [1679, 215], [1680, 215], [1717, 215], [1718, 215], [1719, 215], [1722, 215], [1723, 215], [1724, 215], [1759, 215], [1760, 215], [1764, 215], [1765, 215], [1801, 215], [1802, 215], [1806, 215], [1807, 215], [1808, 215], [1590, 216], [1591, 216], [1592, 216], [1593, 216], [1594, 216], [1633, 216], [1634, 216], [1635, 216], [1637, 216], [1638, 216], [1639, 216], [1674, 216], [1675, 216], [1679, 216], [1680, 216], [1717, 216], [1718, 216], [1722, 216], [1723, 216], [1724, 216], [1758, 216], [1759, 216], [1760, 216], [1764, 216], [1765, 216], [1800, 216], [1801, 216], [1802, 216], [1806, 216], [1807, 216], [1808, 216], [1589, 217], [1590, 217], [1591, 217], [1592, 217], [1593, 217], [1594, 217], [1633, 217], [1634, 217], [1637, 217], [1638, 217], [1639, 217], [1673, 217], [1674, 217], [1675, 217], [1678, 217], [1679, 217], [1680, 217], [1717, 217], [1718, 217], [1722, 217], [1723, 217], [1758, 217], [1759, 217], [1760, 217], [1763, 217], [1764, 217], [1765, 217], [1800, 217], [1801, 217], [1802, 217], [1806, 217], [1807, 217], [1589, 218], [1590, 218], [1591, 218], [1592, 218], [1593, 218], [1632, 218], [1633, 218], [1634, 218], [1637, 218], [1638, 218], [1673, 218], [1674, 218], [1675, 218], [1678, 218], [1679, 218], [1680, 218], [1716, 218], [1717, 218], [1718, 218], [1721, 218], [1722, 218], [1723, 218], [1758, 218], [1759, 218], [1763, 218], [1764, 218], [1765, 218], [1800, 218], [1801, 218], [1805, 218], [1806, 218], [1807, 218], [1589, 219], [1590, 219], [1592, 219], [1593, 219], [1632, 219], [1633, 219], [1634, 219], [1637, 219], [1638, 219], [1673, 219], [1674, 219], [1678, 219], [1679, 219], [1716, 219], [1717, 219], [1718, 219], [1721, 219], [1722, 219], [1723, 219], [1757, 219], [1758, 219], [1759, 219], [1762, 219], [1763, 219], [1764, 219], [1799, 219], [1800, 219], [1801, 219], [1805, 219], [1806, 219], [1807, 219], [1588, 220], [1589, 220], [1590, 220], [1591, 220], [1592, 220], [1593, 220], [1632, 220], [1633, 220], [1637, 220], [1638, 220], [1672, 220], [1673, 220], [1674, 220], [1678, 220], [1679, 220], [1716, 220], [1717, 220], [1721, 220], [1722, 220], [1757, 220], [1758, 220], [1759, 220], [1762, 220], [1763, 220], [1764, 220], [1799, 220], [1800, 220], [1801, 220], [1805, 220], [1806, 220], [1588, 221], [1589, 221], [1590, 221], [1591, 221], [1592, 221], [1593, 221], [1631, 221], [1632, 221], [1633, 221], [1636, 221], [1637, 221], [1638, 221], [1672, 221], [1673, 221], [1674, 221], [1677, 221], [1678, 221], [1679, 221], [1716, 221], [1717, 221], [1721, 221], [1722, 221], [1757, 221], [1758, 221], [1762, 221], [1763, 221], [1798, 221], [1799, 221], [1800, 221], [1804, 221], [1805, 221], [1806, 221], [1588, 222], [1589, 222], [1591, 222], [1592, 222], [1631, 222], [1632, 222], [1633, 222], [1636, 222], [1637, 222], [1638, 222], [1672, 222], [1673, 222], [1677, 222], [1678, 222], [1679, 222], [1716, 222], [1717, 222], [1720, 222], [1721, 222], [1722, 222], [1757, 222], [1758, 222], [1761, 222], [1762, 222], [1763, 222], [1798, 222], [1799, 222], [1800, 222], [1804, 222], [1805, 222], [1806, 222], [1587, 223], [1588, 223], [1589, 223], [1591, 223], [1592, 223], [1631, 223], [1632, 223], [1636, 223], [1637, 223], [1671, 223], [1672, 223], [1673, 223], [1677, 223], [1678, 223], [1716, 223], [1717, 223], [1718, 223], [1719, 223], [1720, 223], [1721, 223], [1722, 223], [1757, 223], [1758, 223], [1759, 223], [1760, 223], [1761, 223], [1762, 223], [1763, 223], [1798, 223], [1799, 223], [1804, 223], [1805, 223], [1587, 224], [1588, 224], [1589, 224], [1591, 224], [1592, 224], [1630, 224], [1631, 224], [1632, 224], [1635, 224], [1636, 224], [1637, 224], [1671, 224], [1672, 224], [1673, 224], [1677, 224], [1678, 224], [1716, 224], [1717, 224], [1718, 224], [1719, 224], [1720, 224], [1721, 224], [1757, 224], [1758, 224], [1759, 224], [1760, 224], [1761, 224], [1762, 224], [1797, 224], [1798, 224], [1799, 224], [1804, 224], [1805, 224], [1587, 225], [1588, 225], [1591, 225], [1592, 225], [1630, 225], [1631, 225], [1632, 225], [1635, 225], [1636, 225], [1637, 225], [1671, 225], [1672, 225], [1676, 225], [1677, 225], [1678, 225], [1797, 225], [1798, 225], [1799, 225], [1803, 225], [1804, 225], [1805, 225], [1586, 226], [1587, 226], [1588, 226], [1590, 226], [1591, 226], [1592, 226], [1630, 226], [1631, 226], [1635, 226], [1636, 226], [1671, 226], [1672, 226], [1676, 226], [1677, 226], [1678, 226], [1797, 226], [1798, 226], [1803, 226], [1804, 226], [1805, 226], [1586, 227], [1587, 227], [1588, 227], [1590, 227], [1591, 227], [1592, 227], [1630, 227], [1631, 227], [1634, 227], [1635, 227], [1636, 227], [1670, 227], [1671, 227], [1672, 227], [1676, 227], [1677, 227], [1796, 227], [1797, 227], [1798, 227], [1803, 227], [1804, 227], [1586, 228], [1587, 228], [1590, 228], [1591, 228], [1629, 228], [1630, 228], [1631, 228], [1634, 228], [1635, 228], [1636, 228], [1670, 228], [1671, 228], [1672, 228], [1675, 228], [1676, 228], [1677, 228], [1796, 228], [1797, 228], [1798, 228], [1802, 228], [1803, 228], [1804, 228], [1585, 229], [1586, 229], [1587, 229], [1589, 229], [1590, 229], [1591, 229], [1629, 229], [1630, 229], [1631, 229], [1634, 229], [1635, 229], [1670, 229], [1671, 229], [1675, 229], [1676, 229], [1677, 229], [1795, 229], [1796, 229], [1797, 229], [1802, 229], [1803, 229], [1804, 229], [1585, 230], [1586, 230], [1587, 230], [1589, 230], [1590, 230], [1591, 230], [1629, 230], [1630, 230], [1634, 230], [1635, 230], [1669, 230], [1670, 230], [1671, 230], [1675, 230], [1676, 230], [1795, 230], [1796, 230], [1797, 230], [1802, 230], [1803, 230], [1562, 231], [1563, 231], [1564, 231], [1565, 231], [1585, 231], [1586, 231], [1589, 231], [1590, 231], [1628, 231], [1629, 231], [1630, 231], [1633, 231], [1634, 231], [1635, 231], [1669, 231], [1670, 231], [1671, 231], [1674, 231], [1675, 231], [1676, 231], [1795, 231], [1796, 231], [1801, 231], [1802, 231], [1803, 231], [1561, 232], [1562, 232], [1563, 232], [1564, 232], [1565, 232], [1566, 232], [1567, 232], [1585, 232], [1586, 232], [1589, 232], [1590, 232], [1628, 232], [1629, 232], [1630, 232], [1633, 232], [1634, 232], [1635, 232], [1669, 232], [1670, 232], [1674, 232], [1675, 232], [1676, 232], [1795, 232], [1796, 232], [1801, 232], [1802, 232], [1803, 232], [1560, 233], [1561, 233], [1562, 233], [1563, 233], [1564, 233], [1565, 233], [1566, 233], [1567, 233], [1585, 233], [1586, 233], [1588, 233], [1589, 233], [1590, 233], [1628, 233], [1629, 233], [1633, 233], [1634, 233], [1669, 233], [1670, 233], [1674, 233], [1675, 233], [1794, 233], [1795, 233], [1796, 233], [1801, 233], [1802, 233], [1560, 234], [1561, 234], [1562, 234], [1565, 234], [1566, 234], [1567, 234], [1584, 234], [1585, 234], [1586, 234], [1588, 234], [1589, 234], [1590, 234], [1609, 234], [1610, 234], [1611, 234], [1612, 234], [1613, 234], [1614, 234], [1627, 234], [1628, 234], [1629, 234], [1633, 234], [1634, 234], [1668, 234], [1669, 234], [1670, 234], [1674, 234], [1675, 234], [1794, 234], [1795, 234], [1796, 234], [1800, 234], [1801, 234], [1802, 234], [1559, 235], [1560, 235], [1561, 235], [1564, 235], [1565, 235], [1566, 235], [1584, 235], [1585, 235], [1586, 235], [1588, 235], [1589, 235], [1607, 235], [1608, 235], [1609, 235], [1610, 235], [1611, 235], [1612, 235], [1613, 235], [1614, 235], [1615, 235], [1616, 235], [1627, 235], [1628, 235], [1629, 235], [1632, 235], [1633, 235], [1634, 235], [1668, 235], [1669, 235], [1670, 235], [1673, 235], [1674, 235], [1675, 235], [1793, 235], [1794, 235], [1795, 235], [1800, 235], [1801, 235], [1802, 235], [1559, 236], [1560, 236], [1561, 236], [1564, 236], [1565, 236], [1566, 236], [1584, 236], [1585, 236], [1587, 236], [1588, 236], [1589, 236], [1606, 236], [1607, 236], [1608, 236], [1609, 236], [1611, 236], [1612, 236], [1614, 236], [1615, 236], [1616, 236], [1617, 236], [1627, 236], [1628, 236], [1632, 236], [1633, 236], [1634, 236], [1667, 236], [1668, 236], [1669, 236], [1673, 236], [1674, 236], [1675, 236], [1793, 236], [1794, 236], [1795, 236], [1800, 236], [1801, 236], [1559, 237], [1560, 237], [1561, 237], [1562, 237], [1563, 237], [1564, 237], [1565, 237], [1583, 237], [1584, 237], [1585, 237], [1587, 237], [1588, 237], [1589, 237], [1605, 237], [1606, 237], [1607, 237], [1608, 237], [1609, 237], [1610, 237], [1611, 237], [1612, 237], [1613, 237], [1614, 237], [1616, 237], [1617, 237], [1627, 237], [1628, 237], [1632, 237], [1633, 237], [1667, 237], [1668, 237], [1669, 237], [1673, 237], [1674, 237], [1793, 237], [1794, 237], [1799, 237], [1800, 237], [1801, 237], [1560, 238], [1561, 238], [1562, 238], [1563, 238], [1564, 238], [1565, 238], [1583, 238], [1584, 238], [1585, 238], [1587, 238], [1588, 238], [1605, 238], [1606, 238], [1607, 238], [1608, 238], [1609, 238], [1610, 238], [1611, 238], [1612, 238], [1613, 238], [1614, 238], [1615, 238], [1616, 238], [1617, 238], [1626, 238], [1627, 238], [1628, 238], [1632, 238], [1633, 238], [1667, 238], [1668, 238], [1673, 238], [1674, 238], [1792, 238], [1793, 238], [1794, 238], [1799, 238], [1800, 238], [1801, 238], [1583, 239], [1584, 239], [1587, 239], [1588, 239], [1605, 239], [1606, 239], [1607, 239], [1608, 239], [1614, 239], [1615, 239], [1616, 239], [1617, 239], [1626, 239], [1627, 239], [1628, 239], [1631, 239], [1632, 239], [1633, 239], [1667, 239], [1668, 239], [1672, 239], [1673, 239], [1674, 239], [1792, 239], [1793, 239], [1794, 239], [1799, 239], [1800, 239], [1583, 240], [1584, 240], [1586, 240], [1587, 240], [1588, 240], [1605, 240], [1607, 240], [1613, 240], [1614, 240], [1615, 240], [1616, 240], [1617, 240], [1626, 240], [1627, 240], [1631, 240], [1632, 240], [1633, 240], [1667, 240], [1668, 240], [1672, 240], [1673, 240], [1674, 240], [1792, 240], [1793, 240], [1798, 240], [1799, 240], [1800, 240], [1582, 241], [1583, 241], [1584, 241], [1586, 241], [1587, 241], [1588, 241], [1605, 241], [1607, 241], [1613, 241], [1614, 241], [1615, 241], [1616, 241], [1617, 241], [1625, 241], [1626, 241], [1627, 241], [1631, 241], [1632, 241], [1666, 241], [1667, 241], [1668, 241], [1672, 241], [1673, 241], [1791, 241], [1792, 241], [1793, 241], [1798, 241], [1799, 241], [1800, 241], [1582, 242], [1583, 242], [1584, 242], [1586, 242], [1587, 242], [1605, 242], [1607, 242], [1610, 242], [1611, 242], [1612, 242], [1613, 242], [1614, 242], [1616, 242], [1617, 242], [1625, 242], [1626, 242], [1627, 242], [1630, 242], [1631, 242], [1632, 242], [1666, 242], [1667, 242], [1668, 242], [1671, 242], [1672, 242], [1673, 242], [1791, 242], [1792, 242], [1793, 242], [1798, 242], [1799, 242], [1582, 243], [1583, 243], [1586, 243], [1587, 243], [1605, 243], [1606, 243], [1607, 243], [1608, 243], [1609, 243], [1610, 243], [1611, 243], [1612, 243], [1613, 243], [1615, 243], [1616, 243], [1617, 243], [1625, 243], [1626, 243], [1630, 243], [1631, 243], [1632, 243], [1666, 243], [1667, 243], [1671, 243], [1672, 243], [1673, 243], [1790, 243], [1791, 243], [1792, 243], [1797, 243], [1798, 243], [1799, 243], [1582, 244], [1583, 244], [1585, 244], [1586, 244], [1587, 244], [1605, 244], [1606, 244], [1607, 244], [1608, 244], [1609, 244], [1610, 244], [1612, 244], [1613, 244], [1614, 244], [1615, 244], [1616, 244], [1617, 244], [1625, 244], [1626, 244], [1630, 244], [1631, 244], [1665, 244], [1666, 244], [1667, 244], [1671, 244], [1672, 244], [1790, 244], [1791, 244], [1792, 244], [1797, 244], [1798, 244], [1799, 244], [1581, 245], [1582, 245], [1583, 245], [1585, 245], [1586, 245], [1587, 245], [1605, 245], [1606, 245], [1607, 245], [1608, 245], [1609, 245], [1610, 245], [1611, 245], [1612, 245], [1613, 245], [1614, 245], [1615, 245], [1624, 245], [1625, 245], [1626, 245], [1629, 245], [1630, 245], [1631, 245], [1665, 245], [1666, 245], [1667, 245], [1671, 245], [1672, 245], [1790, 245], [1791, 245], [1797, 245], [1798, 245], [1581, 246], [1582, 246], [1583, 246], [1585, 246], [1586, 246], [1608, 246], [1609, 246], [1610, 246], [1611, 246], [1612, 246], [1624, 246], [1625, 246], [1626, 246], [1629, 246], [1630, 246], [1631, 246], [1665, 246], [1666, 246], [1671, 246], [1672, 246], [1790, 246], [1791, 246], [1796, 246], [1797, 246], [1798, 246], [1581, 247], [1582, 247], [1585, 247], [1586, 247], [1624, 247], [1625, 247], [1629, 247], [1630, 247], [1665, 247], [1666, 247], [1670, 247], [1671, 247], [1672, 247], [1789, 247], [1790, 247], [1791, 247], [1796, 247], [1797, 247], [1798, 247], [1580, 248], [1581, 248], [1582, 248], [1584, 248], [1585, 248], [1586, 248], [1624, 248], [1625, 248], [1628, 248], [1629, 248], [1630, 248], [1664, 248], [1665, 248], [1666, 248], [1670, 248], [1671, 248], [1672, 248], [1789, 248], [1790, 248], [1791, 248], [1796, 248], [1797, 248], [1580, 249], [1581, 249], [1582, 249], [1584, 249], [1585, 249], [1586, 249], [1623, 249], [1624, 249], [1625, 249], [1628, 249], [1629, 249], [1630, 249], [1664, 249], [1665, 249], [1666, 249], [1670, 249], [1671, 249], [1789, 249], [1790, 249], [1795, 249], [1796, 249], [1797, 249], [1580, 250], [1581, 250], [1584, 250], [1585, 250], [1623, 250], [1624, 250], [1625, 250], [1628, 250], [1629, 250], [1664, 250], [1665, 250], [1670, 250], [1671, 250], [1788, 250], [1789, 250], [1790, 250], [1795, 250], [1796, 250], [1797, 250], [1579, 251], [1580, 251], [1581, 251], [1583, 251], [1584, 251], [1585, 251], [1623, 251], [1624, 251], [1628, 251], [1629, 251], [1663, 251], [1664, 251], [1665, 251], [1669, 251], [1670, 251], [1671, 251], [1788, 251], [1789, 251], [1790, 251], [1795, 251], [1796, 251], [1579, 252], [1580, 252], [1581, 252], [1583, 252], [1584, 252], [1585, 252], [1623, 252], [1624, 252], [1627, 252], [1628, 252], [1629, 252], [1663, 252], [1664, 252], [1665, 252], [1669, 252], [1670, 252], [1671, 252], [1787, 252], [1788, 252], [1789, 252], [1794, 252], [1795, 252], [1796, 252], [1578, 253], [1579, 253], [1580, 253], [1583, 253], [1584, 253], [1622, 253], [1623, 253], [1624, 253], [1627, 253], [1628, 253], [1629, 253], [1663, 253], [1664, 253], [1669, 253], [1670, 253], [1787, 253], [1788, 253], [1789, 253], [1794, 253], [1795, 253], [1796, 253], [1578, 254], [1579, 254], [1580, 254], [1583, 254], [1584, 254], [1622, 254], [1623, 254], [1624, 254], [1627, 254], [1628, 254], [1662, 254], [1663, 254], [1664, 254], [1668, 254], [1669, 254], [1670, 254], [1787, 254], [1788, 254], [1794, 254], [1795, 254], [1578, 255], [1579, 255], [1583, 255], [1584, 255], [1622, 255], [1623, 255], [1626, 255], [1627, 255], [1628, 255], [1662, 255], [1663, 255], [1664, 255], [1668, 255], [1669, 255], [1670, 255], [1787, 255], [1788, 255], [1793, 255], [1794, 255], [1795, 255], [1578, 256], [1579, 256], [1583, 256], [1584, 256], [1621, 256], [1622, 256], [1623, 256], [1626, 256], [1627, 256], [1628, 256], [1662, 256], [1663, 256], [1668, 256], [1669, 256], [1786, 256], [1787, 256], [1788, 256], [1793, 256], [1794, 256], [1795, 256], [1578, 257], [1579, 257], [1582, 257], [1583, 257], [1584, 257], [1621, 257], [1622, 257], [1623, 257], [1626, 257], [1627, 257], [1662, 257], [1663, 257], [1667, 257], [1668, 257], [1669, 257], [1786, 257], [1787, 257], [1788, 257], [1792, 257], [1793, 257], [1794, 257], [1578, 258], [1579, 258], [1582, 258], [1583, 258], [1584, 258], [1621, 258], [1622, 258], [1626, 258], [1627, 258], [1661, 258], [1662, 258], [1663, 258], [1667, 258], [1668, 258], [1669, 258], [1786, 258], [1787, 258], [1792, 258], [1793, 258], [1794, 258], [1577, 259], [1578, 259], [1579, 259], [1581, 259], [1582, 259], [1583, 259], [1620, 259], [1621, 259], [1622, 259], [1625, 259], [1626, 259], [1627, 259], [1661, 259], [1662, 259], [1663, 259], [1667, 259], [1668, 259], [1785, 259], [1786, 259], [1787, 259], [1792, 259], [1793, 259], [1577, 260], [1578, 260], [1579, 260], [1581, 260], [1582, 260], [1583, 260], [1620, 260], [1621, 260], [1622, 260], [1625, 260], [1626, 260], [1627, 260], [1661, 260], [1662, 260], [1666, 260], [1667, 260], [1668, 260], [1785, 260], [1786, 260], [1787, 260], [1792, 260], [1793, 260], [1576, 261], [1577, 261], [1578, 261], [1581, 261], [1582, 261], [1620, 261], [1621, 261], [1625, 261], [1626, 261], [1661, 261], [1662, 261], [1666, 261], [1667, 261], [1668, 261], [1784, 261], [1785, 261], [1786, 261], [1791, 261], [1792, 261], [1793, 261], [1576, 262], [1577, 262], [1578, 262], [1581, 262], [1582, 262], [1619, 262], [1620, 262], [1621, 262], [1624, 262], [1625, 262], [1626, 262], [1660, 262], [1661, 262], [1662, 262], [1666, 262], [1667, 262], [1784, 262], [1785, 262], [1786, 262], [1791, 262], [1792, 262], [1793, 262], [1576, 263], [1577, 263], [1580, 263], [1581, 263], [1582, 263], [1619, 263], [1620, 263], [1621, 263], [1624, 263], [1625, 263], [1626, 263], [1660, 263], [1661, 263], [1662, 263], [1666, 263], [1667, 263], [1784, 263], [1785, 263], [1791, 263], [1792, 263], [1576, 264], [1577, 264], [1580, 264], [1581, 264], [1582, 264], [1619, 264], [1620, 264], [1624, 264], [1625, 264], [1660, 264], [1661, 264], [1665, 264], [1666, 264], [1667, 264], [1783, 264], [1784, 264], [1785, 264], [1790, 264], [1791, 264], [1792, 264], [1575, 265], [1576, 265], [1577, 265], [1580, 265], [1581, 265], [1619, 265], [1620, 265], [1624, 265], [1625, 265], [1659, 265], [1660, 265], [1661, 265], [1665, 265], [1666, 265], [1667, 265], [1783, 265], [1784, 265], [1785, 265], [1790, 265], [1791, 265], [1792, 265], [1575, 266], [1576, 266], [1577, 266], [1580, 266], [1581, 266], [1618, 266], [1619, 266], [1620, 266], [1623, 266], [1624, 266], [1625, 266], [1659, 266], [1660, 266], [1661, 266], [1665, 266], [1666, 266], [1783, 266], [1784, 266], [1790, 266], [1791, 266], [1575, 267], [1576, 267], [1579, 267], [1580, 267], [1581, 267], [1618, 267], [1619, 267], [1620, 267], [1623, 267], [1624, 267], [1625, 267], [1659, 267], [1660, 267], [1665, 267], [1666, 267], [1703, 267], [1704, 267], [1705, 267], [1706, 267], [1707, 267], [1708, 267], [1743, 267], [1744, 267], [1745, 267], [1746, 267], [1747, 267], [1748, 267], [1783, 267], [1784, 267], [1789, 267], [1790, 267], [1791, 267], [1575, 268], [1576, 268], [1579, 268], [1580, 268], [1581, 268], [1618, 268], [1619, 268], [1623, 268], [1624, 268], [1659, 268], [1660, 268], [1664, 268], [1665, 268], [1666, 268], [1702, 268], [1703, 268], [1704, 268], [1705, 268], [1706, 268], [1707, 268], [1708, 268], [1742, 268], [1743, 268], [1744, 268], [1745, 268], [1746, 268], [1747, 268], [1748, 268], [1782, 268], [1783, 268], [1784, 268], [1789, 268], [1790, 268], [1791, 268], [1574, 269], [1575, 269], [1576, 269], [1579, 269], [1580, 269], [1618, 269], [1619, 269], [1622, 269], [1623, 269], [1624, 269], [1658, 269], [1659, 269], [1660, 269], [1664, 269], [1665, 269], [1666, 269], [1701, 269], [1702, 269], [1703, 269], [1704, 269], [1706, 269], [1707, 269], [1708, 269], [1741, 269], [1742, 269], [1743, 269], [1744, 269], [1747, 269], [1748, 269], [1782, 269], [1783, 269], [1784, 269], [1789, 269], [1790, 269], [1574, 270], [1575, 270], [1576, 270], [1579, 270], [1580, 270], [1617, 270], [1618, 270], [1619, 270], [1622, 270], [1623, 270], [1624, 270], [1658, 270], [1659, 270], [1660, 270], [1664, 270], [1665, 270], [1701, 270], [1702, 270], [1703, 270], [1706, 270], [1707, 270], [1708, 270], [1741, 270], [1742, 270], [1743, 270], [1747, 270], [1748, 270], [1782, 270], [1783, 270], [1789, 270], [1790, 270], [1574, 271], [1575, 271], [1578, 271], [1579, 271], [1580, 271], [1617, 271], [1618, 271], [1619, 271], [1622, 271], [1623, 271], [1658, 271], [1659, 271], [1663, 271], [1664, 271], [1665, 271], [1700, 271], [1701, 271], [1702, 271], [1706, 271], [1707, 271], [1740, 271], [1741, 271], [1742, 271], [1747, 271], [1748, 271], [1781, 271], [1782, 271], [1783, 271], [1788, 271], [1789, 271], [1790, 271], [1574, 272], [1575, 272], [1578, 272], [1579, 272], [1580, 272], [1617, 272], [1618, 272], [1622, 272], [1623, 272], [1657, 272], [1658, 272], [1659, 272], [1663, 272], [1664, 272], [1665, 272], [1700, 272], [1701, 272], [1702, 272], [1706, 272], [1707, 272], [1740, 272], [1741, 272], [1742, 272], [1746, 272], [1747, 272], [1748, 272], [1781, 272], [1782, 272], [1783, 272], [1788, 272], [1789, 272], [1790, 272], [1573, 273], [1574, 273], [1575, 273], [1578, 273], [1579, 273], [1616, 273], [1617, 273], [1618, 273], [1621, 273], [1622, 273], [1623, 273], [1657, 273], [1658, 273], [1659, 273], [1663, 273], [1664, 273], [1665, 273], [1700, 273], [1701, 273], [1705, 273], [1706, 273], [1707, 273], [1740, 273], [1741, 273], [1746, 273], [1747, 273], [1748, 273], [1780, 273], [1781, 273], [1782, 273], [1788, 273], [1789, 273], [1573, 274], [1574, 274], [1575, 274], [1577, 274], [1578, 274], [1579, 274], [1616, 274], [1617, 274], [1618, 274], [1621, 274], [1622, 274], [1623, 274], [1657, 274], [1658, 274], [1663, 274], [1664, 274], [1665, 274], [1666, 274], [1667, 274], [1699, 274], [1700, 274], [1701, 274], [1705, 274], [1706, 274], [1707, 274], [1739, 274], [1740, 274], [1741, 274], [1746, 274], [1747, 274], [1780, 274], [1781, 274], [1782, 274], [1787, 274], [1788, 274], [1789, 274], [1573, 275], [1574, 275], [1577, 275], [1578, 275], [1579, 275], [1616, 275], [1617, 275], [1621, 275], [1622, 275], [1656, 275], [1657, 275], [1658, 275], [1664, 275], [1665, 275], [1666, 275], [1667, 275], [1699, 275], [1700, 275], [1701, 275], [1704, 275], [1705, 275], [1706, 275], [1739, 275], [1740, 275], [1741, 275], [1745, 275], [1746, 275], [1747, 275], [1780, 275], [1781, 275], [1787, 275], [1788, 275], [1789, 275], [1572, 276], [1573, 276], [1574, 276], [1577, 276], [1578, 276], [1615, 276], [1616, 276], [1617, 276], [1620, 276], [1621, 276], [1622, 276], [1655, 276], [1656, 276], [1657, 276], [1658, 276], [1663, 276], [1664, 276], [1665, 276], [1666, 276], [1667, 276], [1699, 276], [1700, 276], [1704, 276], [1705, 276], [1706, 276], [1739, 276], [1740, 276], [1745, 276], [1746, 276], [1747, 276], [1779, 276], [1780, 276], [1781, 276], [1786, 276], [1787, 276], [1788, 276], [1572, 277], [1573, 277], [1574, 277], [1576, 277], [1577, 277], [1578, 277], [1615, 277], [1616, 277], [1617, 277], [1620, 277], [1621, 277], [1622, 277], [1655, 277], [1656, 277], [1657, 277], [1662, 277], [1663, 277], [1664, 277], [1665, 277], [1666, 277], [1667, 277], [1698, 277], [1699, 277], [1700, 277], [1704, 277], [1705, 277], [1738, 277], [1739, 277], [1740, 277], [1745, 277], [1746, 277], [1779, 277], [1780, 277], [1781, 277], [1786, 277], [1787, 277], [1788, 277], [1572, 278], [1573, 278], [1576, 278], [1577, 278], [1578, 278], [1615, 278], [1616, 278], [1620, 278], [1621, 278], [1655, 278], [1656, 278], [1662, 278], [1663, 278], [1664, 278], [1698, 278], [1699, 278], [1700, 278], [1704, 278], [1705, 278], [1738, 278], [1739, 278], [1740, 278], [1744, 278], [1745, 278], [1746, 278], [1779, 278], [1780, 278], [1786, 278], [1787, 278], [1572, 279], [1573, 279], [1576, 279], [1577, 279], [1614, 279], [1615, 279], [1616, 279], [1619, 279], [1620, 279], [1621, 279], [1655, 279], [1656, 279], [1662, 279], [1663, 279], [1697, 279], [1698, 279], [1699, 279], [1703, 279], [1704, 279], [1705, 279], [1738, 279], [1739, 279], [1744, 279], [1745, 279], [1746, 279], [1778, 279], [1779, 279], [1780, 279], [1785, 279], [1786, 279], [1787, 279], [1571, 280], [1572, 280], [1573, 280], [1576, 280], [1577, 280], [1614, 280], [1615, 280], [1616, 280], [1619, 280], [1620, 280], [1621, 280], [1655, 280], [1656, 280], [1661, 280], [1662, 280], [1663, 280], [1697, 280], [1698, 280], [1699, 280], [1703, 280], [1704, 280], [1705, 280], [1737, 280], [1738, 280], [1739, 280], [1744, 280], [1745, 280], [1778, 280], [1779, 280], [1780, 280], [1785, 280], [1786, 280], [1787, 280], [1571, 281], [1572, 281], [1573, 281], [1575, 281], [1576, 281], [1577, 281], [1614, 281], [1615, 281], [1619, 281], [1620, 281], [1655, 281], [1656, 281], [1661, 281], [1662, 281], [1663, 281], [1697, 281], [1698, 281], [1702, 281], [1703, 281], [1704, 281], [1737, 281], [1738, 281], [1739, 281], [1743, 281], [1744, 281], [1745, 281], [1778, 281], [1779, 281], [1785, 281], [1786, 281], [1571, 282], [1572, 282], [1575, 282], [1576, 282], [1577, 282], [1614, 282], [1615, 282], [1618, 282], [1619, 282], [1620, 282], [1655, 282], [1656, 282], [1660, 282], [1661, 282], [1662, 282], [1696, 282], [1697, 282], [1698, 282], [1702, 282], [1703, 282], [1704, 282], [1737, 282], [1738, 282], [1743, 282], [1744, 282], [1745, 282], [1777, 282], [1778, 282], [1779, 282], [1784, 282], [1785, 282], [1786, 282], [1571, 283], [1572, 283], [1575, 283], [1576, 283], [1614, 283], [1615, 283], [1618, 283], [1619, 283], [1620, 283], [1654, 283], [1655, 283], [1656, 283], [1660, 283], [1661, 283], [1662, 283], [1696, 283], [1697, 283], [1698, 283], [1702, 283], [1703, 283], [1737, 283], [1738, 283], [1743, 283], [1744, 283], [1777, 283], [1778, 283], [1779, 283], [1784, 283], [1785, 283], [1786, 283], [1570, 284], [1571, 284], [1572, 284], [1574, 284], [1575, 284], [1576, 284], [1614, 284], [1615, 284], [1618, 284], [1619, 284], [1654, 284], [1655, 284], [1656, 284], [1660, 284], [1661, 284], [1696, 284], [1697, 284], [1702, 284], [1703, 284], [1736, 284], [1737, 284], [1738, 284], [1742, 284], [1743, 284], [1744, 284], [1777, 284], [1778, 284], [1784, 284], [1785, 284], [1570, 285], [1571, 285], [1572, 285], [1574, 285], [1575, 285], [1576, 285], [1613, 285], [1614, 285], [1615, 285], [1618, 285], [1619, 285], [1654, 285], [1655, 285], [1660, 285], [1661, 285], [1695, 285], [1696, 285], [1697, 285], [1701, 285], [1702, 285], [1703, 285], [1736, 285], [1737, 285], [1738, 285], [1742, 285], [1743, 285], [1744, 285], [1776, 285], [1777, 285], [1778, 285], [1783, 285], [1784, 285], [1785, 285], [1570, 286], [1571, 286], [1574, 286], [1575, 286], [1613, 286], [1614, 286], [1615, 286], [1617, 286], [1618, 286], [1619, 286], [1653, 286], [1654, 286], [1655, 286], [1659, 286], [1660, 286], [1661, 286], [1695, 286], [1696, 286], [1697, 286], [1701, 286], [1702, 286], [1703, 286], [1736, 286], [1737, 286], [1742, 286], [1743, 286], [1776, 286], [1777, 286], [1778, 286], [1783, 286], [1784, 286], [1785, 286], [1569, 287], [1570, 287], [1571, 287], [1574, 287], [1575, 287], [1613, 287], [1614, 287], [1615, 287], [1617, 287], [1618, 287], [1619, 287], [1653, 287], [1654, 287], [1655, 287], [1659, 287], [1660, 287], [1661, 287], [1693, 287], [1694, 287], [1695, 287], [1696, 287], [1701, 287], [1702, 287], [1735, 287], [1736, 287], [1737, 287], [1741, 287], [1742, 287], [1743, 287], [1775, 287], [1776, 287], [1777, 287], [1783, 287], [1784, 287], [1569, 288], [1570, 288], [1571, 288], [1573, 288], [1574, 288], [1575, 288], [1613, 288], [1614, 288], [1615, 288], [1617, 288], [1618, 288], [1653, 288], [1654, 288], [1659, 288], [1660, 288], [1691, 288], [1692, 288], [1693, 288], [1694, 288], [1695, 288], [1696, 288], [1701, 288], [1702, 288], [1735, 288], [1736, 288], [1737, 288], [1741, 288], [1742, 288], [1743, 288], [1775, 288], [1776, 288], [1777, 288], [1782, 288], [1783, 288], [1784, 288], [1569, 289], [1570, 289], [1573, 289], [1574, 289], [1575, 289], [1613, 289], [1614, 289], [1615, 289], [1616, 289], [1617, 289], [1618, 289], [1652, 289], [1653, 289], [1654, 289], [1658, 289], [1659, 289], [1660, 289], [1691, 289], [1692, 289], [1693, 289], [1694, 289], [1701, 289], [1702, 289], [1703, 289], [1735, 289], [1736, 289], [1741, 289], [1742, 289], [1775, 289], [1776, 289], [1782, 289], [1783, 289], [1784, 289], [1569, 290], [1570, 290], [1573, 290], [1574, 290], [1613, 290], [1614, 290], [1615, 290], [1616, 290], [1617, 290], [1618, 290], [1652, 290], [1653, 290], [1654, 290], [1658, 290], [1659, 290], [1660, 290], [1691, 290], [1692, 290], [1693, 290], [1694, 290], [1696, 290], [1697, 290], [1698, 290], [1701, 290], [1702, 290], [1703, 290], [1734, 290], [1735, 290], [1736, 290], [1741, 290], [1742, 290], [1775, 290], [1776, 290], [1782, 290], [1783, 290], [1568, 291], [1569, 291], [1570, 291], [1572, 291], [1573, 291], [1574, 291], [1614, 291], [1615, 291], [1616, 291], [1617, 291], [1652, 291], [1653, 291], [1658, 291], [1659, 291], [1692, 291], [1693, 291], [1694, 291], [1696, 291], [1697, 291], [1698, 291], [1699, 291], [1702, 291], [1703, 291], [1704, 291], [1705, 291], [1734, 291], [1735, 291], [1736, 291], [1740, 291], [1741, 291], [1742, 291], [1774, 291], [1775, 291], [1776, 291], [1781, 291], [1782, 291], [1783, 291], [1568, 292], [1569, 292], [1570, 292], [1572, 292], [1573, 292], [1574, 292], [1614, 292], [1615, 292], [1616, 292], [1617, 292], [1652, 292], [1653, 292], [1658, 292], [1659, 292], [1693, 292], [1694, 292], [1695, 292], [1696, 292], [1697, 292], [1698, 292], [1699, 292], [1702, 292], [1703, 292], [1704, 292], [1705, 292], [1706, 292], [1707, 292], [1734, 292], [1735, 292], [1740, 292], [1741, 292], [1742, 292], [1774, 292], [1775, 292], [1776, 292], [1781, 292], [1782, 292], [1783, 292], [1568, 293], [1569, 293], [1572, 293], [1573, 293], [1651, 293], [1652, 293], [1653, 293], [1657, 293], [1658, 293], [1659, 293], [1693, 293], [1694, 293], [1695, 293], [1696, 293], [1697, 293], [1698, 293], [1699, 293], [1700, 293], [1701, 293], [1702, 293], [1703, 293], [1704, 293], [1705, 293], [1706, 293], [1707, 293], [1733, 293], [1734, 293], [1735, 293], [1740, 293], [1741, 293], [1774, 293], [1775, 293], [1781, 293], [1782, 293], [1568, 294], [1569, 294], [1572, 294], [1573, 294], [1651, 294], [1652, 294], [1653, 294], [1657, 294], [1658, 294], [1659, 294], [1692, 294], [1693, 294], [1694, 294], [1695, 294], [1696, 294], [1697, 294], [1698, 294], [1699, 294], [1700, 294], [1701, 294], [1702, 294], [1703, 294], [1704, 294], [1705, 294], [1706, 294], [1707, 294], [1733, 294], [1734, 294], [1735, 294], [1739, 294], [1740, 294], [1741, 294], [1773, 294], [1774, 294], [1775, 294], [1780, 294], [1781, 294], [1782, 294], [1567, 295], [1568, 295], [1569, 295], [1571, 295], [1572, 295], [1573, 295], [1651, 295], [1652, 295], [1657, 295], [1658, 295], [1692, 295], [1693, 295], [1694, 295], [1699, 295], [1700, 295], [1701, 295], [1733, 295], [1734, 295], [1739, 295], [1740, 295], [1741, 295], [1773, 295], [1774, 295], [1775, 295], [1780, 295], [1781, 295], [1782, 295], [1567, 296], [1568, 296], [1569, 296], [1571, 296], [1572, 296], [1573, 296], [1651, 296], [1652, 296], [1656, 296], [1657, 296], [1658, 296], [1692, 296], [1693, 296], [1698, 296], [1699, 296], [1700, 296], [1732, 296], [1733, 296], [1734, 296], [1739, 296], [1740, 296], [1773, 296], [1774, 296], [1780, 296], [1781, 296], [1567, 297], [1568, 297], [1571, 297], [1572, 297], [1650, 297], [1651, 297], [1652, 297], [1656, 297], [1657, 297], [1658, 297], [1691, 297], [1692, 297], [1693, 297], [1698, 297], [1699, 297], [1700, 297], [1732, 297], [1733, 297], [1734, 297], [1739, 297], [1740, 297], [1773, 297], [1774, 297], [1779, 297], [1780, 297], [1781, 297], [1566, 298], [1567, 298], [1568, 298], [1571, 298], [1572, 298], [1650, 298], [1651, 298], [1652, 298], [1656, 298], [1657, 298], [1691, 298], [1692, 298], [1693, 298], [1697, 298], [1698, 298], [1699, 298], [1731, 298], [1732, 298], [1733, 298], [1738, 298], [1739, 298], [1740, 298], [1772, 298], [1773, 298], [1774, 298], [1779, 298], [1780, 298], [1781, 298], [1566, 299], [1567, 299], [1568, 299], [1570, 299], [1571, 299], [1572, 299], [1650, 299], [1651, 299], [1655, 299], [1656, 299], [1657, 299], [1691, 299], [1692, 299], [1697, 299], [1698, 299], [1699, 299], [1731, 299], [1732, 299], [1733, 299], [1738, 299], [1739, 299], [1740, 299], [1772, 299], [1773, 299], [1774, 299], [1779, 299], [1780, 299], [1566, 300], [1567, 300], [1570, 300], [1571, 300], [1572, 300], [1650, 300], [1651, 300], [1655, 300], [1656, 300], [1657, 300], [1691, 300], [1692, 300], [1697, 300], [1698, 300], [1731, 300], [1732, 300], [1737, 300], [1738, 300], [1739, 300], [1772, 300], [1773, 300], [1778, 300], [1779, 300], [1780, 300], [1566, 301], [1567, 301], [1570, 301], [1571, 301], [1649, 301], [1650, 301], [1651, 301], [1655, 301], [1656, 301], [1690, 301], [1691, 301], [1692, 301], [1696, 301], [1697, 301], [1698, 301], [1731, 301], [1732, 301], [1737, 301], [1738, 301], [1739, 301], [1772, 301], [1773, 301], [1778, 301], [1779, 301], [1780, 301], [1565, 302], [1566, 302], [1567, 302], [1569, 302], [1570, 302], [1571, 302], [1649, 302], [1650, 302], [1651, 302], [1655, 302], [1656, 302], [1690, 302], [1691, 302], [1692, 302], [1696, 302], [1697, 302], [1698, 302], [1731, 302], [1732, 302], [1737, 302], [1738, 302], [1771, 302], [1772, 302], [1773, 302], [1778, 302], [1779, 302], [1565, 303], [1566, 303], [1567, 303], [1569, 303], [1570, 303], [1571, 303], [1649, 303], [1650, 303], [1654, 303], [1655, 303], [1656, 303], [1689, 303], [1690, 303], [1691, 303], [1696, 303], [1697, 303], [1730, 303], [1731, 303], [1732, 303], [1737, 303], [1738, 303], [1771, 303], [1772, 303], [1773, 303], [1777, 303], [1778, 303], [1779, 303], [1565, 304], [1566, 304], [1569, 304], [1570, 304], [1648, 304], [1649, 304], [1650, 304], [1654, 304], [1655, 304], [1656, 304], [1689, 304], [1690, 304], [1691, 304], [1695, 304], [1696, 304], [1697, 304], [1730, 304], [1731, 304], [1732, 304], [1736, 304], [1737, 304], [1738, 304], [1771, 304], [1772, 304], [1777, 304], [1778, 304], [1779, 304], [1565, 305], [1566, 305], [1569, 305], [1570, 305], [1648, 305], [1649, 305], [1650, 305], [1654, 305], [1655, 305], [1689, 305], [1690, 305], [1695, 305], [1696, 305], [1697, 305], [1730, 305], [1731, 305], [1736, 305], [1737, 305], [1738, 305], [1770, 305], [1771, 305], [1772, 305], [1777, 305], [1778, 305], [1564, 306], [1565, 306], [1566, 306], [1569, 306], [1570, 306], [1648, 306], [1649, 306], [1654, 306], [1655, 306], [1689, 306], [1690, 306], [1695, 306], [1696, 306], [1730, 306], [1731, 306], [1732, 306], [1735, 306], [1736, 306], [1737, 306], [1770, 306], [1771, 306], [1772, 306], [1776, 306], [1777, 306], [1778, 306], [1523, 307], [1524, 307], [1525, 307], [1526, 307], [1564, 307], [1565, 307], [1566, 307], [1568, 307], [1569, 307], [1570, 307], [1648, 307], [1649, 307], [1653, 307], [1654, 307], [1655, 307], [1689, 307], [1690, 307], [1694, 307], [1695, 307], [1696, 307], [1730, 307], [1731, 307], [1732, 307], [1733, 307], [1734, 307], [1735, 307], [1736, 307], [1737, 307], [1770, 307], [1771, 307], [1776, 307], [1777, 307], [1778, 307], [1523, 308], [1524, 308], [1525, 308], [1526, 308], [1527, 308], [1528, 308], [1564, 308], [1565, 308], [1567, 308], [1568, 308], [1569, 308], [1570, 308], [1648, 308], [1649, 308], [1653, 308], [1654, 308], [1655, 308], [1689, 308], [1690, 308], [1691, 308], [1694, 308], [1695, 308], [1696, 308], [1731, 308], [1732, 308], [1733, 308], [1734, 308], [1735, 308], [1736, 308], [1770, 308], [1771, 308], [1772, 308], [1773, 308], [1774, 308], [1775, 308], [1776, 308], [1777, 308], [1522, 309], [1523, 309], [1524, 309], [1525, 309], [1526, 309], [1527, 309], [1528, 309], [1564, 309], [1565, 309], [1566, 309], [1567, 309], [1568, 309], [1569, 309], [1648, 309], [1649, 309], [1650, 309], [1652, 309], [1653, 309], [1654, 309], [1689, 309], [1690, 309], [1691, 309], [1692, 309], [1693, 309], [1694, 309], [1695, 309], [1733, 309], [1734, 309], [1735, 309], [1770, 309], [1771, 309], [1772, 309], [1773, 309], [1774, 309], [1775, 309], [1776, 309], [1777, 309], [1522, 310], [1523, 310], [1524, 310], [1527, 310], [1528, 310], [1564, 310], [1565, 310], [1566, 310], [1567, 310], [1568, 310], [1648, 310], [1649, 310], [1650, 310], [1651, 310], [1652, 310], [1653, 310], [1654, 310], [1690, 310], [1691, 310], [1692, 310], [1693, 310], [1694, 310], [1695, 310], [1773, 310], [1774, 310], [1775, 310], [1522, 311], [1523, 311], [1526, 311], [1527, 311], [1528, 311], [1649, 311], [1650, 311], [1651, 311], [1652, 311], [1653, 311], [1522, 312], [1523, 312], [1524, 312], [1525, 312], [1526, 312], [1527, 312], [1528, 312], [1522, 313], [1523, 313], [1524, 313], [1525, 313], [1526, 313], [1527, 313], [1604, 335], [1605, 335], [1606, 335], [1607, 335], [1608, 335], [1609, 335], [1610, 335], [1611, 335], [1602, 336], [1603, 336], [1604, 336], [1605, 336], [1606, 336], [1607, 336], [1608, 336], [1609, 336], [1610, 336], [1611, 336], [1612, 336], [1613, 336], [1602, 337], [1603, 337], [1604, 337], [1605, 337], [1610, 337], [1611, 337], [1612, 337], [1613, 337], [1602, 338], [1603, 338], [1604, 338], [1605, 338], [1606, 338], [1607, 338], [1608, 338], [1609, 338], [1610, 338], [1611, 338], [1612, 338], [1613, 338], [1614, 338], [1602, 339], [1603, 339], [1604, 339], [1605, 339], [1606, 339], [1607, 339], [1608, 339], [1609, 339], [1610, 339], [1611, 339], [1612, 339], [1613, 339], [1614, 339], [1602, 340], [1603, 340], [1604, 340], [1605, 340], [1607, 340], [1608, 340], [1609, 340], [1610, 340], [1611, 340], [1612, 340], [1613, 340], [1614, 340], [1602, 341], [1604, 341], [1607, 341], [1608, 341], [1609, 341], [1610, 341], [1611, 341], [1612, 341], [1613, 341], [1602, 342], [1603, 342], [1604, 342], [1605, 342], [1607, 342], [1608, 342], [1609, 342], [1610, 342], [1611, 342], [1612, 342], [1613, 342], [1602, 343], [1603, 343], [1604, 343], [1605, 343], [1606, 343], [1607, 343], [1608, 343], [1609, 343], [1610, 343], [1611, 343], [1612, 343], [1613, 343], [1602, 344], [1603, 344], [1604, 344], [1605, 344], [1606, 344], [1607, 344], [1608, 344], [1609, 344], [1610, 344], [1611, 344], [1612, 344], [1613, 344], [1602, 345], [1603, 345], [1604, 345], [1605, 345], [1606, 345], [1607, 345], [1608, 345], [1609, 345], [1610, 345], [1611, 345], [1612, 345], [1613, 345], [1606, 346], [1607, 346], [1608, 346], [1609, 346], [1610, 346], [1611, 346]


