White line left - 




Yellow line left - [1586, 195], [1587, 195], [1585, 196], [1586, 196], [1587, 196], [1585, 197], [1586, 197], [1587, 197], [1585, 198], [1586, 198], [1587, 198], [1584, 199], [1585, 199], [1586, 199], [1587, 199], [1584, 200], [1585, 200], [1586, 200], [1584, 201], [1585, 201], [1586, 201], [1585, 202], [1586, 202], [1584, 203], [1585, 203], [1586, 203], [1584, 204], [1585, 204], [1586, 204], [1584, 205], [1585, 205], [1583, 206], [1584, 206], [1585, 206], [1566, 207], [1567, 207], [1579, 207], [1580, 207], [1581, 207], [1582, 207], [1583, 207], [1584, 207], [1585, 207], [1564, 208], [1565, 208], [1566, 208], [1567, 208], [1568, 208], [1569, 208], [1574, 208], [1575, 208], [1576, 208], [1577, 208], [1578, 208], [1579, 208], [1580, 208], [1581, 208], [1582, 208], [1583, 208], [1584, 208], [1563, 209], [1564, 209], [1565, 209], [1566, 209], [1567, 209], [1568, 209], [1569, 209], [1571, 209], [1572, 209], [1573, 209], [1574, 209], [1575, 209], [1576, 209], [1577, 209], [1578, 209], [1579, 209], [1580, 209], [1581, 209], [1582, 209], [1568, 210], [1569, 210], [1570, 210], [1571, 210], [1572, 210], [1573, 210], [1574, 210], [1575, 210], [1576, 210], [1577, 210], [1568, 211], [1569, 211], [1570, 211], [1571, 211], [1572, 211], [1552, 217], [1553, 217], [1554, 217], [1552, 218], [1554, 218], [1552, 219], [1553, 219], [1554, 219]




Yellow line right - [1625, 279], [1626, 279], [1627, 279], [1628, 279], [1629, 279], [1617, 280], [1618, 280], [1619, 280], [1620, 280], [1621, 280], [1622, 280], [1623, 280], [1624, 280], [1625, 280], [1626, 280], [1627, 280], [1628, 280], [1629, 280], [1630, 280], [1631, 280], [1632, 280], [1633, 280], [1634, 280], [1635, 280], [1616, 281], [1617, 281], [1618, 281], [1619, 281], [1620, 281], [1621, 281], [1622, 281], [1623, 281], [1624, 281], [1625, 281], [1626, 281], [1628, 281], [1629, 281], [1630, 281], [1631, 281], [1632, 281], [1633, 281], [1635, 281], [1615, 282], [1616, 282], [1617, 282], [1618, 282], [1619, 282], [1620, 282], [1630, 282], [1631, 282], [1632, 282], [1633, 282], [1634, 282], [1635, 282], [1615, 283], [1616, 283], [1617, 283], [1618, 283], [1619, 283], [1620, 283], [1621, 283], [1624, 283], [1625, 283], [1626, 283], [1627, 283], [1628, 283], [1629, 283], [1630, 283], [1631, 283], [1632, 283], [1615, 284], [1616, 284], [1617, 284], [1618, 284], [1619, 284], [1620, 284], [1621, 284], [1622, 284], [1623, 284], [1624, 284], [1625, 284], [1626, 284], [1627, 284], [1628, 284], [1629, 284], [1630, 284], [1631, 284], [1620, 285], [1621, 285], [1622, 285], [1623, 285], [1624, 285], [1625, 285], [1626, 285], [1627, 285], [1636, 297], [1637, 297], [1638, 297], [1639, 297], [1640, 297], [1633, 298], [1634, 298], [1635, 298], [1636, 298], [1637, 298], [1638, 298], [1639, 298], [1640, 298], [1641, 298], [1633, 299], [1635, 299], [1636, 299], [1637, 299], [1638, 299], [1639, 299], [1640, 299], [1641, 299], [1642, 299], [1643, 299], [1633, 300], [1634, 300], [1635, 300], [1636, 300], [1637, 300], [1638, 300], [1640, 300], [1641, 300], [1642, 300], [1643, 300], [1635, 301], [1636, 301], [1637, 301], [1638, 301], [1639, 301], [1640, 301], [1641, 301], [1642, 301], [1643, 301], [1637, 302], [1638, 302], [1639, 302], [1640, 302], [1641, 302], [1642, 302], [1643, 302]




White line right - [1642, 177], [1643, 177], [1644, 177], [1641, 178], [1642, 178], [1643, 178], [1644, 178], [1645, 178], [1640, 179], [1641, 179], [1642, 179], [1643, 179], [1644, 179], [1645, 179], [1640, 180], [1641, 180], [1642, 180], [1643, 180], [1644, 180], [1645, 180], [1639, 181], [1640, 181], [1641, 181], [1642, 181], [1643, 181], [1644, 181], [1645, 181], [1639, 182], [1640, 182], [1641, 182], [1642, 182], [1643, 182], [1644, 182], [1639, 183], [1641, 183], [1642, 183], [1643, 183], [1644, 183], [1638, 184], [1639, 184], [1640, 184], [1641, 184], [1643, 184], [1644, 184], [1638, 185], [1639, 185], [1640, 185], [1641, 185], [1642, 185], [1643, 185], [1638, 186], [1639, 186], [1642, 186], [1643, 186], [1638, 187], [1639, 187], [1641, 187], [1642, 187], [1643, 187], [1637, 188], [1638, 188], [1639, 188], [1641, 188], [1642, 188], [1643, 188], [1637, 189], [1638, 189], [1639, 189], [1640, 189], [1641, 189], [1642, 189], [1637, 190], [1638, 190], [1639, 190], [1640, 190], [1641, 190], [1642, 190], [1637, 191], [1638, 191], [1639, 191], [1640, 191], [1641, 191], [1642, 191], [1636, 192], [1637, 192], [1638, 192], [1639, 192], [1640, 192], [1641, 192], [1642, 192], [1636, 193], [1637, 193], [1638, 193], [1639, 193], [1640, 193], [1641, 193], [1636, 194], [1637, 194], [1639, 194], [1640, 194], [1641, 194], [1635, 195], [1636, 195], [1637, 195], [1639, 195], [1640, 195], [1635, 196], [1636, 196], [1637, 196], [1639, 196], [1640, 196], [1635, 197], [1636, 197], [1638, 197], [1639, 197], [1640, 197], [1634, 198], [1635, 198], [1636, 198], [1638, 198], [1639, 198], [1640, 198], [1634, 199], [1635, 199], [1636, 199], [1637, 199], [1638, 199], [1639, 199], [1634, 200], [1635, 200], [1636, 200], [1637, 200], [1638, 200], [1639, 200], [1633, 201], [1634, 201], [1635, 201], [1637, 201], [1638, 201], [1639, 201], [1633, 202], [1634, 202], [1635, 202], [1636, 202], [1638, 202], [1639, 202], [1633, 203], [1634, 203], [1635, 203], [1636, 203], [1637, 203], [1638, 203], [1633, 204], [1634, 204], [1636, 204], [1637, 204], [1638, 204], [1633, 205], [1634, 205], [1635, 205], [1636, 205], [1637, 205], [1633, 206], [1634, 206], [1635, 206], [1636, 206], [1637, 206], [1633, 207], [1634, 207], [1635, 207], [1636, 207], [1561, 295], [1562, 295], [1563, 295], [1564, 295], [1565, 295], [1566, 295], [1567, 295], [1568, 295], [1569, 295], [1561, 296], [1562, 296], [1568, 296], [1569, 296], [1561, 297], [1562, 297], [1563, 297], [1564, 297], [1565, 297], [1566, 297], [1567, 297], [1568, 297], [1569, 297], [1207, 420], [1205, 421], [1206, 421], [1207, 421], [1208, 421], [1204, 422], [1205, 422], [1206, 422], [1207, 422], [1208, 422], [1209, 422], [1202, 423], [1203, 423], [1204, 423], [1205, 423], [1207, 423], [1208, 423], [1209, 423], [1202, 424], [1203, 424], [1204, 424], [1205, 424], [1206, 424], [1208, 424], [1209, 424], [1210, 424], [1202, 425], [1203, 425], [1204, 425], [1205, 425], [1206, 425], [1207, 425], [1208, 425], [1209, 425], [1210, 425], [1211, 425], [1201, 426], [1202, 426], [1203, 426], [1205, 426], [1206, 426], [1207, 426], [1208, 426], [1209, 426], [1210, 426], [1211, 426], [1195, 427], [1200, 427], [1201, 427], [1202, 427], [1203, 427], [1205, 427], [1206, 427], [1207, 427], [1208, 427], [1210, 427], [1211, 427], [1212, 427], [1194, 428], [1195, 428], [1199, 428], [1200, 428], [1201, 428], [1202, 428], [1203, 428], [1205, 428], [1206, 428], [1207, 428], [1208, 428], [1209, 428], [1210, 428], [1211, 428], [1212, 428], [1192, 429], [1193, 429], [1194, 429], [1195, 429], [1199, 429], [1200, 429], [1201, 429], [1202, 429], [1203, 429], [1204, 429], [1206, 429], [1207, 429], [1208, 429], [1209, 429], [1211, 429], [1212, 429], [1213, 429], [1190, 430], [1191, 430], [1192, 430], [1193, 430], [1194, 430], [1195, 430], [1199, 430], [1200, 430], [1202, 430], [1203, 430], [1204, 430], [1206, 430], [1207, 430], [1208, 430], [1209, 430], [1210, 430], [1211, 430], [1212, 430], [1213, 430], [1214, 430], [1191, 431], [1192, 431], [1194, 431], [1195, 431], [1196, 431], [1199, 431], [1200, 431], [1201, 431], [1203, 431], [1204, 431], [1208, 431], [1209, 431], [1210, 431], [1211, 431], [1213, 431], [1214, 431], [1191, 432], [1192, 432], [1193, 432], [1195, 432], [1196, 432], [1199, 432], [1200, 432], [1201, 432], [1203, 432], [1204, 432], [1205, 432], [1209, 432], [1210, 432], [1211, 432], [1212, 432], [1213, 432], [1214, 432], [1215, 432], [1192, 433], [1193, 433], [1194, 433], [1195, 433], [1196, 433], [1200, 433], [1201, 433], [1202, 433], [1203, 433], [1204, 433], [1205, 433], [1211, 433], [1212, 433], [1213, 433], [1214, 433], [1215, 433], [1216, 433], [1193, 434], [1194, 434], [1195, 434], [1196, 434], [1197, 434], [1200, 434], [1201, 434], [1202, 434], [1203, 434], [1204, 434], [1205, 434], [1212, 434], [1213, 434], [1214, 434], [1215, 434], [1216, 434], [1193, 435], [1194, 435], [1195, 435], [1196, 435], [1197, 435], [1201, 435], [1202, 435], [1203, 435], [1204, 435], [1213, 435], [1214, 435], [1215, 435], [1216, 435], [1217, 435], [1194, 436], [1195, 436], [1197, 436], [1198, 436], [1199, 436], [1213, 436], [1214, 436], [1215, 436], [1216, 436], [1217, 436], [1218, 436], [1195, 437], [1196, 437], [1197, 437], [1198, 437], [1199, 437], [1214, 437], [1215, 437], [1217, 437], [1218, 437], [1195, 438], [1196, 438], [1197, 438], [1198, 438], [1199, 438], [1207, 438], [1208, 438], [1209, 438], [1214, 438], [1215, 438], [1216, 438], [1217, 438], [1218, 438], [1219, 438], [1196, 439], [1197, 439], [1198, 439], [1199, 439], [1200, 439], [1206, 439], [1207, 439], [1208, 439], [1209, 439], [1210, 439], [1214, 439], [1215, 439], [1216, 439], [1217, 439], [1218, 439], [1219, 439], [1196, 440], [1197, 440], [1198, 440], [1199, 440], [1200, 440], [1206, 440], [1207, 440], [1208, 440], [1209, 440], [1210, 440], [1211, 440], [1212, 440], [1214, 440], [1215, 440], [1218, 440], [1219, 440], [1220, 440], [1197, 441], [1198, 441], [1200, 441], [1201, 441], [1202, 441], [1206, 441], [1207, 441], [1208, 441], [1209, 441], [1210, 441], [1211, 441], [1212, 441], [1214, 441], [1215, 441], [1218, 441], [1219, 441], [1220, 441], [1221, 441], [1198, 442], [1199, 442], [1200, 442], [1201, 442], [1202, 442], [1206, 442], [1207, 442], [1208, 442], [1211, 442], [1212, 442], [1214, 442], [1215, 442], [1219, 442], [1220, 442], [1221, 442], [1222, 442], [1198, 443], [1199, 443], [1200, 443], [1201, 443], [1202, 443], [1206, 443], [1207, 443], [1208, 443], [1211, 443], [1212, 443], [1214, 443], [1215, 443], [1216, 443], [1220, 443], [1221, 443], [1222, 443], [1199, 444], [1200, 444], [1202, 444], [1203, 444], [1206, 444], [1207, 444], [1208, 444], [1210, 444], [1211, 444], [1212, 444], [1214, 444], [1215, 444], [1216, 444], [1217, 444], [1218, 444], [1221, 444], [1222, 444], [1223, 444], [1200, 445], [1201, 445], [1202, 445], [1203, 445], [1204, 445], [1205, 445], [1206, 445], [1207, 445], [1208, 445], [1209, 445], [1210, 445], [1211, 445], [1212, 445], [1213, 445], [1215, 445], [1216, 445], [1217, 445], [1218, 445], [1219, 445], [1221, 445], [1222, 445], [1223, 445], [1200, 446], [1201, 446], [1202, 446], [1203, 446], [1204, 446], [1205, 446], [1206, 446], [1207, 446], [1208, 446], [1209, 446], [1210, 446], [1211, 446], [1212, 446], [1213, 446], [1214, 446], [1215, 446], [1216, 446], [1217, 446], [1218, 446], [1219, 446], [1220, 446], [1222, 446], [1223, 446], [1224, 446], [1201, 447], [1202, 447], [1203, 447], [1205, 447], [1206, 447], [1207, 447], [1208, 447], [1209, 447], [1210, 447], [1212, 447], [1213, 447], [1214, 447], [1215, 447], [1216, 447], [1217, 447], [1218, 447], [1219, 447], [1220, 447], [1221, 447], [1222, 447], [1223, 447], [1224, 447], [1225, 447], [1202, 448], [1203, 448], [1204, 448], [1215, 448], [1216, 448], [1217, 448], [1219, 448], [1220, 448], [1221, 448], [1222, 448], [1224, 448], [1225, 448], [1226, 448], [1202, 449], [1203, 449], [1204, 449], [1205, 449], [1215, 449], [1216, 449], [1217, 449], [1220, 449], [1221, 449], [1222, 449], [1223, 449], [1224, 449], [1225, 449], [1226, 449], [1203, 450], [1204, 450], [1205, 450], [1208, 450], [1209, 450], [1210, 450], [1211, 450], [1212, 450], [1213, 450], [1214, 450], [1215, 450], [1216, 450], [1217, 450], [1222, 450], [1223, 450], [1225, 450], [1226, 450], [1227, 450], [1204, 451], [1205, 451], [1207, 451], [1208, 451], [1209, 451], [1210, 451], [1211, 451], [1212, 451], [1213, 451], [1214, 451], [1215, 451], [1216, 451], [1217, 451], [1222, 451], [1223, 451], [1225, 451], [1226, 451], [1227, 451], [1228, 451], [1204, 452], [1205, 452], [1206, 452], [1207, 452], [1208, 452], [1209, 452], [1213, 452], [1214, 452], [1215, 452], [1217, 452], [1218, 452], [1222, 452], [1223, 452], [1226, 452], [1227, 452], [1228, 452], [1204, 453], [1205, 453], [1206, 453], [1207, 453], [1208, 453], [1215, 453], [1216, 453], [1217, 453], [1218, 453], [1219, 453], [1220, 453], [1221, 453], [1222, 453], [1223, 453], [1227, 453], [1228, 453], [1229, 453], [1205, 454], [1206, 454], [1208, 454], [1209, 454], [1215, 454], [1216, 454], [1218, 454], [1219, 454], [1220, 454], [1221, 454], [1222, 454], [1223, 454], [1227, 454], [1228, 454], [1229, 454], [1230, 454], [1206, 455], [1207, 455], [1208, 455], [1209, 455], [1210, 455], [1215, 455], [1216, 455], [1217, 455], [1218, 455], [1228, 455], [1229, 455], [1230, 455], [1206, 456], [1207, 456], [1208, 456], [1209, 456], [1210, 456], [1211, 456], [1216, 456], [1217, 456], [1218, 456], [1229, 456], [1230, 456], [1231, 456], [1207, 457], [1208, 457], [1209, 457], [1210, 457], [1211, 457], [1217, 457], [1218, 457], [1219, 457], [1229, 457], [1230, 457], [1231, 457], [1232, 457], [1208, 458], [1209, 458], [1210, 458], [1211, 458], [1217, 458], [1218, 458], [1219, 458], [1230, 458], [1231, 458], [1232, 458], [1208, 459], [1209, 459], [1211, 459], [1212, 459], [1218, 459], [1219, 459], [1220, 459], [1231, 459], [1232, 459], [1233, 459], [1209, 460], [1210, 460], [1211, 460], [1212, 460], [1218, 460], [1219, 460], [1220, 460], [1231, 460], [1232, 460], [1233, 460], [1209, 461], [1210, 461], [1212, 461], [1213, 461], [1219, 461], [1220, 461], [1221, 461], [1230, 461], [1231, 461], [1232, 461], [1233, 461], [1234, 461], [1210, 462], [1211, 462], [1212, 462], [1213, 462], [1214, 462], [1219, 462], [1220, 462], [1221, 462], [1222, 462], [1223, 462], [1224, 462], [1225, 462], [1230, 462], [1231, 462], [1232, 462], [1233, 462], [1234, 462], [1235, 462], [1210, 463], [1211, 463], [1212, 463], [1213, 463], [1214, 463], [1215, 463], [1220, 463], [1221, 463], [1222, 463], [1223, 463], [1224, 463], [1225, 463], [1226, 463], [1230, 463], [1231, 463], [1232, 463], [1233, 463], [1234, 463], [1235, 463], [1211, 464], [1212, 464], [1213, 464], [1214, 464], [1215, 464], [1224, 464], [1225, 464], [1226, 464], [1227, 464], [1228, 464], [1229, 464], [1230, 464], [1231, 464], [1232, 464], [1233, 464], [1234, 464], [1235, 464], [1236, 464], [1212, 465], [1213, 465], [1214, 465], [1215, 465], [1216, 465], [1225, 465], [1226, 465], [1227, 465], [1228, 465], [1229, 465], [1230, 465], [1231, 465], [1232, 465], [1233, 465], [1234, 465], [1235, 465], [1236, 465], [1237, 465], [1212, 466], [1213, 466], [1214, 466], [1215, 466], [1216, 466], [1225, 466], [1226, 466], [1227, 466], [1228, 466], [1229, 466], [1235, 466], [1236, 466], [1237, 466], [1238, 466], [1213, 467], [1214, 467], [1215, 467], [1216, 467], [1217, 467], [1227, 467], [1228, 467], [1229, 467], [1236, 467], [1237, 467], [1238, 467], [1213, 468], [1214, 468], [1215, 468], [1216, 468], [1217, 468], [1218, 468], [1219, 468], [1227, 468], [1228, 468], [1237, 468], [1238, 468], [1239, 468], [1214, 469], [1215, 469], [1216, 469], [1217, 469], [1218, 469], [1219, 469], [1220, 469], [1221, 469], [1227, 469], [1228, 469], [1229, 469], [1230, 469], [1231, 469], [1232, 469], [1233, 469], [1234, 469], [1237, 469], [1238, 469], [1239, 469], [1240, 469], [1215, 470], [1216, 470], [1217, 470], [1218, 470], [1219, 470], [1220, 470], [1221, 470], [1227, 470], [1228, 470], [1229, 470], [1230, 470], [1231, 470], [1232, 470], [1233, 470], [1234, 470], [1235, 470], [1236, 470], [1237, 470], [1238, 470], [1239, 470], [1240, 470], [1215, 471], [1216, 471], [1217, 471], [1218, 471], [1220, 471], [1221, 471], [1222, 471], [1228, 471], [1229, 471], [1230, 471], [1231, 471], [1232, 471], [1233, 471], [1234, 471], [1235, 471], [1236, 471], [1237, 471], [1238, 471], [1239, 471], [1240, 471], [1241, 471], [1216, 472], [1217, 472], [1218, 472], [1220, 472], [1221, 472], [1222, 472], [1232, 472], [1233, 472], [1234, 472], [1236, 472], [1237, 472], [1238, 472], [1239, 472], [1240, 472], [1241, 472], [1217, 473], [1218, 473], [1219, 473], [1221, 473], [1222, 473], [1238, 473], [1239, 473], [1241, 473], [1242, 473], [1217, 474], [1218, 474], [1219, 474], [1220, 474], [1221, 474], [1222, 474], [1223, 474], [1239, 474], [1240, 474], [1241, 474], [1242, 474], [1243, 474], [1218, 475], [1219, 475], [1220, 475], [1221, 475], [1222, 475], [1223, 475], [1224, 475], [1239, 475], [1240, 475], [1241, 475], [1242, 475], [1243, 475], [1244, 475], [1219, 476], [1220, 476], [1221, 476], [1222, 476], [1223, 476], [1224, 476], [1225, 476], [1240, 476], [1241, 476], [1243, 476], [1244, 476], [1219, 477], [1220, 477], [1221, 477], [1223, 477], [1224, 477], [1225, 477], [1226, 477], [1240, 477], [1241, 477], [1242, 477], [1243, 477], [1244, 477], [1245, 477], [1220, 478], [1221, 478], [1222, 478], [1224, 478], [1225, 478], [1226, 478], [1227, 478], [1228, 478], [1229, 478], [1230, 478], [1231, 478], [1232, 478], [1233, 478], [1241, 478], [1242, 478], [1243, 478], [1244, 478], [1245, 478], [1220, 479], [1221, 479], [1222, 479], [1223, 479], [1225, 479], [1226, 479], [1227, 479], [1228, 479], [1229, 479], [1233, 479], [1234, 479], [1235, 479], [1242, 479], [1243, 479], [1244, 479], [1245, 479], [1246, 479], [1221, 480], [1222, 480], [1223, 480], [1227, 480], [1228, 480], [1229, 480], [1230, 480], [1231, 480], [1232, 480], [1233, 480], [1235, 480], [1236, 480], [1237, 480], [1238, 480], [1242, 480], [1243, 480], [1244, 480], [1245, 480], [1246, 480], [1247, 480], [1222, 481], [1223, 481], [1224, 481], [1228, 481], [1229, 481], [1230, 481], [1231, 481], [1233, 481], [1234, 481], [1235, 481], [1236, 481], [1237, 481], [1238, 481], [1239, 481], [1240, 481], [1243, 481], [1244, 481], [1246, 481], [1247, 481], [1222, 482], [1223, 482], [1224, 482], [1229, 482], [1230, 482], [1231, 482], [1234, 482], [1235, 482], [1236, 482], [1237, 482], [1238, 482], [1239, 482], [1240, 482], [1243, 482], [1244, 482], [1245, 482], [1246, 482], [1247, 482], [1248, 482], [1223, 483], [1224, 483], [1225, 483], [1230, 483], [1231, 483], [1232, 483], [1233, 483], [1234, 483], [1235, 483], [1237, 483], [1238, 483], [1239, 483], [1240, 483], [1244, 483], [1245, 483], [1246, 483], [1247, 483], [1248, 483], [1249, 483], [1223, 484], [1224, 484], [1225, 484], [1226, 484], [1230, 484], [1231, 484], [1232, 484], [1233, 484], [1235, 484], [1236, 484], [1237, 484], [1238, 484], [1239, 484], [1245, 484], [1246, 484], [1247, 484], [1248, 484], [1249, 484], [1224, 485], [1225, 485], [1226, 485], [1232, 485], [1233, 485], [1234, 485], [1235, 485], [1236, 485], [1237, 485], [1246, 485], [1247, 485], [1248, 485], [1249, 485], [1250, 485], [1225, 486], [1226, 486], [1227, 486], [1233, 486], [1234, 486], [1235, 486], [1236, 486], [1237, 486], [1246, 486], [1247, 486], [1248, 486], [1249, 486], [1250, 486], [1251, 486], [1225, 487], [1226, 487], [1227, 487], [1228, 487], [1234, 487], [1235, 487], [1236, 487], [1247, 487], [1248, 487], [1249, 487], [1250, 487], [1251, 487], [1226, 488], [1227, 488], [1228, 488], [1234, 488], [1235, 488], [1236, 488], [1247, 488], [1248, 488], [1250, 488], [1251, 488], [1252, 488], [1227, 489], [1228, 489], [1229, 489], [1234, 489], [1235, 489], [1247, 489], [1248, 489], [1250, 489], [1251, 489], [1252, 489], [1227, 490], [1228, 490], [1229, 490], [1233, 490], [1234, 490], [1235, 490], [1247, 490], [1248, 490], [1249, 490], [1251, 490], [1252, 490], [1253, 490], [1228, 491], [1229, 491], [1230, 491], [1233, 491], [1234, 491], [1235, 491], [1247, 491], [1248, 491], [1249, 491], [1250, 491], [1252, 491], [1253, 491], [1254, 491], [1228, 492], [1229, 492], [1230, 492], [1233, 492], [1234, 492], [1248, 492], [1249, 492], [1250, 492], [1251, 492], [1253, 492], [1254, 492], [1229, 493], [1230, 493], [1231, 493], [1233, 493], [1234, 493], [1250, 493], [1251, 493], [1252, 493], [1253, 493], [1254, 493], [1255, 493], [1229, 494], [1230, 494], [1231, 494], [1232, 494], [1233, 494], [1234, 494], [1235, 494], [1250, 494], [1251, 494], [1252, 494], [1253, 494], [1254, 494], [1255, 494], [1256, 494], [1230, 495], [1231, 495], [1232, 495], [1233, 495], [1234, 495], [1235, 495], [1236, 495], [1249, 495], [1250, 495], [1251, 495], [1252, 495], [1254, 495], [1255, 495], [1256, 495], [1231, 496], [1232, 496], [1233, 496], [1234, 496], [1235, 496], [1236, 496], [1237, 496], [1238, 496], [1239, 496], [1249, 496], [1250, 496], [1251, 496], [1252, 496], [1253, 496], [1255, 496], [1256, 496], [1257, 496], [1231, 497], [1232, 497], [1233, 497], [1235, 497], [1236, 497], [1237, 497], [1238, 497], [1239, 497], [1249, 497], [1250, 497], [1251, 497], [1252, 497], [1253, 497], [1255, 497], [1256, 497], [1257, 497], [1258, 497], [1232, 498], [1233, 498], [1234, 498], [1238, 498], [1239, 498], [1249, 498], [1250, 498], [1251, 498], [1252, 498], [1253, 498], [1256, 498], [1257, 498], [1258, 498], [1232, 499], [1233, 499], [1234, 499], [1235, 499], [1238, 499], [1239, 499], [1240, 499], [1252, 499], [1253, 499], [1254, 499], [1257, 499], [1258, 499], [1259, 499], [1233, 500], [1234, 500], [1235, 500], [1238, 500], [1239, 500], [1240, 500], [1241, 500], [1252, 500], [1253, 500], [1254, 500], [1257, 500], [1258, 500], [1259, 500], [1260, 500], [1234, 501], [1235, 501], [1236, 501], [1239, 501], [1240, 501], [1241, 501], [1248, 501], [1249, 501], [1250, 501], [1251, 501], [1253, 501], [1254, 501], [1258, 501], [1259, 501], [1260, 501], [1234, 502], [1235, 502], [1236, 502], [1240, 502], [1241, 502], [1242, 502], [1243, 502], [1244, 502], [1245, 502], [1246, 502], [1247, 502], [1248, 502], [1249, 502], [1250, 502], [1251, 502], [1252, 502], [1253, 502], [1254, 502], [1259, 502], [1260, 502], [1261, 502], [1235, 503], [1236, 503], [1237, 503], [1240, 503], [1241, 503], [1242, 503], [1243, 503], [1244, 503], [1245, 503], [1246, 503], [1247, 503], [1248, 503], [1249, 503], [1250, 503], [1251, 503], [1252, 503], [1253, 503], [1254, 503], [1255, 503], [1259, 503], [1260, 503], [1261, 503], [1235, 504], [1236, 504], [1237, 504], [1240, 504], [1241, 504], [1242, 504], [1243, 504], [1244, 504], [1245, 504], [1246, 504], [1247, 504], [1248, 504], [1249, 504], [1250, 504], [1251, 504], [1252, 504], [1253, 504], [1254, 504], [1255, 504], [1256, 504], [1260, 504], [1261, 504], [1262, 504], [1236, 505], [1237, 505], [1238, 505], [1240, 505], [1241, 505], [1242, 505], [1243, 505], [1244, 505], [1245, 505], [1246, 505], [1247, 505], [1248, 505], [1249, 505], [1250, 505], [1251, 505], [1252, 505], [1254, 505], [1255, 505], [1256, 505], [1257, 505], [1260, 505], [1261, 505], [1262, 505], [1263, 505], [1236, 506], [1237, 506], [1238, 506], [1239, 506], [1241, 506], [1242, 506], [1243, 506], [1244, 506], [1245, 506], [1246, 506], [1249, 506], [1250, 506], [1251, 506], [1252, 506], [1255, 506], [1256, 506], [1257, 506], [1258, 506], [1259, 506], [1260, 506], [1261, 506], [1262, 506], [1263, 506], [1237, 507], [1238, 507], [1239, 507], [1241, 507], [1242, 507], [1243, 507], [1249, 507], [1250, 507], [1251, 507], [1252, 507], [1256, 507], [1257, 507], [1258, 507], [1259, 507], [1260, 507], [1262, 507], [1263, 507], [1264, 507], [1238, 508], [1239, 508], [1240, 508], [1241, 508], [1242, 508], [1243, 508], [1244, 508], [1250, 508], [1251, 508], [1252, 508], [1259, 508], [1260, 508], [1261, 508], [1262, 508], [1263, 508], [1264, 508], [1265, 508], [1238, 509], [1239, 509], [1240, 509], [1242, 509], [1243, 509], [1244, 509], [1245, 509], [1258, 509], [1259, 509], [1260, 509], [1261, 509], [1263, 509], [1264, 509], [1265, 509], [1239, 510], [1240, 510], [1241, 510], [1243, 510], [1244, 510], [1245, 510], [1246, 510], [1247, 510], [1257, 510], [1258, 510], [1259, 510], [1260, 510], [1261, 510], [1264, 510], [1265, 510], [1266, 510], [1239, 511], [1240, 511], [1241, 511], [1242, 511], [1244, 511], [1245, 511], [1246, 511], [1247, 511], [1248, 511], [1256, 511], [1257, 511], [1258, 511], [1259, 511], [1264, 511], [1265, 511], [1266, 511], [1267, 511], [1240, 512], [1241, 512], [1242, 512], [1246, 512], [1247, 512], [1248, 512], [1256, 512], [1257, 512], [1258, 512], [1265, 512], [1266, 512], [1267, 512], [1241, 513], [1242, 513], [1243, 513], [1247, 513], [1248, 513], [1256, 513], [1257, 513], [1266, 513], [1267, 513], [1268, 513], [1241, 514], [1242, 514], [1243, 514], [1247, 514], [1248, 514], [1256, 514], [1257, 514], [1266, 514], [1267, 514], [1268, 514], [1269, 514], [1242, 515], [1243, 515], [1244, 515], [1247, 515], [1248, 515], [1249, 515], [1250, 515], [1251, 515], [1252, 515], [1253, 515], [1254, 515], [1255, 515], [1256, 515], [1257, 515], [1267, 515], [1268, 515], [1269, 515], [1242, 516], [1243, 516], [1244, 516], [1245, 516], [1247, 516], [1248, 516], [1249, 516], [1250, 516], [1251, 516], [1252, 516], [1253, 516], [1254, 516], [1255, 516], [1256, 516], [1257, 516], [1268, 516], [1269, 516], [1270, 516], [1243, 517], [1244, 517], [1245, 517], [1249, 517], [1250, 517], [1251, 517], [1252, 517], [1253, 517], [1254, 517], [1268, 517], [1269, 517], [1270, 517], [1271, 517], [1244, 518], [1245, 518], [1246, 518], [1269, 518], [1270, 518], [1271, 518], [1244, 519], [1245, 519], [1246, 519], [1247, 519], [1270, 519], [1271, 519], [1272, 519], [1245, 520], [1246, 520], [1247, 520], [1270, 520], [1271, 520], [1272, 520], [1273, 520], [1246, 521], [1247, 521], [1248, 521], [1268, 521], [1269, 521], [1270, 521], [1271, 521], [1272, 521], [1273, 521], [1246, 522], [1247, 522], [1248, 522], [1267, 522], [1268, 522], [1269, 522], [1270, 522], [1271, 522], [1272, 522], [1273, 522], [1274, 522], [1247, 523], [1248, 523], [1249, 523], [1267, 523], [1268, 523], [1269, 523], [1270, 523], [1271, 523], [1272, 523], [1273, 523], [1274, 523], [1275, 523], [1247, 524], [1248, 524], [1249, 524], [1250, 524], [1260, 524], [1261, 524], [1262, 524], [1263, 524], [1267, 524], [1268, 524], [1271, 524], [1272, 524], [1274, 524], [1275, 524], [1248, 525], [1249, 525], [1250, 525], [1259, 525], [1260, 525], [1261, 525], [1262, 525], [1263, 525], [1267, 525], [1268, 525], [1271, 525], [1272, 525], [1273, 525], [1274, 525], [1275, 525], [1276, 525], [1249, 526], [1250, 526], [1251, 526], [1259, 526], [1260, 526], [1261, 526], [1262, 526], [1263, 526], [1264, 526], [1267, 526], [1268, 526], [1269, 526], [1270, 526], [1271, 526], [1273, 526], [1274, 526], [1275, 526], [1276, 526], [1277, 526], [1249, 527], [1250, 527], [1251, 527], [1259, 527], [1260, 527], [1261, 527], [1262, 527], [1263, 527], [1264, 527], [1265, 527], [1267, 527], [1268, 527], [1269, 527], [1270, 527], [1272, 527], [1273, 527], [1274, 527], [1276, 527], [1277, 527], [1250, 528], [1251, 528], [1252, 528], [1260, 528], [1261, 528], [1262, 528], [1263, 528], [1264, 528], [1265, 528], [1266, 528], [1268, 528], [1269, 528], [1271, 528], [1272, 528], [1273, 528], [1274, 528], [1275, 528], [1276, 528], [1277, 528], [1278, 528], [1250, 529], [1251, 529], [1252, 529], [1253, 529], [1260, 529], [1261, 529], [1262, 529], [1264, 529], [1265, 529], [1266, 529], [1267, 529], [1268, 529], [1269, 529], [1270, 529], [1274, 529], [1275, 529], [1276, 529], [1277, 529], [1278, 529], [1279, 529], [1251, 530], [1252, 530], [1253, 530], [1261, 530], [1262, 530], [1263, 530], [1264, 530], [1266, 530], [1267, 530], [1268, 530], [1269, 530], [1270, 530], [1271, 530], [1272, 530], [1273, 530], [1274, 530], [1275, 530], [1277, 530], [1278, 530], [1279, 530], [1252, 531], [1253, 531], [1254, 531], [1261, 531], [1262, 531], [1263, 531], [1264, 531], [1265, 531], [1267, 531], [1268, 531], [1269, 531], [1270, 531], [1273, 531], [1274, 531], [1275, 531], [1278, 531], [1279, 531], [1280, 531], [1252, 532], [1253, 532], [1254, 532], [1255, 532], [1264, 532], [1265, 532], [1266, 532], [1267, 532], [1268, 532], [1269, 532], [1270, 532], [1271, 532], [1272, 532], [1273, 532], [1274, 532], [1275, 532], [1278, 532], [1279, 532], [1280, 532], [1281, 532], [1253, 533], [1254, 533], [1255, 533], [1265, 533], [1266, 533], [1267, 533], [1268, 533], [1269, 533], [1270, 533], [1274, 533], [1275, 533], [1279, 533], [1280, 533], [1281, 533], [1254, 534], [1255, 534], [1256, 534], [1264, 534], [1265, 534], [1266, 534], [1272, 534], [1273, 534], [1274, 534], [1275, 534], [1280, 534], [1281, 534], [1282, 534], [1254, 535], [1255, 535], [1256, 535], [1261, 535], [1262, 535], [1263, 535], [1264, 535], [1265, 535], [1266, 535], [1272, 535], [1273, 535], [1274, 535], [1275, 535], [1280, 535], [1281, 535], [1282, 535], [1255, 536], [1256, 536], [1257, 536], [1261, 536], [1263, 536], [1264, 536], [1265, 536], [1266, 536], [1272, 536], [1273, 536], [1274, 536], [1275, 536], [1276, 536], [1281, 536], [1282, 536], [1283, 536], [1255, 537], [1256, 537], [1257, 537], [1261, 537], [1262, 537], [1263, 537], [1264, 537], [1265, 537], [1266, 537], [1267, 537], [1273, 537], [1274, 537], [1275, 537], [1276, 537], [1281, 537], [1282, 537], [1283, 537], [1256, 538], [1257, 538], [1258, 538], [1264, 538], [1265, 538], [1266, 538], [1267, 538], [1274, 538], [1275, 538], [1276, 538], [1282, 538], [1283, 538], [1284, 538], [1256, 539], [1257, 539], [1258, 539], [1259, 539], [1266, 539], [1267, 539], [1268, 539], [1269, 539], [1274, 539], [1275, 539], [1282, 539], [1283, 539], [1284, 539], [1285, 539], [1257, 540], [1258, 540], [1259, 540], [1266, 540], [1267, 540], [1268, 540], [1269, 540], [1270, 540], [1274, 540], [1275, 540], [1276, 540], [1283, 540], [1284, 540], [1285, 540], [1286, 540], [1258, 541], [1259, 541], [1260, 541], [1268, 541], [1269, 541], [1270, 541], [1271, 541], [1274, 541], [1275, 541], [1276, 541], [1277, 541], [1284, 541], [1285, 541], [1286, 541], [1258, 542], [1259, 542], [1260, 542], [1269, 542], [1270, 542], [1271, 542], [1272, 542], [1273, 542], [1274, 542], [1275, 542], [1276, 542], [1277, 542], [1285, 542], [1286, 542], [1287, 542], [1259, 543], [1260, 543], [1261, 543], [1270, 543], [1271, 543], [1272, 543], [1273, 543], [1274, 543], [1275, 543], [1276, 543], [1277, 543], [1285, 543], [1286, 543], [1287, 543], [1288, 543], [1259, 544], [1260, 544], [1261, 544], [1262, 544], [1270, 544], [1271, 544], [1272, 544], [1273, 544], [1275, 544], [1276, 544], [1277, 544], [1286, 544], [1287, 544], [1288, 544], [1260, 545], [1261, 545], [1262, 545], [1287, 545], [1288, 545], [1289, 545], [1261, 546], [1262, 546], [1263, 546], [1287, 546], [1288, 546], [1289, 546], [1290, 546], [1261, 547], [1262, 547], [1263, 547], [1264, 547], [1276, 547], [1277, 547], [1278, 547], [1283, 547], [1284, 547], [1285, 547], [1288, 547], [1289, 547], [1290, 547], [1291, 547], [1262, 548], [1263, 548], [1264, 548], [1276, 548], [1277, 548], [1278, 548], [1279, 548], [1283, 548], [1284, 548], [1285, 548], [1286, 548], [1289, 548], [1290, 548], [1291, 548], [1263, 549], [1264, 549], [1265, 549], [1275, 549], [1276, 549], [1277, 549], [1278, 549], [1279, 549], [1280, 549], [1281, 549], [1283, 549], [1284, 549], [1285, 549], [1286, 549], [1290, 549], [1291, 549], [1292, 549], [1263, 550], [1264, 550], [1265, 550], [1275, 550], [1276, 550], [1277, 550], [1278, 550], [1279, 550], [1280, 550], [1281, 550], [1282, 550], [1284, 550], [1285, 550], [1286, 550], [1290, 550], [1291, 550], [1292, 550], [1293, 550], [1264, 551], [1265, 551], [1266, 551], [1274, 551], [1275, 551], [1276, 551], [1280, 551], [1281, 551], [1282, 551], [1291, 551], [1292, 551], [1293, 551], [1264, 552], [1265, 552], [1266, 552], [1267, 552], [1274, 552], [1275, 552], [1276, 552], [1281, 552], [1282, 552], [1283, 552], [1292, 552], [1293, 552], [1294, 552], [1265, 553], [1266, 553], [1267, 553], [1274, 553], [1275, 553], [1276, 553], [1281, 553], [1282, 553], [1283, 553], [1292, 553], [1293, 553], [1294, 553], [1295, 553], [1266, 554], [1267, 554], [1268, 554], [1274, 554], [1275, 554], [1276, 554], [1282, 554], [1283, 554], [1284, 554], [1293, 554], [1294, 554], [1295, 554], [1266, 555], [1267, 555], [1268, 555], [1269, 555], [1274, 555], [1275, 555], [1276, 555], [1282, 555], [1283, 555], [1284, 555], [1294, 555], [1295, 555], [1296, 555], [1267, 556], [1268, 556], [1269, 556], [1274, 556], [1275, 556], [1276, 556], [1283, 556], [1284, 556], [1285, 556], [1294, 556], [1295, 556], [1296, 556], [1297, 556], [1268, 557], [1269, 557], [1270, 557], [1274, 557], [1275, 557], [1276, 557], [1283, 557], [1284, 557], [1285, 557], [1295, 557], [1296, 557], [1297, 557], [1268, 558], [1269, 558], [1270, 558], [1274, 558], [1275, 558], [1276, 558], [1277, 558], [1284, 558], [1285, 558], [1286, 558], [1296, 558], [1297, 558], [1298, 558], [1269, 559], [1270, 559], [1271, 559], [1275, 559], [1276, 559], [1277, 559], [1278, 559], [1279, 559], [1280, 559], [1281, 559], [1282, 559], [1284, 559], [1285, 559], [1286, 559], [1296, 559], [1297, 559], [1298, 559], [1269, 560], [1270, 560], [1271, 560], [1272, 560], [1276, 560], [1277, 560], [1278, 560], [1279, 560], [1280, 560], [1281, 560], [1282, 560], [1283, 560], [1284, 560], [1285, 560], [1286, 560], [1297, 560], [1298, 560], [1299, 560], [1270, 561], [1271, 561], [1272, 561], [1281, 561], [1282, 561], [1283, 561], [1284, 561], [1285, 561], [1297, 561], [1298, 561], [1299, 561], [1300, 561], [1271, 562], [1272, 562], [1273, 562], [1283, 562], [1284, 562], [1285, 562], [1298, 562], [1299, 562], [1300, 562], [1271, 563], [1272, 563], [1273, 563], [1299, 563], [1300, 563], [1301, 563], [1272, 564], [1273, 564], [1274, 564], [1285, 564], [1286, 564], [1287, 564], [1288, 564], [1299, 564], [1300, 564], [1301, 564], [1302, 564], [1272, 565], [1273, 565], [1274, 565], [1275, 565], [1283, 565], [1284, 565], [1285, 565], [1286, 565], [1287, 565], [1288, 565], [1300, 565], [1301, 565], [1302, 565], [1273, 566], [1274, 566], [1275, 566], [1283, 566], [1284, 566], [1285, 566], [1286, 566], [1287, 566], [1288, 566], [1289, 566], [1290, 566], [1301, 566], [1302, 566], [1303, 566], [1274, 567], [1275, 567], [1276, 567], [1283, 567], [1284, 567], [1285, 567], [1286, 567], [1288, 567], [1289, 567], [1290, 567], [1301, 567], [1302, 567], [1303, 567], [1304, 567], [1274, 568], [1275, 568], [1276, 568], [1277, 568], [1284, 568], [1285, 568], [1286, 568], [1287, 568], [1288, 568], [1289, 568], [1290, 568], [1302, 568], [1303, 568], [1304, 568], [1275, 569], [1276, 569], [1277, 569], [1286, 569], [1287, 569], [1288, 569], [1289, 569], [1290, 569], [1303, 569], [1304, 569], [1305, 569], [1276, 570], [1277, 570], [1278, 570], [1303, 570], [1304, 570], [1305, 570], [1306, 570], [1276, 571], [1277, 571], [1278, 571], [1279, 571], [1304, 571], [1305, 571], [1306, 571], [1277, 572], [1278, 572], [1279, 572], [1305, 572], [1306, 572], [1307, 572], [1278, 573], [1279, 573], [1280, 573], [1305, 573], [1306, 573], [1307, 573], [1308, 573], [1278, 574], [1279, 574], [1280, 574], [1306, 574], [1307, 574], [1308, 574], [1279, 575], [1280, 575], [1281, 575], [1307, 575], [1308, 575], [1309, 575], [1279, 576], [1280, 576], [1281, 576], [1282, 576], [1307, 576], [1308, 576], [1309, 576], [1310, 576], [1280, 577], [1281, 577], [1282, 577], [1308, 577], [1309, 577], [1310, 577], [1311, 577], [1281, 578], [1282, 578], [1283, 578], [1309, 578], [1310, 578], [1311, 578], [1281, 579], [1282, 579], [1283, 579], [1296, 579], [1297, 579], [1298, 579], [1310, 579], [1311, 579], [1312, 579], [1282, 580], [1283, 580], [1284, 580], [1296, 580], [1297, 580], [1298, 580], [1310, 580], [1311, 580], [1312, 580], [1282, 581], [1283, 581], [1284, 581], [1285, 581], [1296, 581], [1298, 581], [1311, 581], [1312, 581], [1313, 581], [1283, 582], [1284, 582], [1285, 582], [1296, 582], [1297, 582], [1298, 582], [1299, 582], [1311, 582], [1312, 582], [1313, 582], [1314, 582], [1284, 583], [1285, 583], [1286, 583], [1296, 583], [1297, 583], [1298, 583], [1299, 583], [1300, 583], [1312, 583], [1313, 583], [1314, 583], [1284, 584], [1285, 584], [1286, 584], [1296, 584], [1297, 584], [1299, 584], [1300, 584], [1301, 584], [1313, 584], [1314, 584], [1315, 584], [1285, 585], [1286, 585], [1287, 585], [1296, 585], [1297, 585], [1298, 585], [1299, 585], [1300, 585], [1301, 585], [1302, 585], [1313, 585], [1314, 585], [1315, 585], [1316, 585], [1285, 586], [1286, 586], [1287, 586], [1288, 586], [1297, 586], [1298, 586], [1299, 586], [1300, 586], [1301, 586], [1302, 586], [1314, 586], [1315, 586], [1316, 586], [1286, 587], [1287, 587], [1288, 587], [1297, 587], [1298, 587], [1299, 587], [1300, 587], [1301, 587], [1302, 587], [1315, 587], [1316, 587], [1317, 587], [1287, 588], [1288, 588], [1289, 588], [1298, 588], [1299, 588], [1300, 588], [1301, 588], [1302, 588], [1303, 588], [1315, 588], [1316, 588], [1317, 588], [1318, 588], [1287, 589], [1288, 589], [1289, 589], [1299, 589], [1300, 589], [1301, 589], [1302, 589], [1303, 589], [1316, 589], [1317, 589], [1318, 589], [1288, 590], [1289, 590], [1290, 590], [1301, 590], [1302, 590], [1303, 590], [1317, 590], [1318, 590], [1319, 590], [1288, 591], [1289, 591], [1290, 591], [1291, 591], [1317, 591], [1318, 591], [1319, 591], [1320, 591], [1289, 592], [1290, 592], [1291, 592], [1318, 592], [1319, 592], [1320, 592], [1290, 593], [1291, 593], [1292, 593], [1319, 593], [1320, 593], [1321, 593], [1290, 594], [1291, 594], [1292, 594], [1293, 594], [1319, 594], [1320, 594], [1321, 594], [1322, 594], [1291, 595], [1292, 595], [1293, 595], [1320, 595], [1321, 595], [1322, 595], [1292, 596], [1293, 596], [1294, 596], [1321, 596], [1322, 596], [1323, 596], [1292, 597], [1293, 597], [1294, 597], [1295, 597], [1321, 597], [1322, 597], [1323, 597], [1324, 597], [1293, 598], [1294, 598], [1295, 598], [1322, 598], [1323, 598], [1324, 598], [1294, 599], [1295, 599], [1296, 599], [1323, 599], [1324, 599], [1325, 599], [1294, 600], [1295, 600], [1296, 600], [1323, 600], [1324, 600], [1325, 600], [1326, 600], [1295, 601], [1296, 601], [1297, 601], [1324, 601], [1325, 601], [1326, 601], [1295, 602], [1296, 602], [1297, 602], [1298, 602], [1325, 602], [1326, 602], [1327, 602], [1296, 603], [1297, 603], [1298, 603], [1299, 603], [1325, 603], [1326, 603], [1327, 603], [1328, 603], [1297, 604], [1298, 604], [1299, 604], [1326, 604], [1327, 604], [1328, 604], [1329, 604], [1298, 605], [1299, 605], [1300, 605], [1327, 605], [1328, 605], [1329, 605], [1298, 606], [1299, 606], [1300, 606], [1328, 606], [1329, 606], [1330, 606], [1299, 607], [1300, 607], [1301, 607], [1328, 607], [1329, 607], [1330, 607], [1331, 607], [1299, 608], [1300, 608], [1301, 608], [1302, 608], [1329, 608], [1330, 608], [1331, 608], [1300, 609], [1301, 609], [1302, 609], [1330, 609], [1331, 609], [1332, 609], [1301, 610], [1302, 610], [1303, 610], [1312, 610], [1313, 610], [1314, 610], [1315, 610], [1316, 610], [1330, 610], [1331, 610], [1332, 610], [1333, 610], [1301, 611], [1302, 611], [1303, 611], [1311, 611], [1312, 611], [1313, 611], [1314, 611], [1315, 611], [1316, 611], [1331, 611], [1332, 611], [1333, 611], [1302, 612], [1303, 612], [1304, 612], [1311, 612], [1312, 612], [1313, 612], [1315, 612], [1316, 612], [1332, 612], [1333, 612], [1334, 612], [1302, 613], [1303, 613], [1304, 613], [1311, 613], [1312, 613], [1313, 613], [1314, 613], [1315, 613], [1316, 613], [1332, 613], [1333, 613], [1334, 613], [1335, 613], [1303, 614], [1304, 614], [1305, 614], [1311, 614], [1312, 614], [1313, 614], [1314, 614], [1315, 614], [1316, 614], [1333, 614], [1334, 614], [1335, 614], [1303, 615], [1304, 615], [1305, 615], [1306, 615], [1312, 615], [1313, 615], [1314, 615], [1315, 615], [1316, 615], [1334, 615], [1335, 615], [1336, 615], [1304, 616], [1305, 616], [1306, 616], [1312, 616], [1314, 616], [1334, 616], [1335, 616], [1336, 616], [1337, 616], [1305, 617], [1306, 617], [1307, 617], [1312, 617], [1313, 617], [1314, 617], [1335, 617], [1336, 617], [1337, 617], [1305, 618], [1306, 618], [1307, 618], [1308, 618], [1336, 618], [1337, 618], [1338, 618], [1306, 619], [1307, 619], [1308, 619], [1336, 619], [1337, 619], [1338, 619], [1339, 619], [1307, 620], [1308, 620], [1309, 620], [1324, 620], [1325, 620], [1326, 620], [1337, 620], [1338, 620], [1339, 620], [1307, 621], [1308, 621], [1309, 621], [1321, 621], [1322, 621], [1323, 621], [1324, 621], [1325, 621], [1326, 621], [1338, 621], [1339, 621], [1340, 621], [1308, 622], [1309, 622], [1310, 622], [1320, 622], [1321, 622], [1322, 622], [1323, 622], [1324, 622], [1325, 622], [1326, 622], [1327, 622], [1328, 622], [1329, 622], [1338, 622], [1339, 622], [1340, 622], [1341, 622], [1308, 623], [1309, 623], [1310, 623], [1320, 623], [1321, 623], [1322, 623], [1325, 623], [1326, 623], [1327, 623], [1328, 623], [1329, 623], [1339, 623], [1340, 623], [1341, 623], [1309, 624], [1310, 624], [1311, 624], [1320, 624], [1321, 624], [1322, 624], [1326, 624], [1327, 624], [1328, 624], [1329, 624], [1330, 624], [1331, 624], [1340, 624], [1341, 624], [1342, 624], [1309, 625], [1310, 625], [1311, 625], [1312, 625], [1320, 625], [1321, 625], [1322, 625], [1323, 625], [1324, 625], [1327, 625], [1328, 625], [1329, 625], [1330, 625], [1331, 625], [1332, 625], [1333, 625], [1340, 625], [1341, 625], [1342, 625], [1343, 625], [1310, 626], [1311, 626], [1312, 626], [1321, 626], [1322, 626], [1323, 626], [1324, 626], [1325, 626], [1329, 626], [1330, 626], [1331, 626], [1332, 626], [1333, 626], [1341, 626], [1342, 626], [1343, 626], [1311, 627], [1312, 627], [1313, 627], [1323, 627], [1324, 627], [1325, 627], [1326, 627], [1329, 627], [1330, 627], [1331, 627], [1333, 627], [1334, 627], [1342, 627], [1343, 627], [1344, 627], [1311, 628], [1312, 628], [1313, 628], [1324, 628], [1325, 628], [1326, 628], [1327, 628], [1328, 628], [1329, 628], [1330, 628], [1331, 628], [1332, 628], [1333, 628], [1334, 628], [1335, 628], [1342, 628], [1343, 628], [1344, 628], [1312, 629], [1313, 629], [1314, 629], [1325, 629], [1326, 629], [1327, 629], [1328, 629], [1329, 629], [1330, 629], [1331, 629], [1332, 629], [1333, 629], [1334, 629], [1335, 629], [1343, 629], [1344, 629], [1345, 629], [1312, 630], [1313, 630], [1314, 630], [1315, 630], [1333, 630], [1334, 630], [1335, 630], [1343, 630], [1344, 630], [1345, 630], [1346, 630], [1313, 631], [1314, 631], [1315, 631], [1344, 631], [1345, 631], [1346, 631], [1347, 631], [1314, 632], [1315, 632], [1316, 632], [1345, 632], [1346, 632], [1347, 632], [1314, 633], [1315, 633], [1316, 633], [1317, 633], [1346, 633], [1347, 633], [1348, 633], [1315, 634], [1316, 634], [1317, 634], [1346, 634], [1347, 634], [1348, 634], [1349, 634], [1316, 635], [1317, 635], [1318, 635], [1347, 635], [1348, 635], [1349, 635], [1316, 636], [1317, 636], [1318, 636], [1348, 636], [1349, 636], [1350, 636], [1317, 637], [1318, 637], [1319, 637], [1348, 637], [1349, 637], [1350, 637], [1317, 638], [1318, 638], [1319, 638], [1320, 638], [1349, 638], [1350, 638], [1351, 638], [1318, 639], [1319, 639], [1320, 639], [1349, 639], [1350, 639], [1351, 639], [1352, 639], [1319, 640], [1320, 640], [1321, 640], [1350, 640], [1351, 640], [1352, 640], [1319, 641], [1320, 641], [1321, 641], [1322, 641], [1351, 641], [1352, 641], [1353, 641], [1320, 642], [1321, 642], [1322, 642], [1351, 642], [1352, 642], [1353, 642], [1354, 642], [1321, 643], [1322, 643], [1323, 643], [1352, 643], [1353, 643], [1354, 643], [1321, 644], [1322, 644], [1323, 644], [1324, 644], [1353, 644], [1354, 644], [1355, 644], [1322, 645], [1323, 645], [1324, 645], [1353, 645], [1354, 645], [1355, 645], [1356, 645], [1323, 646], [1324, 646], [1354, 646], [1355, 646], [1356, 646], [1323, 647], [1324, 647], [1325, 647], [1355, 647], [1356, 647], [1357, 647], [1323, 648], [1324, 648], [1325, 648], [1355, 648], [1356, 648], [1357, 648], [1324, 649], [1325, 649], [1326, 649], [1356, 649], [1357, 649], [1358, 649], [1324, 650], [1325, 650], [1326, 650], [1356, 650], [1357, 650], [1358, 650], [1359, 650], [1325, 651], [1326, 651], [1327, 651], [1357, 651], [1358, 651], [1359, 651], [1325, 652], [1326, 652], [1327, 652], [1328, 652], [1358, 652], [1359, 652], [1360, 652], [1326, 653], [1327, 653], [1328, 653], [1336, 653], [1337, 653], [1338, 653], [1358, 653], [1359, 653], [1360, 653], [1327, 654], [1328, 654], [1329, 654], [1336, 654], [1337, 654], [1338, 654], [1339, 654], [1340, 654], [1341, 654], [1359, 654], [1360, 654], [1361, 654], [1327, 655], [1328, 655], [1329, 655], [1336, 655], [1337, 655], [1338, 655], [1339, 655], [1340, 655], [1341, 655], [1359, 655], [1360, 655], [1361, 655], [1362, 655], [1328, 656], [1329, 656], [1330, 656], [1336, 656], [1337, 656], [1338, 656], [1339, 656], [1340, 656], [1341, 656], [1360, 656], [1361, 656], [1362, 656], [1363, 656], [1328, 657], [1329, 657], [1330, 657], [1331, 657], [1361, 657], [1362, 657], [1363, 657], [1329, 658], [1330, 658], [1331, 658], [1332, 658], [1362, 658], [1363, 658], [1364, 658], [1330, 659], [1331, 659], [1332, 659], [1362, 659], [1363, 659], [1364, 659], [1365, 659], [1331, 660], [1332, 660], [1333, 660], [1363, 660], [1364, 660], [1365, 660], [1331, 661], [1332, 661], [1333, 661], [1334, 661], [1364, 661], [1365, 661], [1366, 661], [1332, 662], [1333, 662], [1334, 662], [1364, 662], [1365, 662], [1366, 662], [1367, 662], [1333, 663], [1334, 663], [1335, 663], [1365, 663], [1366, 663], [1367, 663], [1333, 664], [1334, 664], [1335, 664], [1366, 664], [1367, 664], [1368, 664], [1334, 665], [1335, 665], [1336, 665], [1366, 665], [1367, 665], [1368, 665], [1369, 665], [1334, 666], [1335, 666], [1336, 666], [1367, 666], [1368, 666], [1369, 666], [1335, 667], [1336, 667], [1337, 667], [1368, 667], [1369, 667], [1370, 667], [1335, 668], [1336, 668], [1337, 668], [1338, 668], [1368, 668], [1369, 668], [1370, 668], [1371, 668], [1336, 669], [1337, 669], [1338, 669], [1369, 669], [1370, 669], [1371, 669], [1337, 670], [1338, 670], [1339, 670], [1370, 670], [1371, 670], [1372, 670], [1337, 671], [1338, 671], [1339, 671], [1340, 671], [1370, 671], [1371, 671], [1372, 671], [1373, 671], [1338, 672], [1339, 672], [1340, 672], [1371, 672], [1372, 672], [1373, 672], [1339, 673], [1340, 673], [1341, 673], [1372, 673], [1373, 673], [1374, 673], [1339, 674], [1340, 674], [1341, 674], [1342, 674], [1372, 674], [1373, 674], [1374, 674], [1375, 674], [1340, 675], [1341, 675], [1342, 675], [1373, 675], [1374, 675], [1375, 675], [1341, 676], [1342, 676], [1343, 676], [1374, 676], [1375, 676], [1376, 676], [1341, 677], [1342, 677], [1343, 677], [1374, 677], [1375, 677], [1376, 677], [1377, 677], [1342, 678], [1343, 678], [1344, 678], [1375, 678], [1376, 678], [1377, 678], [1342, 679], [1343, 679], [1344, 679], [1376, 679], [1377, 679], [1378, 679], [1343, 680], [1344, 680], [1345, 680], [1376, 680], [1377, 680], [1378, 680], [1379, 680], [1343, 681], [1344, 681], [1345, 681], [1346, 681], [1377, 681], [1378, 681], [1379, 681], [1344, 682], [1345, 682], [1346, 682], [1378, 682], [1379, 682], [1380, 682], [1345, 683], [1346, 683], [1347, 683], [1378, 683], [1379, 683], [1380, 683], [1381, 683], [1345, 684], [1346, 684], [1347, 684], [1379, 684], [1380, 684], [1381, 684], [1346, 685], [1347, 685], [1348, 685], [1380, 685], [1381, 685], [1382, 685], [1346, 686], [1347, 686], [1348, 686], [1349, 686], [1380, 686], [1381, 686], [1382, 686], [1383, 686], [1347, 687], [1348, 687], [1349, 687], [1350, 687], [1381, 687], [1382, 687], [1383, 687], [1348, 688], [1349, 688], [1350, 688], [1382, 688], [1383, 688], [1384, 688], [1349, 689], [1350, 689], [1351, 689], [1382, 689], [1383, 689], [1384, 689], [1385, 689], [1349, 690], [1350, 690], [1351, 690], [1352, 690], [1383, 690], [1384, 690], [1385, 690], [1386, 690], [1350, 691], [1351, 691], [1352, 691], [1384, 691], [1385, 691], [1386, 691], [1351, 692], [1352, 692], [1353, 692], [1385, 692], [1386, 692], [1387, 692], [1351, 693], [1352, 693], [1353, 693], [1354, 693], [1385, 693], [1386, 693], [1387, 693], [1388, 693], [1352, 694], [1353, 694], [1354, 694], [1386, 694], [1387, 694], [1388, 694], [1353, 695], [1354, 695], [1355, 695], [1387, 695], [1388, 695], [1389, 695], [1353, 696], [1354, 696], [1355, 696], [1356, 696], [1387, 696], [1388, 696], [1389, 696], [1390, 696], [1354, 697], [1355, 697], [1356, 697], [1388, 697], [1389, 697], [1390, 697], [1355, 698], [1356, 698], [1357, 698], [1389, 698], [1390, 698], [1391, 698], [1355, 699], [1356, 699], [1357, 699], [1358, 699], [1389, 699], [1390, 699], [1391, 699], [1392, 699], [1356, 700], [1357, 700], [1358, 700], [1390, 700], [1391, 700], [1392, 700], [1393, 700], [1357, 701], [1358, 701], [1359, 701], [1391, 701], [1392, 701], [1393, 701], [1357, 702], [1358, 702], [1359, 702], [1392, 702], [1393, 702], [1394, 702], [1358, 703], [1359, 703], [1360, 703], [1392, 703], [1393, 703], [1394, 703], [1395, 703], [1358, 704], [1359, 704], [1360, 704], [1361, 704], [1393, 704], [1394, 704], [1395, 704], [1359, 705], [1360, 705], [1361, 705], [1394, 705], [1395, 705], [1396, 705], [1360, 706], [1361, 706], [1362, 706], [1394, 706], [1395, 706], [1396, 706], [1397, 706], [1360, 707], [1361, 707], [1362, 707], [1363, 707], [1395, 707], [1396, 707], [1397, 707], [1361, 708], [1362, 708], [1363, 708], [1396, 708], [1397, 708], [1398, 708], [1362, 709], [1363, 709], [1364, 709], [1396, 709], [1397, 709], [1398, 709], [1399, 709], [1362, 710], [1363, 710], [1364, 710], [1397, 710], [1398, 710], [1399, 710], [1363, 711], [1364, 711], [1365, 711], [1398, 711], [1399, 711], [1400, 711], [1363, 712], [1364, 712], [1365, 712], [1398, 712], [1399, 712], [1400, 712], [1401, 712], [1364, 713], [1365, 713], [1366, 713], [1399, 713], [1400, 713], [1401, 713], [1364, 714], [1365, 714], [1366, 714], [1400, 714], [1401, 714], [1402, 714], [1365, 715], [1366, 715], [1367, 715], [1400, 715], [1401, 715], [1402, 715], [1403, 715], [1365, 716], [1366, 716], [1367, 716], [1368, 716], [1401, 716], [1402, 716], [1403, 716], [1366, 717], [1367, 717], [1368, 717], [1369, 717], [1402, 717], [1403, 717], [1404, 717], [1367, 718], [1368, 718], [1369, 718], [1402, 718], [1403, 718], [1404, 718], [1405, 718], [1368, 719], [1369, 719], [1370, 719], [1403, 719], [1404, 719], [1405, 719], [1368, 720], [1369, 720], [1370, 720], [1404, 720], [1405, 720], [1406, 720], [1369, 721], [1370, 721], [1371, 721], [1404, 721], [1405, 721], [1406, 721], [1407, 721], [1369, 722], [1370, 722], [1371, 722], [1405, 722], [1406, 722], [1407, 722], [1370, 723], [1371, 723], [1372, 723], [1406, 723], [1407, 723], [1408, 723], [1370, 724], [1371, 724], [1372, 724], [1373, 724], [1406, 724], [1407, 724], [1408, 724], [1409, 724], [1371, 725], [1372, 725], [1373, 725], [1407, 725], [1408, 725], [1409, 725], [1410, 725], [1372, 726], [1373, 726], [1374, 726], [1408, 726], [1409, 726], [1410, 726], [1372, 727], [1373, 727], [1374, 727], [1409, 727], [1410, 727], [1411, 727], [1373, 728], [1374, 728], [1375, 728], [1409, 728], [1410, 728], [1411, 728], [1412, 728], [1373, 729], [1374, 729], [1375, 729], [1376, 729], [1410, 729], [1411, 729], [1412, 729], [1374, 730], [1375, 730], [1376, 730], [1411, 730], [1412, 730], [1413, 730], [1375, 731], [1376, 731], [1377, 731], [1411, 731], [1412, 731], [1413, 731], [1375, 732], [1376, 732], [1377, 732], [1378, 732], [1412, 732], [1413, 732], [1414, 732], [1376, 733], [1377, 733], [1378, 733], [1379, 733], [1412, 733], [1413, 733], [1414, 733], [1415, 733], [1377, 734], [1378, 734], [1379, 734], [1413, 734], [1414, 734], [1415, 734], [1416, 734], [1378, 735], [1379, 735], [1380, 735], [1414, 735], [1415, 735], [1416, 735], [1378, 736], [1379, 736], [1380, 736], [1415, 736], [1416, 736], [1417, 736], [1379, 737], [1380, 737], [1381, 737], [1415, 737], [1416, 737], [1417, 737], [1418, 737], [1379, 738], [1380, 738], [1381, 738], [1416, 738], [1417, 738], [1418, 738], [1380, 739], [1381, 739], [1382, 739], [1417, 739], [1418, 739], [1419, 739], [1380, 740], [1381, 740], [1382, 740], [1383, 740], [1417, 740], [1418, 740], [1419, 740], [1420, 740], [1381, 741], [1382, 741], [1383, 741], [1418, 741], [1419, 741], [1420, 741], [1382, 742], [1383, 742], [1384, 742], [1419, 742], [1420, 742], [1421, 742], [1382, 743], [1383, 743], [1384, 743], [1419, 743], [1420, 743], [1421, 743], [1422, 743], [1383, 744], [1384, 744], [1385, 744], [1420, 744], [1421, 744], [1422, 744], [1383, 745], [1384, 745], [1385, 745], [1386, 745], [1421, 745], [1422, 745], [1423, 745], [1384, 746], [1385, 746], [1386, 746], [1387, 746], [1421, 746], [1422, 746], [1423, 746], [1424, 746], [1385, 747], [1386, 747], [1387, 747], [1422, 747], [1423, 747], [1424, 747], [1425, 747], [1386, 748], [1387, 748], [1388, 748], [1423, 748], [1424, 748], [1425, 748], [1386, 749], [1387, 749], [1388, 749], [1424, 749], [1425, 749], [1426, 749], [1387, 750], [1388, 750], [1389, 750], [1424, 750], [1425, 750], [1426, 750], [1427, 750], [1387, 751], [1388, 751], [1389, 751], [1425, 751], [1426, 751], [1427, 751], [1388, 752], [1389, 752], [1390, 752], [1426, 752], [1427, 752], [1428, 752], [1388, 753], [1389, 753], [1390, 753], [1391, 753], [1426, 753], [1427, 753], [1428, 753], [1429, 753], [1389, 754], [1390, 754], [1391, 754], [1392, 754], [1427, 754], [1428, 754], [1429, 754], [1390, 755], [1391, 755], [1392, 755], [1428, 755], [1429, 755], [1430, 755], [1391, 756], [1392, 756], [1393, 756], [1428, 756], [1429, 756], [1430, 756], [1391, 757], [1392, 757], [1393, 757], [1429, 757], [1430, 757], [1431, 757], [1392, 758], [1393, 758], [1394, 758], [1429, 758], [1430, 758], [1431, 758], [1432, 758], [1392, 759], [1393, 759], [1394, 759], [1430, 759], [1431, 759], [1432, 759], [1393, 760], [1394, 760], [1395, 760], [1431, 760], [1432, 760], [1433, 760], [1393, 761], [1394, 761], [1395, 761], [1396, 761], [1431, 761], [1432, 761], [1433, 761], [1394, 762], [1395, 762], [1396, 762], [1432, 762], [1433, 762], [1434, 762], [1395, 763], [1396, 763], [1397, 763], [1432, 763], [1433, 763], [1434, 763], [1435, 763], [1395, 764], [1396, 764], [1397, 764], [1398, 764], [1433, 764], [1434, 764], [1435, 764], [1436, 764], [1396, 765], [1397, 765], [1398, 765], [1434, 765], [1435, 765], [1436, 765], [1397, 766], [1398, 766], [1399, 766], [1435, 766], [1436, 766], [1437, 766], [1397, 767], [1398, 767], [1399, 767], [1435, 767], [1436, 767], [1437, 767], [1398, 768], [1399, 768], [1400, 768], [1436, 768], [1437, 768], [1438, 768], [1398, 769], [1399, 769], [1400, 769], [1436, 769], [1437, 769], [1438, 769], [1439, 769], [1399, 770], [1400, 770], [1401, 770], [1437, 770], [1438, 770], [1439, 770], [1399, 771], [1400, 771], [1401, 771], [1402, 771], [1438, 771], [1439, 771], [1440, 771], [1400, 772], [1401, 772], [1402, 772], [1438, 772], [1439, 772], [1440, 772], [1401, 773], [1402, 773], [1403, 773], [1439, 773], [1440, 773], [1441, 773], [1401, 774], [1402, 774], [1403, 774], [1439, 774], [1440, 774], [1441, 774], [1442, 774], [1402, 775], [1403, 775], [1404, 775], [1440, 775], [1441, 775], [1442, 775], [1443, 775], [1402, 776], [1403, 776], [1404, 776], [1405, 776], [1441, 776], [1442, 776], [1443, 776], [1403, 777], [1404, 777], [1405, 777], [1442, 777], [1443, 777], [1444, 777], [1404, 778], [1405, 778], [1406, 778], [1442, 778], [1443, 778], [1444, 778], [1404, 779], [1405, 779], [1406, 779], [1407, 779], [1443, 779], [1444, 779], [1445, 779], [1405, 780], [1406, 780], [1407, 780], [1443, 780], [1444, 780], [1445, 780], [1446, 780], [1406, 781], [1407, 781], [1408, 781], [1444, 781], [1445, 781], [1446, 781], [1447, 781], [1406, 782], [1407, 782], [1408, 782], [1409, 782], [1445, 782], [1446, 782], [1447, 782], [1407, 783], [1408, 783], [1409, 783], [1446, 783], [1447, 783], [1448, 783], [1408, 784], [1409, 784], [1410, 784], [1446, 784], [1447, 784], [1448, 784], [1449, 784], [1408, 785], [1409, 785], [1410, 785], [1411, 785], [1447, 785], [1448, 785], [1449, 785], [1409, 786], [1410, 786], [1411, 786], [1448, 786], [1449, 786], [1450, 786], [1410, 787], [1411, 787], [1412, 787], [1448, 787], [1449, 787], [1450, 787], [1451, 787], [1410, 788], [1411, 788], [1412, 788], [1413, 788], [1449, 788], [1450, 788], [1451, 788], [1411, 789], [1412, 789], [1413, 789], [1450, 789], [1451, 789], [1452, 789], [1412, 790], [1413, 790], [1414, 790], [1450, 790], [1451, 790], [1452, 790], [1453, 790], [1412, 791], [1413, 791], [1414, 791], [1415, 791], [1451, 791], [1452, 791], [1453, 791], [1413, 792], [1414, 792], [1415, 792], [1452, 792], [1453, 792], [1454, 792], [1414, 793], [1415, 793], [1416, 793], [1452, 793], [1453, 793], [1454, 793], [1455, 793], [1414, 794], [1415, 794], [1416, 794], [1453, 794], [1454, 794], [1455, 794], [1456, 794], [1415, 795], [1416, 795], [1417, 795], [1454, 795], [1455, 795], [1456, 795], [1415, 796], [1416, 796], [1417, 796], [1455, 796], [1456, 796], [1457, 796], [1416, 797], [1417, 797], [1418, 797], [1455, 797], [1456, 797], [1457, 797], [1458, 797], [1416, 798], [1417, 798], [1418, 798], [1456, 798], [1457, 798], [1458, 798], [1417, 799], [1418, 799], [1419, 799], [1457, 799], [1458, 799], [1459, 799], [1417, 800], [1418, 800], [1419, 800], [1420, 800], [1457, 800], [1458, 800], [1459, 800], [1418, 801], [1419, 801], [1420, 801], [1458, 801], [1459, 801], [1460, 801], [1419, 802], [1420, 802], [1421, 802], [1458, 802], [1459, 802], [1460, 802], [1461, 802], [1419, 803], [1420, 803], [1421, 803], [1422, 803], [1459, 803], [1460, 803], [1461, 803], [1420, 804], [1421, 804], [1422, 804], [1460, 804], [1461, 804], [1462, 804], [1421, 805], [1422, 805], [1423, 805], [1460, 805], [1461, 805], [1462, 805], [1463, 805], [1421, 806], [1422, 806], [1423, 806], [1424, 806], [1461, 806], [1462, 806], [1463, 806], [1422, 807], [1423, 807], [1424, 807], [1425, 807], [1462, 807], [1463, 807], [1464, 807], [1423, 808], [1424, 808], [1425, 808], [1462, 808], [1463, 808], [1464, 808], [1465, 808], [1424, 809], [1425, 809], [1426, 809], [1463, 809], [1464, 809], [1465, 809], [1424, 810], [1425, 810], [1426, 810], [1427, 810], [1464, 810], [1465, 810], [1466, 810], [1425, 811], [1426, 811], [1427, 811], [1464, 811], [1465, 811], [1466, 811], [1467, 811], [1426, 812], [1427, 812], [1428, 812], [1465, 812], [1466, 812], [1467, 812], [1468, 812], [1426, 813], [1427, 813], [1428, 813], [1466, 813], [1467, 813], [1468, 813], [1427, 814], [1428, 814], [1429, 814], [1467, 814], [1468, 814], [1469, 814], [1427, 815], [1428, 815], [1429, 815], [1430, 815], [1467, 815], [1468, 815], [1469, 815], [1428, 816], [1429, 816], [1430, 816], [1468, 816], [1469, 816], [1470, 816], [1429, 817], [1430, 817], [1431, 817], [1468, 817], [1469, 817], [1470, 817], [1471, 817], [1429, 818], [1430, 818], [1431, 818], [1469, 818], [1470, 818], [1471, 818], [1430, 819], [1431, 819], [1432, 819], [1470, 819], [1471, 819], [1472, 819], [1430, 820], [1431, 820], [1432, 820], [1470, 820], [1471, 820], [1472, 820], [1473, 820], [1431, 821], [1432, 821], [1433, 821], [1471, 821], [1472, 821], [1473, 821], [1474, 821], [1431, 822], [1432, 822], [1433, 822], [1472, 822], [1473, 822], [1474, 822], [1475, 822], [1432, 823], [1433, 823], [1434, 823], [1473, 823], [1474, 823], [1475, 823], [1432, 824], [1433, 824], [1434, 824], [1474, 824], [1475, 824], [1476, 824], [1433, 825], [1434, 825], [1435, 825], [1474, 825], [1475, 825], [1476, 825], [1477, 825], [1433, 826], [1434, 826], [1435, 826], [1475, 826], [1476, 826], [1477, 826], [1434, 827], [1435, 827], [1436, 827], [1476, 827], [1477, 827], [1478, 827], [1434, 828], [1435, 828], [1436, 828], [1476, 828], [1477, 828], [1478, 828], [1479, 828], [1435, 829], [1436, 829], [1437, 829], [1477, 829], [1478, 829], [1479, 829], [1480, 829], [1435, 830], [1436, 830], [1437, 830], [1478, 830], [1479, 830], [1480, 830], [1436, 831], [1437, 831], [1438, 831], [1479, 831], [1480, 831], [1481, 831], [1436, 832], [1437, 832], [1438, 832], [1439, 832], [1479, 832], [1480, 832], [1481, 832], [1437, 833], [1438, 833], [1439, 833], [1480, 833], [1481, 833], [1482, 833], [1438, 834], [1439, 834], [1440, 834], [1480, 834], [1481, 834], [1482, 834], [1483, 834], [1438, 835], [1439, 835], [1440, 835], [1481, 835], [1482, 835], [1483, 835], [1439, 836], [1440, 836], [1441, 836], [1482, 836], [1483, 836], [1484, 836], [1439, 837], [1440, 837], [1441, 837], [1442, 837], [1482, 837], [1483, 837], [1484, 837], [1485, 837], [1440, 838], [1441, 838], [1442, 838], [1483, 838], [1484, 838], [1485, 838], [1441, 839], [1442, 839], [1443, 839], [1484, 839], [1485, 839], [1486, 839], [1441, 840], [1442, 840], [1443, 840], [1444, 840], [1484, 840], [1485, 840], [1486, 840], [1442, 841], [1443, 841], [1444, 841], [1485, 841], [1486, 841], [1487, 841], [1443, 842], [1444, 842], [1445, 842], [1485, 842], [1486, 842], [1487, 842], [1488, 842], [1443, 843], [1444, 843], [1445, 843], [1446, 843], [1486, 843], [1487, 843], [1488, 843], [1444, 844], [1445, 844], [1446, 844], [1487, 844], [1488, 844], [1489, 844], [1445, 845], [1446, 845], [1447, 845], [1487, 845], [1488, 845], [1489, 845], [1490, 845], [1445, 846], [1446, 846], [1447, 846], [1448, 846], [1488, 846], [1489, 846], [1490, 846], [1491, 846], [1446, 847], [1447, 847], [1448, 847], [1449, 847], [1489, 847], [1490, 847], [1491, 847], [1447, 848], [1448, 848], [1449, 848], [1490, 848], [1491, 848], [1492, 848], [1448, 849], [1449, 849], [1450, 849], [1490, 849], [1491, 849], [1492, 849], [1493, 849], [1448, 850], [1449, 850], [1450, 850], [1451, 850], [1491, 850], [1492, 850], [1493, 850], [1494, 850], [1449, 851], [1450, 851], [1451, 851], [1452, 851], [1492, 851], [1493, 851], [1494, 851], [1450, 852], [1451, 852], [1452, 852], [1493, 852], [1494, 852], [1495, 852], [1451, 853], [1452, 853], [1453, 853], [1493, 853], [1494, 853], [1495, 853], [1496, 853], [1451, 854], [1452, 854], [1453, 854], [1454, 854], [1494, 854], [1495, 854], [1496, 854], [1452, 855], [1453, 855], [1454, 855], [1495, 855], [1496, 855], [1497, 855], [1453, 856], [1454, 856], [1455, 856], [1495, 856], [1496, 856], [1497, 856], [1498, 856], [1453, 857], [1454, 857], [1455, 857], [1456, 857], [1496, 857], [1497, 857], [1498, 857], [1454, 858], [1455, 858], [1456, 858], [1497, 858], [1498, 858], [1499, 858], [1455, 859], [1456, 859], [1457, 859], [1497, 859], [1498, 859], [1499, 859], [1500, 859], [1455, 860], [1456, 860], [1457, 860], [1458, 860], [1498, 860], [1499, 860], [1500, 860], [1456, 861], [1457, 861], [1458, 861], [1499, 861], [1500, 861], [1501, 861], [1457, 862], [1458, 862], [1459, 862], [1499, 862], [1500, 862], [1501, 862], [1502, 862], [1457, 863], [1458, 863], [1459, 863], [1460, 863], [1500, 863], [1501, 863], [1502, 863], [1458, 864], [1459, 864], [1460, 864], [1501, 864], [1502, 864], [1503, 864], [1459, 865], [1460, 865], [1461, 865], [1501, 865], [1502, 865], [1503, 865], [1459, 866], [1460, 866], [1461, 866], [1502, 866], [1503, 866], [1504, 866], [1460, 867], [1461, 867], [1462, 867], [1502, 867], [1503, 867], [1504, 867], [1505, 867], [1460, 868], [1461, 868], [1462, 868], [1503, 868], [1504, 868], [1505, 868], [1506, 868], [1461, 869], [1462, 869], [1463, 869], [1504, 869], [1505, 869], [1506, 869], [1461, 870], [1462, 870], [1463, 870], [1464, 870], [1505, 870], [1506, 870], [1507, 870], [1462, 871], [1463, 871], [1464, 871], [1465, 871], [1505, 871], [1506, 871], [1507, 871], [1508, 871], [1463, 872], [1464, 872], [1465, 872], [1466, 872], [1506, 872], [1507, 872], [1508, 872], [1464, 873], [1465, 873], [1466, 873], [1507, 873], [1508, 873], [1509, 873], [1465, 874], [1466, 874], [1467, 874], [1507, 874], [1508, 874], [1509, 874], [1510, 874], [1465, 875], [1466, 875], [1467, 875], [1508, 875], [1509, 875], [1510, 875], [1511, 875], [1466, 876], [1467, 876], [1468, 876], [1509, 876], [1510, 876], [1511, 876], [1466, 877], [1467, 877], [1468, 877], [1510, 877], [1511, 877], [1512, 877], [1467, 878], [1468, 878], [1469, 878], [1510, 878], [1511, 878], [1512, 878], [1513, 878], [1467, 879], [1468, 879], [1469, 879], [1470, 879], [1511, 879], [1512, 879], [1513, 879], [1468, 880], [1469, 880], [1470, 880], [1471, 880], [1512, 880], [1513, 880], [1514, 880], [1469, 881], [1470, 881], [1471, 881], [1512, 881], [1513, 881], [1514, 881], [1470, 882], [1471, 882], [1472, 882], [1513, 882], [1514, 882], [1515, 882], [1470, 883], [1471, 883], [1472, 883], [1513, 883], [1514, 883], [1515, 883], [1516, 883], [1471, 884], [1472, 884], [1473, 884], [1514, 884], [1515, 884], [1516, 884], [1517, 884], [1471, 885], [1472, 885], [1473, 885], [1474, 885], [1515, 885], [1516, 885], [1517, 885], [1472, 886], [1473, 886], [1474, 886], [1516, 886], [1517, 886], [1518, 886], [1473, 887], [1474, 887], [1475, 887], [1516, 887], [1517, 887], [1518, 887], [1519, 887], [1473, 888], [1474, 888], [1475, 888], [1476, 888], [1517, 888], [1518, 888], [1519, 888], [1520, 888], [1474, 889], [1475, 889], [1476, 889], [1518, 889], [1519, 889], [1520, 889], [1475, 890], [1476, 890], [1477, 890], [1519, 890], [1520, 890], [1521, 890], [1475, 891], [1476, 891], [1477, 891], [1478, 891], [1519, 891], [1520, 891], [1521, 891], [1522, 891], [1476, 892], [1477, 892], [1478, 892], [1479, 892], [1520, 892], [1521, 892], [1522, 892], [1523, 892], [1477, 893], [1478, 893], [1479, 893], [1521, 893], [1522, 893], [1523, 893], [1478, 894], [1479, 894], [1480, 894], [1522, 894], [1523, 894], [1524, 894], [1478, 895], [1479, 895], [1480, 895], [1522, 895], [1523, 895], [1524, 895], [1525, 895], [1479, 896], [1480, 896], [1481, 896], [1523, 896], [1524, 896], [1525, 896], [1526, 896], [1479, 897], [1480, 897], [1481, 897], [1524, 897], [1525, 897], [1526, 897], [1480, 898], [1481, 898], [1482, 898], [1525, 898], [1526, 898], [1527, 898], [1480, 899], [1481, 899], [1482, 899], [1525, 899], [1526, 899], [1527, 899], [1528, 899], [1481, 900], [1482, 900], [1483, 900], [1526, 900], [1527, 900], [1528, 900], [1529, 900], [1481, 901], [1482, 901], [1483, 901], [1484, 901], [1527, 901], [1528, 901], [1529, 901], [1482, 902], [1483, 902], [1484, 902], [1528, 902], [1529, 902], [1530, 902], [1483, 903], [1484, 903], [1485, 903], [1528, 903], [1529, 903], [1530, 903], [1531, 903], [1483, 904], [1484, 904], [1485, 904], [1486, 904], [1529, 904], [1530, 904], [1531, 904], [1532, 904], [1484, 905], [1485, 905], [1486, 905], [1530, 905], [1531, 905], [1532, 905], [1485, 906], [1486, 906], [1487, 906], [1531, 906], [1532, 906], [1533, 906], [1485, 907], [1486, 907], [1487, 907], [1531, 907], [1532, 907], [1533, 907], [1486, 908], [1487, 908], [1488, 908], [1532, 908], [1533, 908], [1534, 908], [1486, 909], [1487, 909], [1488, 909], [1489, 909], [1532, 909], [1533, 909], [1534, 909], [1535, 909], [1487, 910], [1488, 910], [1489, 910], [1533, 910], [1534, 910], [1535, 910], [1488, 911], [1489, 911], [1490, 911], [1534, 911], [1535, 911], [1536, 911], [1488, 912], [1489, 912], [1490, 912], [1491, 912], [1534, 912], [1535, 912], [1536, 912], [1537, 912], [1489, 913], [1490, 913], [1491, 913], [1492, 913], [1535, 913], [1536, 913], [1537, 913], [1490, 914], [1491, 914], [1492, 914], [1536, 914], [1537, 914], [1538, 914], [1491, 915], [1492, 915], [1493, 915], [1536, 915], [1537, 915], [1538, 915], [1539, 915], [1491, 916], [1492, 916], [1493, 916], [1494, 916], [1537, 916], [1538, 916], [1539, 916], [1492, 917], [1493, 917], [1494, 917], [1538, 917], [1539, 917], [1540, 917], [1493, 918], [1494, 918], [1495, 918], [1538, 918], [1539, 918], [1540, 918], [1541, 918], [1493, 919], [1494, 919], [1495, 919], [1496, 919], [1539, 919], [1540, 919], [1541, 919], [1494, 920], [1495, 920], [1496, 920], [1497, 920], [1540, 920], [1541, 920], [1542, 920], [1495, 921], [1496, 921], [1497, 921], [1540, 921], [1541, 921], [1542, 921], [1543, 921], [1496, 922], [1497, 922], [1498, 922], [1541, 922], [1542, 922], [1543, 922], [1496, 923], [1497, 923], [1498, 923], [1542, 923], [1543, 923], [1544, 923], [1497, 924], [1498, 924], [1499, 924], [1542, 924], [1543, 924], [1544, 924], [1545, 924], [1497, 925], [1498, 925], [1499, 925], [1500, 925], [1543, 925], [1544, 925], [1545, 925], [1498, 926], [1499, 926], [1500, 926], [1544, 926], [1545, 926], [1546, 926], [1499, 927], [1500, 927], [1544, 927], [1545, 927], [1546, 927], [1547, 927], [1499, 928], [1500, 928], [1501, 928], [1545, 928], [1546, 928], [1547, 928], [1499, 929], [1500, 929], [1501, 929], [1502, 929], [1546, 929], [1547, 929], [1548, 929], [1500, 930], [1501, 930], [1502, 930], [1503, 930], [1546, 930], [1547, 930], [1548, 930], [1549, 930], [1501, 931], [1502, 931], [1503, 931], [1547, 931], [1548, 931], [1549, 931], [1550, 931], [1502, 932], [1503, 932], [1504, 932], [1548, 932], [1549, 932], [1550, 932], [1502, 933], [1503, 933], [1504, 933], [1549, 933], [1550, 933], [1551, 933], [1503, 934], [1504, 934], [1505, 934], [1549, 934], [1550, 934], [1551, 934], [1503, 935], [1504, 935], [1505, 935], [1550, 935], [1551, 935], [1552, 935], [1504, 936], [1505, 936], [1506, 936], [1550, 936], [1551, 936], [1552, 936], [1553, 936], [1504, 937], [1505, 937], [1506, 937], [1507, 937], [1551, 937], [1552, 937], [1553, 937], [1505, 938], [1506, 938], [1507, 938], [1508, 938], [1552, 938], [1553, 938], [1554, 938], [1506, 939], [1507, 939], [1508, 939], [1552, 939], [1553, 939], [1554, 939], [1555, 939], [1507, 940], [1508, 940], [1509, 940], [1553, 940], [1554, 940], [1555, 940], [1507, 941], [1508, 941], [1509, 941], [1510, 941], [1554, 941], [1555, 941], [1556, 941], [1508, 942], [1509, 942], [1510, 942], [1511, 942], [1554, 942], [1555, 942], [1556, 942], [1557, 942], [1509, 943], [1510, 943], [1511, 943], [1555, 943], [1556, 943], [1557, 943], [1510, 944], [1511, 944], [1512, 944], [1556, 944], [1557, 944], [1558, 944], [1510, 945], [1511, 945], [1512, 945], [1556, 945], [1557, 945], [1558, 945], [1559, 945], [1511, 946], [1512, 946], [1513, 946], [1557, 946], [1558, 946], [1559, 946], [1560, 946], [1511, 947], [1512, 947], [1513, 947], [1514, 947], [1558, 947], [1559, 947], [1560, 947], [1561, 947], [1512, 948], [1513, 948], [1514, 948], [1559, 948], [1560, 948], [1561, 948], [1513, 949], [1514, 949], [1515, 949], [1560, 949], [1561, 949], [1562, 949], [1513, 950], [1514, 950], [1515, 950], [1516, 950], [1560, 950], [1561, 950], [1562, 950], [1563, 950], [1514, 951], [1515, 951], [1516, 951], [1561, 951], [1562, 951], [1563, 951], [1515, 952], [1516, 952], [1517, 952], [1562, 952], [1563, 952], [1564, 952], [1515, 953], [1516, 953], [1517, 953], [1518, 953], [1562, 953], [1563, 953], [1564, 953], [1565, 953], [1516, 954], [1517, 954], [1518, 954], [1563, 954], [1564, 954], [1565, 954], [1566, 954], [1517, 955], [1518, 955], [1519, 955], [1564, 955], [1565, 955], [1566, 955], [1567, 955], [1517, 956], [1518, 956], [1519, 956], [1565, 956], [1566, 956], [1567, 956], [1518, 957], [1519, 957], [1520, 957], [1566, 957], [1567, 957], [1568, 957], [1518, 958], [1519, 958], [1520, 958], [1521, 958], [1566, 958], [1567, 958], [1568, 958], [1519, 959], [1520, 959], [1521, 959], [1567, 959], [1568, 959], [1569, 959], [1520, 960], [1521, 960], [1522, 960], [1567, 960], [1568, 960], [1569, 960], [1570, 960], [1520, 961], [1521, 961], [1522, 961], [1568, 961], [1569, 961], [1570, 961], [1521, 962], [1522, 962], [1523, 962], [1569, 962], [1570, 962], [1571, 962], [1521, 963], [1522, 963], [1523, 963], [1569, 963], [1570, 963], [1571, 963], [1572, 963], [1522, 964], [1523, 964], [1524, 964], [1570, 964], [1571, 964], [1572, 964], [1522, 965], [1523, 965], [1524, 965], [1525, 965], [1571, 965], [1572, 965], [1573, 965], [1523, 966], [1524, 966], [1525, 966], [1571, 966], [1572, 966], [1573, 966], [1574, 966], [1524, 967], [1525, 967], [1526, 967], [1572, 967], [1573, 967], [1574, 967], [1524, 968], [1525, 968], [1526, 968], [1527, 968], [1573, 968], [1574, 968], [1575, 968], [1525, 969], [1526, 969], [1527, 969], [1573, 969], [1574, 969], [1575, 969], [1576, 969], [1526, 970], [1527, 970], [1528, 970], [1574, 970], [1575, 970], [1576, 970], [1526, 971], [1527, 971], [1528, 971], [1575, 971], [1576, 971], [1577, 971], [1527, 972], [1528, 972], [1529, 972], [1575, 972], [1576, 972], [1577, 972], [1578, 972], [1527, 973], [1528, 973], [1529, 973], [1530, 973], [1576, 973], [1577, 973], [1578, 973], [1528, 974], [1529, 974], [1530, 974], [1531, 974], [1577, 974], [1578, 974], [1579, 974], [1529, 975], [1530, 975], [1531, 975], [1577, 975], [1578, 975], [1579, 975], [1580, 975], [1530, 976], [1531, 976], [1532, 976], [1578, 976], [1579, 976], [1580, 976], [1581, 976], [1530, 977], [1531, 977], [1532, 977], [1533, 977], [1579, 977], [1580, 977], [1581, 977], [1531, 978], [1532, 978], [1533, 978], [1580, 978], [1581, 978], [1582, 978], [1532, 979], [1533, 979], [1534, 979], [1580, 979], [1581, 979], [1582, 979], [1583, 979], [1532, 980], [1533, 980], [1534, 980], [1535, 980], [1581, 980], [1582, 980], [1583, 980], [1533, 981], [1534, 981], [1535, 981], [1582, 981], [1583, 981], [1584, 981], [1534, 982], [1535, 982], [1536, 982], [1582, 982], [1583, 982], [1584, 982], [1585, 982], [1534, 983], [1535, 983], [1536, 983], [1583, 983], [1584, 983], [1585, 983], [1535, 984], [1536, 984], [1537, 984], [1584, 984], [1585, 984], [1586, 984], [1535, 985], [1536, 985], [1537, 985], [1584, 985], [1585, 985], [1586, 985], [1536, 986], [1537, 986], [1538, 986], [1585, 986], [1586, 986], [1587, 986], [1536, 987], [1537, 987], [1538, 987], [1585, 987], [1586, 987], [1587, 987], [1588, 987], [1537, 988], [1538, 988], [1539, 988], [1586, 988], [1587, 988], [1588, 988], [1589, 988], [1537, 989], [1538, 989], [1539, 989], [1587, 989], [1588, 989], [1589, 989], [1538, 990], [1539, 990], [1540, 990], [1588, 990], [1589, 990], [1590, 990], [1538, 991], [1539, 991], [1540, 991], [1588, 991], [1589, 991], [1590, 991], [1591, 991], [1539, 992], [1540, 992], [1541, 992], [1589, 992], [1590, 992], [1591, 992], [1592, 992], [1539, 993], [1540, 993], [1541, 993], [1542, 993], [1590, 993], [1591, 993], [1592, 993], [1593, 993], [1540, 994], [1541, 994], [1542, 994], [1591, 994], [1592, 994], [1593, 994], [1541, 995], [1542, 995], [1543, 995], [1592, 995], [1593, 995], [1594, 995], [1541, 996], [1542, 996], [1543, 996], [1544, 996], [1592, 996], [1593, 996], [1594, 996], [1542, 997], [1543, 997], [1544, 997], [1593, 997], [1594, 997], [1595, 997], [1543, 998], [1544, 998], [1545, 998], [1593, 998], [1594, 998], [1595, 998], [1596, 998], [1543, 999], [1544, 999], [1545, 999], [1546, 999], [1594, 999], [1595, 999], [1596, 999], [1597, 999], [1544, 1000], [1545, 1000], [1546, 1000], [1547, 1000], [1595, 1000], [1596, 1000], [1597, 1000], [1545, 1001], [1546, 1001], [1547, 1001], [1596, 1001], [1597, 1001], [1598, 1001], [1546, 1002], [1547, 1002], [1548, 1002], [1596, 1002], [1597, 1002], [1598, 1002], [1599, 1002], [1546, 1003], [1547, 1003], [1548, 1003], [1549, 1003], [1597, 1003], [1598, 1003], [1599, 1003], [1547, 1004], [1548, 1004], [1549, 1004], [1598, 1004], [1599, 1004], [1600, 1004], [1548, 1005], [1549, 1005], [1550, 1005], [1598, 1005], [1599, 1005], [1600, 1005], [1548, 1006], [1549, 1006], [1550, 1006], [1599, 1006], [1600, 1006], [1601, 1006], [1549, 1007], [1550, 1007], [1551, 1007], [1599, 1007], [1600, 1007], [1601, 1007], [1602, 1007], [1549, 1008], [1550, 1008], [1551, 1008], [1552, 1008], [1600, 1008], [1601, 1008], [1602, 1008], [1603, 1008], [1550, 1009], [1551, 1009], [1552, 1009], [1601, 1009], [1602, 1009], [1603, 1009], [1551, 1010], [1552, 1010], [1553, 1010], [1602, 1010], [1603, 1010], [1604, 1010], [1551, 1011], [1552, 1011], [1553, 1011], [1602, 1011], [1603, 1011], [1604, 1011], [1605, 1011], [1552, 1012], [1553, 1012], [1554, 1012], [1603, 1012], [1604, 1012], [1605, 1012], [1552, 1013], [1553, 1013], [1554, 1013], [1604, 1013], [1605, 1013], [1606, 1013], [1553, 1014], [1554, 1014], [1555, 1014], [1604, 1014], [1605, 1014], [1606, 1014], [1607, 1014], [1553, 1015], [1554, 1015], [1555, 1015], [1556, 1015], [1605, 1015], [1606, 1015], [1607, 1015], [1554, 1016], [1555, 1016], [1556, 1016], [1557, 1016], [1606, 1016], [1607, 1016], [1608, 1016], [1555, 1017], [1556, 1017], [1557, 1017], [1606, 1017], [1607, 1017], [1608, 1017], [1556, 1018], [1557, 1018], [1558, 1018], [1607, 1018], [1608, 1018], [1609, 1018], [1556, 1019], [1557, 1019], [1558, 1019], [1607, 1019], [1608, 1019], [1609, 1019], [1610, 1019], [1557, 1020], [1558, 1020], [1559, 1020], [1608, 1020], [1609, 1020], [1610, 1020], [1557, 1021], [1558, 1021], [1559, 1021], [1560, 1021], [1609, 1021], [1610, 1021], [1611, 1021], [1558, 1022], [1559, 1022], [1560, 1022], [1609, 1022], [1610, 1022], [1611, 1022], [1559, 1023], [1560, 1023], [1561, 1023], [1610, 1023], [1611, 1023], [1612, 1023], [1559, 1024], [1560, 1024], [1561, 1024], [1610, 1024], [1611, 1024], [1612, 1024], [1560, 1025], [1561, 1025], [1562, 1025], [1611, 1025], [1612, 1025], [1613, 1025], [1560, 1026], [1561, 1026], [1562, 1026], [1563, 1026], [1611, 1026], [1612, 1026], [1613, 1026], [1561, 1027], [1562, 1027], [1563, 1027], [1612, 1027], [1613, 1027], [1614, 1027], [1615, 1027], [1562, 1028], [1563, 1028], [1564, 1028], [1612, 1028], [1613, 1028], [1614, 1028], [1615, 1028], [1562, 1029], [1563, 1029], [1564, 1029], [1565, 1029], [1614, 1029], [1615, 1029], [1616, 1029], [1563, 1030], [1564, 1030], [1565, 1030], [1566, 1030], [1614, 1030], [1615, 1030], [1616, 1030], [1564, 1031], [1565, 1031], [1566, 1031], [1615, 1031], [1616, 1031], [1617, 1031], [1618, 1031], [1565, 1032], [1566, 1032], [1567, 1032], [1615, 1032], [1616, 1032], [1617, 1032], [1618, 1032], [1565, 1033], [1566, 1033], [1567, 1033], [1568, 1033], [1617, 1033], [1618, 1033], [1619, 1033], [1566, 1034], [1567, 1034], [1568, 1034], [1617, 1034], [1618, 1034], [1619, 1034], [1620, 1034], [1567, 1035], [1568, 1035], [1569, 1035], [1618, 1035], [1619, 1035], [1620, 1035], [1621, 1035], [1567, 1036], [1568, 1036], [1569, 1036], [1570, 1036], [1619, 1036], [1620, 1036], [1621, 1036], [1622, 1036], [1568, 1037], [1569, 1037], [1570, 1037], [1620, 1037], [1621, 1037], [1622, 1037], [1569, 1038], [1570, 1038], [1571, 1038], [1621, 1038], [1622, 1038], [1623, 1038], [1569, 1039], [1570, 1039], [1571, 1039], [1572, 1039], [1621, 1039], [1622, 1039], [1623, 1039], [1624, 1039], [1570, 1040], [1571, 1040], [1572, 1040], [1573, 1040], [1622, 1040], [1623, 1040], [1624, 1040], [1625, 1040], [1571, 1041], [1572, 1041], [1573, 1041], [1623, 1041], [1624, 1041], [1625, 1041], [1626, 1041], [1572, 1042], [1573, 1042], [1574, 1042], [1624, 1042], [1625, 1042], [1626, 1042], [1627, 1042], [1572, 1043], [1573, 1043], [1574, 1043], [1575, 1043], [1625, 1043], [1626, 1043], [1627, 1043], [1573, 1044], [1574, 1044], [1575, 1044], [1626, 1044], [1627, 1044], [1628, 1044], [1574, 1045], [1575, 1045], [1576, 1045], [1626, 1045], [1627, 1045], [1628, 1045], [1629, 1045], [1574, 1046], [1575, 1046], [1576, 1046], [1627, 1046], [1628, 1046], [1629, 1046], [1575, 1047], [1576, 1047], [1628, 1047], [1629, 1047], [1630, 1047], [1575, 1048], [1576, 1048], [1577, 1048], [1628, 1048], [1629, 1048], [1630, 1048], [1575, 1049], [1576, 1049], [1577, 1049], [1578, 1049], [1629, 1049], [1630, 1049], [1631, 1049], [1576, 1050], [1577, 1050], [1578, 1050], [1629, 1050], [1630, 1050], [1631, 1050], [1632, 1050], [1577, 1051], [1578, 1051], [1579, 1051], [1630, 1051], [1631, 1051], [1632, 1051], [1577, 1052], [1578, 1052], [1579, 1052], [1631, 1052], [1632, 1052], [1633, 1052], [1578, 1053], [1579, 1053], [1580, 1053], [1631, 1053], [1632, 1053], [1633, 1053], [1578, 1054], [1579, 1054], [1580, 1054], [1632, 1054], [1633, 1054], [1634, 1054], [1579, 1055], [1580, 1055], [1581, 1055], [1632, 1055], [1633, 1055], [1634, 1055], [1635, 1055], [1579, 1056], [1580, 1056], [1581, 1056], [1633, 1056], [1634, 1056], [1635, 1056], [1580, 1057], [1581, 1057], [1582, 1057], [1634, 1057], [1635, 1057], [1636, 1057], [1580, 1058], [1581, 1058], [1582, 1058], [1583, 1058], [1634, 1058], [1635, 1058], [1636, 1058], [1581, 1059], [1582, 1059], [1583, 1059], [1584, 1059], [1635, 1059], [1636, 1059], [1637, 1059], [1582, 1060], [1583, 1060], [1584, 1060], [1585, 1060], [1635, 1060], [1636, 1060], [1637, 1060], [1638, 1060], [1583, 1061], [1584, 1061], [1585, 1061], [1636, 1061], [1637, 1061], [1638, 1061], [1584, 1062], [1585, 1062], [1586, 1062], [1637, 1062], [1638, 1062], [1639, 1062], [1584, 1063], [1585, 1063], [1586, 1063], [1637, 1063], [1638, 1063], [1639, 1063], [1640, 1063], [1585, 1064], [1586, 1064], [1587, 1064], [1638, 1064], [1639, 1064], [1640, 1064], [1585, 1065], [1586, 1065], [1587, 1065], [1639, 1065], [1640, 1065], [1641, 1065], [1586, 1066], [1587, 1066], [1588, 1066], [1639, 1066], [1640, 1066], [1641, 1066], [1586, 1067], [1587, 1067], [1588, 1067], [1640, 1067], [1641, 1067], [1642, 1067], [1587, 1068], [1588, 1068], [1589, 1068], [1640, 1068], [1641, 1068], [1642, 1068], [1643, 1068], [1587, 1069], [1588, 1069], [1589, 1069], [1641, 1069], [1642, 1069], [1643, 1069], [1588, 1070], [1589, 1070], [1590, 1070], [1642, 1070], [1643, 1070], [1644, 1070], [1588, 1071], [1589, 1071], [1590, 1071], [1642, 1071], [1643, 1071], [1644, 1071], [1645, 1071], [1589, 1072], [1590, 1072], [1591, 1072], [1643, 1072], [1644, 1072], [1645, 1072], [1646, 1072], [1589, 1073], [1590, 1073], [1591, 1073], [1592, 1073], [1644, 1073], [1645, 1073], [1646, 1073], [1590, 1074], [1591, 1074], [1592, 1074], [1593, 1074], [1645, 1074], [1646, 1074], [1647, 1074], [1591, 1075], [1592, 1075], [1593, 1075], [1645, 1075], [1646, 1075], [1647, 1075], [1648, 1075], [1592, 1076], [1593, 1076], [1594, 1076], [1646, 1076], [1647, 1076], [1648, 1076], [1592, 1077], [1593, 1077], [1594, 1077], [1595, 1077], [1647, 1077], [1648, 1077], [1649, 1077], [1593, 1078], [1594, 1078], [1595, 1078], [1647, 1078], [1648, 1078], [1649, 1078], [1594, 1079], [1595, 1079], [1648, 1079], [1649, 1079]


