White line left - 




Yellow line left - [1446, 278], [1445, 279], [1446, 279], [1443, 280], [1444, 280], [1445, 280], [1446, 280], [1441, 281], [1442, 281], [1443, 281]




Yellow line right - [1605, 247], [1606, 247], [1607, 247], [1608, 247], [1609, 247], [1610, 247], [1611, 247], [1612, 247], [1613, 247], [1600, 248], [1601, 248], [1602, 248], [1603, 248], [1604, 248], [1605, 248], [1606, 248], [1607, 248], [1608, 248], [1609, 248], [1610, 248], [1611, 248], [1613, 248], [1599, 249], [1600, 249], [1601, 249], [1602, 249], [1603, 249], [1604, 249], [1605, 249], [1606, 249], [1610, 249], [1611, 249], [1612, 249], [1613, 249], [1598, 250], [1599, 250], [1600, 250], [1601, 250], [1610, 250], [1611, 250], [1612, 250], [1597, 251], [1598, 251], [1599, 251], [1600, 251], [1610, 251], [1611, 251], [1612, 251], [1597, 252], [1598, 252], [1599, 252], [1610, 252], [1611, 252], [1612, 252], [1597, 253], [1598, 253], [1610, 253], [1611, 253], [1612, 253], [1597, 254], [1598, 254], [1599, 254], [1600, 254], [1601, 254], [1602, 254], [1603, 254], [1609, 254], [1610, 254], [1611, 254], [1612, 254], [1597, 255], [1598, 255], [1599, 255], [1600, 255], [1601, 255], [1602, 255], [1603, 255], [1604, 255], [1605, 255], [1606, 255], [1607, 255], [1608, 255], [1609, 255], [1610, 255], [1611, 255], [1602, 256], [1603, 256], [1604, 256], [1605, 256], [1606, 256], [1607, 256], [1608, 256], [1609, 256], [1610, 256], [1605, 257], [1606, 257], [1607, 257], [1608, 257]




White line right - [1457, 304], [1458, 304], [1459, 304], [1460, 304], [1461, 304], [1457, 305], [1458, 305], [1459, 305], [1460, 305], [1461, 305], [1462, 305], [1463, 305], [1464, 305], [1457, 306], [1458, 306], [1459, 306], [1460, 306], [1462, 306], [1463, 306], [1464, 306], [1465, 306], [1466, 306], [1467, 306], [1459, 307], [1460, 307], [1461, 307], [1462, 307], [1463, 307], [1464, 307], [1465, 307], [1466, 307], [1467, 307], [1468, 307], [1469, 307], [1461, 308], [1462, 308], [1463, 308], [1464, 308], [1465, 308], [1467, 308], [1468, 308], [1469, 308], [1470, 308], [1471, 308], [1472, 308], [1473, 308], [1463, 309], [1464, 309], [1465, 309], [1466, 309], [1467, 309], [1469, 309], [1470, 309], [1471, 309], [1472, 309], [1473, 309], [1474, 309], [1475, 309], [1476, 309], [1465, 310], [1466, 310], [1467, 310], [1468, 310], [1469, 310], [1470, 310], [1471, 310], [1472, 310], [1473, 310], [1474, 310], [1475, 310], [1476, 310], [1477, 310], [1478, 310], [1479, 310], [1467, 311], [1468, 311], [1469, 311], [1470, 311], [1471, 311], [1472, 311], [1473, 311], [1475, 311], [1476, 311], [1477, 311], [1478, 311], [1479, 311], [1480, 311], [1481, 311], [1482, 311], [1470, 312], [1471, 312], [1472, 312], [1473, 312], [1474, 312], [1475, 312], [1478, 312], [1479, 312], [1480, 312], [1481, 312], [1482, 312], [1483, 312], [1484, 312], [1485, 312], [1472, 313], [1473, 313], [1474, 313], [1475, 313], [1476, 313], [1477, 313], [1478, 313], [1481, 313], [1482, 313], [1483, 313], [1484, 313], [1485, 313], [1486, 313], [1487, 313], [1488, 313], [1474, 314], [1475, 314], [1476, 314], [1477, 314], [1478, 314], [1479, 314], [1480, 314], [1481, 314], [1484, 314], [1485, 314], [1486, 314], [1487, 314], [1488, 314], [1489, 314], [1490, 314], [1491, 314], [1477, 315], [1478, 315], [1479, 315], [1480, 315], [1481, 315], [1482, 315], [1483, 315], [1487, 315], [1488, 315], [1489, 315], [1490, 315], [1491, 315], [1492, 315], [1493, 315], [1494, 315], [1480, 316], [1481, 316], [1482, 316], [1483, 316], [1484, 316], [1485, 316], [1486, 316], [1490, 316], [1491, 316], [1492, 316], [1493, 316], [1494, 316], [1495, 316], [1496, 316], [1497, 316], [1482, 317], [1483, 317], [1484, 317], [1485, 317], [1486, 317], [1487, 317], [1488, 317], [1493, 317], [1494, 317], [1495, 317], [1496, 317], [1497, 317], [1498, 317], [1499, 317], [1500, 317], [1485, 318], [1486, 318], [1487, 318], [1488, 318], [1489, 318], [1490, 318], [1491, 318], [1496, 318], [1497, 318], [1498, 318], [1499, 318], [1500, 318], [1501, 318], [1502, 318], [1503, 318], [1487, 319], [1488, 319], [1489, 319], [1490, 319], [1491, 319], [1492, 319], [1493, 319], [1499, 319], [1500, 319], [1501, 319], [1502, 319], [1503, 319], [1504, 319], [1505, 319], [1506, 319], [1490, 320], [1491, 320], [1492, 320], [1493, 320], [1494, 320], [1495, 320], [1496, 320], [1502, 320], [1503, 320], [1504, 320], [1505, 320], [1506, 320], [1507, 320], [1508, 320], [1492, 321], [1493, 321], [1494, 321], [1495, 321], [1496, 321], [1497, 321], [1498, 321], [1505, 321], [1506, 321], [1507, 321], [1508, 321], [1509, 321], [1510, 321], [1511, 321], [1495, 322], [1496, 322], [1497, 322], [1498, 322], [1499, 322], [1500, 322], [1501, 322], [1507, 322], [1508, 322], [1509, 322], [1510, 322], [1511, 322], [1512, 322], [1513, 322], [1514, 322], [1497, 323], [1498, 323], [1499, 323], [1500, 323], [1501, 323], [1502, 323], [1503, 323], [1504, 323], [1508, 323], [1509, 323], [1510, 323], [1511, 323], [1512, 323], [1513, 323], [1514, 323], [1515, 323], [1516, 323], [1517, 323], [1500, 324], [1501, 324], [1502, 324], [1503, 324], [1504, 324], [1505, 324], [1506, 324], [1508, 324], [1509, 324], [1510, 324], [1511, 324], [1512, 324], [1514, 324], [1515, 324], [1516, 324], [1517, 324], [1518, 324], [1519, 324], [1520, 324], [1503, 325], [1504, 325], [1505, 325], [1506, 325], [1507, 325], [1508, 325], [1509, 325], [1510, 325], [1511, 325], [1512, 325], [1513, 325], [1516, 325], [1517, 325], [1518, 325], [1519, 325], [1520, 325], [1521, 325], [1522, 325], [1505, 326], [1506, 326], [1507, 326], [1508, 326], [1509, 326], [1510, 326], [1512, 326], [1513, 326], [1519, 326], [1520, 326], [1521, 326], [1522, 326], [1523, 326], [1524, 326], [1525, 326], [1508, 327], [1509, 327], [1510, 327], [1511, 327], [1512, 327], [1513, 327], [1514, 327], [1521, 327], [1522, 327], [1523, 327], [1524, 327], [1525, 327], [1526, 327], [1527, 327], [1528, 327], [1511, 328], [1512, 328], [1513, 328], [1514, 328], [1515, 328], [1516, 328], [1517, 328], [1521, 328], [1522, 328], [1523, 328], [1525, 328], [1526, 328], [1527, 328], [1528, 328], [1529, 328], [1530, 328], [1531, 328], [1513, 329], [1514, 329], [1515, 329], [1516, 329], [1517, 329], [1518, 329], [1519, 329], [1520, 329], [1521, 329], [1522, 329], [1523, 329], [1524, 329], [1525, 329], [1526, 329], [1528, 329], [1529, 329], [1530, 329], [1531, 329], [1532, 329], [1533, 329], [1516, 330], [1517, 330], [1518, 330], [1519, 330], [1520, 330], [1521, 330], [1522, 330], [1523, 330], [1524, 330], [1525, 330], [1526, 330], [1527, 330], [1528, 330], [1529, 330], [1530, 330], [1531, 330], [1532, 330], [1533, 330], [1534, 330], [1535, 330], [1536, 330], [1519, 331], [1520, 331], [1521, 331], [1522, 331], [1523, 331], [1524, 331], [1525, 331], [1526, 331], [1527, 331], [1528, 331], [1529, 331], [1532, 331], [1533, 331], [1534, 331], [1535, 331], [1536, 331], [1537, 331], [1538, 331], [1539, 331], [1521, 332], [1522, 332], [1523, 332], [1524, 332], [1525, 332], [1526, 332], [1528, 332], [1529, 332], [1535, 332], [1536, 332], [1537, 332], [1538, 332], [1539, 332], [1540, 332], [1541, 332], [1542, 332], [1524, 333], [1525, 333], [1526, 333], [1527, 333], [1528, 333], [1529, 333], [1530, 333], [1535, 333], [1536, 333], [1537, 333], [1539, 333], [1540, 333], [1541, 333], [1542, 333], [1543, 333], [1544, 333], [1527, 334], [1528, 334], [1529, 334], [1530, 334], [1531, 334], [1532, 334], [1533, 334], [1535, 334], [1536, 334], [1537, 334], [1538, 334], [1539, 334], [1540, 334], [1541, 334], [1542, 334], [1543, 334], [1544, 334], [1545, 334], [1546, 334], [1547, 334], [1529, 335], [1530, 335], [1531, 335], [1532, 335], [1533, 335], [1534, 335], [1535, 335], [1536, 335], [1537, 335], [1538, 335], [1540, 335], [1541, 335], [1542, 335], [1543, 335], [1544, 335], [1545, 335], [1546, 335], [1547, 335], [1548, 335], [1549, 335], [1550, 335], [1532, 336], [1533, 336], [1534, 336], [1535, 336], [1536, 336], [1537, 336], [1539, 336], [1540, 336], [1541, 336], [1542, 336], [1543, 336], [1544, 336], [1545, 336], [1546, 336], [1548, 336], [1549, 336], [1550, 336], [1551, 336], [1552, 336], [1553, 336], [1535, 337], [1536, 337], [1537, 337], [1538, 337], [1539, 337], [1540, 337], [1541, 337], [1542, 337], [1543, 337], [1545, 337], [1546, 337], [1547, 337], [1548, 337], [1549, 337], [1550, 337], [1551, 337], [1552, 337], [1553, 337], [1554, 337], [1555, 337], [1537, 338], [1538, 338], [1539, 338], [1540, 338], [1541, 338], [1542, 338], [1544, 338], [1545, 338], [1546, 338], [1547, 338], [1548, 338], [1549, 338], [1550, 338], [1551, 338], [1553, 338], [1554, 338], [1555, 338], [1556, 338], [1557, 338], [1540, 339], [1541, 339], [1542, 339], [1543, 339], [1544, 339], [1546, 339], [1547, 339], [1548, 339], [1549, 339], [1550, 339], [1551, 339], [1552, 339], [1553, 339], [1555, 339], [1556, 339], [1557, 339], [1558, 339], [1559, 339], [1560, 339], [1543, 340], [1544, 340], [1545, 340], [1546, 340], [1547, 340], [1548, 340], [1549, 340], [1550, 340], [1551, 340], [1553, 340], [1554, 340], [1555, 340], [1556, 340], [1557, 340], [1558, 340], [1559, 340], [1560, 340], [1561, 340], [1562, 340], [1563, 340], [1545, 341], [1546, 341], [1547, 341], [1548, 341], [1549, 341], [1551, 341], [1552, 341], [1553, 341], [1554, 341], [1555, 341], [1556, 341], [1557, 341], [1558, 341], [1559, 341], [1560, 341], [1561, 341], [1562, 341], [1563, 341], [1564, 341], [1565, 341], [1566, 341], [1547, 342], [1548, 342], [1549, 342], [1550, 342], [1551, 342], [1552, 342], [1554, 342], [1555, 342], [1556, 342], [1558, 342], [1559, 342], [1560, 342], [1561, 342], [1563, 342], [1564, 342], [1565, 342], [1566, 342], [1567, 342], [1568, 342], [1550, 343], [1551, 343], [1552, 343], [1553, 343], [1554, 343], [1555, 343], [1557, 343], [1558, 343], [1559, 343], [1561, 343], [1562, 343], [1563, 343], [1564, 343], [1566, 343], [1567, 343], [1568, 343], [1569, 343], [1570, 343], [1571, 343], [1572, 343], [1553, 344], [1554, 344], [1555, 344], [1556, 344], [1557, 344], [1559, 344], [1560, 344], [1561, 344], [1563, 344], [1564, 344], [1565, 344], [1566, 344], [1567, 344], [1568, 344], [1569, 344], [1570, 344], [1571, 344], [1572, 344], [1573, 344], [1574, 344], [1556, 345], [1557, 345], [1558, 345], [1559, 345], [1560, 345], [1562, 345], [1563, 345], [1564, 345], [1566, 345], [1567, 345], [1568, 345], [1569, 345], [1570, 345], [1572, 345], [1573, 345], [1574, 345], [1575, 345], [1576, 345], [1558, 346], [1559, 346], [1560, 346], [1561, 346], [1562, 346], [1564, 346], [1565, 346], [1566, 346], [1567, 346], [1569, 346], [1570, 346], [1571, 346], [1572, 346], [1574, 346], [1575, 346], [1576, 346], [1577, 346], [1578, 346], [1579, 346], [1561, 347], [1562, 347], [1563, 347], [1564, 347], [1565, 347], [1567, 347], [1568, 347], [1569, 347], [1570, 347], [1572, 347], [1573, 347], [1574, 347], [1575, 347], [1576, 347], [1577, 347], [1578, 347], [1579, 347], [1580, 347], [1581, 347], [1563, 348], [1564, 348], [1565, 348], [1566, 348], [1567, 348], [1568, 348], [1569, 348], [1570, 348], [1571, 348], [1572, 348], [1573, 348], [1574, 348], [1578, 348], [1579, 348], [1580, 348], [1581, 348], [1582, 348], [1583, 348], [1584, 348], [1566, 349], [1567, 349], [1568, 349], [1569, 349], [1570, 349], [1571, 349], [1572, 349], [1573, 349], [1574, 349], [1580, 349], [1581, 349], [1582, 349], [1583, 349], [1584, 349], [1585, 349], [1586, 349], [1587, 349], [1568, 350], [1569, 350], [1570, 350], [1571, 350], [1572, 350], [1573, 350], [1574, 350], [1575, 350], [1583, 350], [1584, 350], [1585, 350], [1586, 350], [1587, 350], [1588, 350], [1589, 350], [1590, 350], [1571, 351], [1572, 351], [1573, 351], [1574, 351], [1575, 351], [1576, 351], [1577, 351], [1578, 351], [1583, 351], [1584, 351], [1585, 351], [1587, 351], [1588, 351], [1589, 351], [1590, 351], [1591, 351], [1592, 351], [1593, 351], [1574, 352], [1575, 352], [1576, 352], [1577, 352], [1578, 352], [1579, 352], [1580, 352], [1583, 352], [1584, 352], [1585, 352], [1586, 352], [1587, 352], [1588, 352], [1590, 352], [1591, 352], [1592, 352], [1593, 352], [1594, 352], [1595, 352], [1577, 353], [1578, 353], [1579, 353], [1580, 353], [1581, 353], [1582, 353], [1584, 353], [1585, 353], [1586, 353], [1587, 353], [1588, 353], [1589, 353], [1590, 353], [1591, 353], [1593, 353], [1594, 353], [1595, 353], [1596, 353], [1597, 353], [1598, 353], [1579, 354], [1580, 354], [1581, 354], [1582, 354], [1583, 354], [1584, 354], [1585, 354], [1586, 354], [1587, 354], [1588, 354], [1590, 354], [1591, 354], [1592, 354], [1593, 354], [1594, 354], [1595, 354], [1596, 354], [1597, 354], [1598, 354], [1599, 354], [1600, 354], [1601, 354], [1582, 355], [1583, 355], [1584, 355], [1585, 355], [1586, 355], [1587, 355], [1588, 355], [1589, 355], [1590, 355], [1591, 355], [1592, 355], [1593, 355], [1594, 355], [1595, 355], [1596, 355], [1598, 355], [1599, 355], [1600, 355], [1601, 355], [1602, 355], [1603, 355], [1604, 355], [1584, 356], [1585, 356], [1586, 356], [1587, 356], [1588, 356], [1589, 356], [1591, 356], [1592, 356], [1593, 356], [1594, 356], [1595, 356], [1596, 356], [1597, 356], [1598, 356], [1599, 356], [1600, 356], [1601, 356], [1602, 356], [1603, 356], [1604, 356], [1605, 356], [1606, 356], [1607, 356], [1587, 357], [1588, 357], [1589, 357], [1590, 357], [1591, 357], [1592, 357], [1594, 357], [1595, 357], [1596, 357], [1597, 357], [1598, 357], [1599, 357], [1600, 357], [1601, 357], [1602, 357], [1604, 357], [1605, 357], [1606, 357], [1607, 357], [1608, 357], [1609, 357], [1610, 357], [1590, 358], [1591, 358], [1592, 358], [1593, 358], [1594, 358], [1595, 358], [1596, 358], [1597, 358], [1598, 358], [1599, 358], [1600, 358], [1601, 358], [1602, 358], [1603, 358], [1604, 358], [1605, 358], [1607, 358], [1608, 358], [1609, 358], [1610, 358], [1611, 358], [1612, 358], [1592, 359], [1593, 359], [1594, 359], [1595, 359], [1596, 359], [1597, 359], [1598, 359], [1600, 359], [1601, 359], [1602, 359], [1603, 359], [1604, 359], [1605, 359], [1606, 359], [1607, 359], [1608, 359], [1610, 359], [1611, 359], [1612, 359], [1613, 359], [1614, 359], [1615, 359], [1595, 360], [1596, 360], [1597, 360], [1598, 360], [1599, 360], [1600, 360], [1601, 360], [1602, 360], [1603, 360], [1604, 360], [1605, 360], [1607, 360], [1608, 360], [1609, 360], [1610, 360], [1611, 360], [1613, 360], [1614, 360], [1615, 360], [1616, 360], [1617, 360], [1618, 360], [1598, 361], [1599, 361], [1600, 361], [1601, 361], [1602, 361], [1603, 361], [1605, 361], [1606, 361], [1607, 361], [1608, 361], [1609, 361], [1610, 361], [1611, 361], [1612, 361], [1613, 361], [1614, 361], [1615, 361], [1616, 361], [1617, 361], [1618, 361], [1619, 361], [1620, 361], [1621, 361], [1600, 362], [1601, 362], [1602, 362], [1603, 362], [1604, 362], [1605, 362], [1607, 362], [1608, 362], [1609, 362], [1610, 362], [1611, 362], [1612, 362], [1613, 362], [1614, 362], [1615, 362], [1616, 362], [1618, 362], [1619, 362], [1620, 362], [1621, 362], [1622, 362], [1623, 362], [1603, 363], [1604, 363], [1605, 363], [1606, 363], [1607, 363], [1608, 363], [1609, 363], [1610, 363], [1611, 363], [1612, 363], [1613, 363], [1615, 363], [1616, 363], [1617, 363], [1618, 363], [1619, 363], [1621, 363], [1622, 363], [1623, 363], [1624, 363], [1625, 363], [1605, 364], [1606, 364], [1607, 364], [1608, 364], [1609, 364], [1610, 364], [1612, 364], [1613, 364], [1614, 364], [1615, 364], [1616, 364], [1617, 364], [1618, 364], [1619, 364], [1620, 364], [1621, 364], [1623, 364], [1624, 364], [1625, 364], [1626, 364], [1627, 364], [1628, 364], [1608, 365], [1609, 365], [1610, 365], [1611, 365], [1612, 365], [1613, 365], [1615, 365], [1616, 365], [1617, 365], [1618, 365], [1620, 365], [1621, 365], [1622, 365], [1623, 365], [1624, 365], [1625, 365], [1626, 365], [1627, 365], [1628, 365], [1629, 365], [1630, 365], [1631, 365], [1611, 366], [1612, 366], [1613, 366], [1614, 366], [1615, 366], [1616, 366], [1617, 366], [1618, 366], [1619, 366], [1620, 366], [1621, 366], [1622, 366], [1623, 366], [1624, 366], [1625, 366], [1626, 366], [1628, 366], [1629, 366], [1630, 366], [1631, 366], [1632, 366], [1633, 366], [1634, 366], [1614, 367], [1615, 367], [1616, 367], [1617, 367], [1618, 367], [1620, 367], [1621, 367], [1622, 367], [1623, 367], [1625, 367], [1626, 367], [1627, 367], [1628, 367], [1629, 367], [1631, 367], [1632, 367], [1633, 367], [1634, 367], [1635, 367], [1636, 367], [1616, 368], [1617, 368], [1618, 368], [1619, 368], [1620, 368], [1621, 368], [1622, 368], [1623, 368], [1624, 368], [1625, 368], [1626, 368], [1627, 368], [1628, 368], [1629, 368], [1630, 368], [1631, 368], [1632, 368], [1634, 368], [1635, 368], [1636, 368], [1637, 368], [1638, 368], [1639, 368], [1619, 369], [1620, 369], [1621, 369], [1622, 369], [1623, 369], [1625, 369], [1626, 369], [1627, 369], [1628, 369], [1629, 369], [1631, 369], [1632, 369], [1633, 369], [1634, 369], [1636, 369], [1637, 369], [1638, 369], [1639, 369], [1640, 369], [1641, 369], [1621, 370], [1622, 370], [1623, 370], [1624, 370], [1625, 370], [1626, 370], [1628, 370], [1629, 370], [1630, 370], [1631, 370], [1632, 370], [1634, 370], [1635, 370], [1636, 370], [1638, 370], [1639, 370], [1640, 370], [1641, 370], [1642, 370], [1643, 370], [1644, 370], [1624, 371], [1625, 371], [1626, 371], [1627, 371], [1628, 371], [1629, 371], [1631, 371], [1632, 371], [1633, 371], [1634, 371], [1635, 371], [1636, 371], [1640, 371], [1641, 371], [1642, 371], [1643, 371], [1644, 371], [1645, 371], [1646, 371], [1647, 371], [1627, 372], [1628, 372], [1629, 372], [1630, 372], [1631, 372], [1632, 372], [1634, 372], [1635, 372], [1636, 372], [1643, 372], [1644, 372], [1645, 372], [1646, 372], [1647, 372], [1648, 372], [1649, 372], [1650, 372], [1629, 373], [1630, 373], [1631, 373], [1632, 373], [1633, 373], [1634, 373], [1635, 373], [1636, 373], [1646, 373], [1647, 373], [1648, 373], [1649, 373], [1650, 373], [1651, 373], [1652, 373], [1632, 374], [1633, 374], [1634, 374], [1635, 374], [1636, 374], [1637, 374], [1638, 374], [1649, 374], [1650, 374], [1651, 374], [1652, 374], [1653, 374], [1654, 374], [1655, 374], [1635, 375], [1636, 375], [1637, 375], [1638, 375], [1639, 375], [1640, 375], [1641, 375], [1651, 375], [1652, 375], [1653, 375], [1654, 375], [1655, 375], [1656, 375], [1657, 375], [1658, 375], [1637, 376], [1638, 376], [1639, 376], [1640, 376], [1641, 376], [1642, 376], [1643, 376], [1644, 376], [1654, 376], [1655, 376], [1656, 376], [1657, 376], [1658, 376], [1659, 376], [1660, 376], [1661, 376], [1640, 377], [1641, 377], [1642, 377], [1643, 377], [1644, 377], [1645, 377], [1646, 377], [1657, 377], [1658, 377], [1659, 377], [1660, 377], [1661, 377], [1662, 377], [1663, 377], [1664, 377], [1643, 378], [1644, 378], [1645, 378], [1646, 378], [1647, 378], [1648, 378], [1649, 378], [1656, 378], [1657, 378], [1658, 378], [1660, 378], [1661, 378], [1662, 378], [1663, 378], [1664, 378], [1665, 378], [1666, 378], [1645, 379], [1646, 379], [1647, 379], [1648, 379], [1649, 379], [1650, 379], [1651, 379], [1656, 379], [1657, 379], [1658, 379], [1659, 379], [1660, 379], [1661, 379], [1662, 379], [1663, 379], [1664, 379], [1665, 379], [1666, 379], [1667, 379], [1668, 379], [1669, 379], [1648, 380], [1649, 380], [1650, 380], [1651, 380], [1652, 380], [1653, 380], [1654, 380], [1656, 380], [1657, 380], [1658, 380], [1659, 380], [1660, 380], [1661, 380], [1662, 380], [1663, 380], [1665, 380], [1666, 380], [1667, 380], [1668, 380], [1669, 380], [1670, 380], [1671, 380], [1650, 381], [1651, 381], [1652, 381], [1653, 381], [1654, 381], [1655, 381], [1656, 381], [1658, 381], [1659, 381], [1660, 381], [1661, 381], [1662, 381], [1663, 381], [1664, 381], [1665, 381], [1666, 381], [1667, 381], [1669, 381], [1670, 381], [1671, 381], [1672, 381], [1673, 381], [1674, 381], [1653, 382], [1654, 382], [1655, 382], [1656, 382], [1657, 382], [1658, 382], [1659, 382], [1660, 382], [1661, 382], [1662, 382], [1663, 382], [1664, 382], [1666, 382], [1667, 382], [1668, 382], [1669, 382], [1670, 382], [1671, 382], [1672, 382], [1673, 382], [1674, 382], [1675, 382], [1676, 382], [1677, 382], [1656, 383], [1657, 383], [1658, 383], [1659, 383], [1660, 383], [1661, 383], [1662, 383], [1664, 383], [1665, 383], [1666, 383], [1667, 383], [1669, 383], [1670, 383], [1671, 383], [1672, 383], [1673, 383], [1674, 383], [1675, 383], [1676, 383], [1677, 383], [1678, 383], [1679, 383], [1659, 384], [1660, 384], [1661, 384], [1662, 384], [1663, 384], [1664, 384], [1665, 384], [1666, 384], [1667, 384], [1668, 384], [1669, 384], [1671, 384], [1672, 384], [1673, 384], [1674, 384], [1675, 384], [1677, 384], [1678, 384], [1679, 384], [1680, 384], [1681, 384], [1682, 384], [1661, 385], [1662, 385], [1663, 385], [1664, 385], [1665, 385], [1666, 385], [1667, 385], [1669, 385], [1670, 385], [1671, 385], [1672, 385], [1674, 385], [1675, 385], [1676, 385], [1677, 385], [1678, 385], [1679, 385], [1680, 385], [1681, 385], [1682, 385], [1683, 385], [1684, 385], [1685, 385], [1664, 386], [1665, 386], [1666, 386], [1667, 386], [1668, 386], [1669, 386], [1670, 386], [1671, 386], [1672, 386], [1673, 386], [1674, 386], [1675, 386], [1676, 386], [1677, 386], [1678, 386], [1679, 386], [1680, 386], [1682, 386], [1683, 386], [1684, 386], [1685, 386], [1686, 386], [1687, 386], [1667, 387], [1668, 387], [1669, 387], [1670, 387], [1671, 387], [1672, 387], [1673, 387], [1674, 387], [1675, 387], [1676, 387], [1677, 387], [1679, 387], [1680, 387], [1681, 387], [1682, 387], [1683, 387], [1685, 387], [1686, 387], [1687, 387], [1688, 387], [1689, 387], [1690, 387], [1669, 388], [1670, 388], [1671, 388], [1672, 388], [1673, 388], [1674, 388], [1675, 388], [1676, 388], [1677, 388], [1678, 388], [1679, 388], [1680, 388], [1681, 388], [1682, 388], [1683, 388], [1684, 388], [1685, 388], [1687, 388], [1688, 388], [1689, 388], [1690, 388], [1691, 388], [1692, 388], [1693, 388], [1672, 389], [1673, 389], [1674, 389], [1675, 389], [1676, 389], [1677, 389], [1678, 389], [1679, 389], [1680, 389], [1681, 389], [1682, 389], [1683, 389], [1684, 389], [1685, 389], [1686, 389], [1687, 389], [1689, 389], [1690, 389], [1691, 389], [1692, 389], [1693, 389], [1694, 389], [1695, 389], [1696, 389], [1675, 390], [1676, 390], [1677, 390], [1678, 390], [1679, 390], [1680, 390], [1681, 390], [1682, 390], [1683, 390], [1684, 390], [1685, 390], [1686, 390], [1687, 390], [1688, 390], [1689, 390], [1690, 390], [1692, 390], [1693, 390], [1694, 390], [1695, 390], [1696, 390], [1697, 390], [1698, 390], [1699, 390], [1677, 391], [1678, 391], [1679, 391], [1680, 391], [1681, 391], [1682, 391], [1683, 391], [1684, 391], [1685, 391], [1686, 391], [1687, 391], [1688, 391], [1689, 391], [1690, 391], [1691, 391], [1692, 391], [1693, 391], [1694, 391], [1696, 391], [1697, 391], [1698, 391], [1699, 391], [1700, 391], [1701, 391], [1702, 391], [1680, 392], [1681, 392], [1682, 392], [1683, 392], [1684, 392], [1685, 392], [1686, 392], [1688, 392], [1689, 392], [1690, 392], [1691, 392], [1692, 392], [1693, 392], [1694, 392], [1695, 392], [1696, 392], [1697, 392], [1699, 392], [1700, 392], [1701, 392], [1702, 392], [1703, 392], [1704, 392], [1683, 393], [1684, 393], [1685, 393], [1686, 393], [1687, 393], [1688, 393], [1690, 393], [1691, 393], [1692, 393], [1693, 393], [1695, 393], [1696, 393], [1697, 393], [1698, 393], [1699, 393], [1700, 393], [1702, 393], [1703, 393], [1704, 393], [1705, 393], [1706, 393], [1707, 393], [1708, 393], [1685, 394], [1686, 394], [1687, 394], [1688, 394], [1689, 394], [1690, 394], [1691, 394], [1692, 394], [1693, 394], [1694, 394], [1695, 394], [1696, 394], [1697, 394], [1698, 394], [1699, 394], [1700, 394], [1701, 394], [1702, 394], [1703, 394], [1704, 394], [1705, 394], [1706, 394], [1707, 394], [1708, 394], [1709, 394], [1710, 394], [1688, 395], [1689, 395], [1690, 395], [1691, 395], [1692, 395], [1693, 395], [1694, 395], [1695, 395], [1696, 395], [1697, 395], [1698, 395], [1699, 395], [1700, 395], [1701, 395], [1702, 395], [1703, 395], [1704, 395], [1705, 395], [1706, 395], [1708, 395], [1709, 395], [1710, 395], [1711, 395], [1712, 395], [1713, 395], [1691, 396], [1692, 396], [1693, 396], [1694, 396], [1695, 396], [1697, 396], [1698, 396], [1699, 396], [1700, 396], [1701, 396], [1702, 396], [1703, 396], [1704, 396], [1705, 396], [1706, 396], [1707, 396], [1708, 396], [1709, 396], [1710, 396], [1711, 396], [1712, 396], [1713, 396], [1714, 396], [1715, 396], [1716, 396], [1693, 397], [1694, 397], [1695, 397], [1696, 397], [1697, 397], [1698, 397], [1699, 397], [1700, 397], [1701, 397], [1702, 397], [1703, 397], [1704, 397], [1706, 397], [1707, 397], [1708, 397], [1709, 397], [1710, 397], [1711, 397], [1712, 397], [1713, 397], [1714, 397], [1715, 397], [1716, 397], [1717, 397], [1718, 397], [1719, 397], [1696, 398], [1697, 398], [1698, 398], [1699, 398], [1700, 398], [1701, 398], [1702, 398], [1703, 398], [1704, 398], [1705, 398], [1706, 398], [1707, 398], [1709, 398], [1710, 398], [1711, 398], [1712, 398], [1713, 398], [1714, 398], [1715, 398], [1716, 398], [1717, 398], [1718, 398], [1719, 398], [1720, 398], [1721, 398], [1698, 399], [1699, 399], [1700, 399], [1701, 399], [1702, 399], [1703, 399], [1705, 399], [1706, 399], [1707, 399], [1708, 399], [1709, 399], [1710, 399], [1712, 399], [1713, 399], [1714, 399], [1715, 399], [1716, 399], [1717, 399], [1719, 399], [1720, 399], [1721, 399], [1722, 399], [1723, 399], [1701, 400], [1702, 400], [1703, 400], [1704, 400], [1705, 400], [1706, 400], [1708, 400], [1709, 400], [1710, 400], [1711, 400], [1712, 400], [1713, 400], [1715, 400], [1716, 400], [1717, 400], [1718, 400], [1719, 400], [1720, 400], [1721, 400], [1722, 400], [1723, 400], [1724, 400], [1725, 400], [1726, 400], [1704, 401], [1705, 401], [1706, 401], [1707, 401], [1708, 401], [1709, 401], [1711, 401], [1712, 401], [1713, 401], [1714, 401], [1715, 401], [1716, 401], [1717, 401], [1718, 401], [1719, 401], [1720, 401], [1721, 401], [1722, 401], [1723, 401], [1724, 401], [1725, 401], [1726, 401], [1727, 401], [1728, 401], [1729, 401], [1707, 402], [1708, 402], [1709, 402], [1710, 402], [1711, 402], [1712, 402], [1714, 402], [1715, 402], [1716, 402], [1717, 402], [1718, 402], [1719, 402], [1720, 402], [1721, 402], [1722, 402], [1723, 402], [1724, 402], [1726, 402], [1727, 402], [1728, 402], [1729, 402], [1730, 402], [1731, 402], [1710, 403], [1711, 403], [1712, 403], [1713, 403], [1714, 403], [1715, 403], [1716, 403], [1717, 403], [1718, 403], [1719, 403], [1720, 403], [1721, 403], [1723, 403], [1724, 403], [1725, 403], [1726, 403], [1727, 403], [1729, 403], [1730, 403], [1731, 403], [1732, 403], [1733, 403], [1734, 403], [1713, 404], [1714, 404], [1715, 404], [1716, 404], [1717, 404], [1719, 404], [1720, 404], [1721, 404], [1722, 404], [1723, 404], [1724, 404], [1726, 404], [1727, 404], [1728, 404], [1729, 404], [1730, 404], [1731, 404], [1732, 404], [1733, 404], [1734, 404], [1735, 404], [1736, 404], [1737, 404], [1715, 405], [1716, 405], [1717, 405], [1718, 405], [1719, 405], [1720, 405], [1722, 405], [1723, 405], [1724, 405], [1725, 405], [1726, 405], [1728, 405], [1729, 405], [1730, 405], [1733, 405], [1734, 405], [1735, 405], [1736, 405], [1737, 405], [1738, 405], [1739, 405], [1740, 405], [1717, 406], [1718, 406], [1719, 406], [1720, 406], [1721, 406], [1722, 406], [1723, 406], [1724, 406], [1725, 406], [1726, 406], [1727, 406], [1728, 406], [1729, 406], [1730, 406], [1736, 406], [1737, 406], [1738, 406], [1739, 406], [1740, 406], [1741, 406], [1742, 406], [1720, 407], [1721, 407], [1722, 407], [1723, 407], [1724, 407], [1725, 407], [1726, 407], [1727, 407], [1728, 407], [1729, 407], [1730, 407], [1739, 407], [1740, 407], [1741, 407], [1742, 407], [1743, 407], [1744, 407], [1745, 407], [1723, 408], [1724, 408], [1725, 408], [1726, 408], [1727, 408], [1728, 408], [1729, 408], [1735, 408], [1736, 408], [1737, 408], [1738, 408], [1739, 408], [1740, 408], [1741, 408], [1742, 408], [1743, 408], [1744, 408], [1745, 408], [1746, 408], [1747, 408], [1726, 409], [1727, 409], [1728, 409], [1729, 409], [1730, 409], [1731, 409], [1732, 409], [1735, 409], [1736, 409], [1737, 409], [1738, 409], [1739, 409], [1740, 409], [1741, 409], [1742, 409], [1743, 409], [1745, 409], [1746, 409], [1747, 409], [1748, 409], [1749, 409], [1750, 409], [1728, 410], [1729, 410], [1730, 410], [1731, 410], [1732, 410], [1733, 410], [1734, 410], [1736, 410], [1737, 410], [1738, 410], [1739, 410], [1740, 410], [1741, 410], [1742, 410], [1743, 410], [1744, 410], [1745, 410], [1746, 410], [1747, 410], [1748, 410], [1749, 410], [1750, 410], [1751, 410], [1752, 410], [1753, 410], [1731, 411], [1732, 411], [1733, 411], [1734, 411], [1735, 411], [1736, 411], [1738, 411], [1739, 411], [1740, 411], [1741, 411], [1742, 411], [1744, 411], [1745, 411], [1746, 411], [1747, 411], [1748, 411], [1749, 411], [1750, 411], [1751, 411], [1752, 411], [1753, 411], [1754, 411], [1755, 411], [1756, 411], [1757, 411], [1734, 412], [1735, 412], [1736, 412], [1737, 412], [1738, 412], [1739, 412], [1740, 412], [1741, 412], [1742, 412], [1743, 412], [1744, 412], [1745, 412], [1746, 412], [1747, 412], [1748, 412], [1749, 412], [1750, 412], [1751, 412], [1752, 412], [1753, 412], [1754, 412], [1755, 412], [1756, 412], [1757, 412], [1758, 412], [1759, 412], [1736, 413], [1737, 413], [1738, 413], [1739, 413], [1740, 413], [1741, 413], [1742, 413], [1743, 413], [1744, 413], [1745, 413], [1746, 413], [1747, 413], [1748, 413], [1750, 413], [1751, 413], [1752, 413], [1753, 413], [1754, 413], [1755, 413], [1756, 413], [1757, 413], [1758, 413], [1759, 413], [1760, 413], [1761, 413], [1762, 413], [1739, 414], [1740, 414], [1741, 414], [1742, 414], [1743, 414], [1744, 414], [1745, 414], [1747, 414], [1748, 414], [1749, 414], [1750, 414], [1751, 414], [1753, 414], [1754, 414], [1755, 414], [1756, 414], [1757, 414], [1759, 414], [1760, 414], [1761, 414], [1762, 414], [1763, 414], [1764, 414], [1765, 414], [1742, 415], [1743, 415], [1744, 415], [1745, 415], [1746, 415], [1747, 415], [1749, 415], [1750, 415], [1751, 415], [1752, 415], [1753, 415], [1755, 415], [1756, 415], [1757, 415], [1758, 415], [1759, 415], [1760, 415], [1761, 415], [1762, 415], [1763, 415], [1764, 415], [1765, 415], [1766, 415], [1767, 415], [1768, 415], [1745, 416], [1746, 416], [1747, 416], [1748, 416], [1749, 416], [1750, 416], [1752, 416], [1753, 416], [1754, 416], [1755, 416], [1756, 416], [1758, 416], [1759, 416], [1760, 416], [1761, 416], [1762, 416], [1764, 416], [1765, 416], [1766, 416], [1767, 416], [1768, 416], [1769, 416], [1770, 416], [1747, 417], [1748, 417], [1749, 417], [1750, 417], [1751, 417], [1752, 417], [1754, 417], [1755, 417], [1756, 417], [1757, 417], [1758, 417], [1760, 417], [1761, 417], [1762, 417], [1763, 417], [1764, 417], [1765, 417], [1766, 417], [1767, 417], [1768, 417], [1769, 417], [1770, 417], [1771, 417], [1772, 417], [1773, 417], [1750, 418], [1751, 418], [1752, 418], [1753, 418], [1754, 418], [1755, 418], [1757, 418], [1758, 418], [1759, 418], [1760, 418], [1762, 418], [1763, 418], [1764, 418], [1765, 418], [1766, 418], [1767, 418], [1768, 418], [1770, 418], [1771, 418], [1772, 418], [1773, 418], [1774, 418], [1775, 418], [1776, 418], [1752, 419], [1753, 419], [1754, 419], [1755, 419], [1756, 419], [1757, 419], [1758, 419], [1759, 419], [1760, 419], [1761, 419], [1762, 419], [1763, 419], [1764, 419], [1765, 419], [1766, 419], [1767, 419], [1768, 419], [1769, 419], [1770, 419], [1771, 419], [1773, 419], [1774, 419], [1775, 419], [1776, 419], [1777, 419], [1778, 419], [1755, 420], [1756, 420], [1757, 420], [1758, 420], [1759, 420], [1760, 420], [1761, 420], [1762, 420], [1763, 420], [1764, 420], [1765, 420], [1766, 420], [1767, 420], [1769, 420], [1770, 420], [1771, 420], [1772, 420], [1773, 420], [1774, 420], [1776, 420], [1777, 420], [1778, 420], [1779, 420], [1780, 420], [1781, 420], [1758, 421], [1759, 421], [1760, 421], [1761, 421], [1762, 421], [1763, 421], [1764, 421], [1765, 421], [1766, 421], [1767, 421], [1768, 421], [1769, 421], [1770, 421], [1772, 421], [1773, 421], [1774, 421], [1775, 421], [1776, 421], [1778, 421], [1779, 421], [1780, 421], [1781, 421], [1782, 421], [1783, 421], [1784, 421], [1760, 422], [1761, 422], [1762, 422], [1763, 422], [1764, 422], [1765, 422], [1766, 422], [1768, 422], [1769, 422], [1770, 422], [1771, 422], [1772, 422], [1773, 422], [1775, 422], [1776, 422], [1777, 422], [1778, 422], [1779, 422], [1780, 422], [1781, 422], [1782, 422], [1783, 422], [1784, 422], [1785, 422], [1786, 422], [1763, 423], [1764, 423], [1765, 423], [1766, 423], [1767, 423], [1768, 423], [1769, 423], [1771, 423], [1772, 423], [1773, 423], [1774, 423], [1775, 423], [1776, 423], [1777, 423], [1778, 423], [1779, 423], [1780, 423], [1781, 423], [1782, 423], [1783, 423], [1784, 423], [1785, 423], [1786, 423], [1787, 423], [1788, 423], [1789, 423], [1790, 423], [1766, 424], [1767, 424], [1768, 424], [1769, 424], [1770, 424], [1771, 424], [1772, 424], [1774, 424], [1775, 424], [1776, 424], [1777, 424], [1778, 424], [1779, 424], [1780, 424], [1781, 424], [1782, 424], [1783, 424], [1784, 424], [1785, 424], [1786, 424], [1787, 424], [1788, 424], [1789, 424], [1790, 424], [1791, 424], [1769, 425], [1770, 425], [1771, 425], [1772, 425], [1773, 425], [1774, 425], [1776, 425], [1777, 425], [1778, 425], [1779, 425], [1780, 425], [1781, 425], [1782, 425], [1783, 425], [1784, 425], [1785, 425], [1789, 425], [1790, 425], [1791, 425], [1792, 425], [1793, 425], [1794, 425], [1772, 426], [1773, 426], [1774, 426], [1775, 426], [1776, 426], [1777, 426], [1778, 426], [1780, 426], [1781, 426], [1782, 426], [1783, 426], [1784, 426], [1785, 426], [1790, 426], [1791, 426], [1792, 426], [1793, 426], [1794, 426], [1795, 426], [1796, 426], [1797, 426], [1774, 427], [1775, 427], [1776, 427], [1777, 427], [1778, 427], [1779, 427], [1780, 427], [1783, 427], [1784, 427], [1785, 427], [1788, 427], [1789, 427], [1790, 427], [1791, 427], [1792, 427], [1793, 427], [1794, 427], [1795, 427], [1796, 427], [1797, 427], [1798, 427], [1799, 427], [1800, 427], [1194, 428], [1195, 428], [1777, 428], [1778, 428], [1779, 428], [1780, 428], [1781, 428], [1782, 428], [1783, 428], [1784, 428], [1788, 428], [1789, 428], [1790, 428], [1791, 428], [1792, 428], [1793, 428], [1794, 428], [1795, 428], [1797, 428], [1798, 428], [1799, 428], [1800, 428], [1801, 428], [1802, 428], [1803, 428], [1192, 429], [1193, 429], [1194, 429], [1195, 429], [1196, 429], [1779, 429], [1780, 429], [1781, 429], [1782, 429], [1783, 429], [1784, 429], [1785, 429], [1786, 429], [1788, 429], [1789, 429], [1790, 429], [1791, 429], [1793, 429], [1794, 429], [1795, 429], [1796, 429], [1797, 429], [1798, 429], [1800, 429], [1801, 429], [1802, 429], [1803, 429], [1804, 429], [1805, 429], [1806, 429], [1192, 430], [1193, 430], [1194, 430], [1195, 430], [1196, 430], [1197, 430], [1783, 430], [1784, 430], [1785, 430], [1786, 430], [1787, 430], [1788, 430], [1789, 430], [1790, 430], [1791, 430], [1792, 430], [1793, 430], [1794, 430], [1795, 430], [1796, 430], [1797, 430], [1798, 430], [1799, 430], [1800, 430], [1802, 430], [1803, 430], [1804, 430], [1805, 430], [1806, 430], [1807, 430], [1808, 430], [1193, 431], [1194, 431], [1195, 431], [1196, 431], [1197, 431], [1198, 431], [1785, 431], [1786, 431], [1787, 431], [1788, 431], [1789, 431], [1790, 431], [1791, 431], [1793, 431], [1794, 431], [1795, 431], [1796, 431], [1797, 431], [1798, 431], [1799, 431], [1800, 431], [1805, 431], [1806, 431], [1807, 431], [1808, 431], [1809, 431], [1810, 431], [1811, 431], [1194, 432], [1195, 432], [1196, 432], [1197, 432], [1198, 432], [1199, 432], [1788, 432], [1789, 432], [1790, 432], [1791, 432], [1792, 432], [1793, 432], [1794, 432], [1796, 432], [1797, 432], [1798, 432], [1799, 432], [1800, 432], [1801, 432], [1802, 432], [1803, 432], [1804, 432], [1807, 432], [1808, 432], [1809, 432], [1810, 432], [1811, 432], [1812, 432], [1813, 432], [1195, 433], [1196, 433], [1197, 433], [1198, 433], [1199, 433], [1200, 433], [1791, 433], [1792, 433], [1793, 433], [1794, 433], [1795, 433], [1796, 433], [1797, 433], [1801, 433], [1802, 433], [1803, 433], [1804, 433], [1805, 433], [1806, 433], [1807, 433], [1808, 433], [1809, 433], [1811, 433], [1812, 433], [1813, 433], [1814, 433], [1815, 433], [1816, 433], [1196, 434], [1197, 434], [1198, 434], [1199, 434], [1200, 434], [1201, 434], [1794, 434], [1795, 434], [1796, 434], [1797, 434], [1798, 434], [1799, 434], [1801, 434], [1802, 434], [1803, 434], [1804, 434], [1805, 434], [1806, 434], [1807, 434], [1808, 434], [1809, 434], [1810, 434], [1812, 434], [1813, 434], [1814, 434], [1815, 434], [1816, 434], [1817, 434], [1818, 434], [1819, 434], [1197, 435], [1198, 435], [1199, 435], [1200, 435], [1201, 435], [1202, 435], [1796, 435], [1797, 435], [1798, 435], [1799, 435], [1800, 435], [1801, 435], [1802, 435], [1804, 435], [1805, 435], [1806, 435], [1807, 435], [1808, 435], [1809, 435], [1810, 435], [1811, 435], [1812, 435], [1813, 435], [1814, 435], [1815, 435], [1816, 435], [1817, 435], [1818, 435], [1819, 435], [1820, 435], [1821, 435], [1822, 435], [1180, 436], [1181, 436], [1182, 436], [1198, 436], [1199, 436], [1201, 436], [1202, 436], [1203, 436], [1798, 436], [1799, 436], [1800, 436], [1801, 436], [1802, 436], [1803, 436], [1804, 436], [1805, 436], [1806, 436], [1807, 436], [1808, 436], [1809, 436], [1810, 436], [1811, 436], [1812, 436], [1813, 436], [1814, 436], [1815, 436], [1818, 436], [1819, 436], [1820, 436], [1821, 436], [1822, 436], [1823, 436], [1824, 436], [1178, 437], [1179, 437], [1180, 437], [1181, 437], [1182, 437], [1183, 437], [1198, 437], [1199, 437], [1200, 437], [1202, 437], [1203, 437], [1204, 437], [1801, 437], [1802, 437], [1803, 437], [1804, 437], [1805, 437], [1806, 437], [1807, 437], [1808, 437], [1809, 437], [1810, 437], [1811, 437], [1812, 437], [1813, 437], [1814, 437], [1815, 437], [1816, 437], [1817, 437], [1818, 437], [1821, 437], [1822, 437], [1823, 437], [1824, 437], [1179, 438], [1180, 438], [1181, 438], [1182, 438], [1183, 438], [1184, 438], [1199, 438], [1200, 438], [1201, 438], [1203, 438], [1204, 438], [1205, 438], [1804, 438], [1805, 438], [1806, 438], [1807, 438], [1808, 438], [1809, 438], [1811, 438], [1812, 438], [1813, 438], [1814, 438], [1815, 438], [1818, 438], [1823, 438], [1824, 438], [1180, 439], [1181, 439], [1183, 439], [1184, 439], [1200, 439], [1201, 439], [1202, 439], [1204, 439], [1205, 439], [1806, 439], [1807, 439], [1808, 439], [1809, 439], [1810, 439], [1811, 439], [1812, 439], [1813, 439], [1814, 439], [1815, 439], [1816, 439], [1817, 439], [1818, 439], [1180, 440], [1181, 440], [1182, 440], [1183, 440], [1184, 440], [1185, 440], [1201, 440], [1202, 440], [1203, 440], [1204, 440], [1205, 440], [1206, 440], [1809, 440], [1810, 440], [1811, 440], [1812, 440], [1813, 440], [1814, 440], [1815, 440], [1816, 440], [1181, 441], [1182, 441], [1183, 441], [1184, 441], [1185, 441], [1186, 441], [1202, 441], [1203, 441], [1204, 441], [1205, 441], [1206, 441], [1207, 441], [1812, 441], [1813, 441], [1814, 441], [1815, 441], [1816, 441], [1817, 441], [1818, 441], [1182, 442], [1183, 442], [1184, 442], [1185, 442], [1186, 442], [1187, 442], [1203, 442], [1204, 442], [1205, 442], [1206, 442], [1207, 442], [1208, 442], [1815, 442], [1816, 442], [1817, 442], [1818, 442], [1819, 442], [1820, 442], [1821, 442], [1183, 443], [1184, 443], [1185, 443], [1186, 443], [1187, 443], [1188, 443], [1204, 443], [1205, 443], [1206, 443], [1207, 443], [1208, 443], [1209, 443], [1817, 443], [1818, 443], [1819, 443], [1820, 443], [1821, 443], [1822, 443], [1823, 443], [1824, 443], [1184, 444], [1185, 444], [1186, 444], [1187, 444], [1188, 444], [1189, 444], [1205, 444], [1206, 444], [1207, 444], [1208, 444], [1209, 444], [1210, 444], [1820, 444], [1821, 444], [1822, 444], [1823, 444], [1824, 444], [1185, 445], [1186, 445], [1188, 445], [1189, 445], [1190, 445], [1206, 445], [1207, 445], [1208, 445], [1209, 445], [1210, 445], [1211, 445], [1823, 445], [1824, 445], [1185, 446], [1186, 446], [1187, 446], [1189, 446], [1190, 446], [1207, 446], [1208, 446], [1209, 446], [1210, 446], [1211, 446], [1212, 446], [1186, 447], [1187, 447], [1188, 447], [1189, 447], [1190, 447], [1191, 447], [1208, 447], [1209, 447], [1210, 447], [1211, 447], [1212, 447], [1213, 447], [1187, 448], [1188, 448], [1189, 448], [1190, 448], [1191, 448], [1192, 448], [1209, 448], [1210, 448], [1212, 448], [1213, 448], [1214, 448], [1188, 449], [1189, 449], [1190, 449], [1191, 449], [1192, 449], [1193, 449], [1209, 449], [1210, 449], [1211, 449], [1212, 449], [1213, 449], [1214, 449], [1215, 449], [1189, 450], [1190, 450], [1191, 450], [1192, 450], [1193, 450], [1194, 450], [1210, 450], [1211, 450], [1212, 450], [1213, 450], [1214, 450], [1215, 450], [1216, 450], [1190, 451], [1191, 451], [1192, 451], [1193, 451], [1194, 451], [1195, 451], [1212, 451], [1213, 451], [1215, 451], [1216, 451], [1191, 452], [1192, 452], [1194, 452], [1195, 452], [1196, 452], [1212, 452], [1213, 452], [1214, 452], [1215, 452], [1216, 452], [1217, 452], [1191, 453], [1192, 453], [1193, 453], [1195, 453], [1196, 453], [1197, 453], [1213, 453], [1214, 453], [1215, 453], [1216, 453], [1217, 453], [1218, 453], [1192, 454], [1193, 454], [1194, 454], [1196, 454], [1197, 454], [1214, 454], [1215, 454], [1216, 454], [1217, 454], [1218, 454], [1219, 454], [1193, 455], [1194, 455], [1195, 455], [1196, 455], [1197, 455], [1198, 455], [1215, 455], [1216, 455], [1217, 455], [1218, 455], [1219, 455], [1220, 455], [1194, 456], [1195, 456], [1196, 456], [1197, 456], [1198, 456], [1199, 456], [1216, 456], [1217, 456], [1218, 456], [1219, 456], [1220, 456], [1221, 456], [1195, 457], [1196, 457], [1197, 457], [1198, 457], [1199, 457], [1200, 457], [1217, 457], [1218, 457], [1219, 457], [1220, 457], [1221, 457], [1222, 457], [1196, 458], [1197, 458], [1198, 458], [1199, 458], [1200, 458], [1201, 458], [1218, 458], [1219, 458], [1220, 458], [1221, 458], [1222, 458], [1223, 458], [1197, 459], [1198, 459], [1199, 459], [1200, 459], [1201, 459], [1202, 459], [1219, 459], [1220, 459], [1222, 459], [1223, 459], [1224, 459], [1198, 460], [1199, 460], [1200, 460], [1201, 460], [1202, 460], [1203, 460], [1219, 460], [1220, 460], [1221, 460], [1223, 460], [1224, 460], [1225, 460], [1199, 461], [1200, 461], [1201, 461], [1202, 461], [1203, 461], [1204, 461], [1220, 461], [1221, 461], [1222, 461], [1224, 461], [1225, 461], [1226, 461], [1200, 462], [1201, 462], [1202, 462], [1203, 462], [1204, 462], [1205, 462], [1221, 462], [1222, 462], [1223, 462], [1225, 462], [1226, 462], [1227, 462], [1201, 463], [1202, 463], [1203, 463], [1204, 463], [1205, 463], [1206, 463], [1222, 463], [1223, 463], [1224, 463], [1226, 463], [1227, 463], [1228, 463], [1202, 464], [1203, 464], [1204, 464], [1205, 464], [1206, 464], [1207, 464], [1223, 464], [1224, 464], [1225, 464], [1227, 464], [1228, 464], [1229, 464], [1203, 465], [1204, 465], [1206, 465], [1207, 465], [1224, 465], [1225, 465], [1226, 465], [1228, 465], [1229, 465], [1230, 465], [1203, 466], [1204, 466], [1205, 466], [1206, 466], [1207, 466], [1208, 466], [1225, 466], [1226, 466], [1227, 466], [1228, 466], [1229, 466], [1230, 466], [1231, 466], [1204, 467], [1205, 467], [1206, 467], [1207, 467], [1208, 467], [1209, 467], [1226, 467], [1227, 467], [1228, 467], [1229, 467], [1230, 467], [1231, 467], [1205, 468], [1206, 468], [1207, 468], [1208, 468], [1209, 468], [1210, 468], [1228, 468], [1229, 468], [1230, 468], [1231, 468], [1232, 468], [1206, 469], [1207, 469], [1208, 469], [1209, 469], [1210, 469], [1211, 469], [1228, 469], [1229, 469], [1230, 469], [1231, 469], [1232, 469], [1233, 469], [1207, 470], [1208, 470], [1209, 470], [1210, 470], [1211, 470], [1212, 470], [1229, 470], [1230, 470], [1231, 470], [1232, 470], [1233, 470], [1234, 470], [1208, 471], [1209, 471], [1211, 471], [1212, 471], [1213, 471], [1230, 471], [1231, 471], [1232, 471], [1233, 471], [1234, 471], [1235, 471], [1208, 472], [1209, 472], [1210, 472], [1212, 472], [1213, 472], [1214, 472], [1231, 472], [1232, 472], [1233, 472], [1234, 472], [1235, 472], [1236, 472], [1209, 473], [1210, 473], [1211, 473], [1213, 473], [1214, 473], [1232, 473], [1233, 473], [1234, 473], [1235, 473], [1236, 473], [1237, 473], [1210, 474], [1211, 474], [1212, 474], [1213, 474], [1214, 474], [1215, 474], [1233, 474], [1234, 474], [1235, 474], [1236, 474], [1237, 474], [1238, 474], [1211, 475], [1212, 475], [1213, 475], [1214, 475], [1215, 475], [1216, 475], [1234, 475], [1235, 475], [1236, 475], [1237, 475], [1238, 475], [1239, 475], [1212, 476], [1213, 476], [1214, 476], [1215, 476], [1216, 476], [1217, 476], [1235, 476], [1236, 476], [1237, 476], [1238, 476], [1239, 476], [1240, 476], [1213, 477], [1214, 477], [1215, 477], [1216, 477], [1217, 477], [1218, 477], [1236, 477], [1237, 477], [1238, 477], [1239, 477], [1240, 477], [1241, 477], [1214, 478], [1215, 478], [1216, 478], [1217, 478], [1218, 478], [1237, 478], [1238, 478], [1239, 478], [1240, 478], [1241, 478], [1242, 478], [1215, 479], [1216, 479], [1218, 479], [1219, 479], [1238, 479], [1239, 479], [1241, 479], [1242, 479], [1243, 479], [1216, 480], [1217, 480], [1218, 480], [1219, 480], [1220, 480], [1238, 480], [1239, 480], [1240, 480], [1242, 480], [1243, 480], [1216, 481], [1217, 481], [1218, 481], [1219, 481], [1220, 481], [1221, 481], [1239, 481], [1240, 481], [1241, 481], [1242, 481], [1243, 481], [1244, 481], [1217, 482], [1218, 482], [1219, 482], [1220, 482], [1221, 482], [1222, 482], [1240, 482], [1241, 482], [1242, 482], [1243, 482], [1244, 482], [1245, 482], [1218, 483], [1219, 483], [1220, 483], [1221, 483], [1222, 483], [1223, 483], [1241, 483], [1242, 483], [1243, 483], [1244, 483], [1245, 483], [1246, 483], [1219, 484], [1220, 484], [1221, 484], [1222, 484], [1223, 484], [1224, 484], [1242, 484], [1243, 484], [1244, 484], [1245, 484], [1246, 484], [1247, 484], [1220, 485], [1221, 485], [1222, 485], [1223, 485], [1224, 485], [1225, 485], [1243, 485], [1244, 485], [1245, 485], [1246, 485], [1247, 485], [1248, 485], [1221, 486], [1222, 486], [1223, 486], [1224, 486], [1225, 486], [1244, 486], [1245, 486], [1246, 486], [1247, 486], [1248, 486], [1249, 486], [1222, 487], [1223, 487], [1225, 487], [1226, 487], [1245, 487], [1246, 487], [1247, 487], [1248, 487], [1249, 487], [1250, 487], [1223, 488], [1224, 488], [1225, 488], [1226, 488], [1227, 488], [1246, 488], [1247, 488], [1248, 488], [1249, 488], [1250, 488], [1251, 488], [1223, 489], [1224, 489], [1225, 489], [1226, 489], [1227, 489], [1228, 489], [1247, 489], [1248, 489], [1249, 489], [1250, 489], [1251, 489], [1252, 489], [1224, 490], [1225, 490], [1226, 490], [1227, 490], [1228, 490], [1229, 490], [1248, 490], [1249, 490], [1250, 490], [1251, 490], [1252, 490], [1253, 490], [1225, 491], [1226, 491], [1227, 491], [1228, 491], [1229, 491], [1230, 491], [1249, 491], [1250, 491], [1251, 491], [1252, 491], [1253, 491], [1254, 491], [1226, 492], [1227, 492], [1228, 492], [1229, 492], [1230, 492], [1231, 492], [1250, 492], [1251, 492], [1252, 492], [1253, 492], [1254, 492], [1255, 492], [1227, 493], [1228, 493], [1229, 493], [1230, 493], [1231, 493], [1232, 493], [1251, 493], [1252, 493], [1253, 493], [1254, 493], [1255, 493], [1256, 493], [1228, 494], [1229, 494], [1230, 494], [1231, 494], [1232, 494], [1233, 494], [1252, 494], [1253, 494], [1254, 494], [1255, 494], [1256, 494], [1257, 494], [1229, 495], [1230, 495], [1231, 495], [1232, 495], [1233, 495], [1234, 495], [1252, 495], [1253, 495], [1254, 495], [1255, 495], [1256, 495], [1257, 495], [1230, 496], [1231, 496], [1232, 496], [1233, 496], [1234, 496], [1235, 496], [1254, 496], [1255, 496], [1256, 496], [1257, 496], [1258, 496], [1231, 497], [1232, 497], [1233, 497], [1234, 497], [1235, 497], [1236, 497], [1254, 497], [1255, 497], [1256, 497], [1257, 497], [1258, 497], [1259, 497], [1232, 498], [1233, 498], [1235, 498], [1236, 498], [1255, 498], [1256, 498], [1257, 498], [1258, 498], [1259, 498], [1260, 498], [1232, 499], [1233, 499], [1234, 499], [1235, 499], [1236, 499], [1237, 499], [1256, 499], [1257, 499], [1258, 499], [1259, 499], [1260, 499], [1261, 499], [1233, 500], [1234, 500], [1235, 500], [1236, 500], [1237, 500], [1238, 500], [1257, 500], [1258, 500], [1259, 500], [1260, 500], [1261, 500], [1262, 500], [1234, 501], [1235, 501], [1236, 501], [1237, 501], [1238, 501], [1239, 501], [1258, 501], [1259, 501], [1260, 501], [1261, 501], [1262, 501], [1263, 501], [1235, 502], [1236, 502], [1238, 502], [1239, 502], [1259, 502], [1260, 502], [1261, 502], [1262, 502], [1263, 502], [1264, 502], [1235, 503], [1236, 503], [1237, 503], [1238, 503], [1239, 503], [1240, 503], [1260, 503], [1261, 503], [1262, 503], [1263, 503], [1264, 503], [1265, 503], [1236, 504], [1237, 504], [1238, 504], [1239, 504], [1240, 504], [1241, 504], [1261, 504], [1262, 504], [1263, 504], [1264, 504], [1265, 504], [1237, 505], [1238, 505], [1239, 505], [1240, 505], [1241, 505], [1242, 505], [1262, 505], [1263, 505], [1265, 505], [1266, 505], [1238, 506], [1239, 506], [1240, 506], [1241, 506], [1242, 506], [1243, 506], [1263, 506], [1264, 506], [1265, 506], [1266, 506], [1267, 506], [1239, 507], [1240, 507], [1241, 507], [1242, 507], [1243, 507], [1244, 507], [1263, 507], [1264, 507], [1265, 507], [1266, 507], [1267, 507], [1268, 507], [1240, 508], [1241, 508], [1242, 508], [1243, 508], [1244, 508], [1245, 508], [1264, 508], [1265, 508], [1266, 508], [1267, 508], [1268, 508], [1269, 508], [1241, 509], [1242, 509], [1243, 509], [1244, 509], [1245, 509], [1265, 509], [1266, 509], [1267, 509], [1268, 509], [1269, 509], [1270, 509], [1242, 510], [1243, 510], [1245, 510], [1246, 510], [1247, 510], [1266, 510], [1267, 510], [1268, 510], [1269, 510], [1270, 510], [1271, 510], [1243, 511], [1244, 511], [1245, 511], [1246, 511], [1247, 511], [1248, 511], [1267, 511], [1268, 511], [1269, 511], [1270, 511], [1271, 511], [1272, 511], [1243, 512], [1244, 512], [1245, 512], [1247, 512], [1248, 512], [1268, 512], [1269, 512], [1270, 512], [1271, 512], [1272, 512], [1273, 512], [1244, 513], [1245, 513], [1246, 513], [1247, 513], [1248, 513], [1249, 513], [1269, 513], [1270, 513], [1271, 513], [1272, 513], [1273, 513], [1274, 513], [1245, 514], [1246, 514], [1247, 514], [1248, 514], [1249, 514], [1250, 514], [1270, 514], [1271, 514], [1272, 514], [1273, 514], [1274, 514], [1275, 514], [1246, 515], [1247, 515], [1248, 515], [1249, 515], [1250, 515], [1251, 515], [1271, 515], [1272, 515], [1273, 515], [1274, 515], [1275, 515], [1276, 515], [1247, 516], [1248, 516], [1249, 516], [1250, 516], [1251, 516], [1252, 516], [1272, 516], [1273, 516], [1274, 516], [1275, 516], [1276, 516], [1277, 516], [1248, 517], [1249, 517], [1250, 517], [1251, 517], [1252, 517], [1273, 517], [1274, 517], [1275, 517], [1276, 517], [1277, 517], [1278, 517], [1249, 518], [1250, 518], [1252, 518], [1253, 518], [1274, 518], [1275, 518], [1276, 518], [1277, 518], [1278, 518], [1279, 518], [1250, 519], [1251, 519], [1252, 519], [1253, 519], [1254, 519], [1275, 519], [1276, 519], [1277, 519], [1278, 519], [1279, 519], [1280, 519], [1250, 520], [1251, 520], [1252, 520], [1253, 520], [1254, 520], [1255, 520], [1276, 520], [1277, 520], [1278, 520], [1279, 520], [1280, 520], [1281, 520], [1251, 521], [1252, 521], [1253, 521], [1254, 521], [1255, 521], [1256, 521], [1277, 521], [1278, 521], [1280, 521], [1281, 521], [1282, 521], [1252, 522], [1253, 522], [1254, 522], [1255, 522], [1256, 522], [1257, 522], [1277, 522], [1278, 522], [1279, 522], [1281, 522], [1282, 522], [1283, 522], [1253, 523], [1254, 523], [1255, 523], [1256, 523], [1257, 523], [1258, 523], [1278, 523], [1279, 523], [1280, 523], [1282, 523], [1283, 523], [1254, 524], [1255, 524], [1256, 524], [1257, 524], [1258, 524], [1259, 524], [1279, 524], [1280, 524], [1281, 524], [1282, 524], [1283, 524], [1284, 524], [1255, 525], [1256, 525], [1257, 525], [1258, 525], [1259, 525], [1260, 525], [1280, 525], [1281, 525], [1282, 525], [1283, 525], [1284, 525], [1285, 525], [1256, 526], [1257, 526], [1259, 526], [1260, 526], [1281, 526], [1282, 526], [1283, 526], [1284, 526], [1285, 526], [1286, 526], [1256, 527], [1257, 527], [1258, 527], [1259, 527], [1260, 527], [1261, 527], [1281, 527], [1282, 527], [1283, 527], [1284, 527], [1285, 527], [1286, 527], [1287, 527], [1257, 528], [1258, 528], [1259, 528], [1260, 528], [1261, 528], [1262, 528], [1283, 528], [1284, 528], [1285, 528], [1286, 528], [1287, 528], [1288, 528], [1258, 529], [1259, 529], [1260, 529], [1261, 529], [1262, 529], [1263, 529], [1284, 529], [1285, 529], [1287, 529], [1288, 529], [1289, 529], [1259, 530], [1260, 530], [1261, 530], [1262, 530], [1263, 530], [1264, 530], [1284, 530], [1285, 530], [1286, 530], [1288, 530], [1289, 530], [1290, 530], [1260, 531], [1261, 531], [1262, 531], [1263, 531], [1264, 531], [1285, 531], [1286, 531], [1287, 531], [1289, 531], [1290, 531], [1291, 531], [1261, 532], [1262, 532], [1263, 532], [1264, 532], [1265, 532], [1286, 532], [1287, 532], [1288, 532], [1290, 532], [1291, 532], [1292, 532], [1261, 533], [1262, 533], [1263, 533], [1264, 533], [1265, 533], [1266, 533], [1287, 533], [1288, 533], [1289, 533], [1291, 533], [1292, 533], [1293, 533], [1262, 534], [1263, 534], [1264, 534], [1265, 534], [1266, 534], [1267, 534], [1288, 534], [1289, 534], [1290, 534], [1292, 534], [1293, 534], [1294, 534], [1263, 535], [1264, 535], [1265, 535], [1266, 535], [1267, 535], [1268, 535], [1289, 535], [1290, 535], [1291, 535], [1293, 535], [1294, 535], [1264, 536], [1265, 536], [1266, 536], [1267, 536], [1268, 536], [1269, 536], [1290, 536], [1291, 536], [1292, 536], [1293, 536], [1294, 536], [1295, 536], [1265, 537], [1266, 537], [1267, 537], [1268, 537], [1269, 537], [1270, 537], [1291, 537], [1292, 537], [1293, 537], [1294, 537], [1295, 537], [1296, 537], [1266, 538], [1267, 538], [1268, 538], [1269, 538], [1270, 538], [1292, 538], [1293, 538], [1294, 538], [1295, 538], [1296, 538], [1297, 538], [1267, 539], [1268, 539], [1270, 539], [1271, 539], [1272, 539], [1293, 539], [1294, 539], [1295, 539], [1296, 539], [1297, 539], [1298, 539], [1268, 540], [1269, 540], [1270, 540], [1271, 540], [1272, 540], [1273, 540], [1294, 540], [1295, 540], [1296, 540], [1297, 540], [1298, 540], [1299, 540], [1268, 541], [1269, 541], [1270, 541], [1272, 541], [1273, 541], [1274, 541], [1295, 541], [1296, 541], [1297, 541], [1298, 541], [1299, 541], [1300, 541], [1269, 542], [1270, 542], [1271, 542], [1273, 542], [1274, 542], [1295, 542], [1296, 542], [1297, 542], [1298, 542], [1299, 542], [1300, 542], [1301, 542], [1270, 543], [1271, 543], [1272, 543], [1273, 543], [1274, 543], [1275, 543], [1297, 543], [1298, 543], [1300, 543], [1301, 543], [1302, 543], [1271, 544], [1272, 544], [1273, 544], [1274, 544], [1275, 544], [1276, 544], [1297, 544], [1298, 544], [1299, 544], [1301, 544], [1302, 544], [1303, 544], [1272, 545], [1273, 545], [1274, 545], [1275, 545], [1276, 545], [1277, 545], [1298, 545], [1299, 545], [1300, 545], [1302, 545], [1303, 545], [1273, 546], [1274, 546], [1275, 546], [1276, 546], [1277, 546], [1278, 546], [1299, 546], [1300, 546], [1301, 546], [1302, 546], [1303, 546], [1304, 546], [1274, 547], [1275, 547], [1276, 547], [1277, 547], [1278, 547], [1279, 547], [1300, 547], [1301, 547], [1302, 547], [1303, 547], [1304, 547], [1305, 547], [1275, 548], [1276, 548], [1278, 548], [1279, 548], [1280, 548], [1301, 548], [1302, 548], [1303, 548], [1304, 548], [1305, 548], [1306, 548], [1275, 549], [1276, 549], [1277, 549], [1279, 549], [1280, 549], [1281, 549], [1302, 549], [1303, 549], [1304, 549], [1305, 549], [1306, 549], [1307, 549], [1276, 550], [1277, 550], [1278, 550], [1280, 550], [1281, 550], [1303, 550], [1304, 550], [1305, 550], [1306, 550], [1307, 550], [1308, 550], [1277, 551], [1278, 551], [1279, 551], [1280, 551], [1281, 551], [1282, 551], [1304, 551], [1305, 551], [1306, 551], [1307, 551], [1308, 551], [1309, 551], [1278, 552], [1279, 552], [1280, 552], [1281, 552], [1282, 552], [1283, 552], [1305, 552], [1306, 552], [1307, 552], [1308, 552], [1309, 552], [1310, 552], [1279, 553], [1280, 553], [1281, 553], [1282, 553], [1283, 553], [1284, 553], [1306, 553], [1307, 553], [1308, 553], [1309, 553], [1310, 553], [1311, 553], [1280, 554], [1281, 554], [1282, 554], [1283, 554], [1284, 554], [1285, 554], [1307, 554], [1308, 554], [1310, 554], [1311, 554], [1312, 554], [1281, 555], [1282, 555], [1284, 555], [1285, 555], [1286, 555], [1307, 555], [1308, 555], [1309, 555], [1311, 555], [1312, 555], [1313, 555], [1281, 556], [1282, 556], [1283, 556], [1285, 556], [1286, 556], [1308, 556], [1309, 556], [1310, 556], [1312, 556], [1313, 556], [1314, 556], [1282, 557], [1283, 557], [1284, 557], [1285, 557], [1286, 557], [1287, 557], [1309, 557], [1310, 557], [1311, 557], [1313, 557], [1314, 557], [1315, 557], [1283, 558], [1284, 558], [1285, 558], [1286, 558], [1287, 558], [1288, 558], [1289, 558], [1310, 558], [1311, 558], [1312, 558], [1314, 558], [1315, 558], [1284, 559], [1285, 559], [1286, 559], [1287, 559], [1288, 559], [1289, 559], [1311, 559], [1312, 559], [1313, 559], [1314, 559], [1315, 559], [1316, 559], [1285, 560], [1286, 560], [1287, 560], [1288, 560], [1289, 560], [1290, 560], [1312, 560], [1313, 560], [1314, 560], [1315, 560], [1316, 560], [1317, 560], [1286, 561], [1287, 561], [1289, 561], [1290, 561], [1291, 561], [1313, 561], [1314, 561], [1315, 561], [1316, 561], [1317, 561], [1318, 561], [1286, 562], [1287, 562], [1288, 562], [1290, 562], [1291, 562], [1292, 562], [1314, 562], [1315, 562], [1316, 562], [1317, 562], [1318, 562], [1319, 562], [1287, 563], [1288, 563], [1289, 563], [1291, 563], [1292, 563], [1293, 563], [1315, 563], [1316, 563], [1317, 563], [1318, 563], [1319, 563], [1320, 563], [1288, 564], [1289, 564], [1290, 564], [1292, 564], [1293, 564], [1316, 564], [1317, 564], [1318, 564], [1319, 564], [1320, 564], [1321, 564], [1289, 565], [1290, 565], [1291, 565], [1292, 565], [1293, 565], [1294, 565], [1317, 565], [1318, 565], [1319, 565], [1320, 565], [1321, 565], [1322, 565], [1290, 566], [1291, 566], [1292, 566], [1293, 566], [1294, 566], [1295, 566], [1318, 566], [1319, 566], [1320, 566], [1321, 566], [1322, 566], [1323, 566], [1291, 567], [1292, 567], [1293, 567], [1294, 567], [1295, 567], [1296, 567], [1319, 567], [1320, 567], [1321, 567], [1322, 567], [1323, 567], [1324, 567], [1292, 568], [1293, 568], [1294, 568], [1295, 568], [1296, 568], [1297, 568], [1320, 568], [1321, 568], [1322, 568], [1323, 568], [1324, 568], [1325, 568], [1293, 569], [1294, 569], [1296, 569], [1297, 569], [1298, 569], [1321, 569], [1322, 569], [1324, 569], [1325, 569], [1326, 569], [1293, 570], [1294, 570], [1295, 570], [1297, 570], [1298, 570], [1299, 570], [1321, 570], [1322, 570], [1323, 570], [1325, 570], [1326, 570], [1327, 570], [1294, 571], [1295, 571], [1296, 571], [1298, 571], [1299, 571], [1322, 571], [1323, 571], [1324, 571], [1326, 571], [1327, 571], [1295, 572], [1296, 572], [1297, 572], [1298, 572], [1299, 572], [1300, 572], [1323, 572], [1324, 572], [1325, 572], [1326, 572], [1327, 572], [1328, 572], [1296, 573], [1297, 573], [1298, 573], [1299, 573], [1300, 573], [1301, 573], [1324, 573], [1325, 573], [1326, 573], [1327, 573], [1328, 573], [1329, 573], [1297, 574], [1298, 574], [1299, 574], [1300, 574], [1301, 574], [1302, 574], [1325, 574], [1326, 574], [1327, 574], [1328, 574], [1329, 574], [1330, 574], [1298, 575], [1299, 575], [1301, 575], [1302, 575], [1303, 575], [1326, 575], [1327, 575], [1328, 575], [1329, 575], [1330, 575], [1331, 575], [1298, 576], [1299, 576], [1300, 576], [1302, 576], [1303, 576], [1304, 576], [1327, 576], [1328, 576], [1329, 576], [1330, 576], [1331, 576], [1332, 576], [1299, 577], [1300, 577], [1301, 577], [1303, 577], [1304, 577], [1305, 577], [1328, 577], [1329, 577], [1330, 577], [1331, 577], [1332, 577], [1333, 577], [1300, 578], [1301, 578], [1302, 578], [1304, 578], [1305, 578], [1306, 578], [1329, 578], [1330, 578], [1331, 578], [1332, 578], [1333, 578], [1334, 578], [1301, 579], [1302, 579], [1303, 579], [1305, 579], [1306, 579], [1307, 579], [1308, 579], [1330, 579], [1331, 579], [1333, 579], [1334, 579], [1335, 579], [1302, 580], [1303, 580], [1304, 580], [1306, 580], [1307, 580], [1308, 580], [1309, 580], [1310, 580], [1311, 580], [1330, 580], [1331, 580], [1332, 580], [1334, 580], [1335, 580], [1336, 580], [1303, 581], [1304, 581], [1305, 581], [1306, 581], [1307, 581], [1308, 581], [1309, 581], [1310, 581], [1311, 581], [1312, 581], [1331, 581], [1332, 581], [1333, 581], [1335, 581], [1336, 581], [1337, 581], [1304, 582], [1305, 582], [1306, 582], [1307, 582], [1310, 582], [1311, 582], [1312, 582], [1332, 582], [1333, 582], [1334, 582], [1336, 582], [1337, 582], [1305, 583], [1306, 583], [1307, 583], [1308, 583], [1311, 583], [1312, 583], [1333, 583], [1334, 583], [1335, 583], [1336, 583], [1337, 583], [1338, 583], [1306, 584], [1307, 584], [1308, 584], [1311, 584], [1312, 584], [1334, 584], [1335, 584], [1336, 584], [1337, 584], [1338, 584], [1339, 584], [1307, 585], [1308, 585], [1309, 585], [1311, 585], [1312, 585], [1335, 585], [1336, 585], [1337, 585], [1338, 585], [1339, 585], [1340, 585], [1307, 586], [1308, 586], [1309, 586], [1310, 586], [1311, 586], [1312, 586], [1313, 586], [1336, 586], [1337, 586], [1338, 586], [1339, 586], [1340, 586], [1341, 586], [1308, 587], [1309, 587], [1310, 587], [1312, 587], [1313, 587], [1337, 587], [1338, 587], [1340, 587], [1341, 587], [1342, 587], [1309, 588], [1310, 588], [1311, 588], [1312, 588], [1313, 588], [1314, 588], [1337, 588], [1338, 588], [1339, 588], [1341, 588], [1342, 588], [1343, 588], [1310, 589], [1311, 589], [1312, 589], [1313, 589], [1314, 589], [1315, 589], [1338, 589], [1339, 589], [1340, 589], [1342, 589], [1343, 589], [1344, 589], [1311, 590], [1312, 590], [1313, 590], [1314, 590], [1315, 590], [1316, 590], [1339, 590], [1340, 590], [1341, 590], [1343, 590], [1344, 590], [1345, 590], [1312, 591], [1313, 591], [1314, 591], [1315, 591], [1316, 591], [1317, 591], [1340, 591], [1341, 591], [1342, 591], [1344, 591], [1345, 591], [1346, 591], [1313, 592], [1314, 592], [1315, 592], [1316, 592], [1317, 592], [1318, 592], [1341, 592], [1342, 592], [1343, 592], [1345, 592], [1346, 592], [1347, 592], [1314, 593], [1315, 593], [1317, 593], [1318, 593], [1319, 593], [1342, 593], [1343, 593], [1344, 593], [1346, 593], [1347, 593], [1348, 593], [1314, 594], [1315, 594], [1316, 594], [1318, 594], [1319, 594], [1343, 594], [1344, 594], [1345, 594], [1347, 594], [1348, 594], [1349, 594], [1315, 595], [1316, 595], [1317, 595], [1318, 595], [1319, 595], [1320, 595], [1321, 595], [1344, 595], [1345, 595], [1346, 595], [1348, 595], [1349, 595], [1316, 596], [1317, 596], [1318, 596], [1319, 596], [1320, 596], [1321, 596], [1322, 596], [1345, 596], [1346, 596], [1347, 596], [1348, 596], [1349, 596], [1350, 596], [1317, 597], [1318, 597], [1319, 597], [1321, 597], [1322, 597], [1346, 597], [1347, 597], [1348, 597], [1349, 597], [1350, 597], [1351, 597], [1318, 598], [1319, 598], [1320, 598], [1321, 598], [1322, 598], [1323, 598], [1347, 598], [1348, 598], [1349, 598], [1350, 598], [1351, 598], [1352, 598], [1319, 599], [1320, 599], [1322, 599], [1323, 599], [1324, 599], [1348, 599], [1349, 599], [1350, 599], [1351, 599], [1352, 599], [1353, 599], [1319, 600], [1320, 600], [1321, 600], [1323, 600], [1324, 600], [1325, 600], [1349, 600], [1350, 600], [1351, 600], [1352, 600], [1353, 600], [1354, 600], [1320, 601], [1321, 601], [1322, 601], [1324, 601], [1325, 601], [1326, 601], [1350, 601], [1351, 601], [1352, 601], [1353, 601], [1354, 601], [1355, 601], [1321, 602], [1322, 602], [1323, 602], [1325, 602], [1326, 602], [1351, 602], [1352, 602], [1354, 602], [1355, 602], [1356, 602], [1322, 603], [1323, 603], [1324, 603], [1325, 603], [1326, 603], [1327, 603], [1351, 603], [1352, 603], [1353, 603], [1355, 603], [1356, 603], [1357, 603], [1323, 604], [1324, 604], [1325, 604], [1326, 604], [1327, 604], [1328, 604], [1352, 604], [1353, 604], [1354, 604], [1356, 604], [1357, 604], [1358, 604], [1324, 605], [1325, 605], [1327, 605], [1328, 605], [1329, 605], [1353, 605], [1354, 605], [1355, 605], [1357, 605], [1358, 605], [1359, 605], [1324, 606], [1325, 606], [1326, 606], [1328, 606], [1329, 606], [1354, 606], [1355, 606], [1356, 606], [1358, 606], [1359, 606], [1360, 606], [1325, 607], [1326, 607], [1327, 607], [1328, 607], [1329, 607], [1330, 607], [1355, 607], [1356, 607], [1357, 607], [1359, 607], [1360, 607], [1361, 607], [1326, 608], [1327, 608], [1328, 608], [1329, 608], [1330, 608], [1331, 608], [1356, 608], [1357, 608], [1358, 608], [1360, 608], [1361, 608], [1327, 609], [1328, 609], [1329, 609], [1330, 609], [1331, 609], [1332, 609], [1357, 609], [1358, 609], [1359, 609], [1360, 609], [1361, 609], [1362, 609], [1328, 610], [1329, 610], [1330, 610], [1331, 610], [1332, 610], [1333, 610], [1334, 610], [1358, 610], [1359, 610], [1360, 610], [1361, 610], [1362, 610], [1363, 610], [1329, 611], [1330, 611], [1331, 611], [1332, 611], [1333, 611], [1334, 611], [1335, 611], [1359, 611], [1360, 611], [1361, 611], [1362, 611], [1363, 611], [1364, 611], [1330, 612], [1331, 612], [1332, 612], [1334, 612], [1335, 612], [1336, 612], [1360, 612], [1361, 612], [1362, 612], [1363, 612], [1364, 612], [1365, 612], [1331, 613], [1332, 613], [1333, 613], [1334, 613], [1335, 613], [1336, 613], [1361, 613], [1362, 613], [1363, 613], [1364, 613], [1365, 613], [1366, 613], [1332, 614], [1333, 614], [1334, 614], [1335, 614], [1336, 614], [1337, 614], [1338, 614], [1362, 614], [1363, 614], [1365, 614], [1366, 614], [1367, 614], [1332, 615], [1333, 615], [1334, 615], [1336, 615], [1337, 615], [1338, 615], [1362, 615], [1363, 615], [1364, 615], [1366, 615], [1367, 615], [1368, 615], [1333, 616], [1334, 616], [1335, 616], [1336, 616], [1337, 616], [1338, 616], [1339, 616], [1363, 616], [1364, 616], [1365, 616], [1367, 616], [1368, 616], [1369, 616], [1334, 617], [1335, 617], [1336, 617], [1338, 617], [1339, 617], [1340, 617], [1364, 617], [1365, 617], [1366, 617], [1368, 617], [1369, 617], [1335, 618], [1336, 618], [1337, 618], [1338, 618], [1339, 618], [1340, 618], [1365, 618], [1366, 618], [1367, 618], [1368, 618], [1369, 618], [1370, 618], [1336, 619], [1337, 619], [1338, 619], [1339, 619], [1340, 619], [1341, 619], [1366, 619], [1367, 619], [1368, 619], [1369, 619], [1370, 619], [1371, 619], [1336, 620], [1337, 620], [1338, 620], [1340, 620], [1341, 620], [1342, 620], [1367, 620], [1368, 620], [1369, 620], [1370, 620], [1371, 620], [1372, 620], [1337, 621], [1338, 621], [1339, 621], [1341, 621], [1342, 621], [1368, 621], [1369, 621], [1370, 621], [1371, 621], [1372, 621], [1373, 621], [1338, 622], [1339, 622], [1340, 622], [1341, 622], [1342, 622], [1343, 622], [1369, 622], [1370, 622], [1371, 622], [1372, 622], [1373, 622], [1374, 622], [1339, 623], [1340, 623], [1341, 623], [1342, 623], [1343, 623], [1344, 623], [1370, 623], [1371, 623], [1372, 623], [1373, 623], [1374, 623], [1375, 623], [1340, 624], [1341, 624], [1342, 624], [1343, 624], [1344, 624], [1345, 624], [1370, 624], [1371, 624], [1372, 624], [1373, 624], [1374, 624], [1375, 624], [1376, 624], [1341, 625], [1342, 625], [1343, 625], [1344, 625], [1345, 625], [1346, 625], [1372, 625], [1373, 625], [1375, 625], [1376, 625], [1377, 625], [1342, 626], [1343, 626], [1344, 626], [1345, 626], [1346, 626], [1347, 626], [1372, 626], [1373, 626], [1374, 626], [1376, 626], [1377, 626], [1343, 627], [1344, 627], [1346, 627], [1347, 627], [1348, 627], [1373, 627], [1374, 627], [1375, 627], [1376, 627], [1377, 627], [1378, 627], [1343, 628], [1344, 628], [1345, 628], [1347, 628], [1348, 628], [1349, 628], [1374, 628], [1375, 628], [1376, 628], [1377, 628], [1378, 628], [1379, 628], [1344, 629], [1345, 629], [1346, 629], [1348, 629], [1349, 629], [1350, 629], [1375, 629], [1376, 629], [1377, 629], [1378, 629], [1379, 629], [1380, 629], [1345, 630], [1346, 630], [1347, 630], [1349, 630], [1350, 630], [1376, 630], [1377, 630], [1378, 630], [1379, 630], [1380, 630], [1381, 630], [1346, 631], [1347, 631], [1348, 631], [1349, 631], [1350, 631], [1351, 631], [1377, 631], [1378, 631], [1379, 631], [1380, 631], [1381, 631], [1382, 631], [1347, 632], [1348, 632], [1349, 632], [1350, 632], [1351, 632], [1352, 632], [1378, 632], [1379, 632], [1380, 632], [1381, 632], [1382, 632], [1383, 632], [1348, 633], [1349, 633], [1351, 633], [1352, 633], [1353, 633], [1379, 633], [1380, 633], [1381, 633], [1382, 633], [1383, 633], [1384, 633], [1348, 634], [1349, 634], [1350, 634], [1352, 634], [1353, 634], [1354, 634], [1380, 634], [1381, 634], [1383, 634], [1384, 634], [1385, 634], [1349, 635], [1350, 635], [1351, 635], [1353, 635], [1354, 635], [1380, 635], [1381, 635], [1382, 635], [1384, 635], [1385, 635], [1386, 635], [1350, 636], [1351, 636], [1352, 636], [1353, 636], [1354, 636], [1355, 636], [1381, 636], [1382, 636], [1383, 636], [1385, 636], [1386, 636], [1387, 636], [1351, 637], [1352, 637], [1353, 637], [1354, 637], [1355, 637], [1356, 637], [1382, 637], [1383, 637], [1384, 637], [1386, 637], [1387, 637], [1352, 638], [1353, 638], [1354, 638], [1355, 638], [1356, 638], [1357, 638], [1383, 638], [1384, 638], [1385, 638], [1386, 638], [1387, 638], [1388, 638], [1353, 639], [1354, 639], [1355, 639], [1356, 639], [1357, 639], [1358, 639], [1359, 639], [1384, 639], [1385, 639], [1386, 639], [1387, 639], [1388, 639], [1389, 639], [1354, 640], [1355, 640], [1356, 640], [1357, 640], [1358, 640], [1359, 640], [1360, 640], [1385, 640], [1386, 640], [1387, 640], [1388, 640], [1389, 640], [1390, 640], [1355, 641], [1356, 641], [1357, 641], [1359, 641], [1360, 641], [1361, 641], [1386, 641], [1387, 641], [1388, 641], [1389, 641], [1390, 641], [1391, 641], [1356, 642], [1357, 642], [1358, 642], [1360, 642], [1361, 642], [1362, 642], [1387, 642], [1388, 642], [1389, 642], [1390, 642], [1391, 642], [1392, 642], [1357, 643], [1358, 643], [1359, 643], [1361, 643], [1362, 643], [1363, 643], [1388, 643], [1389, 643], [1390, 643], [1391, 643], [1392, 643], [1393, 643], [1358, 644], [1359, 644], [1360, 644], [1362, 644], [1363, 644], [1389, 644], [1390, 644], [1391, 644], [1392, 644], [1393, 644], [1394, 644], [1359, 645], [1360, 645], [1361, 645], [1362, 645], [1363, 645], [1364, 645], [1390, 645], [1391, 645], [1393, 645], [1394, 645], [1395, 645], [1360, 646], [1361, 646], [1363, 646], [1364, 646], [1365, 646], [1390, 646], [1391, 646], [1392, 646], [1394, 646], [1395, 646], [1396, 646], [1360, 647], [1361, 647], [1362, 647], [1364, 647], [1365, 647], [1366, 647], [1391, 647], [1392, 647], [1393, 647], [1395, 647], [1396, 647], [1397, 647], [1361, 648], [1362, 648], [1363, 648], [1365, 648], [1366, 648], [1367, 648], [1392, 648], [1393, 648], [1394, 648], [1396, 648], [1397, 648], [1362, 649], [1363, 649], [1364, 649], [1366, 649], [1367, 649], [1368, 649], [1369, 649], [1393, 649], [1394, 649], [1395, 649], [1396, 649], [1397, 649], [1398, 649], [1363, 650], [1364, 650], [1365, 650], [1366, 650], [1367, 650], [1368, 650], [1369, 650], [1394, 650], [1395, 650], [1396, 650], [1397, 650], [1398, 650], [1399, 650], [1364, 651], [1365, 651], [1366, 651], [1368, 651], [1369, 651], [1370, 651], [1395, 651], [1396, 651], [1397, 651], [1398, 651], [1399, 651], [1400, 651], [1364, 652], [1365, 652], [1366, 652], [1367, 652], [1368, 652], [1369, 652], [1370, 652], [1371, 652], [1396, 652], [1397, 652], [1398, 652], [1399, 652], [1400, 652], [1401, 652], [1365, 653], [1366, 653], [1367, 653], [1368, 653], [1369, 653], [1370, 653], [1371, 653], [1372, 653], [1397, 653], [1398, 653], [1399, 653], [1400, 653], [1401, 653], [1402, 653], [1366, 654], [1367, 654], [1368, 654], [1370, 654], [1371, 654], [1372, 654], [1398, 654], [1399, 654], [1400, 654], [1401, 654], [1402, 654], [1403, 654], [1367, 655], [1368, 655], [1369, 655], [1371, 655], [1372, 655], [1373, 655], [1399, 655], [1400, 655], [1401, 655], [1402, 655], [1403, 655], [1404, 655], [1367, 656], [1368, 656], [1369, 656], [1370, 656], [1371, 656], [1372, 656], [1373, 656], [1400, 656], [1401, 656], [1403, 656], [1404, 656], [1405, 656], [1368, 657], [1369, 657], [1370, 657], [1371, 657], [1372, 657], [1373, 657], [1374, 657], [1400, 657], [1401, 657], [1402, 657], [1404, 657], [1405, 657], [1369, 658], [1370, 658], [1371, 658], [1373, 658], [1374, 658], [1375, 658], [1401, 658], [1402, 658], [1403, 658], [1404, 658], [1405, 658], [1406, 658], [1370, 659], [1371, 659], [1372, 659], [1373, 659], [1374, 659], [1375, 659], [1376, 659], [1402, 659], [1403, 659], [1404, 659], [1405, 659], [1406, 659], [1407, 659], [1371, 660], [1372, 660], [1373, 660], [1374, 660], [1375, 660], [1376, 660], [1403, 660], [1404, 660], [1405, 660], [1406, 660], [1407, 660], [1408, 660], [1371, 661], [1372, 661], [1373, 661], [1374, 661], [1375, 661], [1376, 661], [1377, 661], [1404, 661], [1405, 661], [1406, 661], [1407, 661], [1408, 661], [1409, 661], [1372, 662], [1373, 662], [1374, 662], [1376, 662], [1377, 662], [1378, 662], [1405, 662], [1406, 662], [1407, 662], [1408, 662], [1409, 662], [1410, 662], [1373, 663], [1374, 663], [1375, 663], [1377, 663], [1378, 663], [1379, 663], [1406, 663], [1407, 663], [1408, 663], [1409, 663], [1410, 663], [1411, 663], [1374, 664], [1375, 664], [1376, 664], [1378, 664], [1379, 664], [1407, 664], [1408, 664], [1409, 664], [1410, 664], [1411, 664], [1412, 664], [1375, 665], [1376, 665], [1377, 665], [1378, 665], [1379, 665], [1380, 665], [1408, 665], [1409, 665], [1411, 665], [1412, 665], [1413, 665], [1376, 666], [1377, 666], [1378, 666], [1379, 666], [1380, 666], [1381, 666], [1408, 666], [1409, 666], [1410, 666], [1412, 666], [1413, 666], [1414, 666], [1377, 667], [1378, 667], [1380, 667], [1381, 667], [1382, 667], [1409, 667], [1410, 667], [1411, 667], [1413, 667], [1414, 667], [1415, 667], [1377, 668], [1378, 668], [1379, 668], [1381, 668], [1382, 668], [1383, 668], [1410, 668], [1411, 668], [1412, 668], [1414, 668], [1415, 668], [1416, 668], [1378, 669], [1379, 669], [1380, 669], [1382, 669], [1383, 669], [1384, 669], [1411, 669], [1412, 669], [1413, 669], [1415, 669], [1416, 669], [1379, 670], [1380, 670], [1381, 670], [1383, 670], [1384, 670], [1385, 670], [1412, 670], [1413, 670], [1414, 670], [1415, 670], [1416, 670], [1417, 670], [1380, 671], [1381, 671], [1382, 671], [1384, 671], [1385, 671], [1386, 671], [1413, 671], [1414, 671], [1416, 671], [1417, 671], [1418, 671], [1381, 672], [1382, 672], [1383, 672], [1385, 672], [1386, 672], [1387, 672], [1413, 672], [1414, 672], [1415, 672], [1417, 672], [1418, 672], [1419, 672], [1382, 673], [1383, 673], [1384, 673], [1386, 673], [1387, 673], [1388, 673], [1414, 673], [1415, 673], [1416, 673], [1418, 673], [1419, 673], [1420, 673], [1383, 674], [1384, 674], [1385, 674], [1387, 674], [1388, 674], [1389, 674], [1415, 674], [1416, 674], [1417, 674], [1419, 674], [1420, 674], [1421, 674], [1384, 675], [1385, 675], [1386, 675], [1387, 675], [1388, 675], [1389, 675], [1416, 675], [1417, 675], [1418, 675], [1419, 675], [1420, 675], [1421, 675], [1422, 675], [1385, 676], [1386, 676], [1387, 676], [1388, 676], [1389, 676], [1390, 676], [1417, 676], [1418, 676], [1419, 676], [1420, 676], [1421, 676], [1422, 676], [1423, 676], [1385, 677], [1386, 677], [1387, 677], [1389, 677], [1390, 677], [1391, 677], [1417, 677], [1418, 677], [1419, 677], [1420, 677], [1421, 677], [1422, 677], [1423, 677], [1424, 677], [1386, 678], [1387, 678], [1388, 678], [1390, 678], [1391, 678], [1418, 678], [1419, 678], [1420, 678], [1421, 678], [1423, 678], [1424, 678], [1387, 679], [1388, 679], [1389, 679], [1390, 679], [1391, 679], [1392, 679], [1419, 679], [1420, 679], [1421, 679], [1422, 679], [1423, 679], [1424, 679], [1425, 679], [1388, 680], [1389, 680], [1390, 680], [1391, 680], [1392, 680], [1393, 680], [1421, 680], [1422, 680], [1423, 680], [1424, 680], [1425, 680], [1426, 680], [1389, 681], [1390, 681], [1392, 681], [1393, 681], [1394, 681], [1421, 681], [1422, 681], [1423, 681], [1424, 681], [1425, 681], [1426, 681], [1427, 681], [1389, 682], [1390, 682], [1391, 682], [1393, 682], [1394, 682], [1395, 682], [1423, 682], [1424, 682], [1426, 682], [1427, 682], [1428, 682], [1390, 683], [1391, 683], [1392, 683], [1394, 683], [1395, 683], [1396, 683], [1423, 683], [1424, 683], [1425, 683], [1426, 683], [1427, 683], [1428, 683], [1429, 683], [1391, 684], [1392, 684], [1393, 684], [1395, 684], [1396, 684], [1424, 684], [1425, 684], [1426, 684], [1427, 684], [1428, 684], [1429, 684], [1430, 684], [1392, 685], [1393, 685], [1394, 685], [1395, 685], [1396, 685], [1397, 685], [1426, 685], [1427, 685], [1429, 685], [1430, 685], [1431, 685], [1393, 686], [1394, 686], [1396, 686], [1397, 686], [1398, 686], [1426, 686], [1427, 686], [1428, 686], [1430, 686], [1431, 686], [1432, 686], [1393, 687], [1394, 687], [1395, 687], [1397, 687], [1398, 687], [1427, 687], [1428, 687], [1429, 687], [1431, 687], [1432, 687], [1433, 687], [1394, 688], [1395, 688], [1396, 688], [1397, 688], [1398, 688], [1399, 688], [1428, 688], [1429, 688], [1430, 688], [1432, 688], [1433, 688], [1434, 688], [1395, 689], [1396, 689], [1397, 689], [1398, 689], [1399, 689], [1400, 689], [1429, 689], [1430, 689], [1431, 689], [1433, 689], [1434, 689], [1396, 690], [1397, 690], [1398, 690], [1399, 690], [1400, 690], [1401, 690], [1430, 690], [1431, 690], [1432, 690], [1433, 690], [1434, 690], [1435, 690], [1397, 691], [1398, 691], [1399, 691], [1400, 691], [1401, 691], [1402, 691], [1431, 691], [1432, 691], [1433, 691], [1434, 691], [1435, 691], [1436, 691], [1398, 692], [1399, 692], [1400, 692], [1401, 692], [1402, 692], [1403, 692], [1432, 692], [1433, 692], [1435, 692], [1436, 692], [1437, 692], [1399, 693], [1400, 693], [1402, 693], [1403, 693], [1404, 693], [1432, 693], [1433, 693], [1434, 693], [1435, 693], [1436, 693], [1437, 693], [1438, 693], [1399, 694], [1400, 694], [1401, 694], [1403, 694], [1404, 694], [1405, 694], [1433, 694], [1434, 694], [1435, 694], [1436, 694], [1437, 694], [1438, 694], [1439, 694], [1400, 695], [1401, 695], [1402, 695], [1404, 695], [1405, 695], [1406, 695], [1435, 695], [1436, 695], [1437, 695], [1438, 695], [1439, 695], [1440, 695], [1401, 696], [1402, 696], [1403, 696], [1405, 696], [1406, 696], [1407, 696], [1436, 696], [1437, 696], [1438, 696], [1439, 696], [1440, 696], [1441, 696], [1402, 697], [1403, 697], [1404, 697], [1406, 697], [1407, 697], [1408, 697], [1437, 697], [1438, 697], [1440, 697], [1441, 697], [1442, 697], [1403, 698], [1404, 698], [1405, 698], [1406, 698], [1407, 698], [1408, 698], [1437, 698], [1438, 698], [1439, 698], [1441, 698], [1442, 698], [1443, 698], [1404, 699], [1405, 699], [1406, 699], [1407, 699], [1408, 699], [1409, 699], [1438, 699], [1439, 699], [1440, 699], [1442, 699], [1443, 699], [1404, 700], [1405, 700], [1406, 700], [1408, 700], [1409, 700], [1410, 700], [1439, 700], [1440, 700], [1441, 700], [1442, 700], [1443, 700], [1444, 700], [1405, 701], [1406, 701], [1407, 701], [1409, 701], [1410, 701], [1411, 701], [1440, 701], [1441, 701], [1442, 701], [1443, 701], [1444, 701], [1445, 701], [1406, 702], [1407, 702], [1408, 702], [1410, 702], [1411, 702], [1412, 702], [1441, 702], [1442, 702], [1443, 702], [1444, 702], [1445, 702], [1446, 702], [1407, 703], [1408, 703], [1409, 703], [1411, 703], [1412, 703], [1413, 703], [1442, 703], [1443, 703], [1444, 703], [1445, 703], [1446, 703], [1447, 703], [1408, 704], [1409, 704], [1410, 704], [1412, 704], [1413, 704], [1443, 704], [1444, 704], [1445, 704], [1446, 704], [1447, 704], [1448, 704], [1409, 705], [1410, 705], [1411, 705], [1412, 705], [1413, 705], [1414, 705], [1444, 705], [1445, 705], [1447, 705], [1448, 705], [1449, 705], [1410, 706], [1411, 706], [1413, 706], [1414, 706], [1415, 706], [1444, 706], [1445, 706], [1446, 706], [1448, 706], [1449, 706], [1450, 706], [1410, 707], [1411, 707], [1412, 707], [1414, 707], [1415, 707], [1416, 707], [1445, 707], [1446, 707], [1447, 707], [1449, 707], [1450, 707], [1451, 707], [1411, 708], [1412, 708], [1413, 708], [1415, 708], [1416, 708], [1417, 708], [1446, 708], [1447, 708], [1448, 708], [1450, 708], [1451, 708], [1452, 708], [1412, 709], [1413, 709], [1414, 709], [1416, 709], [1417, 709], [1447, 709], [1448, 709], [1449, 709], [1451, 709], [1452, 709], [1453, 709], [1413, 710], [1414, 710], [1415, 710], [1416, 710], [1417, 710], [1418, 710], [1448, 710], [1449, 710], [1450, 710], [1452, 710], [1453, 710], [1454, 710], [1414, 711], [1415, 711], [1416, 711], [1417, 711], [1418, 711], [1419, 711], [1449, 711], [1450, 711], [1451, 711], [1453, 711], [1454, 711], [1455, 711], [1415, 712], [1416, 712], [1418, 712], [1419, 712], [1420, 712], [1450, 712], [1451, 712], [1452, 712], [1454, 712], [1455, 712], [1415, 713], [1416, 713], [1417, 713], [1419, 713], [1420, 713], [1421, 713], [1451, 713], [1452, 713], [1453, 713], [1454, 713], [1455, 713], [1456, 713], [1416, 714], [1417, 714], [1418, 714], [1420, 714], [1421, 714], [1452, 714], [1453, 714], [1454, 714], [1455, 714], [1456, 714], [1457, 714], [1417, 715], [1418, 715], [1419, 715], [1420, 715], [1421, 715], [1422, 715], [1453, 715], [1454, 715], [1455, 715], [1456, 715], [1457, 715], [1458, 715], [1418, 716], [1419, 716], [1420, 716], [1421, 716], [1422, 716], [1423, 716], [1424, 716], [1454, 716], [1455, 716], [1457, 716], [1458, 716], [1459, 716], [1419, 717], [1420, 717], [1421, 717], [1422, 717], [1423, 717], [1424, 717], [1454, 717], [1455, 717], [1456, 717], [1458, 717], [1459, 717], [1460, 717], [1420, 718], [1421, 718], [1422, 718], [1423, 718], [1424, 718], [1425, 718], [1455, 718], [1456, 718], [1457, 718], [1459, 718], [1460, 718], [1461, 718], [1420, 719], [1421, 719], [1422, 719], [1424, 719], [1425, 719], [1426, 719], [1456, 719], [1457, 719], [1458, 719], [1460, 719], [1461, 719], [1462, 719], [1421, 720], [1422, 720], [1423, 720], [1425, 720], [1426, 720], [1427, 720], [1457, 720], [1458, 720], [1459, 720], [1461, 720], [1462, 720], [1463, 720], [1422, 721], [1423, 721], [1424, 721], [1426, 721], [1427, 721], [1428, 721], [1458, 721], [1459, 721], [1460, 721], [1462, 721], [1463, 721], [1464, 721], [1423, 722], [1424, 722], [1425, 722], [1427, 722], [1428, 722], [1429, 722], [1459, 722], [1460, 722], [1461, 722], [1463, 722], [1464, 722], [1424, 723], [1425, 723], [1426, 723], [1428, 723], [1429, 723], [1460, 723], [1461, 723], [1462, 723], [1463, 723], [1464, 723], [1465, 723], [1425, 724], [1426, 724], [1427, 724], [1428, 724], [1429, 724], [1430, 724], [1461, 724], [1462, 724], [1463, 724], [1464, 724], [1465, 724], [1466, 724], [1426, 725], [1427, 725], [1429, 725], [1430, 725], [1431, 725], [1462, 725], [1463, 725], [1465, 725], [1466, 725], [1467, 725], [1426, 726], [1427, 726], [1428, 726], [1430, 726], [1431, 726], [1432, 726], [1462, 726], [1463, 726], [1464, 726], [1466, 726], [1467, 726], [1468, 726], [1427, 727], [1428, 727], [1429, 727], [1431, 727], [1432, 727], [1433, 727], [1463, 727], [1464, 727], [1465, 727], [1467, 727], [1468, 727], [1469, 727], [1428, 728], [1429, 728], [1430, 728], [1432, 728], [1433, 728], [1434, 728], [1464, 728], [1465, 728], [1466, 728], [1467, 728], [1468, 728], [1469, 728], [1470, 728], [1429, 729], [1430, 729], [1431, 729], [1433, 729], [1434, 729], [1435, 729], [1465, 729], [1466, 729], [1467, 729], [1468, 729], [1469, 729], [1470, 729], [1430, 730], [1431, 730], [1432, 730], [1433, 730], [1434, 730], [1435, 730], [1436, 730], [1465, 730], [1466, 730], [1467, 730], [1469, 730], [1470, 730], [1471, 730], [1431, 731], [1432, 731], [1433, 731], [1434, 731], [1435, 731], [1436, 731], [1437, 731], [1438, 731], [1439, 731], [1465, 731], [1466, 731], [1467, 731], [1469, 731], [1470, 731], [1471, 731], [1472, 731], [1431, 732], [1432, 732], [1433, 732], [1434, 732], [1435, 732], [1436, 732], [1437, 732], [1438, 732], [1439, 732], [1440, 732], [1441, 732], [1442, 732], [1443, 732], [1444, 732], [1460, 732], [1461, 732], [1462, 732], [1463, 732], [1464, 732], [1465, 732], [1466, 732], [1467, 732], [1470, 732], [1471, 732], [1472, 732], [1473, 732], [1432, 733], [1433, 733], [1434, 733], [1435, 733], [1438, 733], [1439, 733], [1440, 733], [1441, 733], [1442, 733], [1443, 733], [1444, 733], [1445, 733], [1446, 733], [1448, 733], [1449, 733], [1450, 733], [1451, 733], [1452, 733], [1453, 733], [1454, 733], [1455, 733], [1456, 733], [1457, 733], [1458, 733], [1459, 733], [1460, 733], [1461, 733], [1462, 733], [1463, 733], [1464, 733], [1465, 733], [1466, 733], [1471, 733], [1472, 733], [1473, 733], [1474, 733], [1433, 734], [1434, 734], [1435, 734], [1436, 734], [1443, 734], [1444, 734], [1445, 734], [1446, 734], [1447, 734], [1448, 734], [1449, 734], [1450, 734], [1451, 734], [1452, 734], [1453, 734], [1454, 734], [1455, 734], [1456, 734], [1457, 734], [1458, 734], [1459, 734], [1460, 734], [1461, 734], [1472, 734], [1473, 734], [1474, 734], [1475, 734], [1434, 735], [1435, 735], [1436, 735], [1437, 735], [1445, 735], [1446, 735], [1447, 735], [1448, 735], [1449, 735], [1473, 735], [1474, 735], [1475, 735], [1435, 736], [1436, 736], [1437, 736], [1438, 736], [1474, 736], [1475, 736], [1476, 736], [1436, 737], [1437, 737], [1438, 737], [1439, 737], [1440, 737], [1474, 737], [1475, 737], [1476, 737], [1437, 738], [1438, 738], [1439, 738], [1440, 738], [1441, 738], [1442, 738], [1468, 738], [1469, 738], [1470, 738], [1471, 738], [1472, 738], [1473, 738], [1474, 738], [1475, 738], [1476, 738], [1439, 739], [1440, 739], [1441, 739], [1442, 739], [1443, 739], [1444, 739], [1445, 739], [1446, 739], [1447, 739], [1448, 739], [1449, 739], [1450, 739], [1451, 739], [1452, 739], [1454, 739], [1455, 739], [1456, 739], [1457, 739], [1458, 739], [1459, 739], [1460, 739], [1461, 739], [1462, 739], [1463, 739], [1464, 739], [1465, 739], [1466, 739], [1467, 739], [1468, 739], [1469, 739], [1470, 739], [1471, 739], [1472, 739], [1473, 739], [1474, 739], [1475, 739], [1476, 739], [1441, 740], [1442, 740], [1443, 740], [1444, 740], [1445, 740], [1446, 740], [1447, 740], [1448, 740], [1449, 740], [1450, 740], [1451, 740], [1452, 740], [1453, 740], [1454, 740], [1455, 740], [1456, 740], [1457, 740], [1458, 740], [1459, 740], [1460, 740], [1461, 740], [1462, 740], [1463, 740], [1464, 740], [1465, 740], [1466, 740], [1467, 740], [1468, 740], [1469, 740], [1451, 741], [1452, 741], [1453, 741], [1454, 741], [1455, 741]


