White line left - 




Yellow line left - [1576, 201], [1577, 201], [1575, 202], [1576, 202], [1577, 202], [1574, 203], [1575, 203], [1576, 203], [1577, 203], [1574, 204], [1575, 204], [1576, 204], [1577, 204], [1571, 205], [1572, 205], [1573, 205], [1574, 205], [1575, 205], [1576, 205], [1568, 206], [1569, 206], [1570, 206], [1571, 206], [1572, 206], [1573, 206], [1574, 206], [1575, 206], [1576, 206], [1566, 207], [1567, 207], [1568, 207], [1569, 207], [1570, 207], [1571, 207], [1572, 207], [1564, 208], [1565, 208], [1566, 208], [1567, 208], [1568, 208], [1569, 208], [1563, 209], [1564, 209], [1565, 209], [1566, 209], [1567, 209]




Yellow line right - [1591, 266], [1592, 266], [1593, 266], [1601, 266], [1602, 266], [1603, 266], [1588, 267], [1589, 267], [1590, 267], [1591, 267], [1592, 267], [1593, 267], [1594, 267], [1595, 267], [1596, 267], [1597, 267], [1598, 267], [1599, 267], [1600, 267], [1601, 267], [1602, 267], [1603, 267], [1604, 267], [1605, 267], [1606, 267], [1588, 268], [1589, 268], [1590, 268], [1591, 268], [1592, 268], [1593, 268], [1594, 268], [1595, 268], [1596, 268], [1597, 268], [1598, 268], [1599, 268], [1600, 268], [1601, 268], [1602, 268], [1603, 268], [1604, 268], [1605, 268], [1606, 268], [1588, 269], [1589, 269], [1590, 269], [1600, 269], [1601, 269], [1602, 269], [1603, 269], [1604, 269], [1605, 269], [1606, 269], [1588, 270], [1589, 270], [1590, 270], [1591, 270], [1592, 270], [1593, 270], [1594, 270], [1595, 270], [1596, 270], [1597, 270], [1598, 270], [1599, 270], [1600, 270], [1601, 270], [1602, 270], [1603, 270], [1604, 270], [1605, 270], [1589, 271], [1590, 271], [1591, 271], [1592, 271], [1593, 271], [1594, 271], [1595, 271], [1596, 271], [1597, 271], [1598, 271], [1599, 271], [1600, 271], [1601, 271]




White line right - [1783, 78], [1782, 79], [1783, 79], [1780, 80], [1781, 80], [1782, 80], [1783, 80], [1778, 81], [1779, 81], [1780, 81], [1781, 81], [1782, 81], [1776, 82], [1777, 82], [1779, 82], [1780, 82], [1781, 82], [1782, 82], [1776, 83], [1777, 83], [1778, 83], [1779, 83], [1780, 83], [1781, 83], [1777, 84], [1778, 84], [1779, 84], [1780, 84], [1762, 123], [1763, 123], [1764, 123], [1765, 123], [1766, 123], [1761, 124], [1762, 124], [1763, 124], [1764, 124], [1765, 124], [1766, 124], [1760, 125], [1761, 125], [1762, 125], [1763, 125], [1765, 125], [1766, 125], [1760, 126], [1761, 126], [1762, 126], [1765, 126], [1766, 126], [1759, 127], [1760, 127], [1761, 127], [1765, 127], [1766, 127], [1759, 128], [1760, 128], [1761, 128], [1764, 128], [1765, 128], [1766, 128], [1759, 129], [1760, 129], [1764, 129], [1765, 129], [1766, 129], [1758, 130], [1759, 130], [1760, 130], [1764, 130], [1765, 130], [1758, 131], [1759, 131], [1760, 131], [1764, 131], [1765, 131], [1758, 132], [1759, 132], [1760, 132], [1761, 132], [1762, 132], [1763, 132], [1764, 132], [1765, 132], [1757, 133], [1758, 133], [1759, 133], [1760, 133], [1761, 133], [1762, 133], [1763, 133], [1764, 133], [1765, 133], [1757, 134], [1758, 134], [1759, 134], [1760, 134], [1761, 134], [1762, 134], [1763, 134], [1764, 134], [1756, 135], [1757, 135], [1758, 135], [1759, 135], [1760, 135], [1761, 135], [1763, 135], [1764, 135], [1756, 136], [1757, 136], [1758, 136], [1759, 136], [1760, 136], [1761, 136], [1762, 136], [1763, 136], [1764, 136], [1756, 137], [1757, 137], [1759, 137], [1760, 137], [1762, 137], [1763, 137], [1755, 138], [1756, 138], [1757, 138], [1758, 138], [1759, 138], [1760, 138], [1761, 138], [1762, 138], [1763, 138], [1755, 139], [1756, 139], [1757, 139], [1758, 139], [1759, 139], [1760, 139], [1761, 139], [1762, 139], [1755, 140], [1756, 140], [1757, 140], [1758, 140], [1759, 140], [1761, 140], [1762, 140], [1754, 141], [1755, 141], [1756, 141], [1757, 141], [1758, 141], [1759, 141], [1760, 141], [1761, 141], [1762, 141], [1754, 142], [1755, 142], [1756, 142], [1757, 142], [1758, 142], [1759, 142], [1760, 142], [1761, 142], [1754, 143], [1755, 143], [1756, 143], [1758, 143], [1760, 143], [1761, 143], [1754, 144], [1755, 144], [1756, 144], [1757, 144], [1758, 144], [1759, 144], [1760, 144], [1761, 144], [1753, 145], [1754, 145], [1755, 145], [1756, 145], [1757, 145], [1758, 145], [1759, 145], [1760, 145], [1753, 146], [1754, 146], [1755, 146], [1756, 146], [1757, 146], [1759, 146], [1760, 146], [1753, 147], [1754, 147], [1755, 147], [1756, 147], [1757, 147], [1758, 147], [1759, 147], [1760, 147], [1752, 148], [1753, 148], [1755, 148], [1756, 148], [1757, 148], [1758, 148], [1759, 148], [1752, 149], [1753, 149], [1754, 149], [1755, 149], [1756, 149], [1757, 149], [1758, 149], [1759, 149], [1752, 150], [1753, 150], [1754, 150], [1756, 150], [1758, 150], [1759, 150], [1751, 151], [1752, 151], [1753, 151], [1754, 151], [1755, 151], [1756, 151], [1757, 151], [1758, 151], [1751, 152], [1752, 152], [1753, 152], [1754, 152], [1755, 152], [1757, 152], [1758, 152], [1750, 153], [1751, 153], [1752, 153], [1753, 153], [1754, 153], [1755, 153], [1756, 153], [1757, 153], [1750, 154], [1751, 154], [1753, 154], [1754, 154], [1755, 154], [1756, 154], [1757, 154], [1749, 155], [1750, 155], [1751, 155], [1752, 155], [1753, 155], [1754, 155], [1756, 155], [1757, 155], [1749, 156], [1750, 156], [1751, 156], [1752, 156], [1753, 156], [1754, 156], [1755, 156], [1756, 156], [1749, 157], [1750, 157], [1751, 157], [1752, 157], [1753, 157], [1754, 157], [1755, 157], [1756, 157], [1749, 158], [1750, 158], [1751, 158], [1752, 158], [1753, 158], [1754, 158], [1755, 158], [1756, 158], [1750, 159], [1751, 159], [1752, 159], [1753, 159], [1754, 159], [1755, 159], [1734, 200], [1735, 200], [1736, 200], [1737, 200], [1738, 200], [1739, 200], [1734, 201], [1735, 201], [1736, 201], [1737, 201], [1738, 201], [1739, 201], [1740, 201], [1734, 202], [1735, 202], [1738, 202], [1739, 202], [1740, 202], [1733, 203], [1734, 203], [1735, 203], [1738, 203], [1739, 203], [1740, 203], [1733, 204], [1734, 204], [1735, 204], [1737, 204], [1738, 204], [1739, 204], [1732, 205], [1733, 205], [1734, 205], [1737, 205], [1738, 205], [1739, 205], [1732, 206], [1733, 206], [1734, 206], [1737, 206], [1738, 206], [1732, 207], [1733, 207], [1734, 207], [1735, 207], [1736, 207], [1737, 207], [1738, 207], [1731, 208], [1732, 208], [1733, 208], [1734, 208], [1735, 208], [1736, 208], [1737, 208], [1738, 208], [1731, 209], [1732, 209], [1733, 209], [1734, 209], [1735, 209], [1736, 209], [1737, 209], [1731, 210], [1733, 210], [1734, 210], [1736, 210], [1737, 210], [1731, 211], [1732, 211], [1733, 211], [1734, 211], [1735, 211], [1736, 211], [1737, 211], [1730, 212], [1731, 212], [1732, 212], [1733, 212], [1734, 212], [1735, 212], [1736, 212], [1730, 213], [1731, 213], [1732, 213], [1735, 213], [1736, 213], [1730, 214], [1731, 214], [1734, 214], [1735, 214], [1736, 214], [1730, 215], [1731, 215], [1734, 215], [1735, 215], [1736, 215], [1729, 216], [1730, 216], [1731, 216], [1733, 216], [1734, 216], [1735, 216], [1729, 217], [1730, 217], [1731, 217], [1733, 217], [1734, 217], [1735, 217], [1728, 218], [1729, 218], [1730, 218], [1733, 218], [1734, 218], [1728, 219], [1729, 219], [1730, 219], [1732, 219], [1733, 219], [1734, 219], [1728, 220], [1729, 220], [1732, 220], [1733, 220], [1734, 220], [1727, 221], [1728, 221], [1729, 221], [1732, 221], [1733, 221], [1727, 222], [1728, 222], [1729, 222], [1732, 222], [1733, 222], [1727, 223], [1728, 223], [1731, 223], [1732, 223], [1733, 223], [1726, 224], [1727, 224], [1728, 224], [1731, 224], [1732, 224], [1733, 224], [1726, 225], [1727, 225], [1728, 225], [1731, 225], [1732, 225], [1725, 226], [1726, 226], [1727, 226], [1730, 226], [1731, 226], [1732, 226], [1725, 227], [1726, 227], [1727, 227], [1730, 227], [1731, 227], [1732, 227], [1725, 228], [1726, 228], [1729, 228], [1730, 228], [1731, 228], [1725, 229], [1726, 229], [1729, 229], [1730, 229], [1731, 229], [1725, 230], [1726, 230], [1727, 230], [1728, 230], [1729, 230], [1730, 230], [1725, 231], [1726, 231], [1727, 231], [1728, 231], [1729, 231], [1730, 231], [1726, 232], [1727, 232], [1728, 232], [1729, 232], [1477, 260], [1475, 261], [1476, 261], [1477, 261], [1474, 262], [1475, 262], [1476, 262], [1477, 262], [1482, 263], [1483, 263], [1484, 263], [1482, 264], [1484, 264], [1485, 264], [1486, 264], [1482, 265], [1483, 265], [1484, 265], [1486, 265], [1484, 266], [1485, 266], [1486, 266], [1489, 266], [1490, 266], [1491, 266], [1492, 266], [1489, 267], [1490, 267], [1491, 267], [1492, 267], [1489, 268], [1490, 268], [1491, 268], [1492, 268], [1507, 273], [1508, 273], [1509, 273], [1507, 274], [1508, 274], [1509, 274], [1510, 274], [1511, 274], [1507, 275], [1508, 275], [1509, 275], [1510, 275], [1511, 275], [1508, 276], [1509, 276], [1510, 276], [1511, 276], [1528, 282], [1529, 282], [1530, 282], [1528, 283], [1530, 283], [1531, 283], [1532, 283], [1528, 284], [1529, 284], [1530, 284], [1532, 284], [1530, 285], [1531, 285], [1532, 285], [1539, 287], [1540, 287], [1541, 287], [1542, 287], [1543, 287], [1539, 288], [1540, 288], [1542, 288], [1543, 288], [1544, 288], [1545, 288], [1539, 289], [1540, 289], [1541, 289], [1542, 289], [1543, 289], [1544, 289], [1545, 289], [1546, 289], [1547, 289], [1548, 289], [1542, 290], [1543, 290], [1544, 290], [1545, 290], [1546, 290], [1547, 290], [1548, 290], [1549, 290], [1545, 291], [1546, 291], [1547, 291], [1548, 291], [1549, 291], [1547, 292], [1548, 292], [1549, 292], [1657, 330], [1658, 330], [1659, 330], [1660, 330], [1661, 330], [1662, 330], [1663, 330], [1665, 330], [1666, 330], [1667, 330], [1657, 331], [1658, 331], [1660, 331], [1661, 331], [1662, 331], [1663, 331], [1664, 331], [1665, 331], [1666, 331], [1667, 331], [1668, 331], [1657, 332], [1658, 332], [1659, 332], [1660, 332], [1661, 332], [1662, 332], [1663, 332], [1665, 332], [1666, 332], [1667, 332], [1668, 332], [1660, 333], [1661, 333], [1662, 333], [1663, 333], [1664, 333], [1665, 333], [1666, 333], [1667, 333], [1668, 333], [1701, 353], [1702, 353], [1703, 353], [1704, 353], [1705, 353], [1701, 354], [1702, 354], [1704, 354], [1705, 354], [1701, 355], [1702, 355], [1703, 355], [1704, 355], [1705, 355], [1229, 407], [1230, 407], [1231, 407], [1228, 408], [1229, 408], [1230, 408], [1231, 408], [1228, 409], [1229, 409], [1230, 409], [1231, 409], [1232, 409], [1229, 410], [1230, 410], [1231, 410], [1232, 410], [1233, 410], [1230, 411], [1231, 411], [1232, 411], [1233, 411], [1230, 412], [1231, 412], [1233, 412], [1234, 412], [1231, 413], [1232, 413], [1233, 413], [1234, 413], [1235, 413], [1217, 414], [1231, 414], [1232, 414], [1233, 414], [1234, 414], [1235, 414], [1215, 415], [1216, 415], [1217, 415], [1218, 415], [1232, 415], [1233, 415], [1234, 415], [1235, 415], [1236, 415], [1215, 416], [1216, 416], [1217, 416], [1218, 416], [1219, 416], [1233, 416], [1234, 416], [1236, 416], [1237, 416], [1215, 417], [1216, 417], [1217, 417], [1218, 417], [1219, 417], [1234, 417], [1235, 417], [1236, 417], [1237, 417], [1238, 417], [1216, 418], [1217, 418], [1219, 418], [1220, 418], [1235, 418], [1236, 418], [1237, 418], [1238, 418], [1217, 419], [1218, 419], [1219, 419], [1220, 419], [1235, 419], [1236, 419], [1237, 419], [1238, 419], [1239, 419], [1217, 420], [1218, 420], [1219, 420], [1220, 420], [1221, 420], [1236, 420], [1237, 420], [1238, 420], [1239, 420], [1240, 420], [1218, 421], [1219, 421], [1220, 421], [1221, 421], [1222, 421], [1237, 421], [1238, 421], [1239, 421], [1240, 421], [1241, 421], [1219, 422], [1220, 422], [1221, 422], [1222, 422], [1223, 422], [1237, 422], [1238, 422], [1239, 422], [1240, 422], [1241, 422], [1219, 423], [1220, 423], [1221, 423], [1222, 423], [1223, 423], [1238, 423], [1239, 423], [1240, 423], [1241, 423], [1242, 423], [1220, 424], [1221, 424], [1223, 424], [1224, 424], [1239, 424], [1240, 424], [1241, 424], [1242, 424], [1243, 424], [1221, 425], [1222, 425], [1223, 425], [1224, 425], [1225, 425], [1240, 425], [1241, 425], [1242, 425], [1243, 425], [1221, 426], [1222, 426], [1223, 426], [1224, 426], [1225, 426], [1240, 426], [1241, 426], [1243, 426], [1244, 426], [1222, 427], [1223, 427], [1225, 427], [1226, 427], [1241, 427], [1242, 427], [1243, 427], [1244, 427], [1245, 427], [1223, 428], [1224, 428], [1225, 428], [1226, 428], [1241, 428], [1242, 428], [1243, 428], [1244, 428], [1245, 428], [1246, 428], [1223, 429], [1224, 429], [1225, 429], [1226, 429], [1227, 429], [1242, 429], [1243, 429], [1244, 429], [1245, 429], [1246, 429], [1247, 429], [1224, 430], [1225, 430], [1226, 430], [1227, 430], [1243, 430], [1244, 430], [1245, 430], [1246, 430], [1247, 430], [1225, 431], [1226, 431], [1227, 431], [1228, 431], [1244, 431], [1245, 431], [1246, 431], [1247, 431], [1248, 431], [1225, 432], [1226, 432], [1228, 432], [1229, 432], [1245, 432], [1246, 432], [1247, 432], [1248, 432], [1249, 432], [1226, 433], [1227, 433], [1228, 433], [1229, 433], [1246, 433], [1247, 433], [1248, 433], [1249, 433], [1227, 434], [1228, 434], [1229, 434], [1230, 434], [1246, 434], [1247, 434], [1249, 434], [1250, 434], [1227, 435], [1228, 435], [1229, 435], [1230, 435], [1231, 435], [1247, 435], [1248, 435], [1249, 435], [1250, 435], [1228, 436], [1229, 436], [1230, 436], [1231, 436], [1232, 436], [1233, 436], [1247, 436], [1248, 436], [1250, 436], [1251, 436], [1228, 437], [1229, 437], [1230, 437], [1231, 437], [1232, 437], [1233, 437], [1234, 437], [1235, 437], [1248, 437], [1249, 437], [1250, 437], [1251, 437], [1252, 437], [1229, 438], [1230, 438], [1231, 438], [1232, 438], [1233, 438], [1234, 438], [1235, 438], [1248, 438], [1249, 438], [1250, 438], [1251, 438], [1252, 438], [1253, 438], [1230, 439], [1231, 439], [1232, 439], [1233, 439], [1234, 439], [1235, 439], [1249, 439], [1250, 439], [1251, 439], [1252, 439], [1253, 439], [1254, 439], [1230, 440], [1231, 440], [1232, 440], [1233, 440], [1234, 440], [1235, 440], [1250, 440], [1251, 440], [1252, 440], [1253, 440], [1254, 440], [1231, 441], [1232, 441], [1234, 441], [1235, 441], [1251, 441], [1252, 441], [1253, 441], [1254, 441], [1255, 441], [1232, 442], [1233, 442], [1234, 442], [1235, 442], [1252, 442], [1253, 442], [1254, 442], [1255, 442], [1256, 442], [1232, 443], [1233, 443], [1234, 443], [1235, 443], [1236, 443], [1253, 443], [1254, 443], [1255, 443], [1256, 443], [1233, 444], [1234, 444], [1235, 444], [1236, 444], [1237, 444], [1253, 444], [1254, 444], [1256, 444], [1257, 444], [1234, 445], [1235, 445], [1236, 445], [1237, 445], [1238, 445], [1254, 445], [1255, 445], [1256, 445], [1257, 445], [1258, 445], [1234, 446], [1235, 446], [1236, 446], [1237, 446], [1238, 446], [1239, 446], [1254, 446], [1255, 446], [1256, 446], [1257, 446], [1258, 446], [1259, 446], [1235, 447], [1236, 447], [1237, 447], [1238, 447], [1239, 447], [1255, 447], [1256, 447], [1257, 447], [1258, 447], [1259, 447], [1236, 448], [1237, 448], [1238, 448], [1239, 448], [1240, 448], [1256, 448], [1257, 448], [1259, 448], [1260, 448], [1236, 449], [1237, 449], [1238, 449], [1239, 449], [1240, 449], [1257, 449], [1258, 449], [1259, 449], [1260, 449], [1261, 449], [1237, 450], [1238, 450], [1240, 450], [1241, 450], [1257, 450], [1258, 450], [1259, 450], [1260, 450], [1261, 450], [1262, 450], [1238, 451], [1239, 451], [1240, 451], [1241, 451], [1242, 451], [1258, 451], [1259, 451], [1260, 451], [1261, 451], [1262, 451], [1238, 452], [1239, 452], [1240, 452], [1241, 452], [1242, 452], [1259, 452], [1260, 452], [1262, 452], [1263, 452], [1239, 453], [1240, 453], [1241, 453], [1242, 453], [1243, 453], [1260, 453], [1261, 453], [1262, 453], [1263, 453], [1239, 454], [1240, 454], [1241, 454], [1242, 454], [1243, 454], [1244, 454], [1254, 454], [1255, 454], [1256, 454], [1257, 454], [1258, 454], [1260, 454], [1261, 454], [1263, 454], [1264, 454], [1240, 455], [1241, 455], [1242, 455], [1243, 455], [1244, 455], [1254, 455], [1255, 455], [1256, 455], [1257, 455], [1258, 455], [1259, 455], [1261, 455], [1262, 455], [1263, 455], [1264, 455], [1265, 455], [1241, 456], [1242, 456], [1243, 456], [1244, 456], [1254, 456], [1255, 456], [1257, 456], [1258, 456], [1259, 456], [1261, 456], [1262, 456], [1263, 456], [1264, 456], [1265, 456], [1242, 457], [1243, 457], [1244, 457], [1245, 457], [1254, 457], [1255, 457], [1256, 457], [1258, 457], [1259, 457], [1262, 457], [1263, 457], [1265, 457], [1266, 457], [1242, 458], [1243, 458], [1244, 458], [1245, 458], [1246, 458], [1254, 458], [1255, 458], [1256, 458], [1257, 458], [1258, 458], [1259, 458], [1263, 458], [1264, 458], [1265, 458], [1266, 458], [1267, 458], [1243, 459], [1244, 459], [1245, 459], [1246, 459], [1255, 459], [1256, 459], [1257, 459], [1258, 459], [1259, 459], [1263, 459], [1264, 459], [1265, 459], [1266, 459], [1267, 459], [1268, 459], [1243, 460], [1244, 460], [1245, 460], [1246, 460], [1247, 460], [1257, 460], [1258, 460], [1260, 460], [1261, 460], [1263, 460], [1264, 460], [1265, 460], [1266, 460], [1267, 460], [1268, 460], [1244, 461], [1245, 461], [1246, 461], [1247, 461], [1248, 461], [1259, 461], [1260, 461], [1261, 461], [1263, 461], [1264, 461], [1265, 461], [1267, 461], [1268, 461], [1269, 461], [1245, 462], [1246, 462], [1247, 462], [1248, 462], [1259, 462], [1260, 462], [1261, 462], [1263, 462], [1264, 462], [1265, 462], [1267, 462], [1268, 462], [1269, 462], [1270, 462], [1245, 463], [1246, 463], [1247, 463], [1248, 463], [1249, 463], [1259, 463], [1260, 463], [1261, 463], [1264, 463], [1265, 463], [1266, 463], [1268, 463], [1269, 463], [1270, 463], [1246, 464], [1247, 464], [1248, 464], [1249, 464], [1250, 464], [1262, 464], [1263, 464], [1264, 464], [1265, 464], [1266, 464], [1269, 464], [1270, 464], [1271, 464], [1247, 465], [1248, 465], [1249, 465], [1250, 465], [1251, 465], [1260, 465], [1261, 465], [1262, 465], [1263, 465], [1264, 465], [1265, 465], [1266, 465], [1269, 465], [1270, 465], [1271, 465], [1272, 465], [1247, 466], [1248, 466], [1249, 466], [1250, 466], [1251, 466], [1259, 466], [1260, 466], [1261, 466], [1262, 466], [1263, 466], [1264, 466], [1265, 466], [1266, 466], [1267, 466], [1268, 466], [1270, 466], [1271, 466], [1272, 466], [1248, 467], [1249, 467], [1251, 467], [1252, 467], [1258, 467], [1259, 467], [1260, 467], [1261, 467], [1264, 467], [1265, 467], [1266, 467], [1267, 467], [1268, 467], [1271, 467], [1272, 467], [1273, 467], [1249, 468], [1250, 468], [1251, 468], [1252, 468], [1253, 468], [1257, 468], [1258, 468], [1259, 468], [1260, 468], [1264, 468], [1265, 468], [1266, 468], [1267, 468], [1268, 468], [1269, 468], [1270, 468], [1271, 468], [1272, 468], [1273, 468], [1274, 468], [1249, 469], [1250, 469], [1251, 469], [1252, 469], [1253, 469], [1257, 469], [1258, 469], [1259, 469], [1264, 469], [1265, 469], [1266, 469], [1267, 469], [1268, 469], [1269, 469], [1270, 469], [1271, 469], [1272, 469], [1273, 469], [1274, 469], [1250, 470], [1251, 470], [1252, 470], [1253, 470], [1257, 470], [1258, 470], [1259, 470], [1260, 470], [1265, 470], [1266, 470], [1268, 470], [1269, 470], [1271, 470], [1272, 470], [1273, 470], [1274, 470], [1275, 470], [1250, 471], [1251, 471], [1253, 471], [1254, 471], [1257, 471], [1258, 471], [1259, 471], [1260, 471], [1261, 471], [1262, 471], [1265, 471], [1266, 471], [1267, 471], [1268, 471], [1271, 471], [1272, 471], [1273, 471], [1274, 471], [1275, 471], [1276, 471], [1251, 472], [1252, 472], [1253, 472], [1254, 472], [1255, 472], [1257, 472], [1258, 472], [1259, 472], [1260, 472], [1261, 472], [1262, 472], [1263, 472], [1266, 472], [1267, 472], [1268, 472], [1269, 472], [1272, 472], [1273, 472], [1275, 472], [1276, 472], [1251, 473], [1252, 473], [1253, 473], [1254, 473], [1255, 473], [1256, 473], [1261, 473], [1262, 473], [1263, 473], [1264, 473], [1267, 473], [1268, 473], [1269, 473], [1270, 473], [1272, 473], [1273, 473], [1274, 473], [1275, 473], [1276, 473], [1277, 473], [1252, 474], [1253, 474], [1254, 474], [1255, 474], [1256, 474], [1262, 474], [1263, 474], [1264, 474], [1268, 474], [1269, 474], [1270, 474], [1271, 474], [1273, 474], [1274, 474], [1275, 474], [1276, 474], [1277, 474], [1278, 474], [1253, 475], [1254, 475], [1255, 475], [1256, 475], [1257, 475], [1263, 475], [1264, 475], [1265, 475], [1269, 475], [1270, 475], [1271, 475], [1272, 475], [1273, 475], [1274, 475], [1276, 475], [1277, 475], [1278, 475], [1253, 476], [1254, 476], [1255, 476], [1256, 476], [1257, 476], [1263, 476], [1264, 476], [1265, 476], [1270, 476], [1271, 476], [1272, 476], [1273, 476], [1274, 476], [1277, 476], [1278, 476], [1279, 476], [1254, 477], [1255, 477], [1257, 477], [1258, 477], [1264, 477], [1265, 477], [1266, 477], [1271, 477], [1273, 477], [1277, 477], [1278, 477], [1279, 477], [1280, 477], [1255, 478], [1256, 478], [1257, 478], [1258, 478], [1264, 478], [1265, 478], [1266, 478], [1267, 478], [1270, 478], [1271, 478], [1272, 478], [1273, 478], [1278, 478], [1279, 478], [1280, 478], [1281, 478], [1255, 479], [1256, 479], [1257, 479], [1258, 479], [1259, 479], [1265, 479], [1266, 479], [1267, 479], [1270, 479], [1271, 479], [1272, 479], [1273, 479], [1274, 479], [1275, 479], [1276, 479], [1277, 479], [1278, 479], [1280, 479], [1281, 479], [1256, 480], [1257, 480], [1258, 480], [1259, 480], [1260, 480], [1266, 480], [1267, 480], [1268, 480], [1270, 480], [1271, 480], [1272, 480], [1273, 480], [1274, 480], [1275, 480], [1276, 480], [1277, 480], [1278, 480], [1279, 480], [1280, 480], [1281, 480], [1282, 480], [1257, 481], [1258, 481], [1259, 481], [1260, 481], [1261, 481], [1266, 481], [1267, 481], [1268, 481], [1269, 481], [1270, 481], [1271, 481], [1272, 481], [1273, 481], [1278, 481], [1279, 481], [1280, 481], [1281, 481], [1282, 481], [1283, 481], [1257, 482], [1258, 482], [1259, 482], [1260, 482], [1261, 482], [1267, 482], [1268, 482], [1269, 482], [1270, 482], [1271, 482], [1272, 482], [1273, 482], [1279, 482], [1280, 482], [1282, 482], [1283, 482], [1284, 482], [1258, 483], [1259, 483], [1261, 483], [1262, 483], [1268, 483], [1269, 483], [1270, 483], [1271, 483], [1272, 483], [1273, 483], [1279, 483], [1280, 483], [1281, 483], [1283, 483], [1284, 483], [1259, 484], [1260, 484], [1261, 484], [1262, 484], [1263, 484], [1269, 484], [1270, 484], [1271, 484], [1272, 484], [1280, 484], [1281, 484], [1282, 484], [1283, 484], [1284, 484], [1285, 484], [1259, 485], [1260, 485], [1261, 485], [1262, 485], [1263, 485], [1281, 485], [1282, 485], [1283, 485], [1284, 485], [1285, 485], [1286, 485], [1260, 486], [1261, 486], [1263, 486], [1264, 486], [1282, 486], [1283, 486], [1285, 486], [1286, 486], [1261, 487], [1262, 487], [1263, 487], [1264, 487], [1282, 487], [1283, 487], [1284, 487], [1285, 487], [1286, 487], [1287, 487], [1261, 488], [1262, 488], [1263, 488], [1264, 488], [1265, 488], [1282, 488], [1283, 488], [1284, 488], [1285, 488], [1286, 488], [1287, 488], [1288, 488], [1262, 489], [1263, 489], [1264, 489], [1265, 489], [1266, 489], [1275, 489], [1276, 489], [1277, 489], [1282, 489], [1283, 489], [1284, 489], [1286, 489], [1287, 489], [1288, 489], [1263, 490], [1264, 490], [1265, 490], [1266, 490], [1274, 490], [1275, 490], [1276, 490], [1277, 490], [1278, 490], [1283, 490], [1284, 490], [1285, 490], [1287, 490], [1288, 490], [1289, 490], [1263, 491], [1264, 491], [1266, 491], [1267, 491], [1274, 491], [1275, 491], [1276, 491], [1277, 491], [1278, 491], [1283, 491], [1284, 491], [1285, 491], [1287, 491], [1288, 491], [1289, 491], [1290, 491], [1264, 492], [1265, 492], [1266, 492], [1267, 492], [1268, 492], [1274, 492], [1275, 492], [1276, 492], [1277, 492], [1278, 492], [1283, 492], [1284, 492], [1285, 492], [1288, 492], [1289, 492], [1290, 492], [1264, 493], [1265, 493], [1266, 493], [1267, 493], [1268, 493], [1274, 493], [1275, 493], [1276, 493], [1277, 493], [1278, 493], [1279, 493], [1280, 493], [1283, 493], [1284, 493], [1285, 493], [1286, 493], [1287, 493], [1289, 493], [1290, 493], [1291, 493], [1265, 494], [1266, 494], [1268, 494], [1269, 494], [1275, 494], [1276, 494], [1277, 494], [1278, 494], [1279, 494], [1280, 494], [1281, 494], [1282, 494], [1283, 494], [1284, 494], [1285, 494], [1286, 494], [1287, 494], [1288, 494], [1289, 494], [1290, 494], [1291, 494], [1292, 494], [1266, 495], [1267, 495], [1268, 495], [1269, 495], [1270, 495], [1276, 495], [1277, 495], [1279, 495], [1280, 495], [1281, 495], [1282, 495], [1283, 495], [1284, 495], [1285, 495], [1286, 495], [1287, 495], [1288, 495], [1289, 495], [1291, 495], [1292, 495], [1266, 496], [1267, 496], [1268, 496], [1269, 496], [1270, 496], [1271, 496], [1276, 496], [1277, 496], [1280, 496], [1281, 496], [1282, 496], [1283, 496], [1287, 496], [1288, 496], [1289, 496], [1290, 496], [1291, 496], [1292, 496], [1293, 496], [1267, 497], [1268, 497], [1269, 497], [1270, 497], [1271, 497], [1276, 497], [1277, 497], [1281, 497], [1282, 497], [1283, 497], [1284, 497], [1289, 497], [1290, 497], [1292, 497], [1293, 497], [1294, 497], [1268, 498], [1269, 498], [1270, 498], [1271, 498], [1272, 498], [1276, 498], [1277, 498], [1278, 498], [1282, 498], [1283, 498], [1284, 498], [1289, 498], [1290, 498], [1291, 498], [1292, 498], [1293, 498], [1294, 498], [1268, 499], [1269, 499], [1270, 499], [1271, 499], [1272, 499], [1273, 499], [1276, 499], [1277, 499], [1278, 499], [1279, 499], [1283, 499], [1284, 499], [1290, 499], [1291, 499], [1293, 499], [1294, 499], [1295, 499], [1269, 500], [1270, 500], [1271, 500], [1272, 500], [1273, 500], [1277, 500], [1278, 500], [1279, 500], [1283, 500], [1284, 500], [1285, 500], [1290, 500], [1291, 500], [1293, 500], [1294, 500], [1295, 500], [1296, 500], [1270, 501], [1271, 501], [1272, 501], [1273, 501], [1278, 501], [1279, 501], [1280, 501], [1283, 501], [1284, 501], [1285, 501], [1286, 501], [1289, 501], [1290, 501], [1291, 501], [1294, 501], [1295, 501], [1296, 501], [1270, 502], [1271, 502], [1272, 502], [1273, 502], [1274, 502], [1278, 502], [1279, 502], [1280, 502], [1281, 502], [1284, 502], [1285, 502], [1286, 502], [1287, 502], [1289, 502], [1290, 502], [1291, 502], [1295, 502], [1296, 502], [1297, 502], [1271, 503], [1272, 503], [1273, 503], [1274, 503], [1275, 503], [1279, 503], [1280, 503], [1281, 503], [1282, 503], [1285, 503], [1286, 503], [1287, 503], [1289, 503], [1290, 503], [1291, 503], [1295, 503], [1296, 503], [1297, 503], [1298, 503], [1272, 504], [1273, 504], [1274, 504], [1275, 504], [1276, 504], [1280, 504], [1281, 504], [1282, 504], [1283, 504], [1286, 504], [1287, 504], [1290, 504], [1291, 504], [1292, 504], [1296, 504], [1297, 504], [1298, 504], [1272, 505], [1273, 505], [1274, 505], [1275, 505], [1276, 505], [1277, 505], [1281, 505], [1282, 505], [1283, 505], [1286, 505], [1287, 505], [1288, 505], [1290, 505], [1291, 505], [1292, 505], [1293, 505], [1294, 505], [1295, 505], [1297, 505], [1298, 505], [1299, 505], [1273, 506], [1274, 506], [1275, 506], [1276, 506], [1277, 506], [1282, 506], [1283, 506], [1284, 506], [1286, 506], [1287, 506], [1288, 506], [1289, 506], [1291, 506], [1292, 506], [1293, 506], [1294, 506], [1295, 506], [1296, 506], [1297, 506], [1298, 506], [1299, 506], [1300, 506], [1274, 507], [1275, 507], [1276, 507], [1277, 507], [1278, 507], [1282, 507], [1283, 507], [1284, 507], [1285, 507], [1287, 507], [1288, 507], [1289, 507], [1294, 507], [1295, 507], [1296, 507], [1298, 507], [1299, 507], [1300, 507], [1274, 508], [1275, 508], [1276, 508], [1277, 508], [1278, 508], [1283, 508], [1284, 508], [1285, 508], [1286, 508], [1288, 508], [1289, 508], [1290, 508], [1294, 508], [1295, 508], [1296, 508], [1299, 508], [1300, 508], [1301, 508], [1275, 509], [1276, 509], [1277, 509], [1278, 509], [1279, 509], [1284, 509], [1285, 509], [1286, 509], [1288, 509], [1289, 509], [1290, 509], [1291, 509], [1292, 509], [1294, 509], [1295, 509], [1296, 509], [1299, 509], [1300, 509], [1301, 509], [1302, 509], [1275, 510], [1276, 510], [1277, 510], [1278, 510], [1279, 510], [1285, 510], [1286, 510], [1289, 510], [1290, 510], [1291, 510], [1292, 510], [1293, 510], [1294, 510], [1295, 510], [1296, 510], [1300, 510], [1301, 510], [1302, 510], [1276, 511], [1277, 511], [1279, 511], [1280, 511], [1285, 511], [1286, 511], [1287, 511], [1291, 511], [1292, 511], [1293, 511], [1294, 511], [1295, 511], [1296, 511], [1301, 511], [1302, 511], [1303, 511], [1277, 512], [1278, 512], [1279, 512], [1280, 512], [1281, 512], [1285, 512], [1286, 512], [1287, 512], [1292, 512], [1293, 512], [1294, 512], [1295, 512], [1301, 512], [1302, 512], [1303, 512], [1304, 512], [1277, 513], [1278, 513], [1279, 513], [1280, 513], [1281, 513], [1286, 513], [1287, 513], [1292, 513], [1293, 513], [1294, 513], [1295, 513], [1302, 513], [1303, 513], [1304, 513], [1305, 513], [1278, 514], [1279, 514], [1281, 514], [1282, 514], [1286, 514], [1287, 514], [1288, 514], [1303, 514], [1304, 514], [1305, 514], [1279, 515], [1280, 515], [1281, 515], [1282, 515], [1283, 515], [1286, 515], [1287, 515], [1288, 515], [1289, 515], [1295, 515], [1296, 515], [1297, 515], [1298, 515], [1299, 515], [1304, 515], [1305, 515], [1306, 515], [1279, 516], [1280, 516], [1281, 516], [1282, 516], [1283, 516], [1287, 516], [1288, 516], [1289, 516], [1290, 516], [1295, 516], [1296, 516], [1297, 516], [1298, 516], [1299, 516], [1300, 516], [1304, 516], [1305, 516], [1306, 516], [1280, 517], [1281, 517], [1283, 517], [1284, 517], [1285, 517], [1286, 517], [1287, 517], [1288, 517], [1289, 517], [1290, 517], [1295, 517], [1296, 517], [1298, 517], [1299, 517], [1300, 517], [1301, 517], [1302, 517], [1305, 517], [1306, 517], [1307, 517], [1281, 518], [1282, 518], [1283, 518], [1284, 518], [1285, 518], [1286, 518], [1287, 518], [1288, 518], [1289, 518], [1290, 518], [1295, 518], [1296, 518], [1297, 518], [1299, 518], [1300, 518], [1301, 518], [1302, 518], [1303, 518], [1305, 518], [1306, 518], [1307, 518], [1308, 518], [1281, 519], [1282, 519], [1283, 519], [1284, 519], [1285, 519], [1286, 519], [1287, 519], [1288, 519], [1289, 519], [1295, 519], [1296, 519], [1297, 519], [1298, 519], [1301, 519], [1302, 519], [1303, 519], [1306, 519], [1307, 519], [1308, 519], [1282, 520], [1283, 520], [1284, 520], [1296, 520], [1297, 520], [1298, 520], [1299, 520], [1301, 520], [1302, 520], [1303, 520], [1307, 520], [1308, 520], [1309, 520], [1283, 521], [1284, 521], [1285, 521], [1297, 521], [1298, 521], [1299, 521], [1300, 521], [1301, 521], [1302, 521], [1303, 521], [1304, 521], [1307, 521], [1308, 521], [1309, 521], [1310, 521], [1283, 522], [1284, 522], [1285, 522], [1286, 522], [1298, 522], [1299, 522], [1300, 522], [1302, 522], [1303, 522], [1304, 522], [1308, 522], [1309, 522], [1310, 522], [1311, 522], [1284, 523], [1285, 523], [1286, 523], [1299, 523], [1300, 523], [1301, 523], [1303, 523], [1304, 523], [1309, 523], [1310, 523], [1311, 523], [1312, 523], [1285, 524], [1286, 524], [1287, 524], [1300, 524], [1301, 524], [1303, 524], [1304, 524], [1310, 524], [1311, 524], [1312, 524], [1285, 525], [1286, 525], [1287, 525], [1292, 525], [1293, 525], [1294, 525], [1295, 525], [1296, 525], [1297, 525], [1300, 525], [1301, 525], [1303, 525], [1304, 525], [1305, 525], [1311, 525], [1312, 525], [1313, 525], [1286, 526], [1287, 526], [1288, 526], [1289, 526], [1290, 526], [1291, 526], [1292, 526], [1293, 526], [1294, 526], [1295, 526], [1296, 526], [1297, 526], [1298, 526], [1299, 526], [1300, 526], [1301, 526], [1302, 526], [1304, 526], [1305, 526], [1306, 526], [1311, 526], [1312, 526], [1313, 526], [1314, 526], [1286, 527], [1287, 527], [1288, 527], [1289, 527], [1290, 527], [1291, 527], [1292, 527], [1293, 527], [1296, 527], [1297, 527], [1298, 527], [1299, 527], [1300, 527], [1301, 527], [1302, 527], [1303, 527], [1304, 527], [1305, 527], [1306, 527], [1312, 527], [1313, 527], [1314, 527], [1287, 528], [1288, 528], [1290, 528], [1291, 528], [1298, 528], [1299, 528], [1300, 528], [1302, 528], [1303, 528], [1304, 528], [1305, 528], [1306, 528], [1313, 528], [1314, 528], [1315, 528], [1288, 529], [1289, 529], [1290, 529], [1291, 529], [1298, 529], [1299, 529], [1300, 529], [1301, 529], [1313, 529], [1314, 529], [1315, 529], [1288, 530], [1289, 530], [1291, 530], [1292, 530], [1299, 530], [1300, 530], [1301, 530], [1314, 530], [1315, 530], [1316, 530], [1289, 531], [1290, 531], [1291, 531], [1292, 531], [1293, 531], [1300, 531], [1301, 531], [1302, 531], [1314, 531], [1315, 531], [1316, 531], [1317, 531], [1289, 532], [1290, 532], [1291, 532], [1292, 532], [1293, 532], [1294, 532], [1300, 532], [1301, 532], [1302, 532], [1315, 532], [1316, 532], [1317, 532], [1318, 532], [1290, 533], [1291, 533], [1292, 533], [1293, 533], [1294, 533], [1295, 533], [1296, 533], [1301, 533], [1302, 533], [1303, 533], [1316, 533], [1317, 533], [1318, 533], [1291, 534], [1292, 534], [1294, 534], [1295, 534], [1296, 534], [1301, 534], [1302, 534], [1303, 534], [1317, 534], [1318, 534], [1319, 534], [1291, 535], [1292, 535], [1293, 535], [1294, 535], [1295, 535], [1296, 535], [1302, 535], [1303, 535], [1304, 535], [1317, 535], [1318, 535], [1319, 535], [1320, 535], [1292, 536], [1293, 536], [1294, 536], [1295, 536], [1296, 536], [1302, 536], [1303, 536], [1304, 536], [1318, 536], [1319, 536], [1320, 536], [1293, 537], [1294, 537], [1295, 537], [1296, 537], [1297, 537], [1303, 537], [1304, 537], [1305, 537], [1306, 537], [1319, 537], [1320, 537], [1321, 537], [1293, 538], [1294, 538], [1295, 538], [1296, 538], [1297, 538], [1303, 538], [1304, 538], [1305, 538], [1306, 538], [1319, 538], [1320, 538], [1321, 538], [1322, 538], [1294, 539], [1295, 539], [1296, 539], [1297, 539], [1305, 539], [1306, 539], [1307, 539], [1318, 539], [1319, 539], [1321, 539], [1322, 539], [1294, 540], [1295, 540], [1296, 540], [1297, 540], [1298, 540], [1305, 540], [1306, 540], [1307, 540], [1317, 540], [1318, 540], [1319, 540], [1320, 540], [1321, 540], [1322, 540], [1323, 540], [1295, 541], [1296, 541], [1297, 541], [1298, 541], [1299, 541], [1306, 541], [1307, 541], [1308, 541], [1316, 541], [1317, 541], [1318, 541], [1319, 541], [1320, 541], [1322, 541], [1323, 541], [1324, 541], [1296, 542], [1297, 542], [1298, 542], [1299, 542], [1300, 542], [1306, 542], [1307, 542], [1308, 542], [1309, 542], [1313, 542], [1314, 542], [1315, 542], [1316, 542], [1317, 542], [1318, 542], [1319, 542], [1320, 542], [1321, 542], [1323, 542], [1324, 542], [1296, 543], [1297, 543], [1298, 543], [1299, 543], [1300, 543], [1307, 543], [1308, 543], [1309, 543], [1310, 543], [1312, 543], [1313, 543], [1314, 543], [1315, 543], [1316, 543], [1317, 543], [1318, 543], [1319, 543], [1320, 543], [1321, 543], [1322, 543], [1323, 543], [1324, 543], [1325, 543], [1297, 544], [1298, 544], [1299, 544], [1300, 544], [1301, 544], [1308, 544], [1309, 544], [1310, 544], [1311, 544], [1312, 544], [1313, 544], [1314, 544], [1321, 544], [1322, 544], [1323, 544], [1324, 544], [1325, 544], [1326, 544], [1297, 545], [1298, 545], [1299, 545], [1300, 545], [1301, 545], [1302, 545], [1309, 545], [1310, 545], [1311, 545], [1312, 545], [1313, 545], [1319, 545], [1320, 545], [1321, 545], [1322, 545], [1323, 545], [1324, 545], [1325, 545], [1326, 545], [1298, 546], [1299, 546], [1300, 546], [1301, 546], [1302, 546], [1303, 546], [1310, 546], [1311, 546], [1312, 546], [1313, 546], [1319, 546], [1320, 546], [1321, 546], [1322, 546], [1323, 546], [1325, 546], [1326, 546], [1327, 546], [1299, 547], [1300, 547], [1302, 547], [1303, 547], [1304, 547], [1305, 547], [1311, 547], [1312, 547], [1313, 547], [1319, 547], [1320, 547], [1321, 547], [1322, 547], [1325, 547], [1326, 547], [1327, 547], [1328, 547], [1299, 548], [1300, 548], [1301, 548], [1303, 548], [1304, 548], [1305, 548], [1306, 548], [1319, 548], [1320, 548], [1321, 548], [1322, 548], [1323, 548], [1326, 548], [1327, 548], [1328, 548], [1329, 548], [1300, 549], [1301, 549], [1302, 549], [1304, 549], [1305, 549], [1306, 549], [1307, 549], [1321, 549], [1322, 549], [1323, 549], [1324, 549], [1327, 549], [1328, 549], [1329, 549], [1301, 550], [1302, 550], [1303, 550], [1305, 550], [1306, 550], [1307, 550], [1322, 550], [1323, 550], [1324, 550], [1328, 550], [1329, 550], [1330, 550], [1301, 551], [1302, 551], [1303, 551], [1304, 551], [1306, 551], [1307, 551], [1323, 551], [1324, 551], [1325, 551], [1326, 551], [1328, 551], [1329, 551], [1330, 551], [1331, 551], [1302, 552], [1303, 552], [1304, 552], [1306, 552], [1307, 552], [1323, 552], [1324, 552], [1325, 552], [1326, 552], [1327, 552], [1329, 552], [1330, 552], [1331, 552], [1303, 553], [1304, 553], [1305, 553], [1306, 553], [1307, 553], [1325, 553], [1326, 553], [1327, 553], [1328, 553], [1330, 553], [1331, 553], [1332, 553], [1303, 554], [1304, 554], [1305, 554], [1306, 554], [1307, 554], [1308, 554], [1309, 554], [1326, 554], [1327, 554], [1328, 554], [1329, 554], [1331, 554], [1332, 554], [1333, 554], [1304, 555], [1305, 555], [1306, 555], [1307, 555], [1308, 555], [1309, 555], [1327, 555], [1328, 555], [1329, 555], [1330, 555], [1332, 555], [1333, 555], [1305, 556], [1306, 556], [1307, 556], [1308, 556], [1309, 556], [1310, 556], [1311, 556], [1329, 556], [1330, 556], [1331, 556], [1332, 556], [1333, 556], [1334, 556], [1305, 557], [1306, 557], [1307, 557], [1309, 557], [1310, 557], [1311, 557], [1312, 557], [1321, 557], [1322, 557], [1323, 557], [1330, 557], [1331, 557], [1332, 557], [1333, 557], [1334, 557], [1335, 557], [1306, 558], [1307, 558], [1308, 558], [1310, 558], [1311, 558], [1312, 558], [1320, 558], [1321, 558], [1322, 558], [1323, 558], [1324, 558], [1331, 558], [1332, 558], [1333, 558], [1334, 558], [1335, 558], [1307, 559], [1308, 559], [1309, 559], [1311, 559], [1312, 559], [1320, 559], [1321, 559], [1322, 559], [1323, 559], [1324, 559], [1326, 559], [1327, 559], [1328, 559], [1332, 559], [1333, 559], [1334, 559], [1335, 559], [1336, 559], [1307, 560], [1308, 560], [1309, 560], [1310, 560], [1311, 560], [1312, 560], [1320, 560], [1321, 560], [1322, 560], [1323, 560], [1324, 560], [1325, 560], [1326, 560], [1327, 560], [1328, 560], [1329, 560], [1330, 560], [1332, 560], [1333, 560], [1334, 560], [1335, 560], [1336, 560], [1337, 560], [1308, 561], [1309, 561], [1310, 561], [1311, 561], [1312, 561], [1321, 561], [1322, 561], [1323, 561], [1324, 561], [1325, 561], [1326, 561], [1327, 561], [1328, 561], [1329, 561], [1330, 561], [1333, 561], [1334, 561], [1335, 561], [1336, 561], [1337, 561], [1309, 562], [1310, 562], [1311, 562], [1312, 562], [1313, 562], [1314, 562], [1315, 562], [1316, 562], [1317, 562], [1318, 562], [1319, 562], [1322, 562], [1323, 562], [1325, 562], [1326, 562], [1329, 562], [1330, 562], [1333, 562], [1334, 562], [1336, 562], [1337, 562], [1338, 562], [1309, 563], [1310, 563], [1311, 563], [1312, 563], [1313, 563], [1314, 563], [1315, 563], [1316, 563], [1317, 563], [1318, 563], [1319, 563], [1323, 563], [1324, 563], [1325, 563], [1326, 563], [1329, 563], [1330, 563], [1331, 563], [1332, 563], [1333, 563], [1334, 563], [1336, 563], [1337, 563], [1338, 563], [1339, 563], [1310, 564], [1311, 564], [1313, 564], [1314, 564], [1315, 564], [1316, 564], [1317, 564], [1318, 564], [1319, 564], [1324, 564], [1325, 564], [1326, 564], [1329, 564], [1330, 564], [1331, 564], [1332, 564], [1333, 564], [1334, 564], [1337, 564], [1338, 564], [1339, 564], [1310, 565], [1311, 565], [1312, 565], [1313, 565], [1317, 565], [1318, 565], [1319, 565], [1320, 565], [1324, 565], [1325, 565], [1326, 565], [1331, 565], [1332, 565], [1333, 565], [1334, 565], [1338, 565], [1339, 565], [1340, 565], [1311, 566], [1312, 566], [1313, 566], [1317, 566], [1318, 566], [1319, 566], [1320, 566], [1324, 566], [1325, 566], [1338, 566], [1339, 566], [1340, 566], [1341, 566], [1312, 567], [1313, 567], [1314, 567], [1317, 567], [1318, 567], [1319, 567], [1320, 567], [1324, 567], [1325, 567], [1337, 567], [1338, 567], [1340, 567], [1341, 567], [1342, 567], [1312, 568], [1313, 568], [1314, 568], [1315, 568], [1319, 568], [1320, 568], [1321, 568], [1324, 568], [1325, 568], [1337, 568], [1338, 568], [1339, 568], [1341, 568], [1342, 568], [1313, 569], [1314, 569], [1315, 569], [1319, 569], [1320, 569], [1321, 569], [1323, 569], [1324, 569], [1325, 569], [1334, 569], [1335, 569], [1336, 569], [1337, 569], [1338, 569], [1339, 569], [1340, 569], [1341, 569], [1342, 569], [1343, 569], [1314, 570], [1315, 570], [1316, 570], [1320, 570], [1321, 570], [1322, 570], [1323, 570], [1324, 570], [1325, 570], [1334, 570], [1335, 570], [1336, 570], [1337, 570], [1338, 570], [1339, 570], [1340, 570], [1341, 570], [1342, 570], [1343, 570], [1344, 570], [1314, 571], [1315, 571], [1316, 571], [1317, 571], [1320, 571], [1321, 571], [1322, 571], [1323, 571], [1324, 571], [1334, 571], [1335, 571], [1336, 571], [1337, 571], [1338, 571], [1340, 571], [1341, 571], [1343, 571], [1344, 571], [1315, 572], [1316, 572], [1317, 572], [1334, 572], [1335, 572], [1336, 572], [1337, 572], [1338, 572], [1339, 572], [1340, 572], [1341, 572], [1342, 572], [1343, 572], [1344, 572], [1345, 572], [1316, 573], [1317, 573], [1318, 573], [1334, 573], [1335, 573], [1336, 573], [1337, 573], [1338, 573], [1339, 573], [1340, 573], [1341, 573], [1342, 573], [1343, 573], [1344, 573], [1345, 573], [1346, 573], [1316, 574], [1317, 574], [1318, 574], [1335, 574], [1336, 574], [1337, 574], [1338, 574], [1339, 574], [1340, 574], [1341, 574], [1344, 574], [1345, 574], [1346, 574], [1317, 575], [1318, 575], [1319, 575], [1336, 575], [1337, 575], [1338, 575], [1339, 575], [1340, 575], [1341, 575], [1345, 575], [1346, 575], [1347, 575], [1317, 576], [1318, 576], [1319, 576], [1320, 576], [1345, 576], [1346, 576], [1347, 576], [1318, 577], [1319, 577], [1320, 577], [1346, 577], [1347, 577], [1348, 577], [1319, 578], [1320, 578], [1321, 578], [1346, 578], [1347, 578], [1348, 578], [1349, 578], [1319, 579], [1320, 579], [1321, 579], [1347, 579], [1348, 579], [1349, 579], [1320, 580], [1321, 580], [1322, 580], [1348, 580], [1349, 580], [1350, 580], [1320, 581], [1321, 581], [1322, 581], [1323, 581], [1328, 581], [1329, 581], [1330, 581], [1331, 581], [1332, 581], [1333, 581], [1334, 581], [1335, 581], [1336, 581], [1337, 581], [1338, 581], [1339, 581], [1340, 581], [1348, 581], [1349, 581], [1350, 581], [1351, 581], [1321, 582], [1322, 582], [1323, 582], [1328, 582], [1329, 582], [1330, 582], [1331, 582], [1332, 582], [1333, 582], [1334, 582], [1335, 582], [1336, 582], [1337, 582], [1338, 582], [1339, 582], [1340, 582], [1341, 582], [1342, 582], [1349, 582], [1350, 582], [1351, 582], [1322, 583], [1323, 583], [1324, 583], [1326, 583], [1327, 583], [1328, 583], [1329, 583], [1337, 583], [1338, 583], [1339, 583], [1340, 583], [1341, 583], [1342, 583], [1350, 583], [1351, 583], [1352, 583], [1322, 584], [1323, 584], [1324, 584], [1325, 584], [1326, 584], [1327, 584], [1328, 584], [1329, 584], [1330, 584], [1338, 584], [1339, 584], [1340, 584], [1341, 584], [1342, 584], [1350, 584], [1351, 584], [1352, 584], [1353, 584], [1323, 585], [1324, 585], [1325, 585], [1326, 585], [1327, 585], [1328, 585], [1329, 585], [1330, 585], [1331, 585], [1338, 585], [1339, 585], [1340, 585], [1341, 585], [1342, 585], [1351, 585], [1352, 585], [1353, 585], [1324, 586], [1325, 586], [1326, 586], [1329, 586], [1330, 586], [1331, 586], [1338, 586], [1339, 586], [1340, 586], [1352, 586], [1353, 586], [1354, 586], [1324, 587], [1325, 587], [1326, 587], [1330, 587], [1331, 587], [1332, 587], [1333, 587], [1338, 587], [1339, 587], [1352, 587], [1353, 587], [1354, 587], [1355, 587], [1325, 588], [1326, 588], [1327, 588], [1330, 588], [1331, 588], [1332, 588], [1333, 588], [1334, 588], [1335, 588], [1336, 588], [1337, 588], [1338, 588], [1339, 588], [1353, 588], [1354, 588], [1355, 588], [1325, 589], [1326, 589], [1327, 589], [1328, 589], [1330, 589], [1331, 589], [1332, 589], [1333, 589], [1334, 589], [1335, 589], [1336, 589], [1337, 589], [1338, 589], [1339, 589], [1354, 589], [1355, 589], [1356, 589], [1326, 590], [1327, 590], [1328, 590], [1332, 590], [1333, 590], [1334, 590], [1335, 590], [1336, 590], [1337, 590], [1338, 590], [1354, 590], [1355, 590], [1356, 590], [1357, 590], [1327, 591], [1328, 591], [1329, 591], [1355, 591], [1356, 591], [1357, 591], [1358, 591], [1327, 592], [1328, 592], [1329, 592], [1338, 592], [1339, 592], [1340, 592], [1341, 592], [1356, 592], [1357, 592], [1358, 592], [1328, 593], [1329, 593], [1330, 593], [1338, 593], [1339, 593], [1340, 593], [1341, 593], [1357, 593], [1358, 593], [1359, 593], [1328, 594], [1329, 594], [1330, 594], [1331, 594], [1338, 594], [1339, 594], [1340, 594], [1341, 594], [1357, 594], [1358, 594], [1359, 594], [1329, 595], [1330, 595], [1331, 595], [1358, 595], [1359, 595], [1360, 595], [1330, 596], [1331, 596], [1332, 596], [1358, 596], [1359, 596], [1360, 596], [1361, 596], [1330, 597], [1331, 597], [1332, 597], [1359, 597], [1360, 597], [1361, 597], [1331, 598], [1332, 598], [1333, 598], [1360, 598], [1361, 598], [1362, 598], [1331, 599], [1332, 599], [1333, 599], [1334, 599], [1360, 599], [1361, 599], [1362, 599], [1363, 599], [1332, 600], [1333, 600], [1334, 600], [1361, 600], [1362, 600], [1363, 600], [1333, 601], [1334, 601], [1335, 601], [1362, 601], [1363, 601], [1364, 601], [1333, 602], [1334, 602], [1335, 602], [1336, 602], [1362, 602], [1363, 602], [1364, 602], [1365, 602], [1334, 603], [1335, 603], [1336, 603], [1345, 603], [1346, 603], [1347, 603], [1348, 603], [1358, 603], [1359, 603], [1360, 603], [1363, 603], [1364, 603], [1365, 603], [1366, 603], [1335, 604], [1336, 604], [1337, 604], [1345, 604], [1346, 604], [1347, 604], [1348, 604], [1349, 604], [1350, 604], [1351, 604], [1352, 604], [1358, 604], [1360, 604], [1364, 604], [1365, 604], [1366, 604], [1335, 605], [1336, 605], [1337, 605], [1345, 605], [1346, 605], [1347, 605], [1348, 605], [1349, 605], [1350, 605], [1351, 605], [1352, 605], [1353, 605], [1358, 605], [1359, 605], [1360, 605], [1365, 605], [1366, 605], [1367, 605], [1336, 606], [1337, 606], [1338, 606], [1346, 606], [1347, 606], [1349, 606], [1350, 606], [1351, 606], [1352, 606], [1353, 606], [1365, 606], [1366, 606], [1367, 606], [1368, 606], [1336, 607], [1337, 607], [1338, 607], [1339, 607], [1345, 607], [1346, 607], [1347, 607], [1351, 607], [1352, 607], [1353, 607], [1366, 607], [1367, 607], [1368, 607], [1337, 608], [1338, 608], [1339, 608], [1345, 608], [1346, 608], [1347, 608], [1351, 608], [1352, 608], [1367, 608], [1368, 608], [1369, 608], [1338, 609], [1339, 609], [1340, 609], [1345, 609], [1346, 609], [1347, 609], [1348, 609], [1349, 609], [1350, 609], [1351, 609], [1352, 609], [1353, 609], [1354, 609], [1367, 609], [1368, 609], [1369, 609], [1338, 610], [1339, 610], [1340, 610], [1341, 610], [1346, 610], [1347, 610], [1348, 610], [1349, 610], [1350, 610], [1351, 610], [1352, 610], [1353, 610], [1354, 610], [1355, 610], [1356, 610], [1368, 610], [1369, 610], [1370, 610], [1339, 611], [1340, 611], [1341, 611], [1350, 611], [1351, 611], [1352, 611], [1353, 611], [1354, 611], [1355, 611], [1356, 611], [1368, 611], [1369, 611], [1370, 611], [1371, 611], [1340, 612], [1341, 612], [1342, 612], [1351, 612], [1352, 612], [1353, 612], [1354, 612], [1355, 612], [1356, 612], [1369, 612], [1370, 612], [1371, 612], [1372, 612], [1340, 613], [1341, 613], [1342, 613], [1370, 613], [1371, 613], [1372, 613], [1341, 614], [1342, 614], [1343, 614], [1371, 614], [1372, 614], [1373, 614], [1341, 615], [1342, 615], [1343, 615], [1344, 615], [1371, 615], [1372, 615], [1373, 615], [1374, 615], [1342, 616], [1343, 616], [1344, 616], [1372, 616], [1373, 616], [1374, 616], [1343, 617], [1344, 617], [1345, 617], [1373, 617], [1374, 617], [1375, 617], [1343, 618], [1344, 618], [1345, 618], [1346, 618], [1373, 618], [1374, 618], [1375, 618], [1376, 618], [1344, 619], [1345, 619], [1346, 619], [1347, 619], [1374, 619], [1375, 619], [1376, 619], [1345, 620], [1346, 620], [1347, 620], [1375, 620], [1376, 620], [1377, 620], [1346, 621], [1347, 621], [1348, 621], [1375, 621], [1376, 621], [1377, 621], [1378, 621], [1346, 622], [1347, 622], [1348, 622], [1376, 622], [1377, 622], [1378, 622], [1347, 623], [1348, 623], [1349, 623], [1377, 623], [1378, 623], [1379, 623], [1347, 624], [1348, 624], [1349, 624], [1350, 624], [1377, 624], [1378, 624], [1379, 624], [1380, 624], [1348, 625], [1349, 625], [1350, 625], [1378, 625], [1379, 625], [1380, 625], [1381, 625], [1349, 626], [1350, 626], [1351, 626], [1379, 626], [1380, 626], [1381, 626], [1349, 627], [1350, 627], [1351, 627], [1376, 627], [1377, 627], [1378, 627], [1380, 627], [1381, 627], [1382, 627], [1350, 628], [1351, 628], [1352, 628], [1375, 628], [1376, 628], [1377, 628], [1378, 628], [1380, 628], [1381, 628], [1382, 628], [1383, 628], [1350, 629], [1351, 629], [1352, 629], [1353, 629], [1375, 629], [1376, 629], [1377, 629], [1378, 629], [1379, 629], [1381, 629], [1382, 629], [1383, 629], [1351, 630], [1352, 630], [1353, 630], [1375, 630], [1376, 630], [1377, 630], [1378, 630], [1379, 630], [1382, 630], [1383, 630], [1384, 630], [1352, 631], [1353, 631], [1354, 631], [1376, 631], [1377, 631], [1378, 631], [1379, 631], [1382, 631], [1383, 631], [1384, 631], [1385, 631], [1352, 632], [1353, 632], [1354, 632], [1355, 632], [1377, 632], [1378, 632], [1379, 632], [1383, 632], [1384, 632], [1385, 632], [1386, 632], [1353, 633], [1354, 633], [1355, 633], [1384, 633], [1385, 633], [1386, 633], [1354, 634], [1355, 634], [1356, 634], [1385, 634], [1386, 634], [1387, 634], [1354, 635], [1355, 635], [1356, 635], [1357, 635], [1385, 635], [1386, 635], [1387, 635], [1388, 635], [1355, 636], [1356, 636], [1357, 636], [1386, 636], [1387, 636], [1388, 636], [1356, 637], [1357, 637], [1358, 637], [1387, 637], [1388, 637], [1389, 637], [1356, 638], [1357, 638], [1358, 638], [1359, 638], [1387, 638], [1388, 638], [1389, 638], [1390, 638], [1357, 639], [1358, 639], [1359, 639], [1388, 639], [1389, 639], [1390, 639], [1358, 640], [1359, 640], [1360, 640], [1389, 640], [1390, 640], [1391, 640], [1358, 641], [1359, 641], [1360, 641], [1389, 641], [1390, 641], [1391, 641], [1392, 641], [1359, 642], [1360, 642], [1361, 642], [1390, 642], [1391, 642], [1392, 642], [1359, 643], [1360, 643], [1361, 643], [1362, 643], [1391, 643], [1392, 643], [1393, 643], [1360, 644], [1361, 644], [1362, 644], [1391, 644], [1392, 644], [1393, 644], [1394, 644], [1361, 645], [1362, 645], [1363, 645], [1392, 645], [1393, 645], [1394, 645], [1361, 646], [1362, 646], [1363, 646], [1393, 646], [1394, 646], [1395, 646], [1362, 647], [1363, 647], [1364, 647], [1393, 647], [1394, 647], [1395, 647], [1396, 647], [1362, 648], [1363, 648], [1364, 648], [1365, 648], [1394, 648], [1395, 648], [1396, 648], [1363, 649], [1364, 649], [1365, 649], [1395, 649], [1396, 649], [1397, 649], [1364, 650], [1365, 650], [1366, 650], [1395, 650], [1396, 650], [1397, 650], [1398, 650], [1364, 651], [1365, 651], [1366, 651], [1367, 651], [1396, 651], [1397, 651], [1398, 651], [1365, 652], [1366, 652], [1367, 652], [1397, 652], [1398, 652], [1399, 652], [1366, 653], [1367, 653], [1368, 653], [1397, 653], [1398, 653], [1399, 653], [1400, 653], [1366, 654], [1367, 654], [1368, 654], [1369, 654], [1398, 654], [1399, 654], [1400, 654], [1401, 654], [1367, 655], [1368, 655], [1369, 655], [1399, 655], [1400, 655], [1401, 655], [1368, 656], [1369, 656], [1370, 656], [1400, 656], [1401, 656], [1402, 656], [1368, 657], [1369, 657], [1370, 657], [1400, 657], [1401, 657], [1402, 657], [1403, 657], [1369, 658], [1370, 658], [1371, 658], [1401, 658], [1402, 658], [1403, 658], [1369, 659], [1370, 659], [1371, 659], [1372, 659], [1402, 659], [1403, 659], [1404, 659], [1370, 660], [1371, 660], [1372, 660], [1402, 660], [1403, 660], [1404, 660], [1405, 660], [1371, 661], [1372, 661], [1373, 661], [1403, 661], [1404, 661], [1405, 661], [1371, 662], [1372, 662], [1373, 662], [1374, 662], [1404, 662], [1405, 662], [1406, 662], [1372, 663], [1373, 663], [1374, 663], [1404, 663], [1405, 663], [1406, 663], [1407, 663], [1373, 664], [1374, 664], [1375, 664], [1405, 664], [1406, 664], [1407, 664], [1373, 665], [1374, 665], [1375, 665], [1376, 665], [1406, 665], [1407, 665], [1408, 665], [1374, 666], [1375, 666], [1376, 666], [1406, 666], [1407, 666], [1408, 666], [1409, 666], [1375, 667], [1376, 667], [1377, 667], [1407, 667], [1408, 667], [1409, 667], [1375, 668], [1376, 668], [1377, 668], [1378, 668], [1408, 668], [1409, 668], [1410, 668], [1376, 669], [1377, 669], [1378, 669], [1408, 669], [1409, 669], [1410, 669], [1411, 669], [1377, 670], [1378, 670], [1379, 670], [1409, 670], [1410, 670], [1411, 670], [1412, 670], [1377, 671], [1378, 671], [1379, 671], [1410, 671], [1411, 671], [1412, 671], [1378, 672], [1379, 672], [1380, 672], [1411, 672], [1412, 672], [1413, 672], [1378, 673], [1379, 673], [1380, 673], [1381, 673], [1411, 673], [1412, 673], [1413, 673], [1414, 673], [1379, 674], [1380, 674], [1381, 674], [1412, 674], [1413, 674], [1414, 674], [1380, 675], [1381, 675], [1382, 675], [1413, 675], [1414, 675], [1415, 675], [1380, 676], [1381, 676], [1382, 676], [1383, 676], [1413, 676], [1414, 676], [1415, 676], [1416, 676], [1381, 677], [1382, 677], [1383, 677], [1414, 677], [1415, 677], [1416, 677], [1382, 678], [1383, 678], [1384, 678], [1415, 678], [1416, 678], [1417, 678], [1382, 679], [1383, 679], [1384, 679], [1385, 679], [1415, 679], [1416, 679], [1417, 679], [1418, 679], [1383, 680], [1384, 680], [1385, 680], [1416, 680], [1417, 680], [1418, 680], [1384, 681], [1385, 681], [1386, 681], [1417, 681], [1418, 681], [1419, 681], [1384, 682], [1385, 682], [1386, 682], [1387, 682], [1417, 682], [1418, 682], [1419, 682], [1420, 682], [1385, 683], [1386, 683], [1387, 683], [1418, 683], [1419, 683], [1420, 683], [1386, 684], [1387, 684], [1388, 684], [1419, 684], [1420, 684], [1421, 684], [1386, 685], [1387, 685], [1388, 685], [1419, 685], [1420, 685], [1421, 685], [1422, 685], [1387, 686], [1388, 686], [1389, 686], [1420, 686], [1421, 686], [1422, 686], [1387, 687], [1388, 687], [1389, 687], [1390, 687], [1421, 687], [1422, 687], [1423, 687], [1388, 688], [1389, 688], [1390, 688], [1421, 688], [1422, 688], [1423, 688], [1424, 688], [1389, 689], [1390, 689], [1391, 689], [1422, 689], [1423, 689], [1424, 689], [1425, 689], [1389, 690], [1390, 690], [1391, 690], [1392, 690], [1423, 690], [1424, 690], [1425, 690], [1390, 691], [1391, 691], [1392, 691], [1393, 691], [1424, 691], [1425, 691], [1426, 691], [1391, 692], [1392, 692], [1393, 692], [1424, 692], [1425, 692], [1426, 692], [1427, 692], [1392, 693], [1393, 693], [1394, 693], [1425, 693], [1426, 693], [1427, 693], [1392, 694], [1393, 694], [1394, 694], [1395, 694], [1426, 694], [1427, 694], [1428, 694], [1393, 695], [1394, 695], [1395, 695], [1426, 695], [1427, 695], [1428, 695], [1429, 695], [1394, 696], [1395, 696], [1396, 696], [1427, 696], [1428, 696], [1429, 696], [1394, 697], [1395, 697], [1396, 697], [1397, 697], [1428, 697], [1429, 697], [1430, 697], [1395, 698], [1396, 698], [1397, 698], [1428, 698], [1429, 698], [1430, 698], [1431, 698], [1396, 699], [1397, 699], [1398, 699], [1429, 699], [1430, 699], [1431, 699], [1432, 699], [1396, 700], [1397, 700], [1398, 700], [1430, 700], [1431, 700], [1432, 700], [1397, 701], [1398, 701], [1399, 701], [1431, 701], [1432, 701], [1433, 701], [1397, 702], [1398, 702], [1399, 702], [1431, 702], [1432, 702], [1433, 702], [1434, 702], [1398, 703], [1399, 703], [1400, 703], [1432, 703], [1433, 703], [1434, 703], [1398, 704], [1399, 704], [1400, 704], [1401, 704], [1433, 704], [1434, 704], [1435, 704], [1399, 705], [1400, 705], [1401, 705], [1402, 705], [1433, 705], [1434, 705], [1435, 705], [1436, 705], [1400, 706], [1401, 706], [1402, 706], [1434, 706], [1435, 706], [1436, 706], [1401, 707], [1402, 707], [1403, 707], [1435, 707], [1436, 707], [1437, 707], [1401, 708], [1402, 708], [1403, 708], [1404, 708], [1435, 708], [1436, 708], [1437, 708], [1438, 708], [1402, 709], [1403, 709], [1404, 709], [1436, 709], [1437, 709], [1438, 709], [1403, 710], [1404, 710], [1405, 710], [1437, 710], [1438, 710], [1439, 710], [1403, 711], [1404, 711], [1405, 711], [1406, 711], [1437, 711], [1438, 711], [1439, 711], [1440, 711], [1404, 712], [1405, 712], [1406, 712], [1438, 712], [1439, 712], [1440, 712], [1405, 713], [1406, 713], [1407, 713], [1439, 713], [1440, 713], [1441, 713], [1405, 714], [1406, 714], [1407, 714], [1439, 714], [1440, 714], [1441, 714], [1442, 714], [1406, 715], [1407, 715], [1408, 715], [1440, 715], [1441, 715], [1442, 715], [1443, 715], [1406, 716], [1407, 716], [1408, 716], [1409, 716], [1441, 716], [1442, 716], [1443, 716], [1407, 717], [1408, 717], [1409, 717], [1442, 717], [1443, 717], [1444, 717], [1408, 718], [1409, 718], [1410, 718], [1442, 718], [1443, 718], [1444, 718], [1445, 718], [1408, 719], [1409, 719], [1410, 719], [1443, 719], [1444, 719], [1445, 719], [1409, 720], [1410, 720], [1411, 720], [1444, 720], [1445, 720], [1446, 720], [1409, 721], [1410, 721], [1411, 721], [1412, 721], [1444, 721], [1445, 721], [1446, 721], [1447, 721], [1410, 722], [1411, 722], [1412, 722], [1445, 722], [1446, 722], [1447, 722], [1411, 723], [1412, 723], [1413, 723], [1446, 723], [1447, 723], [1448, 723], [1411, 724], [1412, 724], [1413, 724], [1414, 724], [1446, 724], [1447, 724], [1448, 724], [1449, 724], [1412, 725], [1413, 725], [1414, 725], [1447, 725], [1448, 725], [1449, 725], [1413, 726], [1414, 726], [1415, 726], [1448, 726], [1449, 726], [1450, 726], [1413, 727], [1414, 727], [1415, 727], [1448, 727], [1449, 727], [1450, 727], [1451, 727], [1414, 728], [1415, 728], [1416, 728], [1449, 728], [1450, 728], [1451, 728], [1414, 729], [1415, 729], [1416, 729], [1417, 729], [1450, 729], [1451, 729], [1452, 729], [1415, 730], [1416, 730], [1417, 730], [1418, 730], [1450, 730], [1451, 730], [1452, 730], [1453, 730], [1416, 731], [1417, 731], [1418, 731], [1451, 731], [1452, 731], [1453, 731], [1454, 731], [1417, 732], [1418, 732], [1419, 732], [1452, 732], [1453, 732], [1454, 732], [1417, 733], [1418, 733], [1419, 733], [1420, 733], [1453, 733], [1454, 733], [1455, 733], [1418, 734], [1419, 734], [1420, 734], [1453, 734], [1454, 734], [1455, 734], [1419, 735], [1420, 735], [1421, 735], [1454, 735], [1455, 735], [1456, 735], [1419, 736], [1420, 736], [1421, 736], [1422, 736], [1454, 736], [1455, 736], [1456, 736], [1457, 736], [1420, 737], [1421, 737], [1422, 737], [1455, 737], [1456, 737], [1457, 737], [1458, 737], [1421, 738], [1422, 738], [1423, 738], [1456, 738], [1457, 738], [1458, 738], [1421, 739], [1422, 739], [1423, 739], [1424, 739], [1457, 739], [1458, 739], [1459, 739], [1422, 740], [1423, 740], [1424, 740], [1425, 740], [1457, 740], [1458, 740], [1459, 740], [1460, 740], [1423, 741], [1424, 741], [1425, 741], [1458, 741], [1459, 741], [1460, 741], [1461, 741], [1424, 742], [1425, 742], [1426, 742], [1459, 742], [1460, 742], [1461, 742], [1424, 743], [1425, 743], [1426, 743], [1427, 743], [1460, 743], [1461, 743], [1462, 743], [1425, 744], [1426, 744], [1427, 744], [1460, 744], [1461, 744], [1462, 744], [1463, 744], [1426, 745], [1427, 745], [1428, 745], [1461, 745], [1462, 745], [1463, 745], [1464, 745], [1426, 746], [1427, 746], [1428, 746], [1429, 746], [1462, 746], [1463, 746], [1464, 746], [1427, 747], [1428, 747], [1429, 747], [1463, 747], [1464, 747], [1465, 747], [1428, 748], [1429, 748], [1430, 748], [1463, 748], [1464, 748], [1465, 748], [1466, 748], [1428, 749], [1429, 749], [1430, 749], [1464, 749], [1465, 749], [1466, 749], [1429, 750], [1430, 750], [1431, 750], [1465, 750], [1466, 750], [1467, 750], [1429, 751], [1430, 751], [1431, 751], [1465, 751], [1466, 751], [1467, 751], [1468, 751], [1430, 752], [1431, 752], [1432, 752], [1466, 752], [1467, 752], [1468, 752], [1469, 752], [1430, 753], [1431, 753], [1432, 753], [1433, 753], [1467, 753], [1468, 753], [1469, 753], [1431, 754], [1432, 754], [1433, 754], [1468, 754], [1469, 754], [1470, 754], [1432, 755], [1433, 755], [1434, 755], [1468, 755], [1469, 755], [1470, 755], [1471, 755], [1432, 756], [1433, 756], [1434, 756], [1469, 756], [1470, 756], [1471, 756], [1472, 756], [1433, 757], [1434, 757], [1435, 757], [1470, 757], [1471, 757], [1472, 757], [1433, 758], [1434, 758], [1435, 758], [1436, 758], [1471, 758], [1472, 758], [1473, 758], [1434, 759], [1435, 759], [1436, 759], [1437, 759], [1471, 759], [1472, 759], [1473, 759], [1474, 759], [1435, 760], [1436, 760], [1437, 760], [1472, 760], [1473, 760], [1474, 760], [1436, 761], [1437, 761], [1438, 761], [1473, 761], [1474, 761], [1475, 761], [1436, 762], [1437, 762], [1438, 762], [1473, 762], [1474, 762], [1475, 762], [1476, 762], [1437, 763], [1438, 763], [1439, 763], [1474, 763], [1475, 763], [1476, 763], [1437, 764], [1438, 764], [1439, 764], [1440, 764], [1475, 764], [1476, 764], [1477, 764], [1438, 765], [1439, 765], [1440, 765], [1475, 765], [1476, 765], [1477, 765], [1478, 765], [1439, 766], [1440, 766], [1441, 766], [1476, 766], [1477, 766], [1478, 766], [1439, 767], [1440, 767], [1441, 767], [1477, 767], [1478, 767], [1479, 767], [1440, 768], [1441, 768], [1442, 768], [1477, 768], [1478, 768], [1479, 768], [1480, 768], [1440, 769], [1441, 769], [1442, 769], [1443, 769], [1478, 769], [1479, 769], [1480, 769], [1481, 769], [1441, 770], [1442, 770], [1443, 770], [1479, 770], [1480, 770], [1481, 770], [1442, 771], [1443, 771], [1444, 771], [1480, 771], [1481, 771], [1482, 771], [1442, 772], [1443, 772], [1444, 772], [1445, 772], [1480, 772], [1481, 772], [1482, 772], [1483, 772], [1443, 773], [1444, 773], [1445, 773], [1481, 773], [1482, 773], [1483, 773], [1444, 774], [1445, 774], [1446, 774], [1482, 774], [1483, 774], [1484, 774], [1444, 775], [1445, 775], [1446, 775], [1447, 775], [1482, 775], [1483, 775], [1484, 775], [1485, 775], [1445, 776], [1446, 776], [1447, 776], [1483, 776], [1484, 776], [1485, 776], [1446, 777], [1447, 777], [1448, 777], [1484, 777], [1485, 777], [1486, 777], [1446, 778], [1447, 778], [1448, 778], [1484, 778], [1485, 778], [1486, 778], [1487, 778], [1447, 779], [1448, 779], [1449, 779], [1485, 779], [1486, 779], [1487, 779], [1447, 780], [1448, 780], [1449, 780], [1450, 780], [1486, 780], [1487, 780], [1488, 780], [1448, 781], [1449, 781], [1450, 781], [1486, 781], [1487, 781], [1488, 781], [1489, 781], [1449, 782], [1450, 782], [1451, 782], [1487, 782], [1488, 782], [1489, 782], [1449, 783], [1450, 783], [1451, 783], [1452, 783], [1488, 783], [1489, 783], [1490, 783], [1450, 784], [1451, 784], [1452, 784], [1488, 784], [1489, 784], [1490, 784], [1491, 784], [1451, 785], [1452, 785], [1453, 785], [1489, 785], [1490, 785], [1491, 785], [1451, 786], [1452, 786], [1453, 786], [1454, 786], [1490, 786], [1491, 786], [1492, 786], [1452, 787], [1453, 787], [1454, 787], [1490, 787], [1491, 787], [1492, 787], [1493, 787], [1453, 788], [1454, 788], [1455, 788], [1491, 788], [1492, 788], [1493, 788], [1494, 788], [1453, 789], [1454, 789], [1455, 789], [1492, 789], [1493, 789], [1494, 789], [1454, 790], [1455, 790], [1456, 790], [1493, 790], [1494, 790], [1495, 790], [1454, 791], [1455, 791], [1456, 791], [1457, 791], [1493, 791], [1494, 791], [1495, 791], [1496, 791], [1455, 792], [1456, 792], [1457, 792], [1494, 792], [1495, 792], [1496, 792], [1456, 793], [1457, 793], [1458, 793], [1495, 793], [1496, 793], [1497, 793], [1456, 794], [1457, 794], [1458, 794], [1495, 794], [1496, 794], [1497, 794], [1498, 794], [1457, 795], [1458, 795], [1459, 795], [1496, 795], [1497, 795], [1498, 795], [1457, 796], [1458, 796], [1459, 796], [1460, 796], [1497, 796], [1498, 796], [1499, 796], [1458, 797], [1459, 797], [1460, 797], [1497, 797], [1498, 797], [1499, 797], [1500, 797], [1459, 798], [1460, 798], [1461, 798], [1498, 798], [1499, 798], [1500, 798], [1459, 799], [1460, 799], [1461, 799], [1462, 799], [1499, 799], [1500, 799], [1501, 799], [1460, 800], [1461, 800], [1462, 800], [1463, 800], [1499, 800], [1500, 800], [1501, 800], [1502, 800], [1461, 801], [1462, 801], [1463, 801], [1500, 801], [1501, 801], [1502, 801], [1462, 802], [1463, 802], [1464, 802], [1501, 802], [1502, 802], [1503, 802], [1462, 803], [1463, 803], [1464, 803], [1465, 803], [1501, 803], [1502, 803], [1503, 803], [1504, 803], [1463, 804], [1464, 804], [1465, 804], [1466, 804], [1502, 804], [1503, 804], [1504, 804], [1464, 805], [1465, 805], [1466, 805], [1467, 805], [1503, 805], [1504, 805], [1505, 805], [1465, 806], [1466, 806], [1467, 806], [1503, 806], [1504, 806], [1505, 806], [1506, 806], [1466, 807], [1467, 807], [1504, 807], [1505, 807], [1506, 807], [1466, 808], [1467, 808], [1468, 808], [1505, 808], [1506, 808], [1507, 808], [1466, 809], [1467, 809], [1468, 809], [1505, 809], [1506, 809], [1507, 809], [1508, 809], [1467, 810], [1468, 810], [1469, 810], [1506, 810], [1507, 810], [1508, 810], [1467, 811], [1468, 811], [1469, 811], [1507, 811], [1508, 811], [1509, 811], [1468, 812], [1469, 812], [1470, 812], [1507, 812], [1508, 812], [1509, 812], [1510, 812], [1468, 813], [1469, 813], [1470, 813], [1508, 813], [1509, 813], [1510, 813], [1469, 814], [1470, 814], [1471, 814], [1509, 814], [1510, 814], [1511, 814], [1469, 815], [1470, 815], [1471, 815], [1509, 815], [1510, 815], [1511, 815], [1512, 815], [1470, 816], [1471, 816], [1472, 816], [1510, 816], [1511, 816], [1512, 816], [1470, 817], [1471, 817], [1472, 817], [1473, 817], [1511, 817], [1512, 817], [1513, 817], [1471, 818], [1472, 818], [1473, 818], [1511, 818], [1512, 818], [1513, 818], [1514, 818], [1472, 819], [1473, 819], [1474, 819], [1512, 819], [1513, 819], [1514, 819], [1472, 820], [1473, 820], [1474, 820], [1475, 820], [1513, 820], [1514, 820], [1515, 820], [1473, 821], [1474, 821], [1475, 821], [1513, 821], [1514, 821], [1515, 821], [1516, 821], [1474, 822], [1475, 822], [1476, 822], [1514, 822], [1515, 822], [1516, 822], [1517, 822], [1474, 823], [1475, 823], [1476, 823], [1477, 823], [1515, 823], [1516, 823], [1517, 823], [1475, 824], [1476, 824], [1477, 824], [1516, 824], [1517, 824], [1518, 824], [1476, 825], [1477, 825], [1478, 825], [1516, 825], [1517, 825], [1518, 825], [1476, 826], [1477, 826], [1478, 826], [1479, 826], [1517, 826], [1518, 826], [1519, 826], [1477, 827], [1478, 827], [1479, 827], [1517, 827], [1518, 827], [1519, 827], [1520, 827], [1478, 828], [1479, 828], [1480, 828], [1518, 828], [1519, 828], [1520, 828], [1521, 828], [1478, 829], [1479, 829], [1480, 829], [1481, 829], [1519, 829], [1520, 829], [1521, 829], [1479, 830], [1480, 830], [1481, 830], [1520, 830], [1521, 830], [1522, 830], [1480, 831], [1481, 831], [1482, 831], [1520, 831], [1521, 831], [1522, 831], [1523, 831], [1480, 832], [1481, 832], [1482, 832], [1483, 832], [1521, 832], [1522, 832], [1523, 832], [1524, 832], [1481, 833], [1482, 833], [1483, 833], [1522, 833], [1523, 833], [1524, 833], [1482, 834], [1483, 834], [1484, 834], [1523, 834], [1524, 834], [1525, 834], [1482, 835], [1483, 835], [1484, 835], [1485, 835], [1523, 835], [1524, 835], [1525, 835], [1526, 835], [1483, 836], [1484, 836], [1485, 836], [1524, 836], [1525, 836], [1526, 836], [1527, 836], [1484, 837], [1485, 837], [1486, 837], [1525, 837], [1526, 837], [1527, 837], [1484, 838], [1485, 838], [1486, 838], [1487, 838], [1526, 838], [1527, 838], [1528, 838], [1485, 839], [1486, 839], [1487, 839], [1526, 839], [1527, 839], [1528, 839], [1529, 839], [1486, 840], [1487, 840], [1488, 840], [1527, 840], [1528, 840], [1529, 840], [1530, 840], [1486, 841], [1487, 841], [1488, 841], [1528, 841], [1529, 841], [1530, 841], [1487, 842], [1488, 842], [1489, 842], [1529, 842], [1530, 842], [1531, 842], [1487, 843], [1488, 843], [1489, 843], [1490, 843], [1529, 843], [1530, 843], [1531, 843], [1532, 843], [1488, 844], [1489, 844], [1490, 844], [1530, 844], [1531, 844], [1532, 844], [1489, 845], [1490, 845], [1491, 845], [1531, 845], [1532, 845], [1533, 845], [1489, 846], [1490, 846], [1491, 846], [1492, 846], [1531, 846], [1532, 846], [1533, 846], [1534, 846], [1490, 847], [1491, 847], [1492, 847], [1493, 847], [1532, 847], [1533, 847], [1534, 847], [1491, 848], [1492, 848], [1493, 848], [1533, 848], [1534, 848], [1535, 848], [1492, 849], [1493, 849], [1494, 849], [1533, 849], [1534, 849], [1535, 849], [1536, 849], [1492, 850], [1493, 850], [1494, 850], [1495, 850], [1534, 850], [1535, 850], [1536, 850], [1537, 850], [1493, 851], [1494, 851], [1495, 851], [1535, 851], [1536, 851], [1537, 851], [1494, 852], [1495, 852], [1496, 852], [1536, 852], [1537, 852], [1538, 852], [1494, 853], [1495, 853], [1496, 853], [1497, 853], [1536, 853], [1537, 853], [1538, 853], [1539, 853], [1495, 854], [1496, 854], [1497, 854], [1537, 854], [1538, 854], [1539, 854], [1496, 855], [1497, 855], [1498, 855], [1538, 855], [1539, 855], [1540, 855], [1496, 856], [1497, 856], [1498, 856], [1499, 856], [1538, 856], [1539, 856], [1540, 856], [1541, 856], [1497, 857], [1498, 857], [1499, 857], [1539, 857], [1540, 857], [1541, 857], [1542, 857], [1498, 858], [1499, 858], [1500, 858], [1540, 858], [1541, 858], [1542, 858], [1498, 859], [1499, 859], [1500, 859], [1541, 859], [1542, 859], [1543, 859], [1499, 860], [1500, 860], [1501, 860], [1541, 860], [1542, 860], [1543, 860], [1544, 860], [1499, 861], [1500, 861], [1501, 861], [1502, 861], [1542, 861], [1543, 861], [1544, 861], [1500, 862], [1501, 862], [1502, 862], [1543, 862], [1544, 862], [1545, 862], [1501, 863], [1502, 863], [1503, 863], [1543, 863], [1544, 863], [1545, 863], [1546, 863], [1501, 864], [1502, 864], [1503, 864], [1504, 864], [1544, 864], [1545, 864], [1546, 864], [1502, 865], [1503, 865], [1504, 865], [1545, 865], [1546, 865], [1547, 865], [1503, 866], [1504, 866], [1505, 866], [1545, 866], [1546, 866], [1547, 866], [1548, 866], [1503, 867], [1504, 867], [1505, 867], [1546, 867], [1547, 867], [1548, 867], [1549, 867], [1504, 868], [1505, 868], [1506, 868], [1547, 868], [1548, 868], [1549, 868], [1504, 869], [1505, 869], [1506, 869], [1507, 869], [1548, 869], [1549, 869], [1550, 869], [1505, 870], [1506, 870], [1507, 870], [1548, 870], [1549, 870], [1550, 870], [1551, 870], [1506, 871], [1507, 871], [1508, 871], [1549, 871], [1550, 871], [1551, 871], [1506, 872], [1507, 872], [1508, 872], [1509, 872], [1550, 872], [1551, 872], [1552, 872], [1507, 873], [1508, 873], [1509, 873], [1550, 873], [1551, 873], [1552, 873], [1553, 873], [1508, 874], [1509, 874], [1510, 874], [1551, 874], [1552, 874], [1553, 874], [1554, 874], [1508, 875], [1509, 875], [1510, 875], [1511, 875], [1552, 875], [1553, 875], [1554, 875], [1509, 876], [1510, 876], [1511, 876], [1512, 876], [1553, 876], [1554, 876], [1555, 876], [1510, 877], [1511, 877], [1512, 877], [1553, 877], [1554, 877], [1555, 877], [1556, 877], [1511, 878], [1512, 878], [1513, 878], [1554, 878], [1555, 878], [1556, 878], [1511, 879], [1512, 879], [1513, 879], [1514, 879], [1555, 879], [1556, 879], [1557, 879], [1512, 880], [1513, 880], [1514, 880], [1515, 880], [1555, 880], [1556, 880], [1557, 880], [1558, 880], [1513, 881], [1514, 881], [1515, 881], [1556, 881], [1557, 881], [1558, 881], [1559, 881], [1514, 882], [1515, 882], [1516, 882], [1557, 882], [1558, 882], [1559, 882], [1560, 882], [1514, 883], [1515, 883], [1516, 883], [1517, 883], [1558, 883], [1559, 883], [1560, 883], [1515, 884], [1516, 884], [1517, 884], [1518, 884], [1559, 884], [1560, 884], [1561, 884], [1516, 885], [1517, 885], [1518, 885], [1519, 885], [1559, 885], [1560, 885], [1561, 885], [1562, 885], [1517, 886], [1518, 886], [1519, 886], [1560, 886], [1561, 886], [1562, 886], [1518, 887], [1519, 887], [1520, 887], [1561, 887], [1562, 887], [1563, 887], [1518, 888], [1519, 888], [1520, 888], [1561, 888], [1562, 888], [1563, 888], [1564, 888], [1519, 889], [1520, 889], [1521, 889], [1562, 889], [1563, 889], [1564, 889], [1565, 889], [1519, 890], [1520, 890], [1521, 890], [1563, 890], [1564, 890], [1565, 890], [1520, 891], [1521, 891], [1522, 891], [1564, 891], [1565, 891], [1566, 891], [1520, 892], [1521, 892], [1522, 892], [1523, 892], [1564, 892], [1565, 892], [1566, 892], [1567, 892], [1521, 893], [1522, 893], [1523, 893], [1524, 893], [1565, 893], [1566, 893], [1567, 893], [1568, 893], [1522, 894], [1523, 894], [1524, 894], [1525, 894], [1566, 894], [1567, 894], [1568, 894], [1523, 895], [1524, 895], [1525, 895], [1567, 895], [1568, 895], [1569, 895], [1524, 896], [1525, 896], [1526, 896], [1567, 896], [1568, 896], [1569, 896], [1570, 896], [1524, 897], [1525, 897], [1526, 897], [1568, 897], [1569, 897], [1570, 897], [1525, 898], [1526, 898], [1527, 898], [1569, 898], [1570, 898], [1571, 898], [1525, 899], [1526, 899], [1527, 899], [1569, 899], [1570, 899], [1571, 899], [1572, 899], [1526, 900], [1527, 900], [1528, 900], [1570, 900], [1571, 900], [1572, 900], [1573, 900], [1526, 901], [1527, 901], [1528, 901], [1529, 901], [1571, 901], [1572, 901], [1573, 901], [1527, 902], [1528, 902], [1529, 902], [1530, 902], [1572, 902], [1573, 902], [1574, 902], [1528, 903], [1529, 903], [1530, 903], [1572, 903], [1573, 903], [1574, 903], [1575, 903], [1529, 904], [1530, 904], [1531, 904], [1573, 904], [1574, 904], [1575, 904], [1529, 905], [1530, 905], [1531, 905], [1574, 905], [1575, 905], [1576, 905], [1530, 906], [1531, 906], [1532, 906], [1574, 906], [1575, 906], [1576, 906], [1577, 906], [1530, 907], [1531, 907], [1532, 907], [1575, 907], [1576, 907], [1577, 907], [1578, 907], [1531, 908], [1532, 908], [1533, 908], [1576, 908], [1577, 908], [1578, 908], [1531, 909], [1532, 909], [1533, 909], [1534, 909], [1577, 909], [1578, 909], [1579, 909], [1532, 910], [1533, 910], [1534, 910], [1535, 910], [1577, 910], [1578, 910], [1579, 910], [1580, 910], [1533, 911], [1534, 911], [1535, 911], [1578, 911], [1579, 911], [1580, 911], [1534, 912], [1535, 912], [1536, 912], [1579, 912], [1580, 912], [1581, 912], [1534, 913], [1535, 913], [1536, 913], [1537, 913], [1579, 913], [1580, 913], [1581, 913], [1582, 913], [1535, 914], [1536, 914], [1537, 914], [1580, 914], [1581, 914], [1582, 914], [1536, 915], [1537, 915], [1538, 915], [1581, 915], [1582, 915], [1583, 915], [1536, 916], [1537, 916], [1538, 916], [1581, 916], [1582, 916], [1583, 916], [1584, 916], [1537, 917], [1538, 917], [1539, 917], [1582, 917], [1583, 917], [1584, 917], [1585, 917], [1537, 918], [1538, 918], [1539, 918], [1540, 918], [1583, 918], [1584, 918], [1585, 918], [1538, 919], [1539, 919], [1540, 919], [1584, 919], [1585, 919], [1586, 919], [1539, 920], [1540, 920], [1541, 920], [1584, 920], [1585, 920], [1586, 920], [1587, 920], [1539, 921], [1540, 921], [1541, 921], [1542, 921], [1585, 921], [1586, 921], [1587, 921], [1588, 921], [1540, 922], [1541, 922], [1542, 922], [1586, 922], [1587, 922], [1588, 922], [1541, 923], [1542, 923], [1543, 923], [1587, 923], [1588, 923], [1589, 923], [1541, 924], [1542, 924], [1543, 924], [1544, 924], [1587, 924], [1588, 924], [1589, 924], [1590, 924], [1542, 925], [1543, 925], [1544, 925], [1588, 925], [1589, 925], [1590, 925], [1591, 925], [1543, 926], [1544, 926], [1545, 926], [1589, 926], [1590, 926], [1591, 926], [1543, 927], [1544, 927], [1545, 927], [1546, 927], [1590, 927], [1591, 927], [1592, 927], [1544, 928], [1545, 928], [1546, 928], [1590, 928], [1591, 928], [1592, 928], [1593, 928], [1545, 929], [1546, 929], [1547, 929], [1591, 929], [1592, 929], [1593, 929], [1545, 930], [1546, 930], [1547, 930], [1548, 930], [1592, 930], [1593, 930], [1594, 930], [1546, 931], [1547, 931], [1548, 931], [1592, 931], [1593, 931], [1594, 931], [1595, 931], [1547, 932], [1548, 932], [1549, 932], [1593, 932], [1594, 932], [1595, 932], [1547, 933], [1548, 933], [1549, 933], [1550, 933], [1594, 933], [1595, 933], [1596, 933], [1548, 934], [1549, 934], [1550, 934], [1594, 934], [1595, 934], [1596, 934], [1597, 934], [1549, 935], [1550, 935], [1551, 935], [1595, 935], [1596, 935], [1597, 935], [1598, 935], [1549, 936], [1550, 936], [1551, 936], [1596, 936], [1597, 936], [1598, 936], [1550, 937], [1551, 937], [1552, 937], [1597, 937], [1598, 937], [1599, 937], [1550, 938], [1551, 938], [1552, 938], [1597, 938], [1598, 938], [1599, 938], [1600, 938], [1551, 939], [1552, 939], [1553, 939], [1598, 939], [1599, 939], [1600, 939], [1601, 939], [1551, 940], [1552, 940], [1553, 940], [1554, 940], [1599, 940], [1600, 940], [1601, 940], [1552, 941], [1553, 941], [1554, 941], [1600, 941], [1601, 941], [1602, 941], [1553, 942], [1554, 942], [1555, 942], [1600, 942], [1601, 942], [1602, 942], [1603, 942], [1553, 943], [1554, 943], [1555, 943], [1556, 943], [1601, 943], [1602, 943], [1603, 943], [1554, 944], [1555, 944], [1556, 944], [1602, 944], [1603, 944], [1604, 944], [1555, 945], [1556, 945], [1557, 945], [1602, 945], [1603, 945], [1604, 945], [1605, 945], [1555, 946], [1556, 946], [1557, 946], [1558, 946], [1603, 946], [1604, 946], [1605, 946], [1556, 947], [1557, 947], [1558, 947], [1559, 947], [1604, 947], [1605, 947], [1606, 947], [1557, 948], [1558, 948], [1559, 948], [1604, 948], [1605, 948], [1606, 948], [1607, 948], [1558, 949], [1559, 949], [1560, 949], [1605, 949], [1606, 949], [1607, 949], [1558, 950], [1559, 950], [1560, 950], [1561, 950], [1606, 950], [1607, 950], [1608, 950], [1559, 951], [1560, 951], [1561, 951], [1562, 951], [1606, 951], [1607, 951], [1608, 951], [1609, 951], [1560, 952], [1561, 952], [1562, 952], [1607, 952], [1608, 952], [1609, 952], [1610, 952], [1561, 953], [1562, 953], [1563, 953], [1608, 953], [1609, 953], [1610, 953], [1561, 954], [1562, 954], [1563, 954], [1564, 954], [1609, 954], [1610, 954], [1611, 954], [1562, 955], [1563, 955], [1564, 955], [1609, 955], [1610, 955], [1611, 955], [1612, 955], [1563, 956], [1564, 956], [1565, 956], [1610, 956], [1611, 956], [1612, 956], [1613, 956], [1563, 957], [1564, 957], [1565, 957], [1566, 957], [1611, 957], [1612, 957], [1613, 957], [1564, 958], [1565, 958], [1566, 958], [1612, 958], [1613, 958], [1614, 958], [1565, 959], [1566, 959], [1567, 959], [1612, 959], [1613, 959], [1614, 959], [1615, 959], [1565, 960], [1566, 960], [1567, 960], [1613, 960], [1614, 960], [1615, 960], [1616, 960], [1566, 961], [1567, 961], [1568, 961], [1614, 961], [1615, 961], [1616, 961], [1566, 962], [1567, 962], [1568, 962], [1569, 962], [1615, 962], [1616, 962], [1617, 962], [1567, 963], [1568, 963], [1569, 963], [1615, 963], [1616, 963], [1617, 963], [1618, 963], [1568, 964], [1569, 964], [1570, 964], [1616, 964], [1617, 964], [1618, 964], [1568, 965], [1569, 965], [1570, 965], [1571, 965], [1617, 965], [1618, 965], [1619, 965], [1569, 966], [1570, 966], [1571, 966], [1617, 966], [1618, 966], [1619, 966], [1620, 966], [1570, 967], [1571, 967], [1572, 967], [1618, 967], [1619, 967], [1620, 967], [1621, 967], [1570, 968], [1571, 968], [1572, 968], [1573, 968], [1619, 968], [1620, 968], [1621, 968], [1571, 969], [1572, 969], [1573, 969], [1620, 969], [1621, 969], [1622, 969], [1572, 970], [1573, 970], [1574, 970], [1620, 970], [1621, 970], [1622, 970], [1623, 970], [1572, 971], [1573, 971], [1574, 971], [1575, 971], [1621, 971], [1622, 971], [1623, 971], [1573, 972], [1574, 972], [1575, 972], [1622, 972], [1623, 972], [1624, 972], [1574, 973], [1575, 973], [1576, 973], [1622, 973], [1623, 973], [1624, 973], [1625, 973], [1574, 974], [1575, 974], [1576, 974], [1623, 974], [1624, 974], [1625, 974], [1626, 974], [1575, 975], [1576, 975], [1577, 975], [1624, 975], [1625, 975], [1626, 975], [1627, 975], [1575, 976], [1576, 976], [1577, 976], [1578, 976], [1625, 976], [1626, 976], [1627, 976], [1576, 977], [1577, 977], [1578, 977], [1579, 977], [1626, 977], [1627, 977], [1628, 977], [1577, 978], [1578, 978], [1579, 978], [1626, 978], [1627, 978], [1628, 978], [1629, 978], [1578, 979], [1579, 979], [1580, 979], [1627, 979], [1628, 979], [1629, 979], [1630, 979], [1578, 980], [1579, 980], [1580, 980], [1581, 980], [1628, 980], [1629, 980], [1630, 980], [1579, 981], [1580, 981], [1581, 981], [1629, 981], [1630, 981], [1631, 981], [1580, 982], [1581, 982], [1582, 982], [1629, 982], [1630, 982], [1631, 982], [1580, 983], [1581, 983], [1582, 983], [1630, 983], [1631, 983], [1632, 983], [1581, 984], [1582, 984], [1583, 984], [1630, 984], [1631, 984], [1632, 984], [1633, 984], [1581, 985], [1582, 985], [1583, 985], [1584, 985], [1631, 985], [1632, 985], [1633, 985], [1582, 986], [1583, 986], [1584, 986], [1585, 986], [1632, 986], [1633, 986], [1634, 986], [1583, 987], [1584, 987], [1585, 987], [1632, 987], [1633, 987], [1634, 987], [1635, 987], [1584, 988], [1585, 988], [1586, 988], [1633, 988], [1634, 988], [1635, 988], [1636, 988], [1584, 989], [1585, 989], [1586, 989], [1587, 989], [1634, 989], [1635, 989], [1636, 989], [1585, 990], [1586, 990], [1587, 990], [1635, 990], [1636, 990], [1637, 990], [1586, 991], [1587, 991], [1588, 991], [1635, 991], [1636, 991], [1637, 991], [1638, 991], [1586, 992], [1587, 992], [1588, 992], [1589, 992], [1636, 992], [1637, 992], [1638, 992], [1587, 993], [1588, 993], [1589, 993], [1637, 993], [1638, 993], [1639, 993], [1588, 994], [1589, 994], [1590, 994], [1637, 994], [1638, 994], [1639, 994], [1588, 995], [1589, 995], [1590, 995], [1638, 995], [1639, 995], [1640, 995], [1589, 996], [1590, 996], [1591, 996], [1638, 996], [1639, 996], [1640, 996], [1589, 997], [1590, 997], [1591, 997], [1592, 997], [1639, 997], [1640, 997], [1641, 997], [1590, 998], [1591, 998], [1592, 998], [1639, 998], [1640, 998], [1641, 998], [1642, 998], [1591, 999], [1592, 999], [1593, 999], [1640, 999], [1641, 999], [1642, 999], [1643, 999], [1591, 1000], [1592, 1000], [1593, 1000], [1641, 1000], [1642, 1000], [1643, 1000], [1592, 1001], [1593, 1001], [1594, 1001], [1642, 1001], [1643, 1001], [1644, 1001], [1592, 1002], [1593, 1002], [1594, 1002], [1595, 1002], [1642, 1002], [1643, 1002], [1644, 1002], [1645, 1002], [1593, 1003], [1594, 1003], [1595, 1003], [1643, 1003], [1644, 1003], [1645, 1003], [1594, 1004], [1595, 1004], [1596, 1004], [1644, 1004], [1645, 1004], [1646, 1004], [1594, 1005], [1595, 1005], [1596, 1005], [1597, 1005], [1644, 1005], [1645, 1005], [1646, 1005], [1647, 1005], [1595, 1006], [1596, 1006], [1597, 1006], [1645, 1006], [1646, 1006], [1647, 1006], [1648, 1006], [1596, 1007], [1597, 1007], [1598, 1007], [1646, 1007], [1647, 1007], [1648, 1007], [1596, 1008], [1597, 1008], [1598, 1008], [1599, 1008], [1647, 1008], [1648, 1008], [1649, 1008], [1597, 1009], [1598, 1009], [1599, 1009], [1600, 1009], [1647, 1009], [1648, 1009], [1649, 1009], [1650, 1009], [1598, 1010], [1599, 1010], [1600, 1010], [1648, 1010], [1649, 1010], [1650, 1010], [1651, 1010], [1599, 1011], [1600, 1011], [1601, 1011], [1649, 1011], [1650, 1011], [1651, 1011], [1599, 1012], [1600, 1012], [1601, 1012], [1602, 1012], [1650, 1012], [1651, 1012], [1652, 1012], [1600, 1013], [1601, 1013], [1602, 1013], [1650, 1013], [1651, 1013], [1652, 1013], [1653, 1013], [1601, 1014], [1602, 1014], [1603, 1014], [1651, 1014], [1652, 1014], [1653, 1014], [1654, 1014], [1601, 1015], [1602, 1015], [1603, 1015], [1652, 1015], [1653, 1015], [1654, 1015], [1602, 1016], [1603, 1016], [1604, 1016], [1653, 1016], [1654, 1016], [1655, 1016], [1602, 1017], [1603, 1017], [1604, 1017], [1605, 1017], [1653, 1017], [1654, 1017], [1655, 1017], [1656, 1017], [1603, 1018], [1604, 1018], [1605, 1018], [1654, 1018], [1655, 1018], [1656, 1018], [1604, 1019], [1605, 1019], [1606, 1019], [1655, 1019], [1656, 1019], [1657, 1019], [1604, 1020], [1605, 1020], [1606, 1020], [1607, 1020], [1655, 1020], [1656, 1020], [1657, 1020], [1658, 1020], [1605, 1021], [1606, 1021], [1607, 1021], [1656, 1021], [1657, 1021], [1658, 1021], [1606, 1022], [1607, 1022], [1608, 1022], [1657, 1022], [1658, 1022], [1659, 1022], [1606, 1023], [1607, 1023], [1608, 1023], [1609, 1023], [1657, 1023], [1658, 1023], [1659, 1023], [1660, 1023], [1607, 1024], [1608, 1024], [1609, 1024], [1658, 1024], [1659, 1024], [1660, 1024], [1608, 1025], [1609, 1025], [1610, 1025], [1659, 1025], [1660, 1025], [1661, 1025], [1608, 1026], [1609, 1026], [1610, 1026], [1659, 1026], [1660, 1026], [1661, 1026], [1662, 1026], [1609, 1027], [1610, 1027], [1611, 1027], [1660, 1027], [1661, 1027], [1662, 1027], [1663, 1027], [1609, 1028], [1610, 1028], [1611, 1028], [1612, 1028], [1661, 1028], [1662, 1028], [1663, 1028], [1610, 1029], [1611, 1029], [1612, 1029], [1662, 1029], [1663, 1029], [1664, 1029], [1611, 1030], [1612, 1030], [1613, 1030], [1662, 1030], [1663, 1030], [1664, 1030], [1665, 1030], [1611, 1031], [1612, 1031], [1613, 1031], [1614, 1031], [1663, 1031], [1664, 1031], [1665, 1031], [1612, 1032], [1613, 1032], [1614, 1032], [1615, 1032], [1664, 1032], [1665, 1032], [1666, 1032], [1613, 1033], [1614, 1033], [1615, 1033], [1664, 1033], [1665, 1033], [1666, 1033], [1667, 1033], [1614, 1034], [1615, 1034], [1616, 1034], [1665, 1034], [1666, 1034], [1667, 1034], [1668, 1034], [1614, 1035], [1615, 1035], [1616, 1035], [1617, 1035], [1666, 1035], [1667, 1035], [1668, 1035], [1669, 1035], [1615, 1036], [1616, 1036], [1617, 1036], [1667, 1036], [1668, 1036], [1669, 1036], [1616, 1037], [1617, 1037], [1618, 1037], [1668, 1037], [1669, 1037], [1670, 1037], [1616, 1038], [1617, 1038], [1618, 1038], [1619, 1038], [1668, 1038], [1669, 1038], [1670, 1038], [1671, 1038], [1617, 1039], [1618, 1039], [1619, 1039], [1669, 1039], [1670, 1039], [1671, 1039], [1618, 1040], [1619, 1040], [1620, 1040], [1670, 1040], [1671, 1040], [1672, 1040], [1618, 1041], [1619, 1041], [1620, 1041], [1621, 1041], [1670, 1041], [1671, 1041], [1672, 1041], [1673, 1041], [1619, 1042], [1620, 1042], [1621, 1042], [1671, 1042], [1672, 1042], [1673, 1042], [1674, 1042], [1620, 1043], [1621, 1043], [1622, 1043], [1672, 1043], [1673, 1043], [1674, 1043], [1620, 1044], [1621, 1044], [1622, 1044], [1623, 1044], [1673, 1044], [1674, 1044], [1675, 1044], [1621, 1045], [1622, 1045], [1623, 1045], [1624, 1045], [1673, 1045], [1674, 1045], [1675, 1045], [1622, 1046], [1623, 1046], [1624, 1046], [1674, 1046], [1675, 1046], [1676, 1046], [1623, 1047], [1624, 1047], [1625, 1047], [1674, 1047], [1675, 1047], [1676, 1047], [1677, 1047], [1623, 1048], [1624, 1048], [1625, 1048], [1675, 1048], [1676, 1048], [1677, 1048], [1624, 1049], [1625, 1049], [1626, 1049], [1676, 1049], [1677, 1049], [1678, 1049], [1624, 1050], [1625, 1050], [1626, 1050], [1627, 1050], [1676, 1050], [1677, 1050], [1678, 1050], [1679, 1050], [1625, 1051], [1626, 1051], [1627, 1051], [1628, 1051], [1677, 1051], [1678, 1051], [1679, 1051], [1680, 1051], [1626, 1052], [1627, 1052], [1628, 1052], [1629, 1052], [1678, 1052], [1679, 1052], [1680, 1052], [1681, 1052], [1627, 1053], [1628, 1053], [1629, 1053], [1679, 1053], [1680, 1053], [1681, 1053], [1628, 1054], [1629, 1054], [1630, 1054], [1680, 1054], [1681, 1054], [1682, 1054], [1628, 1055], [1629, 1055], [1630, 1055], [1631, 1055], [1680, 1055], [1681, 1055], [1682, 1055], [1683, 1055], [1629, 1056], [1630, 1056], [1631, 1056], [1632, 1056], [1681, 1056], [1682, 1056], [1683, 1056], [1630, 1057], [1631, 1057], [1632, 1057], [1682, 1057], [1683, 1057], [1684, 1057], [1631, 1058], [1632, 1058], [1633, 1058], [1682, 1058], [1683, 1058], [1684, 1058], [1631, 1059], [1632, 1059], [1633, 1059], [1634, 1059], [1683, 1059], [1684, 1059], [1685, 1059], [1632, 1060], [1633, 1060], [1634, 1060], [1683, 1060], [1684, 1060], [1685, 1060], [1686, 1060], [1633, 1061], [1634, 1061], [1635, 1061], [1684, 1061], [1685, 1061], [1686, 1061], [1687, 1061], [1633, 1062], [1634, 1062], [1635, 1062], [1636, 1062], [1685, 1062], [1686, 1062], [1687, 1062], [1634, 1063], [1635, 1063], [1636, 1063], [1686, 1063], [1687, 1063], [1688, 1063], [1635, 1064], [1636, 1064], [1637, 1064], [1678, 1064], [1679, 1064], [1680, 1064], [1681, 1064], [1686, 1064], [1687, 1064], [1688, 1064], [1689, 1064], [1635, 1065], [1636, 1065], [1637, 1065], [1678, 1065], [1679, 1065], [1680, 1065], [1681, 1065], [1682, 1065], [1687, 1065], [1688, 1065], [1689, 1065], [1690, 1065], [1636, 1066], [1637, 1066], [1678, 1066], [1679, 1066], [1680, 1066], [1681, 1066], [1682, 1066], [1683, 1066], [1684, 1066], [1688, 1066], [1689, 1066], [1690, 1066], [1636, 1067], [1637, 1067], [1638, 1067], [1639, 1067], [1678, 1067], [1679, 1067], [1681, 1067], [1682, 1067], [1683, 1067], [1684, 1067], [1685, 1067], [1686, 1067], [1689, 1067], [1690, 1067], [1691, 1067], [1636, 1068], [1637, 1068], [1638, 1068], [1639, 1068], [1678, 1068], [1679, 1068], [1680, 1068], [1683, 1068], [1684, 1068], [1685, 1068], [1686, 1068], [1689, 1068], [1690, 1068], [1691, 1068], [1692, 1068], [1638, 1069], [1639, 1069], [1640, 1069], [1678, 1069], [1679, 1069], [1680, 1069], [1681, 1069], [1685, 1069], [1686, 1069], [1687, 1069], [1690, 1069], [1691, 1069], [1692, 1069], [1693, 1069], [1638, 1070], [1639, 1070], [1640, 1070], [1641, 1070], [1679, 1070], [1680, 1070], [1681, 1070], [1682, 1070], [1683, 1070], [1685, 1070], [1686, 1070], [1687, 1070], [1691, 1070], [1692, 1070], [1693, 1070], [1639, 1071], [1640, 1071], [1641, 1071], [1680, 1071], [1681, 1071], [1682, 1071], [1683, 1071], [1684, 1071], [1685, 1071], [1686, 1071], [1687, 1071], [1692, 1071], [1693, 1071], [1694, 1071], [1640, 1072], [1641, 1072], [1682, 1072], [1683, 1072], [1684, 1072], [1685, 1072], [1686, 1072], [1687, 1072], [1692, 1072], [1693, 1072], [1694, 1072], [1695, 1072], [1640, 1073], [1641, 1073], [1642, 1073], [1693, 1073], [1694, 1073], [1695, 1073], [1640, 1074], [1641, 1074], [1642, 1074], [1643, 1074], [1694, 1074], [1695, 1074], [1696, 1074], [1641, 1075], [1642, 1075], [1643, 1075], [1694, 1075], [1695, 1075], [1696, 1075], [1697, 1075], [1642, 1076], [1643, 1076], [1644, 1076], [1645, 1076], [1695, 1076], [1696, 1076], [1697, 1076], [1642, 1077], [1643, 1077], [1644, 1077], [1645, 1077], [1646, 1077], [1696, 1077], [1697, 1077], [1698, 1077], [1644, 1078], [1645, 1078], [1646, 1078], [1696, 1078], [1697, 1078], [1698, 1078], [1645, 1079], [1646, 1079], [1697, 1079], [1698, 1079]


