White line left - 




Yellow line left - [1505, 265], [1506, 265], [1507, 265], [1508, 265], [1505, 266], [1506, 266], [1507, 266], [1508, 266], [1505, 267], [1506, 267], [1507, 267], [1508, 267]




Yellow line right - [1567, 223], [1568, 223], [1569, 223], [1570, 223], [1571, 223], [1572, 223], [1573, 223], [1564, 224], [1565, 224], [1566, 224], [1567, 224], [1568, 224], [1569, 224], [1570, 224], [1571, 224], [1572, 224], [1573, 224], [1574, 224], [1575, 224], [1576, 224], [1562, 225], [1563, 225], [1564, 225], [1565, 225], [1566, 225], [1567, 225], [1568, 225], [1572, 225], [1573, 225], [1574, 225], [1575, 225], [1576, 225], [1577, 225], [1560, 226], [1561, 226], [1562, 226], [1563, 226], [1564, 226], [1565, 226], [1575, 226], [1576, 226], [1577, 226], [1560, 227], [1561, 227], [1562, 227], [1563, 227], [1575, 227], [1576, 227], [1577, 227], [1559, 228], [1560, 228], [1561, 228], [1574, 228], [1575, 228], [1576, 228], [1559, 229], [1560, 229], [1561, 229], [1568, 229], [1569, 229], [1570, 229], [1571, 229], [1572, 229], [1573, 229], [1574, 229], [1575, 229], [1576, 229], [1559, 230], [1560, 230], [1561, 230], [1562, 230], [1563, 230], [1564, 230], [1565, 230], [1566, 230], [1567, 230], [1568, 230], [1569, 230], [1570, 230], [1571, 230], [1572, 230], [1573, 230], [1574, 230], [1575, 230], [1559, 231], [1560, 231], [1561, 231], [1562, 231], [1563, 231], [1564, 231], [1565, 231], [1566, 231], [1567, 231], [1568, 231], [1569, 231], [1560, 232], [1561, 232], [1562, 232]




White line right - [1445, 279], [1443, 280], [1444, 280], [1445, 280], [1446, 280], [1447, 280], [1448, 280], [1441, 281], [1442, 281], [1444, 281], [1445, 281], [1446, 281], [1447, 281], [1448, 281], [1449, 281], [1450, 281], [1451, 281], [1440, 282], [1441, 282], [1442, 282], [1443, 282], [1444, 282], [1445, 282], [1447, 282], [1448, 282], [1449, 282], [1450, 282], [1451, 282], [1452, 282], [1453, 282], [1454, 282], [1441, 283], [1442, 283], [1443, 283], [1444, 283], [1445, 283], [1446, 283], [1447, 283], [1448, 283], [1450, 283], [1451, 283], [1452, 283], [1453, 283], [1454, 283], [1455, 283], [1456, 283], [1444, 284], [1445, 284], [1446, 284], [1447, 284], [1448, 284], [1449, 284], [1450, 284], [1453, 284], [1454, 284], [1455, 284], [1456, 284], [1457, 284], [1458, 284], [1459, 284], [1447, 285], [1448, 285], [1449, 285], [1450, 285], [1451, 285], [1452, 285], [1453, 285], [1455, 285], [1456, 285], [1457, 285], [1458, 285], [1459, 285], [1460, 285], [1461, 285], [1462, 285], [1449, 286], [1450, 286], [1451, 286], [1452, 286], [1453, 286], [1454, 286], [1455, 286], [1458, 286], [1459, 286], [1460, 286], [1461, 286], [1462, 286], [1463, 286], [1464, 286], [1452, 287], [1453, 287], [1454, 287], [1455, 287], [1456, 287], [1457, 287], [1458, 287], [1461, 287], [1462, 287], [1463, 287], [1464, 287], [1465, 287], [1466, 287], [1467, 287], [1454, 288], [1455, 288], [1456, 288], [1457, 288], [1458, 288], [1459, 288], [1460, 288], [1461, 288], [1463, 288], [1464, 288], [1465, 288], [1466, 288], [1467, 288], [1468, 288], [1469, 288], [1457, 289], [1458, 289], [1459, 289], [1460, 289], [1461, 289], [1462, 289], [1463, 289], [1466, 289], [1467, 289], [1468, 289], [1469, 289], [1470, 289], [1471, 289], [1472, 289], [1460, 290], [1461, 290], [1462, 290], [1463, 290], [1464, 290], [1465, 290], [1466, 290], [1467, 290], [1469, 290], [1470, 290], [1471, 290], [1472, 290], [1473, 290], [1474, 290], [1462, 291], [1463, 291], [1464, 291], [1465, 291], [1466, 291], [1467, 291], [1468, 291], [1469, 291], [1470, 291], [1471, 291], [1472, 291], [1473, 291], [1474, 291], [1475, 291], [1476, 291], [1477, 291], [1467, 292], [1468, 292], [1469, 292], [1470, 292], [1471, 292], [1472, 292], [1473, 292], [1474, 292], [1475, 292], [1476, 292], [1477, 292], [1478, 292], [1479, 292], [1480, 292], [1481, 292], [1469, 293], [1470, 293], [1471, 293], [1472, 293], [1473, 293], [1474, 293], [1476, 293], [1477, 293], [1478, 293], [1479, 293], [1480, 293], [1481, 293], [1482, 293], [1483, 293], [1471, 294], [1472, 294], [1473, 294], [1474, 294], [1475, 294], [1476, 294], [1477, 294], [1480, 294], [1481, 294], [1482, 294], [1483, 294], [1484, 294], [1485, 294], [1473, 295], [1474, 295], [1475, 295], [1476, 295], [1477, 295], [1478, 295], [1479, 295], [1480, 295], [1481, 295], [1482, 295], [1483, 295], [1484, 295], [1485, 295], [1486, 295], [1487, 295], [1476, 296], [1477, 296], [1478, 296], [1479, 296], [1480, 296], [1481, 296], [1482, 296], [1483, 296], [1484, 296], [1485, 296], [1486, 296], [1487, 296], [1488, 296], [1480, 297], [1481, 297], [1482, 297], [1483, 297], [1484, 297], [1485, 297], [1486, 297], [1487, 297], [1488, 297], [1489, 297], [1490, 297], [1491, 297], [1492, 297], [1484, 298], [1485, 298], [1486, 298], [1487, 298], [1488, 298], [1489, 298], [1490, 298], [1491, 298], [1492, 298], [1493, 298], [1494, 298], [1487, 299], [1488, 299], [1489, 299], [1490, 299], [1491, 299], [1492, 299], [1493, 299], [1494, 299], [1495, 299], [1496, 299], [1497, 299], [1489, 300], [1490, 300], [1491, 300], [1492, 300], [1493, 300], [1494, 300], [1495, 300], [1497, 300], [1495, 301], [1496, 301], [1497, 301], [1509, 304], [1510, 304], [1511, 304], [1512, 304], [1509, 305], [1510, 305], [1511, 305], [1512, 305], [1513, 305], [1514, 305], [1515, 305], [1516, 305], [1509, 306], [1510, 306], [1511, 306], [1513, 306], [1514, 306], [1515, 306], [1516, 306], [1517, 306], [1518, 306], [1519, 306], [1510, 307], [1511, 307], [1512, 307], [1513, 307], [1514, 307], [1516, 307], [1517, 307], [1518, 307], [1519, 307], [1520, 307], [1521, 307], [1522, 307], [1523, 307], [1512, 308], [1513, 308], [1514, 308], [1515, 308], [1516, 308], [1517, 308], [1519, 308], [1520, 308], [1521, 308], [1522, 308], [1523, 308], [1524, 308], [1525, 308], [1526, 308], [1514, 309], [1515, 309], [1516, 309], [1517, 309], [1518, 309], [1519, 309], [1520, 309], [1521, 309], [1522, 309], [1523, 309], [1524, 309], [1525, 309], [1526, 309], [1527, 309], [1528, 309], [1517, 310], [1518, 310], [1519, 310], [1520, 310], [1521, 310], [1522, 310], [1523, 310], [1524, 310], [1526, 310], [1527, 310], [1528, 310], [1529, 310], [1520, 311], [1521, 311], [1522, 311], [1523, 311], [1524, 311], [1525, 311], [1526, 311], [1527, 311], [1528, 311], [1529, 311], [1524, 312], [1525, 312], [1526, 312], [1527, 312], [1528, 312], [1529, 312], [1539, 315], [1540, 315], [1541, 315], [1542, 315], [1543, 315], [1544, 315], [1545, 315], [1546, 315], [1539, 316], [1540, 316], [1541, 316], [1542, 316], [1543, 316], [1544, 316], [1545, 316], [1546, 316], [1547, 316], [1548, 316], [1549, 316], [1550, 316], [1551, 316], [1539, 317], [1540, 317], [1541, 317], [1542, 317], [1543, 317], [1545, 317], [1546, 317], [1547, 317], [1548, 317], [1549, 317], [1550, 317], [1551, 317], [1552, 317], [1553, 317], [1540, 318], [1541, 318], [1542, 318], [1543, 318], [1544, 318], [1545, 318], [1546, 318], [1550, 318], [1551, 318], [1552, 318], [1553, 318], [1554, 318], [1555, 318], [1542, 319], [1543, 319], [1544, 319], [1545, 319], [1546, 319], [1547, 319], [1548, 319], [1549, 319], [1552, 319], [1553, 319], [1554, 319], [1555, 319], [1556, 319], [1557, 319], [1545, 320], [1546, 320], [1547, 320], [1548, 320], [1549, 320], [1550, 320], [1551, 320], [1552, 320], [1553, 320], [1555, 320], [1556, 320], [1557, 320], [1558, 320], [1559, 320], [1548, 321], [1549, 321], [1550, 321], [1551, 321], [1552, 321], [1553, 321], [1554, 321], [1555, 321], [1557, 321], [1558, 321], [1559, 321], [1560, 321], [1561, 321], [1574, 321], [1575, 321], [1576, 321], [1553, 322], [1554, 322], [1555, 322], [1556, 322], [1557, 322], [1558, 322], [1559, 322], [1560, 322], [1561, 322], [1562, 322], [1563, 322], [1572, 322], [1573, 322], [1574, 322], [1575, 322], [1576, 322], [1577, 322], [1578, 322], [1579, 322], [1580, 322], [1581, 322], [1582, 322], [1555, 323], [1556, 323], [1557, 323], [1558, 323], [1559, 323], [1560, 323], [1561, 323], [1562, 323], [1563, 323], [1564, 323], [1565, 323], [1566, 323], [1571, 323], [1572, 323], [1573, 323], [1574, 323], [1575, 323], [1576, 323], [1577, 323], [1578, 323], [1579, 323], [1580, 323], [1581, 323], [1582, 323], [1583, 323], [1584, 323], [1558, 324], [1559, 324], [1560, 324], [1561, 324], [1562, 324], [1563, 324], [1564, 324], [1565, 324], [1566, 324], [1567, 324], [1568, 324], [1569, 324], [1570, 324], [1571, 324], [1572, 324], [1573, 324], [1581, 324], [1582, 324], [1583, 324], [1584, 324], [1585, 324], [1562, 325], [1563, 325], [1564, 325], [1565, 325], [1567, 325], [1568, 325], [1569, 325], [1570, 325], [1571, 325], [1572, 325], [1583, 325], [1584, 325], [1585, 325], [1564, 326], [1565, 326], [1566, 326], [1567, 326], [1568, 326], [1582, 326], [1583, 326], [1584, 326], [1585, 326], [1566, 327], [1567, 327], [1568, 327], [1569, 327], [1570, 327], [1582, 327], [1583, 327], [1584, 327], [1585, 327], [1567, 328], [1568, 328], [1569, 328], [1570, 328], [1571, 328], [1572, 328], [1573, 328], [1582, 328], [1583, 328], [1584, 328], [1585, 328], [1569, 329], [1570, 329], [1571, 329], [1572, 329], [1573, 329], [1574, 329], [1575, 329], [1576, 329], [1577, 329], [1582, 329], [1583, 329], [1584, 329], [1585, 329], [1586, 329], [1587, 329], [1572, 330], [1573, 330], [1574, 330], [1575, 330], [1576, 330], [1577, 330], [1578, 330], [1579, 330], [1580, 330], [1581, 330], [1584, 330], [1585, 330], [1586, 330], [1587, 330], [1588, 330], [1589, 330], [1590, 330], [1576, 331], [1577, 331], [1578, 331], [1579, 331], [1580, 331], [1581, 331], [1582, 331], [1583, 331], [1586, 331], [1587, 331], [1588, 331], [1589, 331], [1590, 331], [1591, 331], [1592, 331], [1593, 331], [1594, 331], [1580, 332], [1581, 332], [1582, 332], [1583, 332], [1584, 332], [1585, 332], [1589, 332], [1590, 332], [1591, 332], [1592, 332], [1593, 332], [1594, 332], [1595, 332], [1596, 332], [1597, 332], [1582, 333], [1583, 333], [1584, 333], [1585, 333], [1586, 333], [1587, 333], [1588, 333], [1593, 333], [1594, 333], [1595, 333], [1596, 333], [1597, 333], [1598, 333], [1599, 333], [1584, 334], [1585, 334], [1586, 334], [1587, 334], [1588, 334], [1589, 334], [1590, 334], [1591, 334], [1596, 334], [1597, 334], [1598, 334], [1599, 334], [1600, 334], [1587, 335], [1588, 335], [1589, 335], [1590, 335], [1591, 335], [1592, 335], [1593, 335], [1594, 335], [1598, 335], [1599, 335], [1600, 335], [1590, 336], [1591, 336], [1592, 336], [1593, 336], [1594, 336], [1595, 336], [1596, 336], [1597, 336], [1598, 336], [1599, 336], [1600, 336], [1593, 337], [1594, 337], [1595, 337], [1596, 337], [1597, 337], [1598, 337], [1599, 337], [1600, 337], [1605, 338], [1606, 338], [1607, 338], [1608, 338], [1609, 338], [1610, 338], [1611, 338], [1612, 338], [1613, 338], [1614, 338], [1605, 339], [1606, 339], [1607, 339], [1608, 339], [1609, 339], [1610, 339], [1611, 339], [1612, 339], [1613, 339], [1614, 339], [1615, 339], [1616, 339], [1617, 339], [1605, 340], [1606, 340], [1607, 340], [1608, 340], [1609, 340], [1612, 340], [1613, 340], [1615, 340], [1616, 340], [1617, 340], [1618, 340], [1619, 340], [1620, 340], [1621, 340], [1606, 341], [1607, 341], [1608, 341], [1609, 341], [1610, 341], [1611, 341], [1612, 341], [1613, 341], [1614, 341], [1615, 341], [1616, 341], [1617, 341], [1618, 341], [1619, 341], [1620, 341], [1621, 341], [1622, 341], [1623, 341], [1608, 342], [1609, 342], [1610, 342], [1611, 342], [1612, 342], [1613, 342], [1614, 342], [1615, 342], [1617, 342], [1618, 342], [1619, 342], [1620, 342], [1621, 342], [1622, 342], [1623, 342], [1624, 342], [1625, 342], [1626, 342], [1610, 343], [1611, 343], [1612, 343], [1613, 343], [1614, 343], [1616, 343], [1617, 343], [1618, 343], [1619, 343], [1620, 343], [1621, 343], [1622, 343], [1623, 343], [1624, 343], [1625, 343], [1626, 343], [1627, 343], [1628, 343], [1612, 344], [1613, 344], [1614, 344], [1615, 344], [1616, 344], [1617, 344], [1619, 344], [1620, 344], [1621, 344], [1625, 344], [1626, 344], [1627, 344], [1628, 344], [1629, 344], [1630, 344], [1615, 345], [1616, 345], [1617, 345], [1618, 345], [1619, 345], [1620, 345], [1621, 345], [1627, 345], [1628, 345], [1629, 345], [1630, 345], [1631, 345], [1632, 345], [1618, 346], [1619, 346], [1620, 346], [1621, 346], [1622, 346], [1623, 346], [1624, 346], [1629, 346], [1630, 346], [1631, 346], [1632, 346], [1633, 346], [1634, 346], [1635, 346], [1620, 347], [1621, 347], [1622, 347], [1623, 347], [1624, 347], [1625, 347], [1626, 347], [1627, 347], [1631, 347], [1632, 347], [1633, 347], [1634, 347], [1635, 347], [1636, 347], [1637, 347], [1623, 348], [1624, 348], [1625, 348], [1626, 348], [1627, 348], [1628, 348], [1629, 348], [1630, 348], [1631, 348], [1634, 348], [1635, 348], [1636, 348], [1637, 348], [1638, 348], [1639, 348], [1640, 348], [1626, 349], [1627, 349], [1628, 349], [1629, 349], [1630, 349], [1631, 349], [1632, 349], [1633, 349], [1634, 349], [1636, 349], [1637, 349], [1638, 349], [1639, 349], [1640, 349], [1641, 349], [1642, 349], [1643, 349], [1644, 349], [1630, 350], [1631, 350], [1632, 350], [1633, 350], [1634, 350], [1635, 350], [1636, 350], [1637, 350], [1638, 350], [1640, 350], [1641, 350], [1642, 350], [1643, 350], [1644, 350], [1645, 350], [1646, 350], [1633, 351], [1634, 351], [1635, 351], [1636, 351], [1637, 351], [1638, 351], [1639, 351], [1640, 351], [1641, 351], [1642, 351], [1643, 351], [1644, 351], [1645, 351], [1646, 351], [1647, 351], [1648, 351], [1638, 352], [1639, 352], [1640, 352], [1641, 352], [1642, 352], [1643, 352], [1644, 352], [1645, 352], [1646, 352], [1647, 352], [1648, 352], [1649, 352], [1650, 352], [1651, 352], [1652, 352], [1653, 352], [1654, 352], [1641, 353], [1642, 353], [1643, 353], [1644, 353], [1645, 353], [1646, 353], [1648, 353], [1649, 353], [1650, 353], [1651, 353], [1652, 353], [1653, 353], [1654, 353], [1655, 353], [1656, 353], [1657, 353], [1643, 354], [1644, 354], [1645, 354], [1646, 354], [1647, 354], [1648, 354], [1649, 354], [1653, 354], [1654, 354], [1655, 354], [1656, 354], [1657, 354], [1658, 354], [1659, 354], [1646, 355], [1647, 355], [1648, 355], [1649, 355], [1650, 355], [1651, 355], [1652, 355], [1656, 355], [1657, 355], [1658, 355], [1659, 355], [1660, 355], [1661, 355], [1662, 355], [1663, 355], [1648, 356], [1649, 356], [1650, 356], [1651, 356], [1652, 356], [1653, 356], [1654, 356], [1658, 356], [1659, 356], [1660, 356], [1661, 356], [1662, 356], [1663, 356], [1664, 356], [1665, 356], [1666, 356], [1651, 357], [1652, 357], [1653, 357], [1654, 357], [1655, 357], [1656, 357], [1657, 357], [1662, 357], [1663, 357], [1664, 357], [1665, 357], [1666, 357], [1667, 357], [1653, 358], [1654, 358], [1655, 358], [1656, 358], [1657, 358], [1658, 358], [1659, 358], [1660, 358], [1661, 358], [1665, 358], [1666, 358], [1667, 358], [1668, 358], [1669, 358], [1656, 359], [1657, 359], [1658, 359], [1659, 359], [1660, 359], [1661, 359], [1662, 359], [1663, 359], [1664, 359], [1665, 359], [1666, 359], [1667, 359], [1668, 359], [1669, 359], [1670, 359], [1671, 359], [1672, 359], [1673, 359], [1660, 360], [1661, 360], [1662, 360], [1663, 360], [1664, 360], [1665, 360], [1666, 360], [1667, 360], [1668, 360], [1669, 360], [1670, 360], [1671, 360], [1672, 360], [1673, 360], [1674, 360], [1675, 360], [1676, 360], [1677, 360], [1664, 361], [1665, 361], [1666, 361], [1667, 361], [1668, 361], [1669, 361], [1672, 361], [1673, 361], [1674, 361], [1675, 361], [1676, 361], [1677, 361], [1678, 361], [1679, 361], [1680, 361], [1681, 361], [1666, 362], [1667, 362], [1668, 362], [1669, 362], [1670, 362], [1671, 362], [1676, 362], [1677, 362], [1678, 362], [1679, 362], [1680, 362], [1681, 362], [1682, 362], [1683, 362], [1684, 362], [1668, 363], [1669, 363], [1670, 363], [1671, 363], [1672, 363], [1673, 363], [1680, 363], [1681, 363], [1682, 363], [1683, 363], [1684, 363], [1685, 363], [1686, 363], [1670, 364], [1671, 364], [1672, 364], [1673, 364], [1674, 364], [1675, 364], [1676, 364], [1683, 364], [1684, 364], [1685, 364], [1686, 364], [1687, 364], [1688, 364], [1689, 364], [1672, 365], [1673, 365], [1674, 365], [1675, 365], [1676, 365], [1677, 365], [1678, 365], [1679, 365], [1685, 365], [1686, 365], [1687, 365], [1688, 365], [1689, 365], [1690, 365], [1675, 366], [1676, 366], [1677, 366], [1678, 366], [1679, 366], [1680, 366], [1681, 366], [1682, 366], [1683, 366], [1688, 366], [1689, 366], [1690, 366], [1691, 366], [1692, 366], [1678, 367], [1679, 367], [1680, 367], [1681, 367], [1682, 367], [1683, 367], [1684, 367], [1685, 367], [1686, 367], [1687, 367], [1689, 367], [1690, 367], [1691, 367], [1692, 367], [1693, 367], [1694, 367], [1695, 367], [1696, 367], [1682, 368], [1683, 368], [1684, 368], [1685, 368], [1686, 368], [1687, 368], [1688, 368], [1689, 368], [1691, 368], [1692, 368], [1693, 368], [1694, 368], [1695, 368], [1696, 368], [1697, 368], [1698, 368], [1699, 368], [1700, 368], [1686, 369], [1687, 369], [1688, 369], [1689, 369], [1690, 369], [1691, 369], [1695, 369], [1696, 369], [1697, 369], [1698, 369], [1699, 369], [1700, 369], [1701, 369], [1702, 369], [1703, 369], [1688, 370], [1689, 370], [1690, 370], [1691, 370], [1692, 370], [1693, 370], [1694, 370], [1699, 370], [1700, 370], [1701, 370], [1702, 370], [1703, 370], [1704, 370], [1705, 370], [1690, 371], [1691, 371], [1692, 371], [1693, 371], [1694, 371], [1695, 371], [1696, 371], [1697, 371], [1698, 371], [1702, 371], [1703, 371], [1704, 371], [1705, 371], [1706, 371], [1707, 371], [1708, 371], [1693, 372], [1694, 372], [1695, 372], [1696, 372], [1697, 372], [1698, 372], [1699, 372], [1700, 372], [1701, 372], [1704, 372], [1705, 372], [1706, 372], [1707, 372], [1708, 372], [1709, 372], [1710, 372], [1711, 372], [1697, 373], [1698, 373], [1699, 373], [1700, 373], [1701, 373], [1702, 373], [1703, 373], [1704, 373], [1707, 373], [1708, 373], [1709, 373], [1710, 373], [1711, 373], [1712, 373], [1713, 373], [1714, 373], [1715, 373], [1700, 374], [1701, 374], [1702, 374], [1703, 374], [1704, 374], [1705, 374], [1706, 374], [1710, 374], [1711, 374], [1712, 374], [1713, 374], [1714, 374], [1715, 374], [1716, 374], [1717, 374], [1718, 374], [1703, 375], [1704, 375], [1705, 375], [1706, 375], [1707, 375], [1708, 375], [1714, 375], [1715, 375], [1716, 375], [1717, 375], [1718, 375], [1719, 375], [1720, 375], [1705, 376], [1706, 376], [1707, 376], [1708, 376], [1709, 376], [1717, 376], [1718, 376], [1719, 376], [1720, 376], [1721, 376], [1722, 376], [1707, 377], [1708, 377], [1709, 377], [1710, 377], [1711, 377], [1712, 377], [1719, 377], [1720, 377], [1721, 377], [1722, 377], [1723, 377], [1708, 378], [1709, 378], [1710, 378], [1711, 378], [1712, 378], [1713, 378], [1714, 378], [1715, 378], [1716, 378], [1721, 378], [1722, 378], [1723, 378], [1724, 378], [1725, 378], [1711, 379], [1712, 379], [1713, 379], [1714, 379], [1715, 379], [1716, 379], [1717, 379], [1718, 379], [1719, 379], [1720, 379], [1721, 379], [1722, 379], [1723, 379], [1724, 379], [1725, 379], [1715, 380], [1716, 380], [1717, 380], [1718, 380], [1719, 380], [1720, 380], [1721, 380], [1722, 380], [1723, 380], [1724, 380], [1725, 380], [1746, 387], [1747, 387], [1748, 387], [1749, 387], [1750, 387], [1751, 387], [1746, 388], [1747, 388], [1748, 388], [1749, 388], [1750, 388], [1751, 388], [1752, 388], [1753, 388], [1746, 389], [1747, 389], [1748, 389], [1749, 389], [1750, 389], [1751, 389], [1752, 389], [1753, 389], [1754, 389], [1747, 390], [1748, 390], [1749, 390], [1750, 390], [1751, 390], [1752, 390], [1753, 390], [1754, 390], [1750, 391], [1751, 391], [1752, 391], [1753, 391], [1754, 391], [1757, 391], [1758, 391], [1759, 391], [1760, 391], [1761, 391], [1762, 391], [1763, 391], [1764, 391], [1757, 392], [1758, 392], [1759, 392], [1760, 392], [1761, 392], [1762, 392], [1763, 392], [1764, 392], [1765, 392], [1766, 392], [1767, 392], [1768, 392], [1757, 393], [1758, 393], [1759, 393], [1760, 393], [1761, 393], [1763, 393], [1764, 393], [1765, 393], [1766, 393], [1767, 393], [1768, 393], [1769, 393], [1770, 393], [1771, 393], [1772, 393], [1758, 394], [1759, 394], [1760, 394], [1761, 394], [1762, 394], [1763, 394], [1764, 394], [1767, 394], [1768, 394], [1769, 394], [1770, 394], [1771, 394], [1772, 394], [1773, 394], [1774, 394], [1760, 395], [1761, 395], [1762, 395], [1763, 395], [1764, 395], [1765, 395], [1766, 395], [1771, 395], [1772, 395], [1773, 395], [1774, 395], [1775, 395], [1776, 395], [1763, 396], [1764, 396], [1765, 396], [1766, 396], [1767, 396], [1768, 396], [1769, 396], [1773, 396], [1774, 396], [1775, 396], [1776, 396], [1777, 396], [1778, 396], [1779, 396], [1765, 397], [1766, 397], [1767, 397], [1768, 397], [1769, 397], [1770, 397], [1771, 397], [1772, 397], [1773, 397], [1775, 397], [1776, 397], [1777, 397], [1778, 397], [1779, 397], [1780, 397], [1781, 397], [1782, 397], [1768, 398], [1769, 398], [1770, 398], [1771, 398], [1772, 398], [1773, 398], [1774, 398], [1775, 398], [1776, 398], [1778, 398], [1779, 398], [1780, 398], [1781, 398], [1782, 398], [1783, 398], [1784, 398], [1785, 398], [1786, 398], [1772, 399], [1773, 399], [1774, 399], [1775, 399], [1776, 399], [1777, 399], [1778, 399], [1781, 399], [1782, 399], [1783, 399], [1784, 399], [1785, 399], [1786, 399], [1787, 399], [1788, 399], [1789, 399], [1775, 400], [1776, 400], [1777, 400], [1778, 400], [1779, 400], [1780, 400], [1785, 400], [1786, 400], [1787, 400], [1788, 400], [1789, 400], [1790, 400], [1791, 400], [1792, 400], [1793, 400], [1777, 401], [1778, 401], [1779, 401], [1780, 401], [1781, 401], [1782, 401], [1788, 401], [1789, 401], [1790, 401], [1791, 401], [1792, 401], [1793, 401], [1794, 401], [1795, 401], [1796, 401], [1237, 402], [1779, 402], [1780, 402], [1781, 402], [1782, 402], [1783, 402], [1784, 402], [1792, 402], [1793, 402], [1794, 402], [1795, 402], [1796, 402], [1797, 402], [1798, 402], [1799, 402], [1781, 403], [1782, 403], [1783, 403], [1784, 403], [1785, 403], [1786, 403], [1787, 403], [1795, 403], [1796, 403], [1797, 403], [1798, 403], [1799, 403], [1800, 403], [1801, 403], [1802, 403], [1234, 404], [1235, 404], [1236, 404], [1783, 404], [1784, 404], [1785, 404], [1786, 404], [1787, 404], [1788, 404], [1789, 404], [1790, 404], [1798, 404], [1799, 404], [1800, 404], [1801, 404], [1802, 404], [1803, 404], [1804, 404], [1805, 404], [1232, 405], [1233, 405], [1234, 405], [1235, 405], [1236, 405], [1237, 405], [1786, 405], [1787, 405], [1788, 405], [1789, 405], [1790, 405], [1791, 405], [1792, 405], [1793, 405], [1799, 405], [1800, 405], [1801, 405], [1802, 405], [1803, 405], [1804, 405], [1805, 405], [1806, 405], [1807, 405], [1808, 405], [1231, 406], [1232, 406], [1233, 406], [1234, 406], [1235, 406], [1236, 406], [1237, 406], [1238, 406], [1789, 406], [1790, 406], [1791, 406], [1792, 406], [1793, 406], [1794, 406], [1795, 406], [1796, 406], [1799, 406], [1800, 406], [1801, 406], [1802, 406], [1803, 406], [1805, 406], [1806, 406], [1807, 406], [1808, 406], [1809, 406], [1810, 406], [1811, 406], [1233, 407], [1234, 407], [1235, 407], [1236, 407], [1237, 407], [1238, 407], [1239, 407], [1792, 407], [1793, 407], [1794, 407], [1795, 407], [1796, 407], [1797, 407], [1798, 407], [1800, 407], [1801, 407], [1802, 407], [1803, 407], [1804, 407], [1805, 407], [1806, 407], [1808, 407], [1809, 407], [1810, 407], [1811, 407], [1812, 407], [1813, 407], [1235, 408], [1236, 408], [1237, 408], [1238, 408], [1239, 408], [1240, 408], [1795, 408], [1796, 408], [1797, 408], [1798, 408], [1799, 408], [1800, 408], [1802, 408], [1803, 408], [1804, 408], [1805, 408], [1806, 408], [1807, 408], [1810, 408], [1811, 408], [1812, 408], [1813, 408], [1814, 408], [1815, 408], [1816, 408], [1236, 409], [1237, 409], [1238, 409], [1239, 409], [1240, 409], [1798, 409], [1799, 409], [1800, 409], [1801, 409], [1802, 409], [1803, 409], [1805, 409], [1806, 409], [1807, 409], [1812, 409], [1813, 409], [1814, 409], [1815, 409], [1816, 409], [1817, 409], [1818, 409], [1819, 409], [1237, 410], [1238, 410], [1239, 410], [1240, 410], [1241, 410], [1800, 410], [1801, 410], [1802, 410], [1803, 410], [1804, 410], [1805, 410], [1806, 410], [1807, 410], [1815, 410], [1816, 410], [1817, 410], [1818, 410], [1819, 410], [1820, 410], [1821, 410], [1222, 411], [1223, 411], [1224, 411], [1238, 411], [1239, 411], [1241, 411], [1242, 411], [1803, 411], [1804, 411], [1805, 411], [1806, 411], [1807, 411], [1808, 411], [1809, 411], [1810, 411], [1818, 411], [1819, 411], [1820, 411], [1821, 411], [1822, 411], [1823, 411], [1824, 411], [1220, 412], [1221, 412], [1222, 412], [1223, 412], [1224, 412], [1225, 412], [1239, 412], [1240, 412], [1242, 412], [1243, 412], [1806, 412], [1807, 412], [1808, 412], [1809, 412], [1810, 412], [1811, 412], [1812, 412], [1813, 412], [1820, 412], [1821, 412], [1822, 412], [1823, 412], [1824, 412], [1221, 413], [1222, 413], [1223, 413], [1224, 413], [1225, 413], [1226, 413], [1240, 413], [1241, 413], [1243, 413], [1244, 413], [1809, 413], [1810, 413], [1811, 413], [1812, 413], [1813, 413], [1814, 413], [1815, 413], [1823, 413], [1824, 413], [1222, 414], [1223, 414], [1224, 414], [1225, 414], [1226, 414], [1227, 414], [1241, 414], [1242, 414], [1244, 414], [1245, 414], [1812, 414], [1813, 414], [1814, 414], [1815, 414], [1816, 414], [1817, 414], [1818, 414], [1223, 415], [1224, 415], [1225, 415], [1226, 415], [1227, 415], [1228, 415], [1242, 415], [1243, 415], [1245, 415], [1246, 415], [1814, 415], [1815, 415], [1816, 415], [1817, 415], [1818, 415], [1819, 415], [1820, 415], [1821, 415], [1224, 416], [1225, 416], [1226, 416], [1227, 416], [1228, 416], [1229, 416], [1243, 416], [1244, 416], [1246, 416], [1247, 416], [1817, 416], [1818, 416], [1819, 416], [1820, 416], [1821, 416], [1822, 416], [1823, 416], [1824, 416], [1225, 417], [1226, 417], [1227, 417], [1228, 417], [1229, 417], [1230, 417], [1244, 417], [1245, 417], [1247, 417], [1248, 417], [1249, 417], [1820, 417], [1821, 417], [1822, 417], [1823, 417], [1824, 417], [1226, 418], [1227, 418], [1228, 418], [1230, 418], [1231, 418], [1245, 418], [1246, 418], [1247, 418], [1248, 418], [1249, 418], [1250, 418], [1823, 418], [1824, 418], [1228, 419], [1229, 419], [1231, 419], [1232, 419], [1246, 419], [1247, 419], [1248, 419], [1249, 419], [1250, 419], [1251, 419], [1229, 420], [1230, 420], [1232, 420], [1233, 420], [1247, 420], [1248, 420], [1249, 420], [1250, 420], [1251, 420], [1252, 420], [1230, 421], [1231, 421], [1233, 421], [1234, 421], [1248, 421], [1249, 421], [1250, 421], [1251, 421], [1252, 421], [1253, 421], [1231, 422], [1232, 422], [1233, 422], [1234, 422], [1249, 422], [1250, 422], [1251, 422], [1253, 422], [1254, 422], [1232, 423], [1233, 423], [1234, 423], [1235, 423], [1251, 423], [1252, 423], [1254, 423], [1255, 423], [1232, 424], [1233, 424], [1235, 424], [1236, 424], [1252, 424], [1253, 424], [1255, 424], [1256, 424], [1233, 425], [1234, 425], [1236, 425], [1237, 425], [1238, 425], [1253, 425], [1254, 425], [1256, 425], [1257, 425], [1234, 426], [1235, 426], [1236, 426], [1237, 426], [1238, 426], [1254, 426], [1255, 426], [1257, 426], [1258, 426], [1235, 427], [1236, 427], [1237, 427], [1238, 427], [1239, 427], [1255, 427], [1256, 427], [1258, 427], [1259, 427], [1236, 428], [1237, 428], [1239, 428], [1240, 428], [1256, 428], [1257, 428], [1258, 428], [1259, 428], [1260, 428], [1237, 429], [1238, 429], [1240, 429], [1241, 429], [1257, 429], [1258, 429], [1259, 429], [1260, 429], [1261, 429], [1238, 430], [1239, 430], [1241, 430], [1242, 430], [1257, 430], [1258, 430], [1259, 430], [1260, 430], [1261, 430], [1262, 430], [1239, 431], [1240, 431], [1241, 431], [1242, 431], [1243, 431], [1258, 431], [1259, 431], [1260, 431], [1261, 431], [1262, 431], [1240, 432], [1241, 432], [1242, 432], [1243, 432], [1244, 432], [1245, 432], [1259, 432], [1260, 432], [1261, 432], [1262, 432], [1263, 432], [1240, 433], [1241, 433], [1242, 433], [1243, 433], [1244, 433], [1245, 433], [1246, 433], [1247, 433], [1248, 433], [1249, 433], [1250, 433], [1251, 433], [1252, 433], [1253, 433], [1260, 433], [1261, 433], [1262, 433], [1263, 433], [1264, 433], [1241, 434], [1242, 434], [1243, 434], [1244, 434], [1246, 434], [1247, 434], [1248, 434], [1249, 434], [1250, 434], [1251, 434], [1252, 434], [1253, 434], [1254, 434], [1255, 434], [1256, 434], [1261, 434], [1262, 434], [1263, 434], [1264, 434], [1265, 434], [1242, 435], [1243, 435], [1244, 435], [1245, 435], [1246, 435], [1247, 435], [1248, 435], [1249, 435], [1250, 435], [1251, 435], [1252, 435], [1253, 435], [1254, 435], [1255, 435], [1256, 435], [1257, 435], [1258, 435], [1259, 435], [1260, 435], [1261, 435], [1262, 435], [1263, 435], [1264, 435], [1265, 435], [1266, 435], [1245, 436], [1246, 436], [1247, 436], [1248, 436], [1249, 436], [1250, 436], [1251, 436], [1252, 436], [1253, 436], [1254, 436], [1255, 436], [1256, 436], [1257, 436], [1258, 436], [1259, 436], [1260, 436], [1261, 436], [1262, 436], [1263, 436], [1264, 436], [1265, 436], [1266, 436], [1267, 436], [1252, 437], [1253, 437], [1254, 437], [1255, 437], [1259, 437], [1260, 437], [1261, 437], [1265, 437], [1266, 437], [1267, 437], [1268, 437], [1253, 438], [1254, 438], [1255, 438], [1256, 438], [1266, 438], [1267, 438], [1268, 438], [1269, 438], [1270, 438], [1254, 439], [1255, 439], [1256, 439], [1257, 439], [1267, 439], [1268, 439], [1269, 439], [1270, 439], [1271, 439], [1255, 440], [1256, 440], [1257, 440], [1258, 440], [1269, 440], [1270, 440], [1271, 440], [1272, 440], [1256, 441], [1257, 441], [1258, 441], [1259, 441], [1260, 441], [1270, 441], [1271, 441], [1272, 441], [1273, 441], [1257, 442], [1258, 442], [1259, 442], [1260, 442], [1261, 442], [1262, 442], [1271, 442], [1272, 442], [1273, 442], [1259, 443], [1260, 443], [1261, 443], [1262, 443], [1263, 443], [1272, 443], [1273, 443], [1274, 443], [1261, 444], [1262, 444], [1263, 444], [1264, 444], [1265, 444], [1272, 444], [1273, 444], [1274, 444], [1275, 444], [1262, 445], [1263, 445], [1264, 445], [1265, 445], [1273, 445], [1274, 445], [1275, 445], [1276, 445], [1264, 446], [1265, 446], [1266, 446], [1274, 446], [1275, 446], [1276, 446], [1277, 446], [1264, 447], [1265, 447], [1266, 447], [1267, 447], [1275, 447], [1276, 447], [1277, 447], [1278, 447], [1265, 448], [1266, 448], [1267, 448], [1276, 448], [1277, 448], [1278, 448], [1279, 448], [1266, 449], [1267, 449], [1268, 449], [1277, 449], [1278, 449], [1279, 449], [1280, 449], [1281, 449], [1266, 450], [1267, 450], [1268, 450], [1278, 450], [1279, 450], [1280, 450], [1281, 450], [1282, 450], [1283, 450], [1267, 451], [1268, 451], [1280, 451], [1281, 451], [1282, 451], [1283, 451], [1284, 451], [1267, 452], [1268, 452], [1282, 452], [1283, 452], [1284, 452], [1285, 452], [1266, 453], [1267, 453], [1268, 453], [1283, 453], [1284, 453], [1285, 453], [1286, 453], [1287, 453], [1266, 454], [1267, 454], [1268, 454], [1284, 454], [1285, 454], [1286, 454], [1287, 454], [1288, 454], [1266, 455], [1267, 455], [1286, 455], [1287, 455], [1288, 455], [1289, 455], [1266, 456], [1267, 456], [1268, 456], [1280, 456], [1281, 456], [1282, 456], [1287, 456], [1288, 456], [1289, 456], [1290, 456], [1266, 457], [1267, 457], [1268, 457], [1269, 457], [1272, 457], [1273, 457], [1274, 457], [1278, 457], [1279, 457], [1280, 457], [1281, 457], [1282, 457], [1283, 457], [1284, 457], [1285, 457], [1286, 457], [1287, 457], [1288, 457], [1289, 457], [1290, 457], [1267, 458], [1268, 458], [1269, 458], [1270, 458], [1271, 458], [1272, 458], [1273, 458], [1274, 458], [1275, 458], [1276, 458], [1277, 458], [1278, 458], [1279, 458], [1280, 458], [1281, 458], [1282, 458], [1283, 458], [1284, 458], [1285, 458], [1286, 458], [1287, 458], [1288, 458], [1289, 458], [1290, 458], [1291, 458], [1268, 459], [1269, 459], [1270, 459], [1271, 459], [1272, 459], [1273, 459], [1274, 459], [1275, 459], [1276, 459], [1277, 459], [1278, 459], [1279, 459], [1286, 459], [1287, 459], [1288, 459], [1289, 459], [1290, 459], [1291, 459], [1292, 459], [1269, 460], [1270, 460], [1272, 460], [1273, 460], [1288, 460], [1289, 460], [1290, 460], [1291, 460], [1292, 460], [1293, 460], [1270, 461], [1271, 461], [1272, 461], [1273, 461], [1289, 461], [1290, 461], [1291, 461], [1293, 461], [1294, 461], [1270, 462], [1271, 462], [1272, 462], [1273, 462], [1274, 462], [1291, 462], [1292, 462], [1294, 462], [1295, 462], [1271, 463], [1272, 463], [1274, 463], [1275, 463], [1292, 463], [1293, 463], [1295, 463], [1296, 463], [1272, 464], [1273, 464], [1275, 464], [1276, 464], [1293, 464], [1294, 464], [1296, 464], [1297, 464], [1273, 465], [1274, 465], [1276, 465], [1277, 465], [1294, 465], [1295, 465], [1296, 465], [1297, 465], [1298, 465], [1274, 466], [1275, 466], [1277, 466], [1278, 466], [1295, 466], [1296, 466], [1297, 466], [1298, 466], [1299, 466], [1275, 467], [1276, 467], [1278, 467], [1279, 467], [1295, 467], [1296, 467], [1297, 467], [1298, 467], [1299, 467], [1300, 467], [1276, 468], [1277, 468], [1279, 468], [1280, 468], [1296, 468], [1297, 468], [1298, 468], [1299, 468], [1300, 468], [1301, 468], [1277, 469], [1278, 469], [1280, 469], [1281, 469], [1297, 469], [1298, 469], [1299, 469], [1300, 469], [1301, 469], [1302, 469], [1278, 470], [1279, 470], [1281, 470], [1282, 470], [1298, 470], [1299, 470], [1300, 470], [1301, 470], [1302, 470], [1303, 470], [1279, 471], [1280, 471], [1282, 471], [1283, 471], [1299, 471], [1300, 471], [1301, 471], [1302, 471], [1303, 471], [1304, 471], [1280, 472], [1281, 472], [1283, 472], [1284, 472], [1300, 472], [1301, 472], [1302, 472], [1303, 472], [1304, 472], [1305, 472], [1281, 473], [1282, 473], [1283, 473], [1284, 473], [1285, 473], [1301, 473], [1302, 473], [1303, 473], [1304, 473], [1305, 473], [1306, 473], [1282, 474], [1283, 474], [1284, 474], [1285, 474], [1286, 474], [1302, 474], [1303, 474], [1304, 474], [1305, 474], [1306, 474], [1307, 474], [1308, 474], [1282, 475], [1283, 475], [1284, 475], [1285, 475], [1286, 475], [1287, 475], [1303, 475], [1304, 475], [1305, 475], [1306, 475], [1307, 475], [1308, 475], [1309, 475], [1283, 476], [1284, 476], [1285, 476], [1286, 476], [1287, 476], [1288, 476], [1304, 476], [1305, 476], [1306, 476], [1308, 476], [1309, 476], [1310, 476], [1284, 477], [1285, 477], [1286, 477], [1287, 477], [1288, 477], [1289, 477], [1305, 477], [1306, 477], [1307, 477], [1309, 477], [1310, 477], [1311, 477], [1285, 478], [1286, 478], [1287, 478], [1288, 478], [1289, 478], [1290, 478], [1303, 478], [1304, 478], [1305, 478], [1306, 478], [1307, 478], [1308, 478], [1309, 478], [1310, 478], [1311, 478], [1312, 478], [1286, 479], [1287, 479], [1288, 479], [1289, 479], [1290, 479], [1291, 479], [1303, 479], [1304, 479], [1305, 479], [1306, 479], [1307, 479], [1308, 479], [1309, 479], [1310, 479], [1311, 479], [1312, 479], [1313, 479], [1287, 480], [1288, 480], [1289, 480], [1290, 480], [1291, 480], [1292, 480], [1303, 480], [1304, 480], [1305, 480], [1307, 480], [1308, 480], [1309, 480], [1310, 480], [1311, 480], [1312, 480], [1313, 480], [1314, 480], [1288, 481], [1289, 481], [1290, 481], [1291, 481], [1292, 481], [1293, 481], [1304, 481], [1305, 481], [1306, 481], [1307, 481], [1308, 481], [1309, 481], [1311, 481], [1312, 481], [1314, 481], [1315, 481], [1289, 482], [1290, 482], [1291, 482], [1292, 482], [1293, 482], [1294, 482], [1305, 482], [1306, 482], [1307, 482], [1308, 482], [1309, 482], [1310, 482], [1311, 482], [1312, 482], [1313, 482], [1315, 482], [1316, 482], [1290, 483], [1291, 483], [1292, 483], [1294, 483], [1295, 483], [1296, 483], [1306, 483], [1307, 483], [1308, 483], [1310, 483], [1311, 483], [1313, 483], [1314, 483], [1315, 483], [1316, 483], [1317, 483], [1292, 484], [1293, 484], [1294, 484], [1295, 484], [1296, 484], [1297, 484], [1307, 484], [1308, 484], [1309, 484], [1310, 484], [1311, 484], [1314, 484], [1315, 484], [1316, 484], [1317, 484], [1318, 484], [1293, 485], [1294, 485], [1295, 485], [1296, 485], [1297, 485], [1298, 485], [1308, 485], [1309, 485], [1310, 485], [1311, 485], [1314, 485], [1315, 485], [1316, 485], [1317, 485], [1318, 485], [1319, 485], [1294, 486], [1295, 486], [1296, 486], [1297, 486], [1298, 486], [1299, 486], [1309, 486], [1310, 486], [1311, 486], [1315, 486], [1316, 486], [1317, 486], [1319, 486], [1320, 486], [1295, 487], [1296, 487], [1297, 487], [1298, 487], [1299, 487], [1300, 487], [1313, 487], [1314, 487], [1315, 487], [1317, 487], [1318, 487], [1320, 487], [1321, 487], [1296, 488], [1297, 488], [1298, 488], [1299, 488], [1300, 488], [1301, 488], [1312, 488], [1313, 488], [1314, 488], [1315, 488], [1318, 488], [1319, 488], [1321, 488], [1322, 488], [1297, 489], [1298, 489], [1299, 489], [1300, 489], [1301, 489], [1312, 489], [1313, 489], [1314, 489], [1315, 489], [1316, 489], [1317, 489], [1319, 489], [1320, 489], [1322, 489], [1323, 489], [1298, 490], [1299, 490], [1301, 490], [1302, 490], [1303, 490], [1312, 490], [1313, 490], [1314, 490], [1315, 490], [1316, 490], [1317, 490], [1318, 490], [1320, 490], [1321, 490], [1323, 490], [1324, 490], [1299, 491], [1300, 491], [1301, 491], [1302, 491], [1303, 491], [1304, 491], [1313, 491], [1314, 491], [1315, 491], [1316, 491], [1317, 491], [1318, 491], [1319, 491], [1321, 491], [1322, 491], [1324, 491], [1325, 491], [1299, 492], [1300, 492], [1301, 492], [1303, 492], [1304, 492], [1305, 492], [1314, 492], [1315, 492], [1316, 492], [1317, 492], [1318, 492], [1319, 492], [1320, 492], [1322, 492], [1323, 492], [1325, 492], [1326, 492], [1300, 493], [1301, 493], [1302, 493], [1304, 493], [1305, 493], [1314, 493], [1315, 493], [1316, 493], [1318, 493], [1319, 493], [1320, 493], [1321, 493], [1323, 493], [1324, 493], [1326, 493], [1327, 493], [1301, 494], [1302, 494], [1303, 494], [1304, 494], [1305, 494], [1306, 494], [1312, 494], [1313, 494], [1314, 494], [1315, 494], [1316, 494], [1319, 494], [1320, 494], [1321, 494], [1322, 494], [1324, 494], [1325, 494], [1327, 494], [1328, 494], [1302, 495], [1303, 495], [1304, 495], [1305, 495], [1306, 495], [1307, 495], [1312, 495], [1313, 495], [1314, 495], [1315, 495], [1316, 495], [1317, 495], [1320, 495], [1321, 495], [1322, 495], [1323, 495], [1325, 495], [1326, 495], [1327, 495], [1328, 495], [1329, 495], [1303, 496], [1304, 496], [1305, 496], [1306, 496], [1307, 496], [1312, 496], [1313, 496], [1314, 496], [1315, 496], [1316, 496], [1317, 496], [1321, 496], [1322, 496], [1323, 496], [1324, 496], [1326, 496], [1327, 496], [1328, 496], [1329, 496], [1330, 496], [1304, 497], [1305, 497], [1307, 497], [1308, 497], [1309, 497], [1312, 497], [1313, 497], [1314, 497], [1315, 497], [1316, 497], [1317, 497], [1322, 497], [1323, 497], [1324, 497], [1325, 497], [1327, 497], [1328, 497], [1329, 497], [1330, 497], [1331, 497], [1332, 497], [1305, 498], [1306, 498], [1307, 498], [1308, 498], [1309, 498], [1310, 498], [1311, 498], [1312, 498], [1313, 498], [1314, 498], [1323, 498], [1324, 498], [1325, 498], [1326, 498], [1327, 498], [1328, 498], [1329, 498], [1330, 498], [1331, 498], [1332, 498], [1305, 499], [1306, 499], [1307, 499], [1309, 499], [1310, 499], [1311, 499], [1312, 499], [1313, 499], [1314, 499], [1325, 499], [1326, 499], [1327, 499], [1328, 499], [1329, 499], [1331, 499], [1332, 499], [1333, 499], [1306, 500], [1307, 500], [1308, 500], [1309, 500], [1331, 500], [1332, 500], [1333, 500], [1334, 500], [1307, 501], [1308, 501], [1309, 501], [1310, 501], [1332, 501], [1333, 501], [1334, 501], [1335, 501], [1308, 502], [1309, 502], [1310, 502], [1333, 502], [1334, 502], [1335, 502], [1336, 502], [1309, 503], [1310, 503], [1311, 503], [1334, 503], [1335, 503], [1336, 503], [1337, 503], [1309, 504], [1310, 504], [1311, 504], [1312, 504], [1335, 504], [1336, 504], [1337, 504], [1338, 504], [1310, 505], [1311, 505], [1312, 505], [1313, 505], [1336, 505], [1337, 505], [1338, 505], [1311, 506], [1312, 506], [1313, 506], [1314, 506], [1315, 506], [1337, 506], [1338, 506], [1339, 506], [1312, 507], [1313, 507], [1314, 507], [1315, 507], [1316, 507], [1337, 507], [1338, 507], [1339, 507], [1340, 507], [1314, 508], [1315, 508], [1316, 508], [1317, 508], [1338, 508], [1339, 508], [1340, 508], [1341, 508], [1315, 509], [1316, 509], [1317, 509], [1318, 509], [1339, 509], [1340, 509], [1341, 509], [1342, 509], [1343, 509], [1316, 510], [1317, 510], [1318, 510], [1319, 510], [1340, 510], [1341, 510], [1342, 510], [1343, 510], [1344, 510], [1317, 511], [1318, 511], [1319, 511], [1320, 511], [1342, 511], [1343, 511], [1344, 511], [1345, 511], [1318, 512], [1319, 512], [1320, 512], [1321, 512], [1343, 512], [1344, 512], [1345, 512], [1346, 512], [1319, 513], [1320, 513], [1321, 513], [1322, 513], [1323, 513], [1344, 513], [1345, 513], [1346, 513], [1347, 513], [1320, 514], [1321, 514], [1322, 514], [1323, 514], [1324, 514], [1345, 514], [1346, 514], [1347, 514], [1348, 514], [1322, 515], [1323, 515], [1324, 515], [1325, 515], [1326, 515], [1346, 515], [1347, 515], [1348, 515], [1349, 515], [1323, 516], [1324, 516], [1325, 516], [1326, 516], [1347, 516], [1348, 516], [1349, 516], [1350, 516], [1325, 517], [1326, 517], [1327, 517], [1348, 517], [1349, 517], [1350, 517], [1351, 517], [1325, 518], [1326, 518], [1327, 518], [1328, 518], [1349, 518], [1350, 518], [1351, 518], [1352, 518], [1326, 519], [1327, 519], [1328, 519], [1329, 519], [1350, 519], [1351, 519], [1352, 519], [1353, 519], [1327, 520], [1328, 520], [1329, 520], [1330, 520], [1351, 520], [1352, 520], [1353, 520], [1354, 520], [1328, 521], [1329, 521], [1330, 521], [1331, 521], [1352, 521], [1353, 521], [1354, 521], [1355, 521], [1329, 522], [1330, 522], [1331, 522], [1332, 522], [1333, 522], [1353, 522], [1354, 522], [1355, 522], [1356, 522], [1330, 523], [1331, 523], [1332, 523], [1333, 523], [1334, 523], [1354, 523], [1355, 523], [1356, 523], [1357, 523], [1332, 524], [1333, 524], [1334, 524], [1335, 524], [1355, 524], [1356, 524], [1357, 524], [1358, 524], [1333, 525], [1334, 525], [1335, 525], [1336, 525], [1356, 525], [1357, 525], [1358, 525], [1359, 525], [1334, 526], [1335, 526], [1336, 526], [1337, 526], [1357, 526], [1358, 526], [1359, 526], [1360, 526], [1335, 527], [1336, 527], [1337, 527], [1358, 527], [1359, 527], [1360, 527], [1361, 527], [1362, 527], [1336, 528], [1337, 528], [1338, 528], [1359, 528], [1360, 528], [1361, 528], [1362, 528], [1363, 528], [1336, 529], [1337, 529], [1338, 529], [1339, 529], [1361, 529], [1362, 529], [1363, 529], [1364, 529], [1365, 529], [1337, 530], [1338, 530], [1339, 530], [1340, 530], [1362, 530], [1363, 530], [1364, 530], [1365, 530], [1366, 530], [1338, 531], [1339, 531], [1340, 531], [1341, 531], [1364, 531], [1365, 531], [1366, 531], [1367, 531], [1339, 532], [1340, 532], [1341, 532], [1342, 532], [1365, 532], [1366, 532], [1367, 532], [1368, 532], [1340, 533], [1341, 533], [1342, 533], [1343, 533], [1366, 533], [1367, 533], [1368, 533], [1369, 533], [1341, 534], [1342, 534], [1343, 534], [1344, 534], [1367, 534], [1368, 534], [1369, 534], [1370, 534], [1342, 535], [1343, 535], [1344, 535], [1345, 535], [1353, 535], [1354, 535], [1355, 535], [1356, 535], [1357, 535], [1358, 535], [1368, 535], [1369, 535], [1370, 535], [1371, 535], [1343, 536], [1344, 536], [1345, 536], [1346, 536], [1352, 536], [1353, 536], [1354, 536], [1355, 536], [1356, 536], [1357, 536], [1358, 536], [1359, 536], [1360, 536], [1361, 536], [1362, 536], [1369, 536], [1370, 536], [1371, 536], [1372, 536], [1344, 537], [1345, 537], [1346, 537], [1347, 537], [1351, 537], [1352, 537], [1353, 537], [1354, 537], [1357, 537], [1358, 537], [1359, 537], [1360, 537], [1361, 537], [1362, 537], [1363, 537], [1370, 537], [1371, 537], [1372, 537], [1373, 537], [1345, 538], [1346, 538], [1347, 538], [1348, 538], [1351, 538], [1352, 538], [1353, 538], [1361, 538], [1362, 538], [1363, 538], [1364, 538], [1365, 538], [1367, 538], [1368, 538], [1369, 538], [1370, 538], [1372, 538], [1373, 538], [1374, 538], [1346, 539], [1347, 539], [1348, 539], [1349, 539], [1351, 539], [1352, 539], [1353, 539], [1362, 539], [1363, 539], [1364, 539], [1365, 539], [1366, 539], [1367, 539], [1368, 539], [1369, 539], [1370, 539], [1371, 539], [1372, 539], [1373, 539], [1374, 539], [1375, 539], [1347, 540], [1348, 540], [1349, 540], [1350, 540], [1351, 540], [1352, 540], [1353, 540], [1364, 540], [1365, 540], [1366, 540], [1368, 540], [1369, 540], [1370, 540], [1371, 540], [1372, 540], [1373, 540], [1374, 540], [1375, 540], [1376, 540], [1348, 541], [1349, 541], [1350, 541], [1351, 541], [1352, 541], [1353, 541], [1366, 541], [1367, 541], [1368, 541], [1369, 541], [1372, 541], [1373, 541], [1374, 541], [1375, 541], [1376, 541], [1377, 541], [1349, 542], [1350, 542], [1351, 542], [1352, 542], [1353, 542], [1366, 542], [1367, 542], [1368, 542], [1369, 542], [1373, 542], [1374, 542], [1375, 542], [1376, 542], [1377, 542], [1378, 542], [1350, 543], [1351, 543], [1352, 543], [1353, 543], [1354, 543], [1367, 543], [1368, 543], [1369, 543], [1374, 543], [1375, 543], [1376, 543], [1377, 543], [1378, 543], [1379, 543], [1350, 544], [1351, 544], [1352, 544], [1353, 544], [1354, 544], [1355, 544], [1371, 544], [1372, 544], [1373, 544], [1375, 544], [1376, 544], [1377, 544], [1378, 544], [1379, 544], [1380, 544], [1351, 545], [1352, 545], [1353, 545], [1354, 545], [1355, 545], [1356, 545], [1371, 545], [1373, 545], [1374, 545], [1375, 545], [1376, 545], [1377, 545], [1378, 545], [1379, 545], [1380, 545], [1381, 545], [1352, 546], [1353, 546], [1354, 546], [1355, 546], [1356, 546], [1357, 546], [1371, 546], [1372, 546], [1374, 546], [1375, 546], [1376, 546], [1377, 546], [1378, 546], [1380, 546], [1381, 546], [1382, 546], [1353, 547], [1354, 547], [1355, 547], [1356, 547], [1357, 547], [1358, 547], [1373, 547], [1374, 547], [1375, 547], [1376, 547], [1377, 547], [1378, 547], [1379, 547], [1381, 547], [1382, 547], [1383, 547], [1354, 548], [1355, 548], [1356, 548], [1357, 548], [1358, 548], [1359, 548], [1360, 548], [1373, 548], [1374, 548], [1375, 548], [1376, 548], [1377, 548], [1378, 548], [1379, 548], [1380, 548], [1382, 548], [1383, 548], [1384, 548], [1355, 549], [1356, 549], [1357, 549], [1358, 549], [1359, 549], [1360, 549], [1374, 549], [1375, 549], [1377, 549], [1378, 549], [1379, 549], [1380, 549], [1381, 549], [1382, 549], [1383, 549], [1384, 549], [1385, 549], [1356, 550], [1357, 550], [1358, 550], [1359, 550], [1360, 550], [1361, 550], [1374, 550], [1375, 550], [1376, 550], [1379, 550], [1380, 550], [1382, 550], [1384, 550], [1385, 550], [1386, 550], [1357, 551], [1358, 551], [1359, 551], [1360, 551], [1361, 551], [1362, 551], [1374, 551], [1375, 551], [1376, 551], [1377, 551], [1381, 551], [1383, 551], [1384, 551], [1385, 551], [1386, 551], [1387, 551], [1358, 552], [1359, 552], [1360, 552], [1361, 552], [1362, 552], [1363, 552], [1375, 552], [1376, 552], [1377, 552], [1381, 552], [1382, 552], [1383, 552], [1385, 552], [1386, 552], [1387, 552], [1388, 552], [1359, 553], [1360, 553], [1361, 553], [1362, 553], [1363, 553], [1364, 553], [1375, 553], [1376, 553], [1377, 553], [1378, 553], [1386, 553], [1387, 553], [1388, 553], [1389, 553], [1360, 554], [1361, 554], [1362, 554], [1363, 554], [1364, 554], [1365, 554], [1366, 554], [1375, 554], [1376, 554], [1377, 554], [1378, 554], [1379, 554], [1387, 554], [1388, 554], [1389, 554], [1390, 554], [1361, 555], [1362, 555], [1363, 555], [1364, 555], [1365, 555], [1366, 555], [1367, 555], [1377, 555], [1378, 555], [1379, 555], [1388, 555], [1389, 555], [1390, 555], [1391, 555], [1362, 556], [1363, 556], [1364, 556], [1366, 556], [1367, 556], [1368, 556], [1370, 556], [1371, 556], [1372, 556], [1377, 556], [1378, 556], [1379, 556], [1389, 556], [1390, 556], [1391, 556], [1392, 556], [1363, 557], [1364, 557], [1365, 557], [1367, 557], [1368, 557], [1369, 557], [1370, 557], [1371, 557], [1372, 557], [1373, 557], [1374, 557], [1375, 557], [1376, 557], [1377, 557], [1378, 557], [1379, 557], [1390, 557], [1391, 557], [1392, 557], [1393, 557], [1364, 558], [1365, 558], [1366, 558], [1368, 558], [1369, 558], [1370, 558], [1371, 558], [1372, 558], [1373, 558], [1374, 558], [1375, 558], [1376, 558], [1377, 558], [1378, 558], [1379, 558], [1380, 558], [1391, 558], [1392, 558], [1393, 558], [1394, 558], [1365, 559], [1366, 559], [1367, 559], [1368, 559], [1375, 559], [1376, 559], [1377, 559], [1378, 559], [1379, 559], [1380, 559], [1381, 559], [1392, 559], [1393, 559], [1394, 559], [1395, 559], [1366, 560], [1367, 560], [1368, 560], [1369, 560], [1375, 560], [1376, 560], [1377, 560], [1379, 560], [1380, 560], [1381, 560], [1393, 560], [1394, 560], [1395, 560], [1396, 560], [1367, 561], [1368, 561], [1369, 561], [1370, 561], [1375, 561], [1376, 561], [1377, 561], [1378, 561], [1379, 561], [1380, 561], [1381, 561], [1394, 561], [1395, 561], [1396, 561], [1397, 561], [1368, 562], [1369, 562], [1370, 562], [1371, 562], [1376, 562], [1377, 562], [1378, 562], [1379, 562], [1380, 562], [1381, 562], [1395, 562], [1396, 562], [1397, 562], [1398, 562], [1369, 563], [1370, 563], [1371, 563], [1372, 563], [1377, 563], [1378, 563], [1379, 563], [1380, 563], [1396, 563], [1397, 563], [1398, 563], [1399, 563], [1370, 564], [1371, 564], [1372, 564], [1373, 564], [1397, 564], [1398, 564], [1399, 564], [1400, 564], [1371, 565], [1372, 565], [1373, 565], [1374, 565], [1378, 565], [1379, 565], [1380, 565], [1381, 565], [1382, 565], [1383, 565], [1398, 565], [1399, 565], [1400, 565], [1401, 565], [1372, 566], [1373, 566], [1374, 566], [1375, 566], [1377, 566], [1378, 566], [1379, 566], [1380, 566], [1381, 566], [1382, 566], [1383, 566], [1399, 566], [1400, 566], [1401, 566], [1402, 566], [1403, 566], [1373, 567], [1374, 567], [1375, 567], [1376, 567], [1377, 567], [1378, 567], [1379, 567], [1380, 567], [1382, 567], [1383, 567], [1400, 567], [1401, 567], [1402, 567], [1403, 567], [1404, 567], [1374, 568], [1375, 568], [1376, 568], [1378, 568], [1379, 568], [1380, 568], [1381, 568], [1382, 568], [1383, 568], [1402, 568], [1403, 568], [1404, 568], [1405, 568], [1375, 569], [1376, 569], [1377, 569], [1379, 569], [1380, 569], [1381, 569], [1382, 569], [1383, 569], [1403, 569], [1404, 569], [1405, 569], [1406, 569], [1376, 570], [1377, 570], [1378, 570], [1404, 570], [1405, 570], [1406, 570], [1407, 570], [1376, 571], [1377, 571], [1378, 571], [1379, 571], [1405, 571], [1406, 571], [1407, 571], [1408, 571], [1377, 572], [1378, 572], [1379, 572], [1380, 572], [1381, 572], [1406, 572], [1407, 572], [1408, 572], [1409, 572], [1378, 573], [1379, 573], [1380, 573], [1381, 573], [1407, 573], [1408, 573], [1409, 573], [1410, 573], [1380, 574], [1381, 574], [1382, 574], [1408, 574], [1409, 574], [1410, 574], [1411, 574], [1380, 575], [1381, 575], [1382, 575], [1383, 575], [1409, 575], [1410, 575], [1411, 575], [1412, 575], [1381, 576], [1382, 576], [1383, 576], [1384, 576], [1410, 576], [1411, 576], [1412, 576], [1413, 576], [1382, 577], [1383, 577], [1384, 577], [1385, 577], [1411, 577], [1412, 577], [1413, 577], [1414, 577], [1383, 578], [1384, 578], [1385, 578], [1386, 578], [1412, 578], [1413, 578], [1414, 578], [1415, 578], [1384, 579], [1385, 579], [1386, 579], [1387, 579], [1413, 579], [1414, 579], [1415, 579], [1416, 579], [1385, 580], [1386, 580], [1387, 580], [1388, 580], [1414, 580], [1415, 580], [1416, 580], [1386, 581], [1387, 581], [1388, 581], [1389, 581], [1415, 581], [1416, 581], [1417, 581], [1387, 582], [1388, 582], [1389, 582], [1390, 582], [1415, 582], [1416, 582], [1417, 582], [1418, 582], [1388, 583], [1389, 583], [1390, 583], [1391, 583], [1416, 583], [1417, 583], [1418, 583], [1419, 583], [1389, 584], [1390, 584], [1391, 584], [1392, 584], [1417, 584], [1418, 584], [1419, 584], [1420, 584], [1390, 585], [1391, 585], [1392, 585], [1393, 585], [1418, 585], [1419, 585], [1420, 585], [1421, 585], [1391, 586], [1392, 586], [1393, 586], [1394, 586], [1419, 586], [1420, 586], [1421, 586], [1422, 586], [1392, 587], [1393, 587], [1394, 587], [1395, 587], [1420, 587], [1421, 587], [1422, 587], [1423, 587], [1393, 588], [1394, 588], [1395, 588], [1396, 588], [1421, 588], [1422, 588], [1423, 588], [1424, 588], [1394, 589], [1395, 589], [1396, 589], [1397, 589], [1422, 589], [1423, 589], [1424, 589], [1425, 589], [1395, 590], [1396, 590], [1397, 590], [1398, 590], [1423, 590], [1424, 590], [1425, 590], [1396, 591], [1397, 591], [1398, 591], [1399, 591], [1424, 591], [1425, 591], [1426, 591], [1397, 592], [1398, 592], [1399, 592], [1400, 592], [1424, 592], [1425, 592], [1426, 592], [1427, 592], [1398, 593], [1399, 593], [1400, 593], [1401, 593], [1402, 593], [1425, 593], [1426, 593], [1427, 593], [1428, 593], [1399, 594], [1400, 594], [1401, 594], [1402, 594], [1403, 594], [1404, 594], [1405, 594], [1406, 594], [1407, 594], [1408, 594], [1409, 594], [1410, 594], [1411, 594], [1412, 594], [1413, 594], [1426, 594], [1427, 594], [1428, 594], [1429, 594], [1401, 595], [1402, 595], [1403, 595], [1404, 595], [1405, 595], [1406, 595], [1407, 595], [1408, 595], [1409, 595], [1410, 595], [1411, 595], [1412, 595], [1413, 595], [1414, 595], [1415, 595], [1416, 595], [1427, 595], [1428, 595], [1429, 595], [1430, 595], [1412, 596], [1413, 596], [1414, 596], [1415, 596], [1416, 596], [1417, 596], [1428, 596], [1429, 596], [1430, 596], [1415, 597], [1416, 597], [1417, 597], [1418, 597], [1429, 597], [1430, 597], [1431, 597], [1416, 598], [1417, 598], [1418, 598], [1419, 598], [1429, 598], [1430, 598], [1431, 598], [1432, 598], [1417, 599], [1418, 599], [1419, 599], [1420, 599], [1421, 599], [1430, 599], [1431, 599], [1432, 599], [1433, 599], [1434, 599], [1418, 600], [1419, 600], [1420, 600], [1421, 600], [1422, 600], [1431, 600], [1432, 600], [1433, 600], [1434, 600], [1435, 600], [1420, 601], [1421, 601], [1422, 601], [1423, 601], [1433, 601], [1434, 601], [1435, 601], [1436, 601], [1421, 602], [1422, 602], [1423, 602], [1424, 602], [1434, 602], [1435, 602], [1436, 602], [1437, 602], [1422, 603], [1423, 603], [1424, 603], [1435, 603], [1436, 603], [1437, 603], [1438, 603], [1423, 604], [1424, 604], [1425, 604], [1436, 604], [1437, 604], [1438, 604], [1439, 604], [1423, 605], [1424, 605], [1425, 605], [1437, 605], [1438, 605], [1439, 605], [1440, 605], [1424, 606], [1425, 606], [1426, 606], [1438, 606], [1439, 606], [1440, 606], [1441, 606], [1424, 607], [1425, 607], [1426, 607], [1427, 607], [1439, 607], [1440, 607], [1441, 607], [1442, 607], [1425, 608], [1426, 608], [1427, 608], [1428, 608], [1440, 608], [1441, 608], [1442, 608], [1426, 609], [1427, 609], [1428, 609], [1429, 609], [1441, 609], [1442, 609], [1427, 610], [1428, 610], [1429, 610], [1430, 610], [1431, 610], [1432, 610], [1433, 610], [1441, 610], [1442, 610], [1428, 611], [1429, 611], [1430, 611], [1431, 611], [1432, 611], [1433, 611], [1434, 611], [1435, 611], [1436, 611], [1437, 611], [1439, 611], [1440, 611], [1441, 611], [1442, 611], [1432, 612], [1433, 612], [1434, 612], [1435, 612], [1436, 612], [1437, 612], [1438, 612], [1439, 612], [1440, 612], [1441, 612], [1442, 612], [1436, 613], [1437, 613], [1438, 613], [1439, 613], [1440, 613], [1462, 631], [1463, 631], [1464, 631], [1465, 631], [1461, 632], [1462, 632], [1463, 632], [1464, 632], [1465, 632], [1466, 632], [1461, 633], [1462, 633], [1463, 633], [1464, 633], [1465, 633], [1466, 633], [1467, 633], [1461, 634], [1462, 634], [1463, 634], [1465, 634], [1466, 634], [1467, 634], [1468, 634], [1469, 634], [1462, 635], [1463, 635], [1466, 635], [1467, 635], [1468, 635], [1469, 635], [1470, 635], [1462, 636], [1463, 636], [1464, 636], [1468, 636], [1469, 636], [1470, 636], [1471, 636], [1472, 636], [1453, 637], [1454, 637], [1455, 637], [1456, 637], [1457, 637], [1458, 637], [1462, 637], [1463, 637], [1464, 637], [1469, 637], [1470, 637], [1471, 637], [1472, 637], [1473, 637], [1445, 638], [1446, 638], [1447, 638], [1448, 638], [1449, 638], [1450, 638], [1451, 638], [1452, 638], [1453, 638], [1454, 638], [1455, 638], [1456, 638], [1457, 638], [1458, 638], [1459, 638], [1460, 638], [1461, 638], [1462, 638], [1463, 638], [1464, 638], [1471, 638], [1472, 638], [1473, 638], [1474, 638], [1445, 639], [1446, 639], [1447, 639], [1448, 639], [1449, 639], [1450, 639], [1451, 639], [1452, 639], [1453, 639], [1454, 639], [1457, 639], [1458, 639], [1459, 639], [1460, 639], [1461, 639], [1462, 639], [1463, 639], [1472, 639], [1473, 639], [1474, 639], [1475, 639], [1445, 640], [1446, 640], [1473, 640], [1474, 640], [1475, 640], [1476, 640], [1445, 641], [1446, 641], [1447, 641], [1474, 641], [1475, 641], [1476, 641], [1477, 641], [1445, 642], [1446, 642], [1447, 642], [1448, 642], [1475, 642], [1476, 642], [1477, 642], [1478, 642], [1446, 643], [1447, 643], [1448, 643], [1476, 643], [1477, 643], [1478, 643], [1479, 643], [1447, 644], [1448, 644], [1449, 644], [1477, 644], [1478, 644], [1479, 644], [1480, 644], [1447, 645], [1448, 645], [1449, 645], [1450, 645], [1478, 645], [1479, 645], [1480, 645], [1481, 645], [1448, 646], [1449, 646], [1450, 646], [1451, 646], [1479, 646], [1480, 646], [1481, 646], [1482, 646], [1449, 647], [1450, 647], [1451, 647], [1452, 647], [1480, 647], [1481, 647], [1482, 647], [1483, 647], [1450, 648], [1451, 648], [1452, 648], [1453, 648], [1481, 648], [1482, 648], [1483, 648], [1484, 648], [1451, 649], [1452, 649], [1453, 649], [1454, 649], [1482, 649], [1483, 649], [1484, 649], [1485, 649], [1452, 650], [1453, 650], [1454, 650], [1455, 650], [1483, 650], [1484, 650], [1485, 650], [1486, 650], [1487, 650], [1453, 651], [1454, 651], [1455, 651], [1456, 651], [1484, 651], [1485, 651], [1486, 651], [1487, 651], [1488, 651], [1454, 652], [1455, 652], [1456, 652], [1457, 652], [1486, 652], [1487, 652], [1488, 652], [1489, 652], [1455, 653], [1456, 653], [1457, 653], [1458, 653], [1487, 653], [1488, 653], [1489, 653], [1490, 653], [1456, 654], [1457, 654], [1458, 654], [1459, 654], [1488, 654], [1489, 654], [1490, 654], [1491, 654], [1457, 655], [1458, 655], [1459, 655], [1460, 655], [1489, 655], [1490, 655], [1491, 655], [1492, 655], [1458, 656], [1459, 656], [1460, 656], [1461, 656], [1490, 656], [1491, 656], [1492, 656], [1493, 656], [1459, 657], [1460, 657], [1461, 657], [1462, 657], [1491, 657], [1492, 657], [1493, 657], [1494, 657], [1460, 658], [1461, 658], [1462, 658], [1463, 658], [1492, 658], [1493, 658], [1494, 658], [1495, 658], [1461, 659], [1462, 659], [1463, 659], [1464, 659], [1493, 659], [1494, 659], [1495, 659], [1496, 659], [1462, 660], [1463, 660], [1464, 660], [1465, 660], [1494, 660], [1495, 660], [1496, 660], [1497, 660], [1463, 661], [1464, 661], [1465, 661], [1466, 661], [1495, 661], [1496, 661], [1497, 661], [1498, 661], [1464, 662], [1465, 662], [1466, 662], [1467, 662], [1496, 662], [1497, 662], [1498, 662], [1499, 662], [1465, 663], [1466, 663], [1467, 663], [1468, 663], [1497, 663], [1498, 663], [1499, 663], [1500, 663], [1466, 664], [1467, 664], [1468, 664], [1469, 664], [1498, 664], [1499, 664], [1500, 664], [1501, 664], [1467, 665], [1468, 665], [1469, 665], [1470, 665], [1499, 665], [1500, 665], [1501, 665], [1502, 665], [1468, 666], [1469, 666], [1470, 666], [1471, 666], [1500, 666], [1501, 666], [1502, 666], [1503, 666], [1469, 667], [1470, 667], [1471, 667], [1472, 667], [1501, 667], [1502, 667], [1503, 667], [1504, 667], [1470, 668], [1471, 668], [1472, 668], [1473, 668], [1502, 668], [1503, 668], [1504, 668], [1505, 668], [1471, 669], [1472, 669], [1473, 669], [1474, 669], [1503, 669], [1504, 669], [1505, 669], [1506, 669], [1472, 670], [1473, 670], [1474, 670], [1475, 670], [1504, 670], [1505, 670], [1506, 670], [1507, 670], [1473, 671], [1474, 671], [1475, 671], [1476, 671], [1505, 671], [1506, 671], [1507, 671], [1508, 671], [1474, 672], [1475, 672], [1476, 672], [1477, 672], [1506, 672], [1507, 672], [1508, 672], [1509, 672], [1475, 673], [1476, 673], [1477, 673], [1478, 673], [1507, 673], [1508, 673], [1509, 673], [1510, 673], [1476, 674], [1477, 674], [1478, 674], [1479, 674], [1508, 674], [1509, 674], [1510, 674], [1511, 674], [1477, 675], [1478, 675], [1479, 675], [1480, 675], [1509, 675], [1510, 675], [1511, 675], [1512, 675], [1478, 676], [1479, 676], [1480, 676], [1481, 676], [1510, 676], [1511, 676], [1512, 676], [1513, 676], [1479, 677], [1480, 677], [1481, 677], [1482, 677], [1511, 677], [1512, 677], [1513, 677], [1514, 677], [1480, 678], [1481, 678], [1482, 678], [1483, 678], [1512, 678], [1513, 678], [1514, 678], [1515, 678], [1481, 679], [1482, 679], [1483, 679], [1484, 679], [1513, 679], [1514, 679], [1515, 679], [1516, 679], [1482, 680], [1483, 680], [1484, 680], [1485, 680], [1514, 680], [1515, 680], [1516, 680], [1517, 680], [1483, 681], [1484, 681], [1485, 681], [1486, 681], [1515, 681], [1516, 681], [1517, 681], [1518, 681], [1484, 682], [1485, 682], [1486, 682], [1487, 682], [1516, 682], [1517, 682], [1518, 682], [1519, 682], [1485, 683], [1486, 683], [1487, 683], [1488, 683], [1517, 683], [1518, 683], [1519, 683], [1520, 683], [1486, 684], [1487, 684], [1488, 684], [1489, 684], [1518, 684], [1519, 684], [1520, 684], [1521, 684], [1487, 685], [1488, 685], [1489, 685], [1490, 685], [1519, 685], [1520, 685], [1521, 685], [1522, 685], [1488, 686], [1489, 686], [1490, 686], [1491, 686], [1520, 686], [1521, 686], [1522, 686], [1523, 686], [1489, 687], [1490, 687], [1491, 687], [1492, 687], [1521, 687], [1522, 687], [1523, 687], [1524, 687], [1490, 688], [1491, 688], [1492, 688], [1493, 688], [1522, 688], [1523, 688], [1524, 688], [1525, 688], [1491, 689], [1492, 689], [1493, 689], [1494, 689], [1523, 689], [1524, 689], [1525, 689], [1526, 689], [1492, 690], [1493, 690], [1494, 690], [1524, 690], [1525, 690], [1526, 690], [1527, 690], [1493, 691], [1494, 691], [1495, 691], [1525, 691], [1526, 691], [1527, 691], [1528, 691], [1493, 692], [1494, 692], [1495, 692], [1496, 692], [1526, 692], [1527, 692], [1528, 692], [1529, 692], [1530, 692], [1494, 693], [1495, 693], [1496, 693], [1497, 693], [1527, 693], [1528, 693], [1529, 693], [1530, 693], [1531, 693], [1495, 694], [1496, 694], [1497, 694], [1498, 694], [1529, 694], [1530, 694], [1531, 694], [1532, 694], [1496, 695], [1497, 695], [1498, 695], [1499, 695], [1530, 695], [1531, 695], [1532, 695], [1533, 695], [1497, 696], [1498, 696], [1499, 696], [1500, 696], [1531, 696], [1532, 696], [1533, 696], [1534, 696], [1498, 697], [1499, 697], [1500, 697], [1501, 697], [1532, 697], [1533, 697], [1534, 697], [1535, 697], [1499, 698], [1500, 698], [1501, 698], [1502, 698], [1533, 698], [1534, 698], [1535, 698], [1536, 698], [1500, 699], [1501, 699], [1502, 699], [1503, 699], [1534, 699], [1535, 699], [1536, 699], [1537, 699], [1501, 700], [1502, 700], [1503, 700], [1504, 700], [1535, 700], [1536, 700], [1537, 700], [1538, 700], [1502, 701], [1503, 701], [1504, 701], [1505, 701], [1536, 701], [1537, 701], [1538, 701], [1539, 701], [1503, 702], [1504, 702], [1505, 702], [1506, 702], [1537, 702], [1538, 702], [1539, 702], [1540, 702], [1504, 703], [1505, 703], [1506, 703], [1507, 703], [1538, 703], [1539, 703], [1540, 703], [1541, 703], [1505, 704], [1506, 704], [1507, 704], [1508, 704], [1539, 704], [1540, 704], [1541, 704], [1542, 704], [1506, 705], [1507, 705], [1508, 705], [1509, 705], [1540, 705], [1541, 705], [1542, 705], [1543, 705], [1507, 706], [1508, 706], [1509, 706], [1510, 706], [1541, 706], [1542, 706], [1543, 706], [1544, 706], [1508, 707], [1509, 707], [1510, 707], [1511, 707], [1542, 707], [1543, 707], [1544, 707], [1545, 707], [1509, 708], [1510, 708], [1511, 708], [1512, 708], [1543, 708], [1544, 708], [1545, 708], [1546, 708], [1510, 709], [1511, 709], [1512, 709], [1513, 709], [1544, 709], [1545, 709], [1546, 709], [1547, 709], [1511, 710], [1512, 710], [1513, 710], [1514, 710], [1545, 710], [1546, 710], [1547, 710], [1548, 710], [1512, 711], [1513, 711], [1514, 711], [1515, 711], [1546, 711], [1547, 711], [1548, 711], [1549, 711], [1513, 712], [1514, 712], [1515, 712], [1516, 712], [1547, 712], [1548, 712], [1549, 712], [1550, 712], [1514, 713], [1515, 713], [1516, 713], [1517, 713], [1548, 713], [1549, 713], [1550, 713], [1551, 713], [1515, 714], [1516, 714], [1517, 714], [1518, 714], [1549, 714], [1550, 714], [1551, 714], [1552, 714], [1516, 715], [1517, 715], [1518, 715], [1519, 715], [1550, 715], [1551, 715], [1552, 715], [1553, 715], [1517, 716], [1518, 716], [1519, 716], [1520, 716], [1551, 716], [1552, 716], [1553, 716], [1554, 716], [1518, 717], [1519, 717], [1520, 717], [1552, 717], [1553, 717], [1554, 717], [1555, 717], [1519, 718], [1520, 718], [1521, 718], [1553, 718], [1554, 718], [1555, 718], [1556, 718], [1519, 719], [1520, 719], [1521, 719], [1522, 719], [1523, 719], [1554, 719], [1555, 719], [1556, 719], [1557, 719], [1520, 720], [1521, 720], [1522, 720], [1523, 720], [1524, 720], [1555, 720], [1556, 720], [1557, 720], [1558, 720], [1522, 721], [1523, 721], [1524, 721], [1525, 721], [1556, 721], [1557, 721], [1558, 721], [1559, 721], [1523, 722], [1524, 722], [1525, 722], [1557, 722], [1558, 722], [1559, 722], [1560, 722], [1524, 723], [1525, 723], [1526, 723], [1558, 723], [1559, 723], [1560, 723], [1561, 723], [1524, 724], [1525, 724], [1526, 724], [1527, 724], [1559, 724], [1560, 724], [1561, 724], [1562, 724], [1525, 725], [1526, 725], [1527, 725], [1528, 725], [1560, 725], [1561, 725], [1562, 725], [1563, 725], [1526, 726], [1527, 726], [1528, 726], [1529, 726], [1561, 726], [1562, 726], [1563, 726], [1564, 726], [1527, 727], [1528, 727], [1529, 727], [1530, 727], [1562, 727], [1563, 727], [1564, 727], [1565, 727], [1528, 728], [1529, 728], [1530, 728], [1531, 728], [1563, 728], [1564, 728], [1565, 728], [1566, 728], [1529, 729], [1530, 729], [1531, 729], [1532, 729], [1564, 729], [1565, 729], [1566, 729], [1567, 729], [1530, 730], [1531, 730], [1532, 730], [1533, 730], [1565, 730], [1566, 730], [1567, 730], [1568, 730], [1531, 731], [1532, 731], [1533, 731], [1534, 731], [1566, 731], [1567, 731], [1568, 731], [1569, 731], [1532, 732], [1533, 732], [1534, 732], [1535, 732], [1567, 732], [1568, 732], [1569, 732], [1570, 732], [1533, 733], [1534, 733], [1535, 733], [1536, 733], [1568, 733], [1569, 733], [1570, 733], [1571, 733], [1534, 734], [1535, 734], [1536, 734], [1537, 734], [1569, 734], [1570, 734], [1571, 734], [1572, 734], [1535, 735], [1536, 735], [1537, 735], [1538, 735], [1570, 735], [1571, 735], [1572, 735], [1573, 735], [1536, 736], [1537, 736], [1538, 736], [1539, 736], [1571, 736], [1572, 736], [1573, 736], [1574, 736], [1537, 737], [1538, 737], [1539, 737], [1540, 737], [1572, 737], [1573, 737], [1574, 737], [1575, 737], [1538, 738], [1539, 738], [1540, 738], [1541, 738], [1573, 738], [1574, 738], [1575, 738], [1576, 738], [1539, 739], [1540, 739], [1541, 739], [1542, 739], [1574, 739], [1575, 739], [1576, 739], [1577, 739], [1578, 739], [1540, 740], [1541, 740], [1542, 740], [1543, 740], [1575, 740], [1576, 740], [1577, 740], [1578, 740], [1579, 740], [1541, 741], [1542, 741], [1543, 741], [1544, 741], [1577, 741], [1578, 741], [1579, 741], [1580, 741], [1542, 742], [1543, 742], [1544, 742], [1545, 742], [1578, 742], [1579, 742], [1580, 742], [1581, 742], [1543, 743], [1544, 743], [1545, 743], [1546, 743], [1579, 743], [1580, 743], [1581, 743], [1582, 743], [1544, 744], [1545, 744], [1546, 744], [1547, 744], [1580, 744], [1581, 744], [1582, 744], [1583, 744], [1545, 745], [1546, 745], [1547, 745], [1548, 745], [1581, 745], [1582, 745], [1583, 745], [1584, 745], [1546, 746], [1547, 746], [1548, 746], [1549, 746], [1582, 746], [1583, 746], [1584, 746], [1585, 746], [1547, 747], [1548, 747], [1549, 747], [1550, 747], [1583, 747], [1584, 747], [1585, 747], [1586, 747], [1548, 748], [1549, 748], [1550, 748], [1551, 748], [1584, 748], [1585, 748], [1586, 748], [1587, 748], [1549, 749], [1550, 749], [1551, 749], [1552, 749], [1585, 749], [1586, 749], [1587, 749], [1588, 749], [1550, 750], [1551, 750], [1552, 750], [1553, 750], [1586, 750], [1587, 750], [1588, 750], [1589, 750], [1551, 751], [1552, 751], [1553, 751], [1554, 751], [1587, 751], [1588, 751], [1589, 751], [1590, 751], [1552, 752], [1553, 752], [1554, 752], [1555, 752], [1588, 752], [1589, 752], [1590, 752], [1591, 752], [1553, 753], [1554, 753], [1555, 753], [1556, 753], [1589, 753], [1590, 753], [1591, 753], [1592, 753], [1554, 754], [1555, 754], [1556, 754], [1590, 754], [1591, 754], [1592, 754], [1593, 754], [1555, 755], [1556, 755], [1557, 755], [1591, 755], [1592, 755], [1593, 755], [1594, 755], [1555, 756], [1556, 756], [1557, 756], [1558, 756], [1592, 756], [1593, 756], [1594, 756], [1595, 756], [1556, 757], [1557, 757], [1558, 757], [1559, 757], [1593, 757], [1594, 757], [1595, 757], [1596, 757], [1557, 758], [1558, 758], [1559, 758], [1560, 758], [1594, 758], [1595, 758], [1596, 758], [1597, 758], [1558, 759], [1559, 759], [1560, 759], [1561, 759], [1595, 759], [1596, 759], [1597, 759], [1598, 759], [1559, 760], [1560, 760], [1561, 760], [1562, 760], [1596, 760], [1597, 760], [1598, 760], [1560, 761], [1561, 761], [1562, 761], [1563, 761], [1597, 761], [1598, 761], [1599, 761], [1561, 762], [1562, 762], [1563, 762], [1564, 762], [1597, 762], [1598, 762], [1599, 762], [1600, 762], [1601, 762], [1562, 763], [1563, 763], [1564, 763], [1565, 763], [1598, 763], [1599, 763], [1600, 763], [1601, 763], [1602, 763], [1563, 764], [1564, 764], [1565, 764], [1566, 764], [1600, 764], [1601, 764], [1602, 764], [1603, 764], [1564, 765], [1565, 765], [1566, 765], [1567, 765], [1601, 765], [1602, 765], [1603, 765], [1604, 765], [1565, 766], [1566, 766], [1567, 766], [1568, 766], [1602, 766], [1603, 766], [1604, 766], [1605, 766], [1566, 767], [1567, 767], [1568, 767], [1569, 767], [1603, 767], [1604, 767], [1605, 767], [1606, 767], [1567, 768], [1568, 768], [1569, 768], [1570, 768], [1604, 768], [1605, 768], [1606, 768], [1607, 768], [1568, 769], [1569, 769], [1570, 769], [1571, 769], [1605, 769], [1606, 769], [1607, 769], [1608, 769], [1569, 770], [1570, 770], [1571, 770], [1572, 770], [1606, 770], [1607, 770], [1608, 770], [1609, 770], [1570, 771], [1571, 771], [1572, 771], [1573, 771], [1607, 771], [1608, 771], [1609, 771], [1610, 771], [1571, 772], [1572, 772], [1573, 772], [1574, 772], [1608, 772], [1609, 772], [1610, 772], [1611, 772], [1572, 773], [1573, 773], [1574, 773], [1575, 773], [1609, 773], [1610, 773], [1611, 773], [1612, 773], [1573, 774], [1574, 774], [1575, 774], [1576, 774], [1610, 774], [1611, 774], [1612, 774], [1613, 774], [1574, 775], [1575, 775], [1576, 775], [1577, 775], [1611, 775], [1612, 775], [1613, 775], [1614, 775], [1575, 776], [1576, 776], [1577, 776], [1578, 776], [1612, 776], [1613, 776], [1614, 776], [1615, 776], [1576, 777], [1577, 777], [1578, 777], [1579, 777], [1613, 777], [1614, 777], [1615, 777], [1616, 777], [1577, 778], [1578, 778], [1579, 778], [1580, 778], [1614, 778], [1615, 778], [1616, 778], [1617, 778], [1578, 779], [1579, 779], [1580, 779], [1581, 779], [1615, 779], [1616, 779], [1617, 779], [1618, 779], [1579, 780], [1580, 780], [1581, 780], [1582, 780], [1616, 780], [1617, 780], [1618, 780], [1619, 780], [1580, 781], [1581, 781], [1582, 781], [1583, 781], [1617, 781], [1618, 781], [1619, 781], [1620, 781], [1581, 782], [1582, 782], [1583, 782], [1584, 782], [1618, 782], [1619, 782], [1620, 782], [1621, 782], [1582, 783], [1583, 783], [1584, 783], [1585, 783], [1619, 783], [1620, 783], [1621, 783], [1622, 783], [1583, 784], [1584, 784], [1585, 784], [1586, 784], [1620, 784], [1621, 784], [1622, 784], [1623, 784], [1584, 785], [1585, 785], [1586, 785], [1587, 785], [1621, 785], [1622, 785], [1623, 785], [1624, 785], [1585, 786], [1586, 786], [1587, 786], [1588, 786], [1622, 786], [1623, 786], [1624, 786], [1625, 786], [1586, 787], [1587, 787], [1588, 787], [1623, 787], [1624, 787], [1625, 787], [1626, 787], [1587, 788], [1588, 788], [1589, 788], [1590, 788], [1624, 788], [1625, 788], [1626, 788], [1627, 788], [1587, 789], [1588, 789], [1589, 789], [1590, 789], [1625, 789], [1626, 789], [1627, 789], [1628, 789], [1589, 790], [1590, 790], [1591, 790], [1592, 790], [1626, 790], [1627, 790], [1628, 790], [1629, 790], [1589, 791], [1590, 791], [1591, 791], [1592, 791], [1593, 791], [1627, 791], [1628, 791], [1629, 791], [1630, 791], [1591, 792], [1592, 792], [1593, 792], [1628, 792], [1629, 792], [1630, 792], [1631, 792], [1592, 793], [1593, 793], [1594, 793], [1629, 793], [1630, 793], [1631, 793], [1632, 793], [1592, 794], [1593, 794], [1594, 794], [1595, 794], [1596, 794], [1630, 794], [1631, 794], [1632, 794], [1633, 794], [1593, 795], [1594, 795], [1595, 795], [1596, 795], [1597, 795], [1631, 795], [1632, 795], [1633, 795], [1634, 795], [1595, 796], [1596, 796], [1597, 796], [1598, 796], [1632, 796], [1633, 796], [1634, 796], [1635, 796], [1596, 797], [1597, 797], [1598, 797], [1633, 797], [1634, 797], [1635, 797], [1636, 797], [1597, 798], [1598, 798], [1599, 798], [1634, 798], [1635, 798], [1636, 798], [1637, 798], [1597, 799], [1598, 799], [1599, 799], [1600, 799], [1635, 799], [1636, 799], [1637, 799], [1638, 799], [1598, 800], [1599, 800], [1600, 800], [1601, 800], [1636, 800], [1637, 800], [1638, 800], [1639, 800], [1599, 801], [1600, 801], [1601, 801], [1602, 801], [1637, 801], [1638, 801], [1639, 801], [1640, 801], [1600, 802], [1601, 802], [1602, 802], [1603, 802], [1638, 802], [1639, 802], [1640, 802], [1641, 802], [1601, 803], [1602, 803], [1603, 803], [1604, 803], [1639, 803], [1640, 803], [1641, 803], [1642, 803], [1602, 804], [1603, 804], [1604, 804], [1605, 804], [1640, 804], [1641, 804], [1642, 804], [1643, 804], [1603, 805], [1604, 805], [1605, 805], [1606, 805], [1641, 805], [1642, 805], [1643, 805], [1644, 805], [1604, 806], [1605, 806], [1606, 806], [1607, 806], [1642, 806], [1643, 806], [1644, 806], [1645, 806], [1605, 807], [1606, 807], [1607, 807], [1608, 807], [1643, 807], [1644, 807], [1645, 807], [1646, 807], [1606, 808], [1607, 808], [1608, 808], [1609, 808], [1644, 808], [1645, 808], [1646, 808], [1647, 808], [1607, 809], [1608, 809], [1609, 809], [1610, 809], [1645, 809], [1646, 809], [1647, 809], [1648, 809], [1608, 810], [1609, 810], [1610, 810], [1611, 810], [1646, 810], [1647, 810], [1648, 810], [1649, 810], [1609, 811], [1610, 811], [1611, 811], [1612, 811], [1647, 811], [1648, 811], [1649, 811], [1650, 811], [1610, 812], [1611, 812], [1612, 812], [1613, 812], [1648, 812], [1649, 812], [1650, 812], [1651, 812], [1611, 813], [1612, 813], [1613, 813], [1614, 813], [1649, 813], [1650, 813], [1651, 813], [1652, 813], [1612, 814], [1613, 814], [1614, 814], [1615, 814], [1650, 814], [1651, 814], [1652, 814], [1653, 814], [1613, 815], [1614, 815], [1615, 815], [1616, 815], [1651, 815], [1652, 815], [1653, 815], [1654, 815], [1614, 816], [1615, 816], [1616, 816], [1617, 816], [1652, 816], [1653, 816], [1654, 816], [1655, 816], [1615, 817], [1616, 817], [1617, 817], [1618, 817], [1653, 817], [1654, 817], [1655, 817], [1656, 817], [1616, 818], [1617, 818], [1618, 818], [1619, 818], [1654, 818], [1655, 818], [1656, 818], [1657, 818], [1617, 819], [1618, 819], [1619, 819], [1655, 819], [1656, 819], [1657, 819], [1658, 819], [1618, 820], [1619, 820], [1620, 820], [1656, 820], [1657, 820], [1658, 820], [1659, 820], [1618, 821], [1619, 821], [1620, 821], [1621, 821], [1622, 821], [1657, 821], [1658, 821], [1659, 821], [1660, 821], [1619, 822], [1620, 822], [1621, 822], [1622, 822], [1623, 822], [1658, 822], [1659, 822], [1660, 822], [1661, 822], [1621, 823], [1622, 823], [1623, 823], [1624, 823], [1659, 823], [1660, 823], [1661, 823], [1662, 823], [1622, 824], [1623, 824], [1624, 824], [1625, 824], [1626, 824], [1660, 824], [1661, 824], [1662, 824], [1663, 824], [1664, 824], [1623, 825], [1624, 825], [1625, 825], [1626, 825], [1627, 825], [1661, 825], [1662, 825], [1663, 825], [1664, 825], [1665, 825], [1625, 826], [1626, 826], [1627, 826], [1628, 826], [1663, 826], [1664, 826], [1665, 826], [1666, 826], [1626, 827], [1627, 827], [1628, 827], [1629, 827], [1664, 827], [1665, 827], [1666, 827], [1667, 827], [1627, 828], [1628, 828], [1629, 828], [1630, 828], [1665, 828], [1666, 828], [1667, 828], [1668, 828], [1628, 829], [1629, 829], [1630, 829], [1631, 829], [1666, 829], [1667, 829], [1668, 829], [1669, 829], [1629, 830], [1630, 830], [1631, 830], [1632, 830], [1667, 830], [1668, 830], [1669, 830], [1670, 830], [1630, 831], [1631, 831], [1632, 831], [1633, 831], [1668, 831], [1669, 831], [1670, 831], [1671, 831], [1631, 832], [1632, 832], [1633, 832], [1634, 832], [1669, 832], [1670, 832], [1671, 832], [1672, 832], [1632, 833], [1633, 833], [1634, 833], [1635, 833], [1636, 833], [1637, 833], [1670, 833], [1671, 833], [1672, 833], [1673, 833], [1633, 834], [1634, 834], [1635, 834], [1636, 834], [1637, 834], [1671, 834], [1672, 834], [1673, 834], [1674, 834], [1636, 835], [1637, 835], [1672, 835], [1673, 835], [1674, 835], [1675, 835], [1636, 836], [1637, 836], [1673, 836], [1674, 836], [1675, 836], [1676, 836], [1636, 837], [1637, 837], [1638, 837], [1639, 837], [1640, 837], [1674, 837], [1675, 837], [1676, 837], [1677, 837], [1636, 838], [1637, 838], [1638, 838], [1639, 838], [1640, 838], [1641, 838], [1675, 838], [1676, 838], [1677, 838], [1678, 838], [1639, 839], [1640, 839], [1641, 839], [1676, 839], [1677, 839], [1678, 839], [1679, 839], [1640, 840], [1641, 840], [1642, 840], [1643, 840], [1644, 840], [1677, 840], [1678, 840], [1679, 840], [1680, 840], [1640, 841], [1641, 841], [1642, 841], [1643, 841], [1644, 841], [1678, 841], [1679, 841], [1680, 841], [1681, 841], [1640, 842], [1641, 842], [1642, 842], [1643, 842], [1644, 842], [1645, 842], [1679, 842], [1680, 842], [1681, 842], [1682, 842], [1643, 843], [1644, 843], [1645, 843], [1646, 843], [1680, 843], [1681, 843], [1682, 843], [1683, 843], [1644, 844], [1645, 844], [1646, 844], [1647, 844], [1648, 844], [1681, 844], [1682, 844], [1683, 844], [1684, 844], [1645, 845], [1646, 845], [1647, 845], [1648, 845], [1649, 845], [1682, 845], [1683, 845], [1684, 845], [1685, 845], [1647, 846], [1648, 846], [1649, 846], [1650, 846], [1683, 846], [1684, 846], [1685, 846], [1686, 846], [1648, 847], [1649, 847], [1650, 847], [1651, 847], [1684, 847], [1685, 847], [1686, 847], [1687, 847], [1649, 848], [1650, 848], [1651, 848], [1652, 848], [1685, 848], [1686, 848], [1687, 848], [1688, 848], [1650, 849], [1651, 849], [1652, 849], [1686, 849], [1687, 849], [1688, 849], [1689, 849], [1651, 850], [1652, 850], [1653, 850], [1687, 850], [1688, 850], [1689, 850], [1690, 850], [1651, 851], [1652, 851], [1653, 851], [1688, 851], [1689, 851], [1690, 851], [1691, 851], [1652, 852], [1653, 852], [1689, 852], [1690, 852], [1691, 852], [1692, 852], [1652, 853], [1653, 853], [1654, 853], [1690, 853], [1691, 853], [1692, 853], [1693, 853], [1652, 854], [1653, 854], [1654, 854], [1691, 854], [1692, 854], [1693, 854], [1694, 854], [1653, 855], [1654, 855], [1655, 855], [1692, 855], [1693, 855], [1694, 855], [1695, 855], [1653, 856], [1654, 856], [1655, 856], [1656, 856], [1657, 856], [1658, 856], [1693, 856], [1694, 856], [1695, 856], [1696, 856], [1654, 857], [1655, 857], [1656, 857], [1657, 857], [1658, 857], [1694, 857], [1695, 857], [1696, 857], [1697, 857], [1657, 858], [1658, 858], [1695, 858], [1696, 858], [1697, 858], [1698, 858], [1657, 859], [1658, 859], [1659, 859], [1696, 859], [1697, 859], [1698, 859], [1699, 859], [1657, 860], [1658, 860], [1659, 860], [1660, 860], [1697, 860], [1698, 860], [1699, 860], [1700, 860], [1658, 861], [1659, 861], [1660, 861], [1661, 861], [1662, 861], [1698, 861], [1699, 861], [1700, 861], [1701, 861], [1702, 861], [1659, 862], [1660, 862], [1661, 862], [1662, 862], [1663, 862], [1699, 862], [1700, 862], [1701, 862], [1702, 862], [1703, 862], [1661, 863], [1662, 863], [1663, 863], [1664, 863], [1701, 863], [1702, 863], [1703, 863], [1704, 863], [1662, 864], [1663, 864], [1664, 864], [1665, 864], [1702, 864], [1703, 864], [1704, 864], [1705, 864], [1663, 865], [1664, 865], [1665, 865], [1666, 865], [1703, 865], [1704, 865], [1705, 865], [1706, 865], [1664, 866], [1665, 866], [1666, 866], [1704, 866], [1705, 866], [1706, 866], [1707, 866], [1665, 867], [1666, 867], [1667, 867], [1705, 867], [1706, 867], [1707, 867], [1708, 867], [1665, 868], [1666, 868], [1667, 868], [1668, 868], [1706, 868], [1707, 868], [1708, 868], [1709, 868], [1666, 869], [1667, 869], [1668, 869], [1669, 869], [1707, 869], [1708, 869], [1709, 869], [1710, 869], [1667, 870], [1668, 870], [1669, 870], [1670, 870], [1671, 870], [1708, 870], [1709, 870], [1710, 870], [1711, 870], [1668, 871], [1669, 871], [1670, 871], [1671, 871], [1709, 871], [1710, 871], [1711, 871], [1712, 871], [1670, 872], [1671, 872], [1672, 872], [1673, 872], [1710, 872], [1711, 872], [1712, 872], [1713, 872], [1670, 873], [1671, 873], [1672, 873], [1673, 873], [1711, 873], [1712, 873], [1713, 873], [1714, 873], [1672, 874], [1673, 874], [1712, 874], [1713, 874], [1714, 874], [1715, 874], [1672, 875], [1673, 875], [1674, 875], [1713, 875], [1714, 875], [1715, 875], [1716, 875], [1672, 876], [1673, 876], [1674, 876], [1675, 876], [1714, 876], [1715, 876], [1716, 876], [1717, 876], [1673, 877], [1674, 877], [1675, 877], [1676, 877], [1715, 877], [1716, 877], [1717, 877], [1718, 877], [1674, 878], [1675, 878], [1676, 878], [1677, 878], [1716, 878], [1717, 878], [1718, 878], [1719, 878], [1675, 879], [1676, 879], [1677, 879], [1678, 879], [1679, 879], [1717, 879], [1718, 879], [1719, 879], [1720, 879], [1676, 880], [1677, 880], [1678, 880], [1679, 880], [1680, 880], [1718, 880], [1719, 880], [1720, 880], [1721, 880], [1678, 881], [1679, 881], [1680, 881], [1681, 881], [1682, 881], [1719, 881], [1720, 881], [1721, 881], [1722, 881], [1679, 882], [1680, 882], [1681, 882], [1682, 882], [1683, 882], [1720, 882], [1721, 882], [1722, 882], [1723, 882], [1681, 883], [1682, 883], [1683, 883], [1721, 883], [1722, 883], [1723, 883], [1724, 883], [1682, 884], [1683, 884], [1684, 884], [1722, 884], [1723, 884], [1724, 884], [1725, 884], [1682, 885], [1683, 885], [1684, 885], [1723, 885], [1724, 885], [1725, 885], [1726, 885], [1683, 886], [1684, 886], [1685, 886], [1724, 886], [1725, 886], [1726, 886], [1727, 886], [1683, 887], [1684, 887], [1685, 887], [1686, 887], [1725, 887], [1726, 887], [1727, 887], [1728, 887], [1684, 888], [1685, 888], [1686, 888], [1687, 888], [1726, 888], [1727, 888], [1728, 888], [1729, 888], [1685, 889], [1686, 889], [1687, 889], [1688, 889], [1727, 889], [1728, 889], [1729, 889], [1730, 889], [1686, 890], [1687, 890], [1688, 890], [1689, 890], [1690, 890], [1728, 890], [1729, 890], [1730, 890], [1731, 890], [1687, 891], [1688, 891], [1689, 891], [1690, 891], [1691, 891], [1692, 891], [1729, 891], [1730, 891], [1731, 891], [1732, 891], [1689, 892], [1690, 892], [1691, 892], [1692, 892], [1730, 892], [1731, 892], [1732, 892], [1733, 892], [1691, 893], [1692, 893], [1693, 893], [1731, 893], [1732, 893], [1733, 893], [1734, 893], [1691, 894], [1692, 894], [1693, 894], [1732, 894], [1733, 894], [1734, 894], [1735, 894], [1692, 895], [1693, 895], [1694, 895], [1695, 895], [1696, 895], [1697, 895], [1733, 895], [1734, 895], [1735, 895], [1736, 895], [1692, 896], [1693, 896], [1694, 896], [1695, 896], [1696, 896], [1697, 896], [1698, 896], [1734, 896], [1735, 896], [1736, 896], [1737, 896], [1696, 897], [1697, 897], [1698, 897], [1699, 897], [1735, 897], [1736, 897], [1737, 897], [1738, 897], [1697, 898], [1698, 898], [1699, 898], [1700, 898], [1736, 898], [1737, 898], [1738, 898], [1739, 898], [1698, 899], [1699, 899], [1700, 899], [1701, 899], [1702, 899], [1737, 899], [1738, 899], [1739, 899], [1740, 899], [1699, 900], [1700, 900], [1701, 900], [1702, 900], [1738, 900], [1739, 900], [1740, 900], [1741, 900], [1701, 901], [1702, 901], [1703, 901], [1739, 901], [1740, 901], [1741, 901], [1742, 901], [1701, 902], [1702, 902], [1703, 902], [1704, 902], [1740, 902], [1741, 902], [1742, 902], [1743, 902], [1702, 903], [1703, 903], [1704, 903], [1705, 903], [1741, 903], [1742, 903], [1743, 903], [1744, 903], [1703, 904], [1704, 904], [1705, 904], [1706, 904], [1742, 904], [1743, 904], [1744, 904], [1745, 904], [1704, 905], [1705, 905], [1706, 905], [1707, 905], [1743, 905], [1744, 905], [1745, 905], [1746, 905], [1705, 906], [1706, 906], [1707, 906], [1708, 906], [1744, 906], [1745, 906], [1746, 906], [1747, 906], [1706, 907], [1707, 907], [1708, 907], [1709, 907], [1745, 907], [1746, 907], [1747, 907], [1748, 907], [1707, 908], [1708, 908], [1709, 908], [1710, 908], [1746, 908], [1747, 908], [1748, 908], [1749, 908], [1708, 909], [1709, 909], [1710, 909], [1711, 909], [1747, 909], [1748, 909], [1749, 909], [1750, 909], [1709, 910], [1710, 910], [1711, 910], [1712, 910], [1748, 910], [1749, 910], [1750, 910], [1751, 910], [1710, 911], [1711, 911], [1712, 911], [1713, 911], [1749, 911], [1750, 911], [1751, 911], [1752, 911], [1711, 912], [1712, 912], [1713, 912], [1714, 912], [1750, 912], [1751, 912], [1752, 912], [1753, 912], [1712, 913], [1713, 913], [1714, 913], [1751, 913], [1752, 913], [1753, 913], [1754, 913], [1755, 913], [1713, 914], [1714, 914], [1715, 914], [1752, 914], [1753, 914], [1754, 914], [1755, 914], [1756, 914], [1713, 915], [1714, 915], [1715, 915], [1754, 915], [1755, 915], [1756, 915], [1757, 915], [1714, 916], [1715, 916], [1716, 916], [1755, 916], [1756, 916], [1757, 916], [1758, 916], [1714, 917], [1715, 917], [1716, 917], [1717, 917], [1718, 917], [1756, 917], [1757, 917], [1758, 917], [1759, 917], [1715, 918], [1716, 918], [1717, 918], [1718, 918], [1719, 918], [1757, 918], [1758, 918], [1759, 918], [1760, 918], [1717, 919], [1718, 919], [1719, 919], [1720, 919], [1721, 919], [1758, 919], [1759, 919], [1760, 919], [1761, 919], [1718, 920], [1719, 920], [1720, 920], [1721, 920], [1722, 920], [1759, 920], [1760, 920], [1761, 920], [1762, 920], [1720, 921], [1721, 921], [1722, 921], [1760, 921], [1761, 921], [1762, 921], [1763, 921], [1721, 922], [1722, 922], [1723, 922], [1761, 922], [1762, 922], [1763, 922], [1764, 922], [1721, 923], [1722, 923], [1723, 923], [1724, 923], [1762, 923], [1763, 923], [1764, 923], [1765, 923], [1722, 924], [1723, 924], [1724, 924], [1725, 924], [1763, 924], [1764, 924], [1765, 924], [1766, 924], [1723, 925], [1724, 925], [1725, 925], [1726, 925], [1764, 925], [1765, 925], [1766, 925], [1767, 925], [1724, 926], [1725, 926], [1726, 926], [1727, 926], [1765, 926], [1766, 926], [1767, 926], [1768, 926], [1725, 927], [1726, 927], [1727, 927], [1728, 927], [1766, 927], [1767, 927], [1768, 927], [1769, 927], [1726, 928], [1727, 928], [1728, 928], [1729, 928], [1767, 928], [1768, 928], [1769, 928], [1770, 928], [1727, 929], [1728, 929], [1729, 929], [1730, 929], [1768, 929], [1769, 929], [1770, 929], [1771, 929], [1728, 930], [1729, 930], [1730, 930], [1769, 930], [1770, 930], [1771, 930], [1772, 930], [1729, 931], [1730, 931], [1731, 931], [1770, 931], [1771, 931], [1772, 931], [1773, 931], [1729, 932], [1730, 932], [1731, 932], [1732, 932], [1733, 932], [1771, 932], [1772, 932], [1773, 932], [1774, 932], [1729, 933], [1730, 933], [1731, 933], [1732, 933], [1733, 933], [1734, 933], [1772, 933], [1773, 933], [1774, 933], [1775, 933], [1729, 934], [1731, 934], [1732, 934], [1733, 934], [1734, 934], [1773, 934], [1774, 934], [1775, 934], [1776, 934], [1729, 935], [1730, 935], [1731, 935], [1733, 935], [1734, 935], [1774, 935], [1775, 935], [1776, 935], [1777, 935], [1732, 936], [1733, 936], [1734, 936], [1735, 936], [1775, 936], [1776, 936], [1777, 936], [1778, 936], [1732, 937], [1733, 937], [1734, 937], [1735, 937], [1736, 937], [1737, 937], [1776, 937], [1777, 937], [1778, 937], [1779, 937], [1732, 938], [1733, 938], [1734, 938], [1735, 938], [1736, 938], [1737, 938], [1777, 938], [1778, 938], [1779, 938], [1780, 938], [1781, 938], [1736, 939], [1737, 939], [1738, 939], [1778, 939], [1779, 939], [1780, 939], [1781, 939], [1782, 939], [1736, 940], [1737, 940], [1738, 940], [1739, 940], [1780, 940], [1781, 940], [1782, 940], [1783, 940], [1737, 941], [1738, 941], [1739, 941], [1781, 941], [1782, 941], [1783, 941], [1784, 941], [1738, 942], [1739, 942], [1740, 942], [1741, 942], [1742, 942], [1782, 942], [1783, 942], [1784, 942], [1738, 943], [1739, 943], [1740, 943], [1741, 943], [1742, 943], [1743, 943], [1783, 943], [1784, 943], [1785, 943], [1786, 943], [1741, 944], [1742, 944], [1743, 944], [1783, 944], [1784, 944], [1785, 944], [1786, 944], [1742, 945], [1743, 945], [1744, 945], [1785, 945], [1786, 945], [1787, 945], [1742, 946], [1743, 946], [1744, 946], [1785, 946], [1786, 946], [1787, 946], [1788, 946], [1743, 947], [1744, 947], [1745, 947], [1786, 947], [1787, 947], [1788, 947], [1789, 947], [1790, 947], [1743, 948], [1744, 948], [1745, 948], [1787, 948], [1788, 948], [1789, 948], [1790, 948], [1791, 948], [1744, 949], [1745, 949], [1746, 949], [1789, 949], [1790, 949], [1791, 949], [1744, 950], [1745, 950], [1746, 950], [1747, 950], [1748, 950], [1790, 950], [1791, 950], [1792, 950], [1745, 951], [1746, 951], [1747, 951], [1748, 951], [1749, 951], [1790, 951], [1791, 951], [1792, 951], [1793, 951], [1747, 952], [1748, 952], [1749, 952], [1750, 952], [1758, 952], [1759, 952], [1760, 952], [1791, 952], [1792, 952], [1793, 952], [1794, 952], [1748, 953], [1749, 953], [1750, 953], [1751, 953], [1758, 953], [1760, 953], [1792, 953], [1793, 953], [1794, 953], [1795, 953], [1796, 953], [1749, 954], [1750, 954], [1751, 954], [1752, 954], [1758, 954], [1759, 954], [1760, 954], [1793, 954], [1794, 954], [1795, 954], [1796, 954], [1797, 954], [1750, 955], [1751, 955], [1752, 955], [1753, 955], [1795, 955], [1796, 955], [1797, 955], [1751, 956], [1752, 956], [1753, 956], [1796, 956], [1797, 956], [1798, 956], [1799, 956], [1752, 957], [1753, 957], [1796, 957], [1797, 957], [1798, 957], [1799, 957], [1800, 957], [1752, 958], [1753, 958], [1754, 958], [1798, 958], [1799, 958], [1800, 958], [1801, 958], [1752, 959], [1753, 959], [1754, 959], [1755, 959], [1756, 959], [1799, 959], [1800, 959], [1801, 959], [1802, 959], [1753, 960], [1754, 960], [1755, 960], [1756, 960], [1757, 960], [1800, 960], [1801, 960], [1802, 960], [1803, 960], [1755, 961], [1756, 961], [1757, 961], [1801, 961], [1802, 961], [1803, 961], [1804, 961], [1756, 962], [1757, 962], [1758, 962], [1759, 962], [1802, 962], [1803, 962], [1804, 962], [1805, 962], [1756, 963], [1757, 963], [1758, 963], [1759, 963], [1760, 963], [1803, 963], [1804, 963], [1805, 963], [1806, 963], [1758, 964], [1759, 964], [1760, 964], [1804, 964], [1805, 964], [1806, 964], [1807, 964], [1759, 965], [1760, 965], [1761, 965], [1805, 965], [1806, 965], [1807, 965], [1808, 965], [1759, 966], [1760, 966], [1761, 966], [1762, 966], [1806, 966], [1807, 966], [1808, 966], [1809, 966], [1760, 967], [1761, 967], [1762, 967], [1763, 967], [1764, 967], [1807, 967], [1808, 967], [1809, 967], [1810, 967], [1761, 968], [1762, 968], [1763, 968], [1764, 968], [1765, 968], [1766, 968], [1808, 968], [1809, 968], [1810, 968], [1811, 968], [1763, 969], [1764, 969], [1765, 969], [1766, 969], [1767, 969], [1809, 969], [1810, 969], [1811, 969], [1812, 969], [1765, 970], [1766, 970], [1767, 970], [1768, 970], [1810, 970], [1811, 970], [1812, 970], [1813, 970], [1766, 971], [1767, 971], [1768, 971], [1811, 971], [1812, 971], [1813, 971], [1814, 971], [1767, 972], [1768, 972], [1769, 972], [1812, 972], [1813, 972], [1814, 972], [1815, 972], [1767, 973], [1768, 973], [1769, 973], [1770, 973], [1771, 973], [1813, 973], [1814, 973], [1815, 973], [1816, 973], [1768, 974], [1769, 974], [1770, 974], [1771, 974], [1772, 974], [1773, 974], [1814, 974], [1815, 974], [1816, 974], [1817, 974], [1770, 975], [1771, 975], [1772, 975], [1773, 975], [1774, 975], [1775, 975], [1815, 975], [1816, 975], [1817, 975], [1818, 975], [1772, 976], [1773, 976], [1774, 976], [1775, 976], [1816, 976], [1817, 976], [1818, 976], [1819, 976], [1774, 977], [1775, 977], [1776, 977], [1817, 977], [1818, 977], [1819, 977], [1820, 977], [1774, 978], [1775, 978], [1776, 978], [1777, 978], [1818, 978], [1819, 978], [1820, 978], [1821, 978], [1775, 979], [1776, 979], [1777, 979], [1819, 979], [1820, 979], [1821, 979], [1822, 979], [1776, 980], [1777, 980], [1778, 980], [1779, 980], [1820, 980], [1821, 980], [1822, 980], [1823, 980], [1776, 981], [1777, 981], [1778, 981], [1779, 981], [1780, 981], [1821, 981], [1822, 981], [1823, 981], [1824, 981], [1778, 982], [1779, 982], [1780, 982], [1822, 982], [1823, 982], [1824, 982], [1779, 983], [1780, 983], [1781, 983], [1823, 983], [1824, 983], [1779, 984], [1780, 984], [1781, 984], [1782, 984], [1783, 984], [1824, 984], [1780, 985], [1781, 985], [1782, 985], [1783, 985], [1784, 985], [1782, 986], [1783, 986], [1784, 986], [1785, 986], [1783, 987], [1784, 987], [1785, 987], [1784, 988], [1785, 988], [1786, 988], [1784, 989], [1785, 989], [1786, 989], [1785, 990], [1786, 990], [1787, 990], [1785, 991], [1786, 991], [1787, 991], [1788, 991], [1786, 992], [1787, 992], [1788, 992], [1789, 992], [1787, 993], [1788, 993], [1789, 993], [1790, 993], [1791, 993], [1788, 994], [1789, 994], [1790, 994], [1791, 994], [1792, 994], [1790, 995], [1791, 995], [1792, 995], [1791, 996], [1792, 996], [1793, 996], [1791, 997], [1792, 997], [1793, 997], [1794, 997], [1792, 998], [1793, 998], [1794, 998], [1795, 998], [1793, 999], [1794, 999], [1795, 999], [1796, 999], [1797, 999], [1794, 1000], [1795, 1000], [1796, 1000], [1797, 1000], [1798, 1000], [1796, 1001], [1797, 1001], [1798, 1001], [1799, 1001], [1800, 1001], [1797, 1002], [1798, 1002], [1799, 1002], [1800, 1002], [1799, 1003], [1800, 1003], [1801, 1003], [1799, 1004], [1800, 1004], [1801, 1004], [1800, 1005], [1801, 1005], [1802, 1005], [1800, 1006], [1801, 1006], [1802, 1006], [1803, 1006], [1801, 1007], [1802, 1007], [1803, 1007], [1802, 1008], [1803, 1008], [1804, 1008], [1802, 1009], [1803, 1009], [1804, 1009], [1805, 1009], [1803, 1010], [1804, 1010], [1805, 1010], [1806, 1010], [1807, 1010], [1808, 1010], [1804, 1011], [1805, 1011], [1806, 1011], [1807, 1011], [1808, 1011], [1809, 1011], [1807, 1012], [1808, 1012], [1809, 1012], [1810, 1012], [1808, 1013], [1809, 1013], [1810, 1013], [1809, 1014], [1810, 1014], [1811, 1014], [1809, 1015], [1810, 1015], [1811, 1015], [1812, 1015], [1810, 1016], [1811, 1016], [1812, 1016], [1813, 1016], [1811, 1017], [1812, 1017], [1813, 1017], [1814, 1017], [1812, 1018], [1813, 1018], [1814, 1018], [1815, 1018], [1813, 1019], [1814, 1019], [1815, 1019], [1816, 1019], [1814, 1020], [1815, 1020], [1816, 1020], [1817, 1020], [1815, 1021], [1816, 1021], [1817, 1021], [1818, 1021], [1816, 1022], [1817, 1022], [1818, 1022], [1819, 1022], [1817, 1023], [1818, 1023], [1819, 1023], [1820, 1023], [1821, 1023], [1818, 1024], [1819, 1024], [1820, 1024], [1821, 1024], [1822, 1024], [1820, 1025], [1821, 1025], [1822, 1025], [1823, 1025], [1824, 1025], [1821, 1026], [1822, 1026], [1823, 1026], [1824, 1026], [1823, 1027], [1824, 1027]


