White line left - [333, 939], [334, 939], [335, 939], [331, 940], [333, 940], [334, 940], [335, 940], [329, 941], [330, 941], [331, 941], [332, 941], [334, 941], [335, 941], [328, 942], [329, 942], [331, 942], [332, 942], [333, 942], [334, 942], [335, 942], [328, 943], [329, 943], [330, 943], [331, 943], [332, 943], [333, 943], [334, 943], [335, 943], [327, 944], [328, 944], [330, 944], [331, 944], [332, 944], [333, 944], [334, 944], [326, 945], [327, 945], [328, 945], [329, 945], [330, 945], [331, 945], [332, 945], [333, 945], [334, 945], [326, 946], [327, 946], [328, 946], [329, 946], [330, 946], [331, 946], [332, 946], [333, 946], [326, 947], [327, 947], [328, 947], [329, 947], [330, 947], [331, 947], [329, 948], [330, 948], [331, 948], [329, 949], [330, 949], [331, 949], [328, 950], [329, 950], [330, 950], [327, 951], [328, 951], [329, 951], [330, 951], [326, 952], [327, 952], [328, 952], [329, 952], [309, 953], [310, 953], [325, 953], [326, 953], [327, 953], [328, 953], [307, 954], [308, 954], [309, 954], [324, 954], [325, 954], [326, 954], [327, 954], [306, 955], [307, 955], [308, 955], [324, 955], [325, 955], [326, 955], [304, 956], [305, 956], [306, 956], [307, 956], [323, 956], [324, 956], [325, 956], [302, 957], [303, 957], [304, 957], [305, 957], [306, 957], [323, 957], [324, 957], [325, 957], [322, 958], [323, 958], [324, 958], [321, 959], [322, 959], [323, 959], [324, 959], [320, 960], [321, 960], [322, 960], [323, 960], [320, 961], [321, 961], [322, 961], [319, 962], [320, 962], [321, 962], [319, 963], [320, 963], [321, 963], [317, 964], [318, 964], [319, 964], [320, 964], [316, 965], [317, 965], [318, 965], [319, 965], [320, 965], [316, 966], [317, 966], [318, 966], [315, 967], [316, 967], [317, 967], [290, 968], [291, 968], [292, 968], [309, 968], [310, 968], [311, 968], [314, 968], [315, 968], [316, 968], [317, 968], [282, 969], [289, 969], [290, 969], [291, 969], [292, 969], [307, 969], [308, 969], [309, 969], [310, 969], [311, 969], [314, 969], [315, 969], [316, 969], [280, 970], [281, 970], [287, 970], [288, 970], [289, 970], [290, 970], [291, 970], [292, 970], [305, 970], [306, 970], [307, 970], [308, 970], [309, 970], [310, 970], [311, 970], [313, 970], [314, 970], [315, 970], [279, 971], [280, 971], [281, 971], [286, 971], [287, 971], [288, 971], [289, 971], [291, 971], [292, 971], [305, 971], [306, 971], [307, 971], [308, 971], [310, 971], [311, 971], [312, 971], [313, 971], [314, 971], [315, 971], [278, 972], [279, 972], [280, 972], [285, 972], [286, 972], [287, 972], [288, 972], [290, 972], [291, 972], [292, 972], [304, 972], [305, 972], [306, 972], [310, 972], [311, 972], [312, 972], [313, 972], [314, 972], [277, 973], [278, 973], [279, 973], [284, 973], [285, 973], [286, 973], [287, 973], [290, 973], [291, 973], [303, 973], [304, 973], [305, 973], [306, 973], [310, 973], [311, 973], [312, 973], [313, 973], [276, 974], [277, 974], [278, 974], [279, 974], [282, 974], [283, 974], [284, 974], [285, 974], [286, 974], [290, 974], [291, 974], [302, 974], [303, 974], [304, 974], [305, 974], [275, 975], [276, 975], [277, 975], [278, 975], [282, 975], [283, 975], [284, 975], [285, 975], [290, 975], [291, 975], [301, 975], [302, 975], [303, 975], [304, 975], [274, 976], [275, 976], [276, 976], [277, 976], [282, 976], [283, 976], [290, 976], [291, 976], [292, 976], [293, 976], [299, 976], [300, 976], [301, 976], [302, 976], [303, 976], [273, 977], [274, 977], [275, 977], [276, 977], [281, 977], [282, 977], [283, 977], [290, 977], [291, 977], [292, 977], [293, 977], [298, 977], [299, 977], [300, 977], [301, 977], [302, 977], [272, 978], [273, 978], [274, 978], [275, 978], [280, 978], [281, 978], [282, 978], [283, 978], [292, 978], [293, 978], [297, 978], [298, 978], [299, 978], [300, 978], [271, 979], [272, 979], [273, 979], [274, 979], [279, 979], [280, 979], [281, 979], [282, 979], [292, 979], [293, 979], [297, 979], [298, 979], [299, 979], [270, 980], [271, 980], [272, 980], [273, 980], [279, 980], [280, 980], [281, 980], [292, 980], [293, 980], [296, 980], [297, 980], [298, 980], [269, 981], [270, 981], [271, 981], [272, 981], [278, 981], [279, 981], [280, 981], [291, 981], [292, 981], [293, 981], [294, 981], [295, 981], [296, 981], [297, 981], [298, 981], [267, 982], [268, 982], [269, 982], [270, 982], [271, 982], [277, 982], [278, 982], [279, 982], [280, 982], [290, 982], [291, 982], [292, 982], [294, 982], [295, 982], [296, 982], [297, 982], [266, 983], [267, 983], [268, 983], [269, 983], [270, 983], [276, 983], [277, 983], [278, 983], [279, 983], [289, 983], [290, 983], [291, 983], [293, 983], [294, 983], [295, 983], [266, 984], [267, 984], [268, 984], [276, 984], [277, 984], [278, 984], [289, 984], [290, 984], [291, 984], [292, 984], [293, 984], [294, 984], [265, 985], [266, 985], [267, 985], [275, 985], [276, 985], [277, 985], [288, 985], [289, 985], [290, 985], [291, 985], [292, 985], [293, 985], [264, 986], [265, 986], [266, 986], [267, 986], [271, 986], [272, 986], [273, 986], [274, 986], [275, 986], [276, 986], [277, 986], [287, 986], [288, 986], [289, 986], [290, 986], [291, 986], [292, 986], [293, 986], [263, 987], [264, 987], [265, 987], [266, 987], [270, 987], [271, 987], [272, 987], [273, 987], [274, 987], [275, 987], [276, 987], [287, 987], [288, 987], [289, 987], [290, 987], [291, 987], [292, 987], [263, 988], [264, 988], [265, 988], [269, 988], [270, 988], [271, 988], [272, 988], [287, 988], [288, 988], [289, 988], [290, 988], [291, 988], [292, 988], [262, 989], [263, 989], [264, 989], [267, 989], [268, 989], [269, 989], [270, 989], [271, 989], [285, 989], [286, 989], [287, 989], [289, 989], [290, 989], [262, 990], [263, 990], [264, 990], [266, 990], [267, 990], [268, 990], [269, 990], [270, 990], [284, 990], [285, 990], [286, 990], [287, 990], [288, 990], [262, 991], [263, 991], [264, 991], [265, 991], [266, 991], [267, 991], [268, 991], [283, 991], [284, 991], [285, 991], [286, 991], [287, 991], [288, 991], [262, 992], [263, 992], [264, 992], [265, 992], [266, 992], [267, 992], [283, 992], [284, 992], [285, 992], [286, 992], [287, 992], [288, 992], [262, 993], [263, 993], [264, 993], [265, 993], [283, 993], [284, 993], [285, 993], [286, 993], [287, 993], [288, 993], [283, 994], [284, 994], [285, 994], [286, 994], [287, 994]




Yellow line left - [1328, 490], [1329, 490], [1330, 490], [1331, 490], [1332, 490], [1333, 490], [1334, 490], [1335, 490], [1336, 490], [1337, 490], [1338, 490], [1339, 490], [1340, 490], [1341, 490], [1342, 490], [1327, 491], [1328, 491], [1329, 491], [1330, 491], [1331, 491], [1332, 491], [1333, 491], [1334, 491], [1335, 491], [1336, 491], [1337, 491], [1338, 491], [1339, 491], [1340, 491], [1341, 491], [1342, 491], [1343, 491], [1344, 491], [1327, 492], [1328, 492], [1329, 492], [1341, 492], [1342, 492], [1343, 492], [1344, 492], [1345, 492], [1327, 493], [1328, 493], [1343, 493], [1344, 493], [1345, 493], [1346, 493], [1327, 494], [1328, 494], [1329, 494], [1344, 494], [1345, 494], [1346, 494], [1327, 495], [1328, 495], [1329, 495], [1330, 495], [1331, 495], [1332, 495], [1333, 495], [1334, 495], [1335, 495], [1336, 495], [1343, 495], [1344, 495], [1345, 495], [1346, 495], [1328, 496], [1329, 496], [1330, 496], [1331, 496], [1332, 496], [1333, 496], [1334, 496], [1335, 496], [1336, 496], [1337, 496], [1338, 496], [1339, 496], [1340, 496], [1341, 496], [1342, 496], [1343, 496], [1344, 496], [1345, 496], [1335, 497], [1336, 497], [1337, 497], [1338, 497], [1339, 497], [1340, 497], [1341, 497], [1342, 497], [1343, 497], [1344, 497]




Yellow line right - [1574, 782], [1575, 782], [1576, 782], [1577, 782], [1573, 783], [1574, 783], [1575, 783], [1576, 783], [1577, 783], [1573, 784], [1574, 784], [1575, 784], [1576, 784], [1577, 784], [1573, 785], [1574, 785], [1575, 785], [1576, 785], [1577, 785], [1573, 786], [1574, 786], [1575, 786], [1576, 786], [1577, 786]




White line right - [1471, 266], [1472, 266], [1473, 266], [1474, 266], [1475, 266], [1476, 266], [1470, 267], [1471, 267], [1472, 267], [1473, 267], [1474, 267], [1475, 267], [1476, 267], [1477, 267], [1463, 268], [1464, 268], [1465, 268], [1466, 268], [1467, 268], [1470, 268], [1471, 268], [1472, 268], [1474, 268], [1475, 268], [1476, 268], [1477, 268], [1461, 269], [1462, 269], [1463, 269], [1464, 269], [1465, 269], [1466, 269], [1467, 269], [1468, 269], [1469, 269], [1470, 269], [1471, 269], [1472, 269], [1473, 269], [1474, 269], [1475, 269], [1476, 269], [1477, 269], [1460, 270], [1461, 270], [1462, 270], [1463, 270], [1464, 270], [1466, 270], [1467, 270], [1468, 270], [1469, 270], [1470, 270], [1471, 270], [1472, 270], [1473, 270], [1474, 270], [1475, 270], [1461, 271], [1462, 271], [1463, 271], [1464, 271], [1465, 271], [1466, 271], [1467, 271], [1470, 271], [1471, 271], [1472, 271], [1473, 271], [1474, 271], [1475, 271], [1476, 271], [1463, 272], [1464, 272], [1465, 272], [1466, 272], [1467, 272], [1468, 272], [1469, 272], [1470, 272], [1471, 272], [1472, 272], [1473, 272], [1474, 272], [1475, 272], [1476, 272], [1477, 272], [1478, 272], [1479, 272], [1480, 272], [1466, 273], [1467, 273], [1468, 273], [1469, 273], [1470, 273], [1471, 273], [1472, 273], [1473, 273], [1474, 273], [1475, 273], [1476, 273], [1479, 273], [1480, 273], [1472, 274], [1473, 274], [1474, 274], [1475, 274], [1476, 274], [1477, 274], [1478, 274], [1479, 274], [1480, 274], [1494, 278], [1495, 278], [1496, 278], [1497, 278], [1498, 278], [1493, 279], [1494, 279], [1495, 279], [1496, 279], [1497, 279], [1498, 279], [1499, 279], [1500, 279], [1501, 279], [1502, 279], [1503, 279], [1493, 280], [1494, 280], [1495, 280], [1497, 280], [1498, 280], [1499, 280], [1500, 280], [1501, 280], [1502, 280], [1503, 280], [1504, 280], [1505, 280], [1506, 280], [1493, 281], [1494, 281], [1495, 281], [1496, 281], [1502, 281], [1503, 281], [1504, 281], [1505, 281], [1506, 281], [1507, 281], [1508, 281], [1509, 281], [1494, 282], [1495, 282], [1496, 282], [1497, 282], [1498, 282], [1499, 282], [1505, 282], [1506, 282], [1507, 282], [1508, 282], [1509, 282], [1510, 282], [1495, 283], [1496, 283], [1497, 283], [1498, 283], [1499, 283], [1500, 283], [1501, 283], [1502, 283], [1508, 283], [1509, 283], [1510, 283], [1511, 283], [1498, 284], [1499, 284], [1500, 284], [1501, 284], [1502, 284], [1503, 284], [1504, 284], [1505, 284], [1506, 284], [1507, 284], [1508, 284], [1509, 284], [1510, 284], [1511, 284], [1501, 285], [1502, 285], [1503, 285], [1504, 285], [1505, 285], [1506, 285], [1507, 285], [1508, 285], [1509, 285], [1510, 285], [1511, 285], [1512, 285], [1513, 285], [1514, 285], [1515, 285], [1516, 285], [1517, 285], [1512, 286], [1513, 286], [1514, 286], [1515, 286], [1516, 286], [1517, 286], [1518, 286], [1519, 286], [1520, 286], [1512, 287], [1513, 287], [1514, 287], [1515, 287], [1516, 287], [1518, 287], [1519, 287], [1520, 287], [1432, 288], [1433, 288], [1434, 288], [1435, 288], [1436, 288], [1513, 288], [1514, 288], [1515, 288], [1516, 288], [1517, 288], [1518, 288], [1519, 288], [1520, 288], [1431, 289], [1432, 289], [1433, 289], [1434, 289], [1435, 289], [1436, 289], [1517, 289], [1518, 289], [1519, 289], [1520, 289], [1431, 290], [1432, 290], [1433, 290], [1434, 290], [1435, 290], [1436, 290], [1431, 291], [1432, 291], [1433, 291], [1434, 291], [1435, 291], [1436, 291], [1554, 299], [1555, 299], [1556, 299], [1557, 299], [1558, 299], [1559, 299], [1554, 300], [1555, 300], [1556, 300], [1557, 300], [1558, 300], [1559, 300], [1560, 300], [1561, 300], [1562, 300], [1563, 300], [1564, 300], [1554, 301], [1555, 301], [1556, 301], [1557, 301], [1559, 301], [1560, 301], [1561, 301], [1562, 301], [1563, 301], [1564, 301], [1565, 301], [1566, 301], [1567, 301], [1555, 302], [1556, 302], [1557, 302], [1558, 302], [1559, 302], [1560, 302], [1563, 302], [1564, 302], [1565, 302], [1566, 302], [1567, 302], [1568, 302], [1569, 302], [1557, 303], [1558, 303], [1559, 303], [1560, 303], [1561, 303], [1562, 303], [1566, 303], [1567, 303], [1568, 303], [1569, 303], [1570, 303], [1571, 303], [1559, 304], [1560, 304], [1561, 304], [1562, 304], [1563, 304], [1564, 304], [1565, 304], [1566, 304], [1567, 304], [1568, 304], [1569, 304], [1570, 304], [1571, 304], [1572, 304], [1561, 305], [1562, 305], [1563, 305], [1564, 305], [1565, 305], [1566, 305], [1567, 305], [1568, 305], [1569, 305], [1570, 305], [1571, 305], [1572, 305], [1573, 305], [1566, 306], [1567, 306], [1568, 306], [1569, 306], [1570, 306], [1571, 306], [1572, 306], [1573, 306], [1574, 306], [1575, 306], [1576, 306], [1577, 306], [1578, 306], [1579, 306], [1571, 307], [1572, 307], [1573, 307], [1574, 307], [1575, 307], [1576, 307], [1577, 307], [1578, 307], [1579, 307], [1580, 307], [1573, 308], [1574, 308], [1575, 308], [1576, 308], [1577, 308], [1578, 308], [1579, 308], [1580, 308], [1574, 309], [1575, 309], [1576, 309], [1577, 309], [1578, 309], [1579, 309], [1580, 309], [1602, 316], [1603, 316], [1604, 316], [1605, 316], [1606, 316], [1607, 316], [1608, 316], [1601, 317], [1602, 317], [1603, 317], [1604, 317], [1605, 317], [1606, 317], [1607, 317], [1608, 317], [1609, 317], [1610, 317], [1611, 317], [1612, 317], [1613, 317], [1614, 317], [1601, 318], [1602, 318], [1603, 318], [1604, 318], [1607, 318], [1608, 318], [1609, 318], [1610, 318], [1611, 318], [1612, 318], [1613, 318], [1614, 318], [1615, 318], [1616, 318], [1617, 318], [1601, 319], [1602, 319], [1603, 319], [1604, 319], [1605, 319], [1606, 319], [1613, 319], [1614, 319], [1615, 319], [1616, 319], [1617, 319], [1618, 319], [1619, 319], [1620, 319], [1603, 320], [1604, 320], [1605, 320], [1606, 320], [1607, 320], [1608, 320], [1609, 320], [1610, 320], [1616, 320], [1617, 320], [1618, 320], [1619, 320], [1620, 320], [1621, 320], [1622, 320], [1623, 320], [1605, 321], [1606, 321], [1607, 321], [1608, 321], [1609, 321], [1610, 321], [1611, 321], [1612, 321], [1619, 321], [1620, 321], [1621, 321], [1622, 321], [1623, 321], [1624, 321], [1625, 321], [1609, 322], [1610, 322], [1611, 322], [1612, 322], [1613, 322], [1614, 322], [1622, 322], [1623, 322], [1624, 322], [1625, 322], [1626, 322], [1627, 322], [1628, 322], [1611, 323], [1612, 323], [1613, 323], [1614, 323], [1615, 323], [1616, 323], [1617, 323], [1624, 323], [1625, 323], [1626, 323], [1627, 323], [1628, 323], [1629, 323], [1630, 323], [1613, 324], [1614, 324], [1615, 324], [1616, 324], [1617, 324], [1618, 324], [1619, 324], [1620, 324], [1627, 324], [1628, 324], [1629, 324], [1630, 324], [1631, 324], [1632, 324], [1633, 324], [1634, 324], [1616, 325], [1617, 325], [1618, 325], [1619, 325], [1620, 325], [1621, 325], [1622, 325], [1623, 325], [1629, 325], [1630, 325], [1631, 325], [1632, 325], [1633, 325], [1634, 325], [1635, 325], [1636, 325], [1619, 326], [1620, 326], [1621, 326], [1622, 326], [1623, 326], [1624, 326], [1625, 326], [1626, 326], [1633, 326], [1634, 326], [1635, 326], [1636, 326], [1637, 326], [1638, 326], [1639, 326], [1640, 326], [1622, 327], [1623, 327], [1624, 327], [1625, 327], [1626, 327], [1627, 327], [1628, 327], [1629, 327], [1635, 327], [1636, 327], [1637, 327], [1638, 327], [1639, 327], [1640, 327], [1641, 327], [1642, 327], [1625, 328], [1626, 328], [1627, 328], [1628, 328], [1629, 328], [1630, 328], [1631, 328], [1632, 328], [1639, 328], [1640, 328], [1641, 328], [1642, 328], [1643, 328], [1644, 328], [1645, 328], [1628, 329], [1629, 329], [1630, 329], [1631, 329], [1632, 329], [1633, 329], [1634, 329], [1635, 329], [1641, 329], [1642, 329], [1643, 329], [1644, 329], [1645, 329], [1646, 329], [1647, 329], [1648, 329], [1631, 330], [1632, 330], [1633, 330], [1634, 330], [1635, 330], [1636, 330], [1637, 330], [1644, 330], [1645, 330], [1646, 330], [1647, 330], [1648, 330], [1649, 330], [1650, 330], [1634, 331], [1635, 331], [1636, 331], [1637, 331], [1638, 331], [1639, 331], [1640, 331], [1647, 331], [1648, 331], [1649, 331], [1650, 331], [1651, 331], [1652, 331], [1636, 332], [1637, 332], [1638, 332], [1639, 332], [1640, 332], [1641, 332], [1642, 332], [1643, 332], [1649, 332], [1650, 332], [1651, 332], [1652, 332], [1653, 332], [1654, 332], [1639, 333], [1640, 333], [1641, 333], [1642, 333], [1643, 333], [1644, 333], [1645, 333], [1646, 333], [1651, 333], [1652, 333], [1653, 333], [1654, 333], [1655, 333], [1656, 333], [1657, 333], [1642, 334], [1643, 334], [1644, 334], [1645, 334], [1646, 334], [1647, 334], [1648, 334], [1649, 334], [1653, 334], [1654, 334], [1655, 334], [1656, 334], [1657, 334], [1658, 334], [1659, 334], [1660, 334], [1645, 335], [1646, 335], [1647, 335], [1648, 335], [1649, 335], [1650, 335], [1651, 335], [1652, 335], [1656, 335], [1657, 335], [1658, 335], [1659, 335], [1660, 335], [1661, 335], [1662, 335], [1663, 335], [1664, 335], [1648, 336], [1649, 336], [1650, 336], [1651, 336], [1652, 336], [1653, 336], [1654, 336], [1655, 336], [1659, 336], [1660, 336], [1661, 336], [1662, 336], [1663, 336], [1664, 336], [1665, 336], [1666, 336], [1667, 336], [1668, 336], [1651, 337], [1652, 337], [1653, 337], [1654, 337], [1655, 337], [1656, 337], [1657, 337], [1663, 337], [1664, 337], [1665, 337], [1666, 337], [1667, 337], [1668, 337], [1669, 337], [1670, 337], [1671, 337], [1672, 337], [1654, 338], [1655, 338], [1656, 338], [1657, 338], [1658, 338], [1659, 338], [1660, 338], [1667, 338], [1668, 338], [1669, 338], [1670, 338], [1671, 338], [1672, 338], [1673, 338], [1674, 338], [1656, 339], [1657, 339], [1658, 339], [1659, 339], [1660, 339], [1661, 339], [1662, 339], [1663, 339], [1671, 339], [1672, 339], [1673, 339], [1674, 339], [1675, 339], [1676, 339], [1677, 339], [1659, 340], [1660, 340], [1661, 340], [1662, 340], [1663, 340], [1664, 340], [1665, 340], [1673, 340], [1674, 340], [1675, 340], [1676, 340], [1677, 340], [1678, 340], [1679, 340], [1680, 340], [1681, 340], [1662, 341], [1663, 341], [1664, 341], [1665, 341], [1666, 341], [1667, 341], [1668, 341], [1669, 341], [1676, 341], [1677, 341], [1678, 341], [1679, 341], [1680, 341], [1681, 341], [1682, 341], [1683, 341], [1664, 342], [1665, 342], [1666, 342], [1667, 342], [1668, 342], [1669, 342], [1670, 342], [1671, 342], [1680, 342], [1681, 342], [1682, 342], [1683, 342], [1684, 342], [1685, 342], [1686, 342], [1668, 343], [1669, 343], [1670, 343], [1671, 343], [1672, 343], [1673, 343], [1674, 343], [1675, 343], [1682, 343], [1683, 343], [1684, 343], [1685, 343], [1686, 343], [1687, 343], [1688, 343], [1689, 343], [1690, 343], [1670, 344], [1671, 344], [1672, 344], [1673, 344], [1674, 344], [1675, 344], [1676, 344], [1677, 344], [1678, 344], [1685, 344], [1686, 344], [1687, 344], [1688, 344], [1689, 344], [1690, 344], [1691, 344], [1692, 344], [1693, 344], [1674, 345], [1675, 345], [1676, 345], [1677, 345], [1678, 345], [1679, 345], [1680, 345], [1681, 345], [1689, 345], [1690, 345], [1691, 345], [1692, 345], [1693, 345], [1694, 345], [1695, 345], [1677, 346], [1678, 346], [1679, 346], [1680, 346], [1681, 346], [1682, 346], [1683, 346], [1684, 346], [1692, 346], [1693, 346], [1694, 346], [1695, 346], [1696, 346], [1697, 346], [1698, 346], [1680, 347], [1681, 347], [1682, 347], [1683, 347], [1684, 347], [1685, 347], [1686, 347], [1687, 347], [1694, 347], [1695, 347], [1696, 347], [1697, 347], [1698, 347], [1699, 347], [1700, 347], [1683, 348], [1684, 348], [1685, 348], [1686, 348], [1687, 348], [1688, 348], [1689, 348], [1690, 348], [1697, 348], [1698, 348], [1699, 348], [1700, 348], [1701, 348], [1702, 348], [1686, 349], [1687, 349], [1688, 349], [1689, 349], [1690, 349], [1691, 349], [1692, 349], [1699, 349], [1700, 349], [1701, 349], [1702, 349], [1703, 349], [1704, 349], [1705, 349], [1689, 350], [1690, 350], [1691, 350], [1692, 350], [1693, 350], [1694, 350], [1695, 350], [1701, 350], [1702, 350], [1703, 350], [1704, 350], [1705, 350], [1706, 350], [1707, 350], [1708, 350], [1691, 351], [1692, 351], [1693, 351], [1694, 351], [1695, 351], [1696, 351], [1697, 351], [1704, 351], [1705, 351], [1706, 351], [1707, 351], [1708, 351], [1709, 351], [1710, 351], [1711, 351], [1694, 352], [1695, 352], [1696, 352], [1697, 352], [1698, 352], [1699, 352], [1700, 352], [1707, 352], [1708, 352], [1709, 352], [1710, 352], [1711, 352], [1712, 352], [1713, 352], [1714, 352], [1715, 352], [1696, 353], [1697, 353], [1698, 353], [1699, 353], [1700, 353], [1701, 353], [1702, 353], [1703, 353], [1710, 353], [1711, 353], [1712, 353], [1713, 353], [1714, 353], [1715, 353], [1716, 353], [1717, 353], [1718, 353], [1719, 353], [1699, 354], [1700, 354], [1701, 354], [1702, 354], [1703, 354], [1704, 354], [1705, 354], [1714, 354], [1715, 354], [1716, 354], [1717, 354], [1718, 354], [1719, 354], [1720, 354], [1721, 354], [1702, 355], [1703, 355], [1704, 355], [1705, 355], [1706, 355], [1707, 355], [1708, 355], [1709, 355], [1718, 355], [1719, 355], [1720, 355], [1721, 355], [1722, 355], [1723, 355], [1724, 355], [1704, 356], [1705, 356], [1706, 356], [1707, 356], [1708, 356], [1709, 356], [1710, 356], [1711, 356], [1712, 356], [1713, 356], [1720, 356], [1721, 356], [1722, 356], [1723, 356], [1724, 356], [1725, 356], [1726, 356], [1708, 357], [1709, 357], [1710, 357], [1711, 357], [1712, 357], [1713, 357], [1714, 357], [1715, 357], [1723, 357], [1724, 357], [1725, 357], [1726, 357], [1727, 357], [1728, 357], [1712, 358], [1713, 358], [1714, 358], [1715, 358], [1716, 358], [1717, 358], [1718, 358], [1725, 358], [1726, 358], [1727, 358], [1728, 358], [1729, 358], [1730, 358], [1714, 359], [1715, 359], [1716, 359], [1717, 359], [1718, 359], [1719, 359], [1720, 359], [1727, 359], [1728, 359], [1729, 359], [1730, 359], [1731, 359], [1732, 359], [1733, 359], [1734, 359], [1717, 360], [1718, 360], [1719, 360], [1720, 360], [1721, 360], [1722, 360], [1723, 360], [1729, 360], [1730, 360], [1731, 360], [1732, 360], [1733, 360], [1734, 360], [1735, 360], [1736, 360], [1719, 361], [1720, 361], [1721, 361], [1722, 361], [1723, 361], [1724, 361], [1725, 361], [1726, 361], [1733, 361], [1734, 361], [1735, 361], [1736, 361], [1737, 361], [1738, 361], [1739, 361], [1722, 362], [1723, 362], [1724, 362], [1725, 362], [1726, 362], [1727, 362], [1728, 362], [1729, 362], [1735, 362], [1736, 362], [1737, 362], [1738, 362], [1739, 362], [1740, 362], [1741, 362], [1725, 363], [1726, 363], [1727, 363], [1728, 363], [1729, 363], [1730, 363], [1731, 363], [1732, 363], [1738, 363], [1739, 363], [1740, 363], [1741, 363], [1742, 363], [1743, 363], [1728, 364], [1729, 364], [1730, 364], [1731, 364], [1732, 364], [1733, 364], [1734, 364], [1735, 364], [1736, 364], [1740, 364], [1741, 364], [1742, 364], [1743, 364], [1744, 364], [1745, 364], [1746, 364], [1731, 365], [1732, 365], [1733, 365], [1734, 365], [1735, 365], [1736, 365], [1737, 365], [1738, 365], [1742, 365], [1743, 365], [1744, 365], [1745, 365], [1746, 365], [1747, 365], [1748, 365], [1749, 365], [1750, 365], [1735, 366], [1736, 366], [1737, 366], [1738, 366], [1739, 366], [1745, 366], [1746, 366], [1747, 366], [1748, 366], [1749, 366], [1750, 366], [1751, 366], [1752, 366], [1753, 366], [1737, 367], [1738, 367], [1739, 367], [1740, 367], [1741, 367], [1749, 367], [1750, 367], [1751, 367], [1752, 367], [1753, 367], [1754, 367], [1755, 367], [1756, 367], [1738, 368], [1739, 368], [1740, 368], [1741, 368], [1742, 368], [1743, 368], [1752, 368], [1753, 368], [1754, 368], [1755, 368], [1756, 368], [1757, 368], [1758, 368], [1759, 368], [1740, 369], [1741, 369], [1742, 369], [1743, 369], [1744, 369], [1745, 369], [1746, 369], [1755, 369], [1756, 369], [1757, 369], [1758, 369], [1759, 369], [1760, 369], [1761, 369], [1762, 369], [1742, 370], [1743, 370], [1744, 370], [1745, 370], [1746, 370], [1747, 370], [1748, 370], [1749, 370], [1758, 370], [1759, 370], [1760, 370], [1761, 370], [1762, 370], [1763, 370], [1764, 370], [1765, 370], [1745, 371], [1746, 371], [1747, 371], [1748, 371], [1749, 371], [1750, 371], [1751, 371], [1761, 371], [1762, 371], [1763, 371], [1764, 371], [1765, 371], [1766, 371], [1767, 371], [1768, 371], [1748, 372], [1749, 372], [1750, 372], [1751, 372], [1752, 372], [1753, 372], [1754, 372], [1764, 372], [1765, 372], [1766, 372], [1767, 372], [1768, 372], [1769, 372], [1770, 372], [1771, 372], [1750, 373], [1751, 373], [1752, 373], [1753, 373], [1754, 373], [1755, 373], [1756, 373], [1767, 373], [1768, 373], [1769, 373], [1770, 373], [1771, 373], [1772, 373], [1773, 373], [1774, 373], [1753, 374], [1754, 374], [1755, 374], [1756, 374], [1757, 374], [1758, 374], [1759, 374], [1760, 374], [1770, 374], [1771, 374], [1772, 374], [1773, 374], [1774, 374], [1775, 374], [1776, 374], [1777, 374], [1755, 375], [1756, 375], [1757, 375], [1758, 375], [1759, 375], [1760, 375], [1761, 375], [1762, 375], [1763, 375], [1773, 375], [1774, 375], [1775, 375], [1776, 375], [1777, 375], [1778, 375], [1779, 375], [1759, 376], [1760, 376], [1761, 376], [1762, 376], [1763, 376], [1764, 376], [1765, 376], [1766, 376], [1776, 376], [1777, 376], [1778, 376], [1779, 376], [1780, 376], [1781, 376], [1762, 377], [1763, 377], [1764, 377], [1765, 377], [1766, 377], [1767, 377], [1768, 377], [1769, 377], [1770, 377], [1778, 377], [1779, 377], [1780, 377], [1781, 377], [1782, 377], [1783, 377], [1784, 377], [1765, 378], [1766, 378], [1767, 378], [1768, 378], [1769, 378], [1770, 378], [1771, 378], [1772, 378], [1780, 378], [1781, 378], [1782, 378], [1783, 378], [1784, 378], [1785, 378], [1786, 378], [1769, 379], [1770, 379], [1771, 379], [1772, 379], [1773, 379], [1774, 379], [1775, 379], [1783, 379], [1784, 379], [1785, 379], [1786, 379], [1787, 379], [1788, 379], [1789, 379], [1790, 379], [1771, 380], [1772, 380], [1773, 380], [1774, 380], [1775, 380], [1776, 380], [1777, 380], [1778, 380], [1785, 380], [1786, 380], [1787, 380], [1788, 380], [1789, 380], [1790, 380], [1791, 380], [1792, 380], [1793, 380], [1794, 380], [1774, 381], [1775, 381], [1776, 381], [1777, 381], [1778, 381], [1779, 381], [1780, 381], [1781, 381], [1789, 381], [1790, 381], [1791, 381], [1792, 381], [1793, 381], [1794, 381], [1795, 381], [1796, 381], [1777, 382], [1778, 382], [1779, 382], [1780, 382], [1781, 382], [1782, 382], [1783, 382], [1784, 382], [1793, 382], [1794, 382], [1795, 382], [1796, 382], [1797, 382], [1780, 383], [1781, 383], [1782, 383], [1783, 383], [1784, 383], [1785, 383], [1786, 383], [1787, 383], [1795, 383], [1796, 383], [1797, 383], [1798, 383], [1799, 383], [1783, 384], [1784, 384], [1785, 384], [1786, 384], [1787, 384], [1788, 384], [1789, 384], [1790, 384], [1796, 384], [1797, 384], [1798, 384], [1799, 384], [1800, 384], [1801, 384], [1802, 384], [1803, 384], [1804, 384], [1786, 385], [1787, 385], [1788, 385], [1789, 385], [1790, 385], [1791, 385], [1792, 385], [1793, 385], [1798, 385], [1799, 385], [1800, 385], [1801, 385], [1802, 385], [1803, 385], [1804, 385], [1805, 385], [1806, 385], [1807, 385], [1808, 385], [1809, 385], [1789, 386], [1790, 386], [1791, 386], [1792, 386], [1793, 386], [1794, 386], [1795, 386], [1803, 386], [1804, 386], [1805, 386], [1806, 386], [1807, 386], [1808, 386], [1809, 386], [1810, 386], [1811, 386], [1812, 386], [1813, 386], [1792, 387], [1793, 387], [1794, 387], [1795, 387], [1796, 387], [1797, 387], [1798, 387], [1808, 387], [1809, 387], [1810, 387], [1811, 387], [1812, 387], [1813, 387], [1814, 387], [1815, 387], [1816, 387], [1794, 388], [1795, 388], [1796, 388], [1797, 388], [1798, 388], [1799, 388], [1800, 388], [1812, 388], [1813, 388], [1814, 388], [1815, 388], [1816, 388], [1817, 388], [1818, 388], [1819, 388], [1797, 389], [1798, 389], [1799, 389], [1800, 389], [1801, 389], [1802, 389], [1803, 389], [1804, 389], [1815, 389], [1816, 389], [1817, 389], [1818, 389], [1819, 389], [1820, 389], [1821, 389], [1822, 389], [1799, 390], [1800, 390], [1801, 390], [1802, 390], [1803, 390], [1804, 390], [1805, 390], [1806, 390], [1807, 390], [1818, 390], [1819, 390], [1820, 390], [1821, 390], [1822, 390], [1823, 390], [1824, 390], [1256, 391], [1257, 391], [1258, 391], [1803, 391], [1804, 391], [1805, 391], [1806, 391], [1807, 391], [1808, 391], [1809, 391], [1810, 391], [1821, 391], [1822, 391], [1823, 391], [1824, 391], [1255, 392], [1256, 392], [1257, 392], [1258, 392], [1259, 392], [1806, 392], [1807, 392], [1808, 392], [1809, 392], [1810, 392], [1811, 392], [1812, 392], [1813, 392], [1814, 392], [1824, 392], [1257, 393], [1258, 393], [1259, 393], [1260, 393], [1809, 393], [1810, 393], [1811, 393], [1812, 393], [1813, 393], [1814, 393], [1815, 393], [1816, 393], [1817, 393], [1258, 394], [1259, 394], [1260, 394], [1261, 394], [1813, 394], [1814, 394], [1815, 394], [1816, 394], [1817, 394], [1818, 394], [1819, 394], [1820, 394], [1821, 394], [1822, 394], [1823, 394], [1259, 395], [1260, 395], [1261, 395], [1262, 395], [1816, 395], [1817, 395], [1818, 395], [1819, 395], [1820, 395], [1821, 395], [1822, 395], [1823, 395], [1824, 395], [1260, 396], [1261, 396], [1262, 396], [1263, 396], [1822, 396], [1823, 396], [1824, 396], [1261, 397], [1262, 397], [1263, 397], [1264, 397], [1244, 398], [1245, 398], [1246, 398], [1262, 398], [1263, 398], [1264, 398], [1265, 398], [1244, 399], [1245, 399], [1246, 399], [1247, 399], [1263, 399], [1264, 399], [1265, 399], [1266, 399], [1245, 400], [1246, 400], [1247, 400], [1248, 400], [1264, 400], [1265, 400], [1266, 400], [1267, 400], [1246, 401], [1247, 401], [1248, 401], [1249, 401], [1265, 401], [1266, 401], [1267, 401], [1268, 401], [1247, 402], [1248, 402], [1249, 402], [1250, 402], [1266, 402], [1267, 402], [1268, 402], [1269, 402], [1248, 403], [1249, 403], [1250, 403], [1251, 403], [1267, 403], [1268, 403], [1269, 403], [1270, 403], [1249, 404], [1250, 404], [1251, 404], [1252, 404], [1268, 404], [1269, 404], [1270, 404], [1271, 404], [1232, 405], [1233, 405], [1250, 405], [1251, 405], [1252, 405], [1253, 405], [1269, 405], [1270, 405], [1271, 405], [1272, 405], [1273, 405], [1231, 406], [1232, 406], [1233, 406], [1234, 406], [1251, 406], [1252, 406], [1253, 406], [1254, 406], [1270, 406], [1271, 406], [1272, 406], [1273, 406], [1274, 406], [1232, 407], [1233, 407], [1234, 407], [1235, 407], [1236, 407], [1252, 407], [1253, 407], [1254, 407], [1255, 407], [1256, 407], [1272, 407], [1273, 407], [1274, 407], [1275, 407], [1233, 408], [1234, 408], [1235, 408], [1236, 408], [1237, 408], [1253, 408], [1254, 408], [1255, 408], [1256, 408], [1257, 408], [1273, 408], [1274, 408], [1275, 408], [1276, 408], [1235, 409], [1236, 409], [1237, 409], [1238, 409], [1255, 409], [1256, 409], [1257, 409], [1258, 409], [1274, 409], [1275, 409], [1276, 409], [1277, 409], [1236, 410], [1237, 410], [1238, 410], [1239, 410], [1256, 410], [1257, 410], [1258, 410], [1259, 410], [1275, 410], [1276, 410], [1277, 410], [1278, 410], [1237, 411], [1238, 411], [1239, 411], [1240, 411], [1257, 411], [1258, 411], [1259, 411], [1276, 411], [1277, 411], [1278, 411], [1279, 411], [1220, 412], [1221, 412], [1222, 412], [1238, 412], [1239, 412], [1240, 412], [1241, 412], [1258, 412], [1259, 412], [1260, 412], [1277, 412], [1278, 412], [1279, 412], [1280, 412], [1220, 413], [1221, 413], [1222, 413], [1223, 413], [1239, 413], [1240, 413], [1241, 413], [1242, 413], [1258, 413], [1259, 413], [1260, 413], [1261, 413], [1262, 413], [1278, 413], [1279, 413], [1280, 413], [1281, 413], [1221, 414], [1222, 414], [1223, 414], [1224, 414], [1240, 414], [1241, 414], [1242, 414], [1243, 414], [1259, 414], [1260, 414], [1261, 414], [1262, 414], [1263, 414], [1279, 414], [1280, 414], [1281, 414], [1282, 414], [1222, 415], [1223, 415], [1224, 415], [1225, 415], [1241, 415], [1242, 415], [1243, 415], [1244, 415], [1261, 415], [1262, 415], [1263, 415], [1264, 415], [1280, 415], [1281, 415], [1282, 415], [1283, 415], [1223, 416], [1224, 416], [1225, 416], [1226, 416], [1242, 416], [1243, 416], [1244, 416], [1245, 416], [1262, 416], [1263, 416], [1264, 416], [1265, 416], [1281, 416], [1282, 416], [1283, 416], [1284, 416], [1224, 417], [1225, 417], [1226, 417], [1227, 417], [1243, 417], [1244, 417], [1245, 417], [1263, 417], [1264, 417], [1265, 417], [1266, 417], [1282, 417], [1283, 417], [1284, 417], [1285, 417], [1225, 418], [1226, 418], [1227, 418], [1228, 418], [1244, 418], [1245, 418], [1246, 418], [1247, 418], [1264, 418], [1265, 418], [1266, 418], [1267, 418], [1283, 418], [1284, 418], [1285, 418], [1286, 418], [1226, 419], [1227, 419], [1228, 419], [1229, 419], [1244, 419], [1245, 419], [1246, 419], [1247, 419], [1248, 419], [1265, 419], [1266, 419], [1267, 419], [1268, 419], [1284, 419], [1285, 419], [1286, 419], [1287, 419], [1227, 420], [1228, 420], [1229, 420], [1230, 420], [1246, 420], [1247, 420], [1248, 420], [1249, 420], [1266, 420], [1267, 420], [1268, 420], [1269, 420], [1285, 420], [1286, 420], [1287, 420], [1288, 420], [1289, 420], [1228, 421], [1229, 421], [1230, 421], [1231, 421], [1247, 421], [1248, 421], [1249, 421], [1250, 421], [1267, 421], [1268, 421], [1269, 421], [1270, 421], [1271, 421], [1286, 421], [1287, 421], [1288, 421], [1289, 421], [1290, 421], [1229, 422], [1230, 422], [1231, 422], [1232, 422], [1248, 422], [1249, 422], [1250, 422], [1251, 422], [1268, 422], [1269, 422], [1270, 422], [1271, 422], [1272, 422], [1288, 422], [1289, 422], [1290, 422], [1291, 422], [1230, 423], [1231, 423], [1232, 423], [1233, 423], [1249, 423], [1250, 423], [1251, 423], [1270, 423], [1271, 423], [1272, 423], [1273, 423], [1289, 423], [1290, 423], [1291, 423], [1292, 423], [1231, 424], [1232, 424], [1233, 424], [1234, 424], [1250, 424], [1251, 424], [1252, 424], [1253, 424], [1271, 424], [1272, 424], [1273, 424], [1274, 424], [1290, 424], [1291, 424], [1292, 424], [1293, 424], [1232, 425], [1233, 425], [1234, 425], [1235, 425], [1250, 425], [1251, 425], [1252, 425], [1253, 425], [1254, 425], [1272, 425], [1273, 425], [1274, 425], [1275, 425], [1291, 425], [1292, 425], [1293, 425], [1294, 425], [1233, 426], [1234, 426], [1235, 426], [1236, 426], [1252, 426], [1253, 426], [1254, 426], [1273, 426], [1274, 426], [1275, 426], [1276, 426], [1292, 426], [1293, 426], [1294, 426], [1295, 426], [1234, 427], [1235, 427], [1236, 427], [1237, 427], [1253, 427], [1254, 427], [1255, 427], [1274, 427], [1275, 427], [1276, 427], [1277, 427], [1293, 427], [1294, 427], [1295, 427], [1296, 427], [1297, 427], [1235, 428], [1236, 428], [1237, 428], [1238, 428], [1253, 428], [1254, 428], [1255, 428], [1256, 428], [1275, 428], [1276, 428], [1277, 428], [1278, 428], [1294, 428], [1295, 428], [1296, 428], [1297, 428], [1298, 428], [1236, 429], [1237, 429], [1238, 429], [1239, 429], [1254, 429], [1255, 429], [1256, 429], [1257, 429], [1276, 429], [1277, 429], [1278, 429], [1279, 429], [1296, 429], [1297, 429], [1298, 429], [1299, 429], [1237, 430], [1238, 430], [1239, 430], [1240, 430], [1255, 430], [1256, 430], [1257, 430], [1258, 430], [1277, 430], [1278, 430], [1279, 430], [1280, 430], [1297, 430], [1298, 430], [1299, 430], [1300, 430], [1238, 431], [1239, 431], [1240, 431], [1241, 431], [1256, 431], [1257, 431], [1258, 431], [1259, 431], [1278, 431], [1279, 431], [1280, 431], [1281, 431], [1298, 431], [1299, 431], [1300, 431], [1301, 431], [1239, 432], [1240, 432], [1241, 432], [1242, 432], [1257, 432], [1258, 432], [1259, 432], [1260, 432], [1279, 432], [1280, 432], [1281, 432], [1282, 432], [1299, 432], [1300, 432], [1301, 432], [1302, 432], [1240, 433], [1241, 433], [1242, 433], [1243, 433], [1258, 433], [1259, 433], [1260, 433], [1261, 433], [1280, 433], [1281, 433], [1282, 433], [1283, 433], [1284, 433], [1300, 433], [1301, 433], [1302, 433], [1303, 433], [1241, 434], [1242, 434], [1243, 434], [1244, 434], [1259, 434], [1260, 434], [1261, 434], [1262, 434], [1281, 434], [1282, 434], [1283, 434], [1284, 434], [1301, 434], [1302, 434], [1303, 434], [1304, 434], [1242, 435], [1243, 435], [1244, 435], [1245, 435], [1260, 435], [1261, 435], [1262, 435], [1263, 435], [1283, 435], [1284, 435], [1285, 435], [1302, 435], [1303, 435], [1304, 435], [1305, 435], [1243, 436], [1244, 436], [1245, 436], [1246, 436], [1261, 436], [1262, 436], [1263, 436], [1283, 436], [1284, 436], [1285, 436], [1286, 436], [1303, 436], [1304, 436], [1305, 436], [1306, 436], [1244, 437], [1245, 437], [1246, 437], [1247, 437], [1262, 437], [1263, 437], [1264, 437], [1284, 437], [1285, 437], [1286, 437], [1287, 437], [1288, 437], [1304, 437], [1305, 437], [1306, 437], [1307, 437], [1245, 438], [1246, 438], [1247, 438], [1248, 438], [1262, 438], [1263, 438], [1264, 438], [1265, 438], [1266, 438], [1285, 438], [1286, 438], [1287, 438], [1288, 438], [1289, 438], [1305, 438], [1306, 438], [1307, 438], [1308, 438], [1246, 439], [1247, 439], [1248, 439], [1249, 439], [1250, 439], [1263, 439], [1264, 439], [1265, 439], [1266, 439], [1267, 439], [1287, 439], [1288, 439], [1289, 439], [1290, 439], [1306, 439], [1307, 439], [1308, 439], [1309, 439], [1247, 440], [1248, 440], [1249, 440], [1250, 440], [1251, 440], [1265, 440], [1266, 440], [1267, 440], [1268, 440], [1288, 440], [1289, 440], [1290, 440], [1291, 440], [1307, 440], [1308, 440], [1309, 440], [1310, 440], [1249, 441], [1250, 441], [1251, 441], [1252, 441], [1266, 441], [1267, 441], [1268, 441], [1269, 441], [1289, 441], [1290, 441], [1291, 441], [1308, 441], [1309, 441], [1310, 441], [1311, 441], [1250, 442], [1251, 442], [1252, 442], [1253, 442], [1267, 442], [1268, 442], [1269, 442], [1290, 442], [1291, 442], [1292, 442], [1293, 442], [1309, 442], [1310, 442], [1311, 442], [1312, 442], [1251, 443], [1252, 443], [1253, 443], [1254, 443], [1268, 443], [1269, 443], [1270, 443], [1271, 443], [1290, 443], [1291, 443], [1292, 443], [1293, 443], [1294, 443], [1310, 443], [1311, 443], [1312, 443], [1313, 443], [1252, 444], [1253, 444], [1254, 444], [1268, 444], [1269, 444], [1270, 444], [1271, 444], [1272, 444], [1292, 444], [1293, 444], [1294, 444], [1295, 444], [1311, 444], [1312, 444], [1313, 444], [1314, 444], [1253, 445], [1254, 445], [1270, 445], [1271, 445], [1272, 445], [1273, 445], [1293, 445], [1294, 445], [1295, 445], [1296, 445], [1312, 445], [1313, 445], [1314, 445], [1315, 445], [1253, 446], [1254, 446], [1255, 446], [1271, 446], [1272, 446], [1273, 446], [1274, 446], [1294, 446], [1295, 446], [1296, 446], [1297, 446], [1313, 446], [1314, 446], [1315, 446], [1316, 446], [1253, 447], [1254, 447], [1255, 447], [1256, 447], [1257, 447], [1272, 447], [1273, 447], [1274, 447], [1275, 447], [1295, 447], [1296, 447], [1297, 447], [1298, 447], [1314, 447], [1315, 447], [1316, 447], [1317, 447], [1318, 447], [1254, 448], [1255, 448], [1256, 448], [1257, 448], [1258, 448], [1273, 448], [1274, 448], [1275, 448], [1276, 448], [1296, 448], [1297, 448], [1298, 448], [1299, 448], [1315, 448], [1316, 448], [1317, 448], [1318, 448], [1319, 448], [1256, 449], [1257, 449], [1258, 449], [1274, 449], [1275, 449], [1276, 449], [1277, 449], [1297, 449], [1298, 449], [1299, 449], [1300, 449], [1317, 449], [1318, 449], [1319, 449], [1257, 450], [1258, 450], [1259, 450], [1275, 450], [1276, 450], [1277, 450], [1298, 450], [1299, 450], [1300, 450], [1301, 450], [1318, 450], [1319, 450], [1320, 450], [1257, 451], [1258, 451], [1259, 451], [1260, 451], [1276, 451], [1277, 451], [1278, 451], [1299, 451], [1300, 451], [1301, 451], [1302, 451], [1303, 451], [1318, 451], [1319, 451], [1320, 451], [1258, 452], [1259, 452], [1260, 452], [1261, 452], [1276, 452], [1277, 452], [1278, 452], [1279, 452], [1280, 452], [1300, 452], [1301, 452], [1302, 452], [1303, 452], [1304, 452], [1319, 452], [1320, 452], [1321, 452], [1259, 453], [1260, 453], [1261, 453], [1262, 453], [1277, 453], [1278, 453], [1279, 453], [1280, 453], [1281, 453], [1302, 453], [1303, 453], [1304, 453], [1305, 453], [1319, 453], [1320, 453], [1321, 453], [1260, 454], [1261, 454], [1262, 454], [1263, 454], [1279, 454], [1280, 454], [1281, 454], [1282, 454], [1303, 454], [1304, 454], [1305, 454], [1306, 454], [1320, 454], [1321, 454], [1322, 454], [1323, 454], [1324, 454], [1325, 454], [1261, 455], [1262, 455], [1263, 455], [1264, 455], [1280, 455], [1281, 455], [1282, 455], [1283, 455], [1304, 455], [1305, 455], [1306, 455], [1307, 455], [1320, 455], [1321, 455], [1322, 455], [1323, 455], [1324, 455], [1325, 455], [1326, 455], [1262, 456], [1263, 456], [1264, 456], [1265, 456], [1281, 456], [1282, 456], [1283, 456], [1284, 456], [1305, 456], [1306, 456], [1307, 456], [1308, 456], [1324, 456], [1325, 456], [1326, 456], [1327, 456], [1263, 457], [1264, 457], [1265, 457], [1266, 457], [1282, 457], [1283, 457], [1284, 457], [1285, 457], [1306, 457], [1307, 457], [1308, 457], [1309, 457], [1325, 457], [1326, 457], [1327, 457], [1328, 457], [1264, 458], [1265, 458], [1266, 458], [1267, 458], [1283, 458], [1284, 458], [1285, 458], [1286, 458], [1307, 458], [1308, 458], [1309, 458], [1310, 458], [1326, 458], [1327, 458], [1328, 458], [1329, 458], [1330, 458], [1265, 459], [1266, 459], [1267, 459], [1268, 459], [1284, 459], [1285, 459], [1286, 459], [1287, 459], [1308, 459], [1309, 459], [1310, 459], [1311, 459], [1327, 459], [1328, 459], [1329, 459], [1330, 459], [1331, 459], [1266, 460], [1267, 460], [1268, 460], [1269, 460], [1285, 460], [1286, 460], [1287, 460], [1288, 460], [1309, 460], [1310, 460], [1311, 460], [1312, 460], [1329, 460], [1330, 460], [1331, 460], [1267, 461], [1268, 461], [1269, 461], [1270, 461], [1286, 461], [1287, 461], [1288, 461], [1289, 461], [1310, 461], [1311, 461], [1312, 461], [1313, 461], [1330, 461], [1331, 461], [1332, 461], [1333, 461], [1268, 462], [1269, 462], [1270, 462], [1271, 462], [1287, 462], [1288, 462], [1289, 462], [1290, 462], [1311, 462], [1312, 462], [1313, 462], [1314, 462], [1330, 462], [1331, 462], [1332, 462], [1333, 462], [1334, 462], [1269, 463], [1270, 463], [1271, 463], [1272, 463], [1288, 463], [1289, 463], [1290, 463], [1291, 463], [1312, 463], [1313, 463], [1314, 463], [1315, 463], [1332, 463], [1333, 463], [1334, 463], [1335, 463], [1270, 464], [1271, 464], [1272, 464], [1289, 464], [1290, 464], [1291, 464], [1292, 464], [1313, 464], [1314, 464], [1315, 464], [1316, 464], [1333, 464], [1334, 464], [1335, 464], [1336, 464], [1271, 465], [1272, 465], [1273, 465], [1290, 465], [1291, 465], [1292, 465], [1293, 465], [1314, 465], [1315, 465], [1316, 465], [1317, 465], [1334, 465], [1335, 465], [1336, 465], [1337, 465], [1271, 466], [1272, 466], [1273, 466], [1274, 466], [1291, 466], [1292, 466], [1293, 466], [1294, 466], [1315, 466], [1316, 466], [1317, 466], [1318, 466], [1335, 466], [1336, 466], [1337, 466], [1338, 466], [1272, 467], [1273, 467], [1274, 467], [1275, 467], [1292, 467], [1293, 467], [1294, 467], [1316, 467], [1317, 467], [1318, 467], [1319, 467], [1336, 467], [1337, 467], [1338, 467], [1273, 468], [1274, 468], [1275, 468], [1276, 468], [1293, 468], [1294, 468], [1295, 468], [1296, 468], [1317, 468], [1318, 468], [1319, 468], [1320, 468], [1321, 468], [1337, 468], [1338, 468], [1339, 468], [1274, 469], [1275, 469], [1276, 469], [1277, 469], [1293, 469], [1294, 469], [1295, 469], [1296, 469], [1297, 469], [1318, 469], [1319, 469], [1320, 469], [1321, 469], [1337, 469], [1338, 469], [1339, 469], [1340, 469], [1341, 469], [1275, 470], [1276, 470], [1277, 470], [1278, 470], [1295, 470], [1296, 470], [1297, 470], [1320, 470], [1321, 470], [1322, 470], [1338, 470], [1339, 470], [1340, 470], [1341, 470], [1342, 470], [1276, 471], [1277, 471], [1278, 471], [1279, 471], [1296, 471], [1297, 471], [1298, 471], [1299, 471], [1320, 471], [1321, 471], [1322, 471], [1323, 471], [1340, 471], [1341, 471], [1342, 471], [1277, 472], [1278, 472], [1279, 472], [1280, 472], [1296, 472], [1297, 472], [1298, 472], [1299, 472], [1300, 472], [1321, 472], [1322, 472], [1323, 472], [1324, 472], [1341, 472], [1342, 472], [1343, 472], [1344, 472], [1278, 473], [1279, 473], [1280, 473], [1298, 473], [1299, 473], [1300, 473], [1301, 473], [1322, 473], [1323, 473], [1324, 473], [1325, 473], [1341, 473], [1342, 473], [1343, 473], [1344, 473], [1345, 473], [1346, 473], [1279, 474], [1280, 474], [1281, 474], [1299, 474], [1300, 474], [1301, 474], [1302, 474], [1323, 474], [1324, 474], [1325, 474], [1326, 474], [1327, 474], [1343, 474], [1344, 474], [1345, 474], [1346, 474], [1279, 475], [1280, 475], [1281, 475], [1282, 475], [1300, 475], [1301, 475], [1302, 475], [1303, 475], [1324, 475], [1325, 475], [1326, 475], [1327, 475], [1345, 475], [1346, 475], [1347, 475], [1280, 476], [1281, 476], [1282, 476], [1283, 476], [1301, 476], [1302, 476], [1303, 476], [1304, 476], [1326, 476], [1327, 476], [1328, 476], [1345, 476], [1346, 476], [1347, 476], [1348, 476], [1349, 476], [1281, 477], [1282, 477], [1283, 477], [1284, 477], [1302, 477], [1303, 477], [1304, 477], [1326, 477], [1327, 477], [1328, 477], [1329, 477], [1346, 477], [1347, 477], [1348, 477], [1349, 477], [1350, 477], [1282, 478], [1283, 478], [1284, 478], [1285, 478], [1303, 478], [1304, 478], [1305, 478], [1327, 478], [1328, 478], [1329, 478], [1330, 478], [1331, 478], [1348, 478], [1349, 478], [1350, 478], [1351, 478], [1283, 479], [1284, 479], [1285, 479], [1286, 479], [1287, 479], [1303, 479], [1304, 479], [1305, 479], [1306, 479], [1328, 479], [1329, 479], [1330, 479], [1331, 479], [1332, 479], [1349, 479], [1350, 479], [1351, 479], [1352, 479], [1284, 480], [1285, 480], [1286, 480], [1287, 480], [1288, 480], [1291, 480], [1292, 480], [1293, 480], [1294, 480], [1295, 480], [1304, 480], [1305, 480], [1306, 480], [1307, 480], [1330, 480], [1331, 480], [1332, 480], [1333, 480], [1350, 480], [1351, 480], [1352, 480], [1353, 480], [1286, 481], [1287, 481], [1288, 481], [1290, 481], [1291, 481], [1292, 481], [1293, 481], [1294, 481], [1295, 481], [1305, 481], [1306, 481], [1307, 481], [1308, 481], [1331, 481], [1332, 481], [1333, 481], [1334, 481], [1351, 481], [1352, 481], [1353, 481], [1354, 481], [1287, 482], [1288, 482], [1289, 482], [1290, 482], [1291, 482], [1292, 482], [1294, 482], [1295, 482], [1306, 482], [1307, 482], [1308, 482], [1309, 482], [1332, 482], [1333, 482], [1334, 482], [1335, 482], [1352, 482], [1353, 482], [1354, 482], [1355, 482], [1287, 483], [1288, 483], [1289, 483], [1291, 483], [1292, 483], [1294, 483], [1295, 483], [1307, 483], [1308, 483], [1309, 483], [1310, 483], [1311, 483], [1333, 483], [1334, 483], [1335, 483], [1336, 483], [1353, 483], [1354, 483], [1355, 483], [1288, 484], [1289, 484], [1290, 484], [1291, 484], [1292, 484], [1293, 484], [1294, 484], [1295, 484], [1308, 484], [1309, 484], [1310, 484], [1311, 484], [1312, 484], [1334, 484], [1335, 484], [1336, 484], [1337, 484], [1351, 484], [1352, 484], [1353, 484], [1354, 484], [1355, 484], [1289, 485], [1290, 485], [1291, 485], [1292, 485], [1293, 485], [1294, 485], [1295, 485], [1298, 485], [1299, 485], [1300, 485], [1302, 485], [1303, 485], [1304, 485], [1310, 485], [1311, 485], [1312, 485], [1313, 485], [1335, 485], [1336, 485], [1337, 485], [1338, 485], [1351, 485], [1352, 485], [1353, 485], [1354, 485], [1355, 485], [1290, 486], [1291, 486], [1292, 486], [1293, 486], [1294, 486], [1296, 486], [1297, 486], [1298, 486], [1299, 486], [1300, 486], [1301, 486], [1302, 486], [1304, 486], [1305, 486], [1306, 486], [1307, 486], [1308, 486], [1311, 486], [1312, 486], [1313, 486], [1314, 486], [1336, 486], [1337, 486], [1338, 486], [1351, 486], [1352, 486], [1353, 486], [1354, 486], [1355, 486], [1356, 486], [1357, 486], [1291, 487], [1292, 487], [1293, 487], [1294, 487], [1296, 487], [1297, 487], [1298, 487], [1299, 487], [1300, 487], [1301, 487], [1302, 487], [1303, 487], [1304, 487], [1305, 487], [1306, 487], [1307, 487], [1308, 487], [1309, 487], [1310, 487], [1312, 487], [1313, 487], [1314, 487], [1324, 487], [1325, 487], [1326, 487], [1327, 487], [1328, 487], [1329, 487], [1330, 487], [1331, 487], [1332, 487], [1333, 487], [1334, 487], [1335, 487], [1336, 487], [1337, 487], [1338, 487], [1351, 487], [1352, 487], [1353, 487], [1354, 487], [1355, 487], [1356, 487], [1357, 487], [1358, 487], [1292, 488], [1293, 488], [1294, 488], [1295, 488], [1296, 488], [1297, 488], [1300, 488], [1301, 488], [1302, 488], [1303, 488], [1304, 488], [1305, 488], [1306, 488], [1307, 488], [1308, 488], [1309, 488], [1310, 488], [1313, 488], [1314, 488], [1315, 488], [1324, 488], [1325, 488], [1326, 488], [1327, 488], [1328, 488], [1329, 488], [1330, 488], [1331, 488], [1332, 488], [1333, 488], [1334, 488], [1335, 488], [1336, 488], [1337, 488], [1338, 488], [1344, 488], [1345, 488], [1346, 488], [1347, 488], [1348, 488], [1349, 488], [1350, 488], [1353, 488], [1354, 488], [1355, 488], [1356, 488], [1357, 488], [1358, 488], [1359, 488], [1360, 488], [1293, 489], [1294, 489], [1295, 489], [1296, 489], [1297, 489], [1302, 489], [1303, 489], [1304, 489], [1305, 489], [1306, 489], [1307, 489], [1308, 489], [1309, 489], [1310, 489], [1313, 489], [1314, 489], [1315, 489], [1316, 489], [1324, 489], [1325, 489], [1326, 489], [1327, 489], [1328, 489], [1329, 489], [1330, 489], [1331, 489], [1332, 489], [1333, 489], [1334, 489], [1335, 489], [1336, 489], [1337, 489], [1338, 489], [1339, 489], [1340, 489], [1341, 489], [1342, 489], [1343, 489], [1344, 489], [1345, 489], [1346, 489], [1347, 489], [1348, 489], [1349, 489], [1350, 489], [1351, 489], [1352, 489], [1353, 489], [1357, 489], [1358, 489], [1359, 489], [1360, 489], [1361, 489], [1362, 489], [1294, 490], [1295, 490], [1296, 490], [1297, 490], [1304, 490], [1305, 490], [1306, 490], [1314, 490], [1315, 490], [1316, 490], [1317, 490], [1324, 490], [1325, 490], [1326, 490], [1327, 490], [1328, 490], [1329, 490], [1330, 490], [1331, 490], [1332, 490], [1333, 490], [1334, 490], [1335, 490], [1336, 490], [1337, 490], [1338, 490], [1339, 490], [1340, 490], [1341, 490], [1342, 490], [1343, 490], [1344, 490], [1345, 490], [1349, 490], [1350, 490], [1351, 490], [1352, 490], [1353, 490], [1354, 490], [1355, 490], [1359, 490], [1360, 490], [1361, 490], [1362, 490], [1363, 490], [1364, 490], [1295, 491], [1296, 491], [1297, 491], [1304, 491], [1305, 491], [1306, 491], [1307, 491], [1308, 491], [1309, 491], [1315, 491], [1316, 491], [1317, 491], [1318, 491], [1324, 491], [1325, 491], [1326, 491], [1327, 491], [1342, 491], [1343, 491], [1344, 491], [1345, 491], [1346, 491], [1352, 491], [1353, 491], [1354, 491], [1355, 491], [1356, 491], [1357, 491], [1361, 491], [1362, 491], [1363, 491], [1364, 491], [1365, 491], [1305, 492], [1306, 492], [1307, 492], [1308, 492], [1309, 492], [1310, 492], [1316, 492], [1317, 492], [1318, 492], [1324, 492], [1325, 492], [1326, 492], [1327, 492], [1343, 492], [1344, 492], [1345, 492], [1346, 492], [1354, 492], [1355, 492], [1356, 492], [1357, 492], [1358, 492], [1363, 492], [1364, 492], [1365, 492], [1366, 492], [1308, 493], [1309, 493], [1310, 493], [1311, 493], [1312, 493], [1313, 493], [1314, 493], [1317, 493], [1318, 493], [1324, 493], [1325, 493], [1327, 493], [1328, 493], [1344, 493], [1345, 493], [1346, 493], [1356, 493], [1357, 493], [1358, 493], [1364, 493], [1365, 493], [1366, 493], [1367, 493], [1309, 494], [1310, 494], [1311, 494], [1312, 494], [1313, 494], [1314, 494], [1315, 494], [1316, 494], [1317, 494], [1318, 494], [1325, 494], [1326, 494], [1327, 494], [1328, 494], [1357, 494], [1358, 494], [1359, 494], [1365, 494], [1366, 494], [1367, 494], [1368, 494], [1310, 495], [1311, 495], [1312, 495], [1313, 495], [1314, 495], [1315, 495], [1316, 495], [1317, 495], [1318, 495], [1326, 495], [1327, 495], [1328, 495], [1357, 495], [1358, 495], [1359, 495], [1360, 495], [1361, 495], [1366, 495], [1367, 495], [1368, 495], [1369, 495], [1358, 496], [1359, 496], [1360, 496], [1361, 496], [1362, 496], [1363, 496], [1364, 496], [1365, 496], [1366, 496], [1367, 496], [1368, 496], [1369, 496], [1370, 496], [1360, 497], [1361, 497], [1362, 497], [1363, 497], [1364, 497], [1365, 497], [1366, 497], [1367, 497], [1368, 497], [1369, 497], [1370, 497], [1371, 497], [1361, 498], [1362, 498], [1363, 498], [1364, 498], [1365, 498], [1366, 498], [1367, 498], [1369, 498], [1370, 498], [1371, 498], [1361, 499], [1362, 499], [1363, 499], [1364, 499], [1366, 499], [1367, 499], [1370, 499], [1371, 499], [1372, 499], [1373, 499], [1323, 500], [1324, 500], [1325, 500], [1326, 500], [1361, 500], [1362, 500], [1363, 500], [1364, 500], [1365, 500], [1366, 500], [1367, 500], [1368, 500], [1369, 500], [1370, 500], [1371, 500], [1372, 500], [1373, 500], [1374, 500], [1322, 501], [1323, 501], [1324, 501], [1325, 501], [1326, 501], [1327, 501], [1361, 501], [1362, 501], [1364, 501], [1365, 501], [1366, 501], [1367, 501], [1368, 501], [1369, 501], [1370, 501], [1371, 501], [1373, 501], [1374, 501], [1322, 502], [1323, 502], [1324, 502], [1325, 502], [1326, 502], [1327, 502], [1361, 502], [1362, 502], [1363, 502], [1364, 502], [1365, 502], [1366, 502], [1370, 502], [1371, 502], [1372, 502], [1373, 502], [1374, 502], [1307, 503], [1308, 503], [1309, 503], [1322, 503], [1323, 503], [1326, 503], [1327, 503], [1328, 503], [1362, 503], [1363, 503], [1364, 503], [1365, 503], [1366, 503], [1371, 503], [1372, 503], [1373, 503], [1375, 503], [1376, 503], [1377, 503], [1307, 504], [1309, 504], [1322, 504], [1323, 504], [1326, 504], [1327, 504], [1328, 504], [1363, 504], [1364, 504], [1365, 504], [1366, 504], [1374, 504], [1375, 504], [1376, 504], [1377, 504], [1378, 504], [1307, 505], [1308, 505], [1310, 505], [1311, 505], [1322, 505], [1323, 505], [1324, 505], [1325, 505], [1326, 505], [1327, 505], [1328, 505], [1358, 505], [1359, 505], [1360, 505], [1364, 505], [1365, 505], [1366, 505], [1374, 505], [1375, 505], [1376, 505], [1377, 505], [1378, 505], [1309, 506], [1310, 506], [1311, 506], [1312, 506], [1322, 506], [1323, 506], [1324, 506], [1325, 506], [1326, 506], [1327, 506], [1328, 506], [1329, 506], [1358, 506], [1360, 506], [1375, 506], [1376, 506], [1377, 506], [1378, 506], [1309, 507], [1310, 507], [1312, 507], [1313, 507], [1324, 507], [1325, 507], [1326, 507], [1327, 507], [1328, 507], [1329, 507], [1358, 507], [1359, 507], [1360, 507], [1376, 507], [1377, 507], [1378, 507], [1310, 508], [1311, 508], [1312, 508], [1313, 508], [1326, 508], [1327, 508], [1328, 508], [1329, 508], [1332, 508], [1333, 508], [1334, 508], [1361, 508], [1362, 508], [1363, 508], [1364, 508], [1311, 509], [1312, 509], [1314, 509], [1315, 509], [1316, 509], [1317, 509], [1318, 509], [1319, 509], [1320, 509], [1321, 509], [1322, 509], [1323, 509], [1331, 509], [1332, 509], [1333, 509], [1334, 509], [1335, 509], [1361, 509], [1362, 509], [1363, 509], [1364, 509], [1365, 509], [1381, 509], [1382, 509], [1383, 509], [1384, 509], [1313, 510], [1314, 510], [1315, 510], [1316, 510], [1317, 510], [1318, 510], [1319, 510], [1320, 510], [1321, 510], [1322, 510], [1323, 510], [1324, 510], [1325, 510], [1331, 510], [1332, 510], [1333, 510], [1334, 510], [1335, 510], [1336, 510], [1361, 510], [1362, 510], [1363, 510], [1364, 510], [1365, 510], [1366, 510], [1381, 510], [1382, 510], [1383, 510], [1384, 510], [1313, 511], [1314, 511], [1315, 511], [1316, 511], [1317, 511], [1318, 511], [1322, 511], [1323, 511], [1324, 511], [1325, 511], [1331, 511], [1332, 511], [1333, 511], [1334, 511], [1335, 511], [1336, 511], [1362, 511], [1363, 511], [1364, 511], [1365, 511], [1366, 511], [1381, 511], [1382, 511], [1383, 511], [1384, 511], [1313, 512], [1314, 512], [1315, 512], [1319, 512], [1320, 512], [1321, 512], [1322, 512], [1323, 512], [1324, 512], [1325, 512], [1334, 512], [1335, 512], [1336, 512], [1337, 512], [1338, 512], [1339, 512], [1363, 512], [1364, 512], [1365, 512], [1366, 512], [1382, 512], [1383, 512], [1384, 512], [1385, 512], [1386, 512], [1387, 512], [1313, 513], [1314, 513], [1315, 513], [1316, 513], [1319, 513], [1320, 513], [1321, 513], [1322, 513], [1323, 513], [1324, 513], [1325, 513], [1337, 513], [1339, 513], [1364, 513], [1365, 513], [1366, 513], [1367, 513], [1368, 513], [1369, 513], [1385, 513], [1386, 513], [1387, 513], [1388, 513], [1314, 514], [1315, 514], [1316, 514], [1317, 514], [1318, 514], [1319, 514], [1320, 514], [1321, 514], [1337, 514], [1338, 514], [1339, 514], [1367, 514], [1368, 514], [1369, 514], [1385, 514], [1386, 514], [1387, 514], [1388, 514], [1315, 515], [1316, 515], [1317, 515], [1318, 515], [1320, 515], [1321, 515], [1367, 515], [1368, 515], [1369, 515], [1370, 515], [1386, 515], [1387, 515], [1388, 515], [1317, 516], [1318, 516], [1319, 516], [1320, 516], [1321, 516], [1322, 516], [1323, 516], [1367, 516], [1368, 516], [1369, 516], [1370, 516], [1371, 516], [1372, 516], [1386, 516], [1387, 516], [1388, 516], [1318, 517], [1319, 517], [1320, 517], [1321, 517], [1322, 517], [1323, 517], [1367, 517], [1368, 517], [1369, 517], [1370, 517], [1371, 517], [1372, 517], [1373, 517], [1374, 517], [1320, 518], [1321, 518], [1322, 518], [1323, 518], [1369, 518], [1370, 518], [1371, 518], [1372, 518], [1373, 518], [1374, 518], [1375, 518], [1321, 519], [1322, 519], [1323, 519], [1369, 519], [1370, 519], [1371, 519], [1372, 519], [1374, 519], [1375, 519], [1376, 519], [1324, 520], [1325, 520], [1326, 520], [1343, 520], [1344, 520], [1345, 520], [1346, 520], [1371, 520], [1372, 520], [1373, 520], [1375, 520], [1376, 520], [1377, 520], [1324, 521], [1325, 521], [1326, 521], [1327, 521], [1343, 521], [1344, 521], [1345, 521], [1346, 521], [1347, 521], [1372, 521], [1373, 521], [1374, 521], [1376, 521], [1377, 521], [1378, 521], [1379, 521], [1380, 521], [1324, 522], [1325, 522], [1326, 522], [1327, 522], [1343, 522], [1344, 522], [1345, 522], [1346, 522], [1347, 522], [1348, 522], [1373, 522], [1374, 522], [1375, 522], [1377, 522], [1378, 522], [1379, 522], [1380, 522], [1381, 522], [1324, 523], [1325, 523], [1326, 523], [1327, 523], [1344, 523], [1345, 523], [1346, 523], [1347, 523], [1348, 523], [1349, 523], [1374, 523], [1375, 523], [1376, 523], [1377, 523], [1379, 523], [1380, 523], [1381, 523], [1382, 523], [1325, 524], [1326, 524], [1327, 524], [1345, 524], [1346, 524], [1347, 524], [1349, 524], [1350, 524], [1375, 524], [1376, 524], [1377, 524], [1378, 524], [1379, 524], [1380, 524], [1381, 524], [1382, 524], [1383, 524], [1329, 525], [1330, 525], [1331, 525], [1347, 525], [1348, 525], [1349, 525], [1350, 525], [1376, 525], [1377, 525], [1378, 525], [1379, 525], [1381, 525], [1382, 525], [1383, 525], [1329, 526], [1330, 526], [1331, 526], [1332, 526], [1333, 526], [1334, 526], [1348, 526], [1349, 526], [1350, 526], [1378, 526], [1379, 526], [1380, 526], [1382, 526], [1383, 526], [1384, 526], [1329, 527], [1330, 527], [1331, 527], [1332, 527], [1333, 527], [1334, 527], [1378, 527], [1379, 527], [1380, 527], [1381, 527], [1382, 527], [1383, 527], [1384, 527], [1385, 527], [1386, 527], [1330, 528], [1331, 528], [1332, 528], [1333, 528], [1334, 528], [1335, 528], [1379, 528], [1380, 528], [1381, 528], [1382, 528], [1383, 528], [1384, 528], [1385, 528], [1386, 528], [1387, 528], [1330, 529], [1331, 529], [1332, 529], [1334, 529], [1335, 529], [1380, 529], [1381, 529], [1382, 529], [1383, 529], [1385, 529], [1386, 529], [1387, 529], [1331, 530], [1332, 530], [1333, 530], [1334, 530], [1335, 530], [1353, 530], [1354, 530], [1355, 530], [1356, 530], [1381, 530], [1382, 530], [1383, 530], [1384, 530], [1386, 530], [1387, 530], [1388, 530], [1332, 531], [1333, 531], [1334, 531], [1335, 531], [1353, 531], [1354, 531], [1355, 531], [1356, 531], [1357, 531], [1382, 531], [1383, 531], [1384, 531], [1385, 531], [1387, 531], [1388, 531], [1389, 531], [1333, 532], [1334, 532], [1335, 532], [1349, 532], [1350, 532], [1351, 532], [1353, 532], [1354, 532], [1356, 532], [1357, 532], [1383, 532], [1384, 532], [1385, 532], [1386, 532], [1388, 532], [1389, 532], [1390, 532], [1349, 533], [1351, 533], [1353, 533], [1354, 533], [1355, 533], [1356, 533], [1357, 533], [1385, 533], [1386, 533], [1387, 533], [1389, 533], [1390, 533], [1349, 534], [1350, 534], [1351, 534], [1354, 534], [1355, 534], [1356, 534], [1358, 534], [1359, 534], [1386, 534], [1387, 534], [1388, 534], [1389, 534], [1390, 534], [1357, 535], [1358, 535], [1359, 535], [1360, 535], [1387, 535], [1388, 535], [1389, 535], [1390, 535], [1357, 536], [1358, 536], [1359, 536], [1360, 536], [1361, 536], [1388, 536], [1389, 536], [1390, 536], [1357, 537], [1358, 537], [1359, 537], [1360, 537], [1361, 537], [1362, 537], [1358, 538], [1359, 538], [1360, 538], [1361, 538], [1362, 538], [1363, 538], [1358, 539], [1359, 539], [1360, 539], [1361, 539], [1363, 539], [1364, 539], [1361, 540], [1362, 540], [1363, 540], [1364, 540], [1362, 541], [1363, 541], [1364, 541], [1365, 542], [1366, 542], [1367, 542], [1365, 543], [1366, 543], [1367, 543], [1368, 543], [1365, 544], [1366, 544], [1367, 544], [1368, 544], [1365, 545], [1366, 545], [1367, 545], [1368, 545], [1406, 552], [1407, 552], [1408, 552], [1406, 553], [1407, 553], [1408, 553], [1409, 553], [1406, 554], [1407, 554], [1408, 554], [1409, 554], [1410, 554], [1411, 554], [1412, 554], [1407, 555], [1408, 555], [1409, 555], [1410, 555], [1411, 555], [1412, 555], [1409, 556], [1410, 556], [1411, 556], [1412, 556], [1409, 557], [1410, 557], [1411, 557], [1412, 557], [1387, 564], [1388, 564], [1389, 564], [1387, 565], [1388, 565], [1389, 565], [1390, 565], [1387, 566], [1388, 566], [1389, 566], [1390, 566], [1387, 567], [1388, 567], [1389, 567], [1390, 567], [1390, 568], [1391, 568], [1392, 568], [1390, 569], [1391, 569], [1392, 569], [1393, 569], [1394, 569], [1390, 570], [1391, 570], [1392, 570], [1393, 570], [1394, 570], [1391, 571], [1392, 571], [1393, 571], [1394, 571], [1392, 572], [1393, 572], [1394, 572]


