White line left - [804, 659], [803, 660], [804, 660], [803, 661], [804, 661], [805, 661], [803, 662], [804, 662], [805, 662], [804, 663], [805, 663], [804, 664], [805, 664], [803, 665], [804, 665], [805, 665], [802, 666], [803, 666], [804, 666], [805, 666], [802, 667], [803, 667], [804, 667], [802, 668], [803, 668], [804, 668], [787, 669], [802, 669], [803, 669], [804, 669], [786, 670], [787, 670], [803, 670], [804, 670], [785, 671], [786, 671], [802, 671], [803, 671], [804, 671], [784, 672], [785, 672], [786, 672], [802, 672], [803, 672], [804, 672], [784, 673], [785, 673], [786, 673], [802, 673], [803, 673], [784, 674], [785, 674], [786, 674], [802, 674], [803, 674], [784, 675], [785, 675], [786, 675], [801, 675], [802, 675], [803, 675], [784, 676], [785, 676], [786, 676], [801, 676], [802, 676], [803, 676], [784, 677], [785, 677], [786, 677], [800, 677], [801, 677], [802, 677], [784, 678], [785, 678], [786, 678], [800, 678], [801, 678], [802, 678], [785, 679], [786, 679], [800, 679], [801, 679], [802, 679], [785, 680], [786, 680], [800, 680], [801, 680], [802, 680], [781, 681], [782, 681], [783, 681], [785, 681], [786, 681], [800, 681], [801, 681], [802, 681], [781, 682], [782, 682], [783, 682], [785, 682], [786, 682], [800, 682], [801, 682], [802, 682], [780, 683], [781, 683], [782, 683], [783, 683], [785, 683], [786, 683], [800, 683], [801, 683], [802, 683], [780, 684], [781, 684], [782, 684], [783, 684], [785, 684], [786, 684], [801, 684], [802, 684], [780, 685], [781, 685], [782, 685], [783, 685], [784, 685], [785, 685], [786, 685], [801, 685], [802, 685], [779, 686], [780, 686], [781, 686], [782, 686], [783, 686], [784, 686], [785, 686], [786, 686], [801, 686], [802, 686], [779, 687], [780, 687], [781, 687], [782, 687], [783, 687], [784, 687], [785, 687], [800, 687], [801, 687], [802, 687], [778, 688], [779, 688], [780, 688], [781, 688], [782, 688], [784, 688], [785, 688], [800, 688], [801, 688], [802, 688], [778, 689], [779, 689], [781, 689], [782, 689], [783, 689], [784, 689], [800, 689], [801, 689], [778, 690], [779, 690], [780, 690], [781, 690], [782, 690], [783, 690], [784, 690], [785, 690], [800, 690], [801, 690], [778, 691], [779, 691], [780, 691], [781, 691], [783, 691], [784, 691], [785, 691], [800, 691], [801, 691], [777, 692], [778, 692], [779, 692], [780, 692], [782, 692], [783, 692], [784, 692], [785, 692], [800, 692], [801, 692], [802, 692], [777, 693], [778, 693], [779, 693], [780, 693], [781, 693], [782, 693], [783, 693], [784, 693], [800, 693], [801, 693], [802, 693], [777, 694], [778, 694], [779, 694], [780, 694], [781, 694], [782, 694], [783, 694], [791, 694], [792, 694], [793, 694], [794, 694], [801, 694], [802, 694], [777, 695], [778, 695], [779, 695], [780, 695], [791, 695], [792, 695], [793, 695], [794, 695], [795, 695], [801, 695], [802, 695], [777, 696], [778, 696], [779, 696], [780, 696], [781, 696], [782, 696], [791, 696], [792, 696], [793, 696], [794, 696], [795, 696], [800, 696], [801, 696], [802, 696], [779, 697], [780, 697], [781, 697], [782, 697], [783, 697], [791, 697], [792, 697], [793, 697], [794, 697], [795, 697], [799, 697], [800, 697], [801, 697], [802, 697], [781, 698], [782, 698], [783, 698], [791, 698], [792, 698], [793, 698], [794, 698], [799, 698], [800, 698], [801, 698], [782, 699], [783, 699], [790, 699], [791, 699], [792, 699], [793, 699], [794, 699], [799, 699], [800, 699], [782, 700], [783, 700], [788, 700], [789, 700], [790, 700], [791, 700], [792, 700], [793, 700], [794, 700], [795, 700], [797, 700], [798, 700], [799, 700], [800, 700], [781, 701], [782, 701], [783, 701], [787, 701], [788, 701], [789, 701], [790, 701], [791, 701], [793, 701], [794, 701], [795, 701], [797, 701], [798, 701], [799, 701], [800, 701], [781, 702], [782, 702], [783, 702], [787, 702], [788, 702], [789, 702], [794, 702], [795, 702], [796, 702], [797, 702], [798, 702], [781, 703], [782, 703], [786, 703], [787, 703], [788, 703], [794, 703], [795, 703], [796, 703], [797, 703], [798, 703], [781, 704], [782, 704], [786, 704], [787, 704], [788, 704], [781, 705], [782, 705], [786, 705], [787, 705], [781, 706], [782, 706], [785, 706], [786, 706], [787, 706], [780, 707], [781, 707], [782, 707], [785, 707], [786, 707], [787, 707], [779, 708], [780, 708], [781, 708], [782, 708], [784, 708], [785, 708], [786, 708], [778, 709], [779, 709], [780, 709], [781, 709], [784, 709], [785, 709], [786, 709], [777, 710], [778, 710], [779, 710], [780, 710], [784, 710], [785, 710], [777, 711], [778, 711], [779, 711], [784, 711], [785, 711], [776, 712], [777, 712], [778, 712], [784, 712], [785, 712], [776, 713], [777, 713], [778, 713], [783, 713], [784, 713], [785, 713], [775, 714], [776, 714], [777, 714], [783, 714], [784, 714], [785, 714], [774, 715], [775, 715], [776, 715], [777, 715], [782, 715], [783, 715], [784, 715], [773, 716], [774, 716], [775, 716], [776, 716], [782, 716], [783, 716], [784, 716], [771, 717], [772, 717], [773, 717], [774, 717], [775, 717], [782, 717], [783, 717], [771, 718], [772, 718], [773, 718], [774, 718], [782, 718], [783, 718], [771, 719], [772, 719], [782, 719], [783, 719], [771, 720], [772, 720], [781, 720], [782, 720], [783, 720], [770, 721], [771, 721], [772, 721], [781, 721], [782, 721], [784, 721], [785, 721], [786, 721], [770, 722], [771, 722], [772, 722], [781, 722], [782, 722], [783, 722], [784, 722], [785, 722], [786, 722], [769, 723], [770, 723], [771, 723], [781, 723], [782, 723], [783, 723], [784, 723], [785, 723], [786, 723], [769, 724], [770, 724], [771, 724], [785, 724], [786, 724], [769, 725], [770, 725], [784, 725], [785, 725], [786, 725], [769, 726], [770, 726], [784, 726], [785, 726], [786, 726], [768, 727], [769, 727], [770, 727], [784, 727], [785, 727], [768, 728], [769, 728], [770, 728], [783, 728], [784, 728], [785, 728], [768, 729], [769, 729], [783, 729], [784, 729], [785, 729], [767, 730], [768, 730], [769, 730], [782, 730], [783, 730], [784, 730], [767, 731], [768, 731], [769, 731], [782, 731], [783, 731], [784, 731], [767, 732], [768, 732], [782, 732], [783, 732], [766, 733], [767, 733], [768, 733], [781, 733], [782, 733], [783, 733], [766, 734], [767, 734], [768, 734], [781, 734], [782, 734], [783, 734], [766, 735], [767, 735], [780, 735], [781, 735], [782, 735], [766, 736], [767, 736], [779, 736], [780, 736], [781, 736], [782, 736], [765, 737], [766, 737], [767, 737], [779, 737], [780, 737], [781, 737], [765, 738], [766, 738], [767, 738], [779, 738], [780, 738], [765, 739], [766, 739], [778, 739], [779, 739], [780, 739], [765, 740], [766, 740], [778, 740], [779, 740], [780, 740], [764, 741], [765, 741], [766, 741], [778, 741], [779, 741], [764, 742], [765, 742], [766, 742], [777, 742], [778, 742], [779, 742], [764, 743], [765, 743], [777, 743], [778, 743], [779, 743], [764, 744], [765, 744], [776, 744], [777, 744], [778, 744], [764, 745], [765, 745], [776, 745], [777, 745], [778, 745], [764, 746], [765, 746], [776, 746], [777, 746], [764, 747], [765, 747], [775, 747], [776, 747], [777, 747], [763, 748], [764, 748], [765, 748], [775, 748], [776, 748], [777, 748], [763, 749], [764, 749], [765, 749], [774, 749], [775, 749], [776, 749], [763, 750], [764, 750], [773, 750], [774, 750], [775, 750], [776, 750], [763, 751], [764, 751], [773, 751], [774, 751], [775, 751], [762, 752], [763, 752], [764, 752], [773, 752], [774, 752], [762, 753], [763, 753], [764, 753], [773, 753], [774, 753], [762, 754], [763, 754], [773, 754], [774, 754], [762, 755], [763, 755], [773, 755], [774, 755], [761, 756], [762, 756], [763, 756], [772, 756], [773, 756], [774, 756], [761, 757], [762, 757], [763, 757], [772, 757], [773, 757], [774, 757], [760, 758], [761, 758], [762, 758], [770, 758], [771, 758], [772, 758], [773, 758], [760, 759], [761, 759], [762, 759], [769, 759], [770, 759], [771, 759], [772, 759], [773, 759], [760, 760], [761, 760], [769, 760], [770, 760], [771, 760], [760, 761], [761, 761], [768, 761], [769, 761], [770, 761], [759, 762], [760, 762], [761, 762], [768, 762], [769, 762], [770, 762], [759, 763], [760, 763], [761, 763], [768, 763], [769, 763], [758, 764], [759, 764], [760, 764], [768, 764], [769, 764], [758, 765], [759, 765], [760, 765], [768, 765], [769, 765], [758, 766], [759, 766], [767, 766], [768, 766], [769, 766], [757, 767], [758, 767], [759, 767], [766, 767], [767, 767], [768, 767], [769, 767], [757, 768], [758, 768], [759, 768], [764, 768], [765, 768], [766, 768], [767, 768], [768, 768], [788, 768], [789, 768], [790, 768], [756, 769], [757, 769], [758, 769], [764, 769], [765, 769], [766, 769], [767, 769], [788, 769], [790, 769], [756, 770], [757, 770], [758, 770], [760, 770], [761, 770], [762, 770], [764, 770], [765, 770], [788, 770], [789, 770], [790, 770], [756, 771], [757, 771], [760, 771], [762, 771], [764, 771], [765, 771], [756, 772], [757, 772], [760, 772], [761, 772], [762, 772], [764, 772], [765, 772], [787, 772], [788, 772], [789, 772], [755, 773], [756, 773], [757, 773], [763, 773], [764, 773], [765, 773], [787, 773], [788, 773], [789, 773], [755, 774], [756, 774], [757, 774], [762, 774], [763, 774], [764, 774], [765, 774], [786, 774], [787, 774], [788, 774], [789, 774], [754, 775], [755, 775], [756, 775], [762, 775], [763, 775], [764, 775], [780, 775], [781, 775], [782, 775], [783, 775], [786, 775], [787, 775], [788, 775], [789, 775], [754, 776], [755, 776], [756, 776], [762, 776], [763, 776], [764, 776], [780, 776], [781, 776], [782, 776], [783, 776], [786, 776], [788, 776], [754, 777], [755, 777], [762, 777], [763, 777], [764, 777], [780, 777], [781, 777], [782, 777], [783, 777], [786, 777], [787, 777], [788, 777], [753, 778], [754, 778], [755, 778], [762, 778], [763, 778], [764, 778], [781, 778], [782, 778], [783, 778], [786, 778], [787, 778], [788, 778], [753, 779], [754, 779], [755, 779], [762, 779], [763, 779], [764, 779], [753, 780], [754, 780], [762, 780], [763, 780], [752, 781], [753, 781], [754, 781], [762, 781], [763, 781], [752, 782], [753, 782], [754, 782], [761, 782], [762, 782], [763, 782], [751, 783], [752, 783], [753, 783], [761, 783], [762, 783], [763, 783], [751, 784], [752, 784], [753, 784], [761, 784], [762, 784], [751, 785], [752, 785], [760, 785], [761, 785], [762, 785], [751, 786], [752, 786], [760, 786], [761, 786], [762, 786], [750, 787], [751, 787], [752, 787], [760, 787], [761, 787], [750, 788], [751, 788], [752, 788], [758, 788], [759, 788], [760, 788], [761, 788], [750, 789], [751, 789], [756, 789], [757, 789], [758, 789], [759, 789], [760, 789], [761, 789], [750, 790], [751, 790], [756, 790], [757, 790], [758, 790], [759, 790], [750, 791], [751, 791], [752, 791], [756, 791], [757, 791], [750, 792], [751, 792], [752, 792], [756, 792], [757, 792], [751, 793], [752, 793], [753, 793], [755, 793], [756, 793], [757, 793], [751, 794], [752, 794], [753, 794], [754, 794], [755, 794], [756, 794], [757, 794], [752, 795], [753, 795], [754, 795], [755, 795], [756, 795], [752, 796], [753, 796], [754, 796], [755, 796]




Yellow line left - [193, 1022], [194, 1022], [192, 1023], [193, 1023], [194, 1023], [195, 1023], [189, 1024], [190, 1024], [191, 1024], [192, 1024], [193, 1024], [194, 1024], [195, 1024], [188, 1025], [190, 1025], [191, 1025], [193, 1025], [194, 1025], [195, 1025], [186, 1026], [188, 1026], [189, 1026], [190, 1026], [191, 1026], [192, 1026], [193, 1026], [194, 1026], [195, 1026], [196, 1026], [184, 1027], [185, 1027], [186, 1027], [190, 1027], [191, 1027], [192, 1027], [193, 1027], [194, 1027], [195, 1027], [196, 1027], [197, 1027], [195, 1028], [196, 1028], [197, 1028], [195, 1029], [196, 1029], [197, 1029], [195, 1030], [196, 1030], [197, 1030], [195, 1031], [196, 1031], [197, 1031], [195, 1032], [196, 1032], [197, 1032], [195, 1033], [196, 1033], [197, 1033], [195, 1034], [196, 1034], [197, 1034], [195, 1035], [196, 1035], [197, 1035], [194, 1036], [195, 1036], [196, 1036], [197, 1036], [193, 1037], [194, 1037], [195, 1037], [196, 1037], [191, 1038], [192, 1038], [193, 1038], [194, 1038], [195, 1038], [164, 1039], [191, 1039], [192, 1039], [194, 1039], [195, 1039], [196, 1039], [162, 1040], [191, 1040], [192, 1040], [193, 1040], [194, 1040], [195, 1040], [196, 1040], [161, 1041], [191, 1041], [192, 1041], [193, 1041], [194, 1041], [195, 1041], [196, 1041], [159, 1042], [160, 1042], [161, 1042], [192, 1042], [193, 1042], [194, 1042], [195, 1042], [157, 1043], [158, 1043], [159, 1043], [187, 1043], [188, 1043], [189, 1043], [190, 1043], [192, 1043], [193, 1043], [194, 1043], [156, 1044], [157, 1044], [158, 1044], [187, 1044], [188, 1044], [189, 1044], [190, 1044], [191, 1044], [192, 1044], [193, 1044], [194, 1044], [154, 1045], [155, 1045], [156, 1045], [157, 1045], [186, 1045], [187, 1045], [188, 1045], [189, 1045], [190, 1045], [191, 1045], [192, 1045], [193, 1045], [152, 1046], [153, 1046], [154, 1046], [155, 1046], [186, 1046], [188, 1046], [189, 1046], [190, 1046], [191, 1046], [192, 1046], [152, 1047], [153, 1047], [154, 1047], [155, 1047], [186, 1047], [187, 1047], [188, 1047], [189, 1047], [190, 1047], [191, 1047], [192, 1047], [193, 1047], [151, 1048], [152, 1048], [153, 1048], [183, 1048], [184, 1048], [185, 1048], [186, 1048], [187, 1048], [188, 1048], [189, 1048], [190, 1048], [191, 1048], [192, 1048], [193, 1048], [194, 1048], [150, 1049], [151, 1049], [152, 1049], [153, 1049], [183, 1049], [184, 1049], [185, 1049], [186, 1049], [187, 1049], [188, 1049], [192, 1049], [193, 1049], [194, 1049], [195, 1049], [148, 1050], [149, 1050], [150, 1050], [151, 1050], [152, 1050], [182, 1050], [183, 1050], [184, 1050], [185, 1050], [187, 1050], [188, 1050], [193, 1050], [194, 1050], [195, 1050], [196, 1050], [144, 1051], [145, 1051], [146, 1051], [147, 1051], [148, 1051], [149, 1051], [150, 1051], [151, 1051], [180, 1051], [181, 1051], [182, 1051], [183, 1051], [184, 1051], [186, 1051], [187, 1051], [188, 1051], [194, 1051], [195, 1051], [196, 1051], [197, 1051], [198, 1051], [199, 1051], [200, 1051], [143, 1052], [144, 1052], [145, 1052], [146, 1052], [147, 1052], [148, 1052], [149, 1052], [150, 1052], [179, 1052], [180, 1052], [181, 1052], [182, 1052], [183, 1052], [184, 1052], [185, 1052], [186, 1052], [187, 1052], [195, 1052], [196, 1052], [197, 1052], [198, 1052], [199, 1052], [200, 1052], [201, 1052], [140, 1053], [141, 1053], [142, 1053], [143, 1053], [144, 1053], [146, 1053], [147, 1053], [148, 1053], [149, 1053], [150, 1053], [177, 1053], [178, 1053], [179, 1053], [180, 1053], [181, 1053], [186, 1053], [187, 1053], [199, 1053], [200, 1053], [201, 1053], [139, 1054], [142, 1054], [143, 1054], [144, 1054], [145, 1054], [174, 1054], [175, 1054], [176, 1054], [177, 1054], [178, 1054], [179, 1054], [180, 1054], [186, 1054], [187, 1054], [188, 1054], [198, 1054], [199, 1054], [200, 1054], [201, 1054], [137, 1055], [138, 1055], [139, 1055], [142, 1055], [143, 1055], [145, 1055], [173, 1055], [174, 1055], [175, 1055], [176, 1055], [177, 1055], [178, 1055], [186, 1055], [187, 1055], [188, 1055], [189, 1055], [190, 1055], [195, 1055], [196, 1055], [197, 1055], [198, 1055], [199, 1055], [200, 1055], [135, 1056], [136, 1056], [137, 1056], [142, 1056], [143, 1056], [144, 1056], [145, 1056], [172, 1056], [173, 1056], [174, 1056], [175, 1056], [187, 1056], [188, 1056], [189, 1056], [190, 1056], [194, 1056], [195, 1056], [196, 1056], [197, 1056], [198, 1056], [199, 1056], [135, 1057], [137, 1057], [142, 1057], [143, 1057], [172, 1057], [173, 1057], [174, 1057], [187, 1057], [188, 1057], [189, 1057], [190, 1057], [191, 1057], [192, 1057], [193, 1057], [194, 1057], [195, 1057], [196, 1057], [132, 1058], [134, 1058], [135, 1058], [136, 1058], [137, 1058], [142, 1058], [143, 1058], [144, 1058], [145, 1058], [171, 1058], [172, 1058], [173, 1058], [187, 1058], [188, 1058], [189, 1058], [190, 1058], [191, 1058], [192, 1058], [193, 1058], [194, 1058], [195, 1058], [130, 1059], [131, 1059], [134, 1059], [136, 1059], [142, 1059], [143, 1059], [144, 1059], [145, 1059], [170, 1059], [171, 1059], [172, 1059], [173, 1059], [183, 1059], [184, 1059], [185, 1059], [186, 1059], [187, 1059], [188, 1059], [189, 1059], [190, 1059], [192, 1059], [193, 1059], [194, 1059], [134, 1060], [135, 1060], [136, 1060], [142, 1060], [143, 1060], [144, 1060], [145, 1060], [169, 1060], [170, 1060], [171, 1060], [172, 1060], [183, 1060], [184, 1060], [185, 1060], [186, 1060], [188, 1060], [189, 1060], [190, 1060], [193, 1060], [194, 1060], [142, 1061], [143, 1061], [144, 1061], [169, 1061], [170, 1061], [171, 1061], [179, 1061], [180, 1061], [181, 1061], [182, 1061], [183, 1061], [184, 1061], [185, 1061], [186, 1061], [187, 1061], [188, 1061], [189, 1061], [190, 1061], [191, 1061], [192, 1061], [193, 1061], [194, 1061], [142, 1062], [143, 1062], [168, 1062], [169, 1062], [170, 1062], [179, 1062], [181, 1062], [182, 1062], [183, 1062], [184, 1062], [185, 1062], [186, 1062], [187, 1062], [188, 1062], [189, 1062], [190, 1062], [191, 1062], [192, 1062], [193, 1062], [142, 1063], [143, 1063], [144, 1063], [145, 1063], [168, 1063], [169, 1063], [170, 1063], [179, 1063], [181, 1063], [182, 1063], [183, 1063], [184, 1063], [185, 1063], [186, 1063], [187, 1063], [188, 1063], [189, 1063], [190, 1063], [191, 1063], [192, 1063], [193, 1063], [142, 1064], [143, 1064], [144, 1064], [145, 1064], [166, 1064], [167, 1064], [168, 1064], [169, 1064], [179, 1064], [180, 1064], [181, 1064], [183, 1064], [184, 1064], [185, 1064], [186, 1064], [187, 1064], [188, 1064], [189, 1064], [190, 1064], [191, 1064], [192, 1064], [142, 1065], [143, 1065], [144, 1065], [145, 1065], [165, 1065], [166, 1065], [167, 1065], [168, 1065], [169, 1065], [178, 1065], [179, 1065], [180, 1065], [182, 1065], [183, 1065], [184, 1065], [185, 1065], [186, 1065], [187, 1065], [188, 1065], [189, 1065], [190, 1065], [191, 1065], [192, 1065], [142, 1066], [143, 1066], [144, 1066], [145, 1066], [164, 1066], [165, 1066], [166, 1066], [167, 1066], [178, 1066], [179, 1066], [180, 1066], [181, 1066], [183, 1066], [184, 1066], [185, 1066], [186, 1066], [187, 1066], [188, 1066], [142, 1067], [143, 1067], [144, 1067], [164, 1067], [165, 1067], [166, 1067], [177, 1067], [178, 1067], [179, 1067], [180, 1067], [181, 1067], [182, 1067], [183, 1067], [184, 1067], [185, 1067], [186, 1067], [142, 1068], [143, 1068], [144, 1068], [145, 1068], [163, 1068], [164, 1068], [165, 1068], [177, 1068], [178, 1068], [179, 1068], [180, 1068], [181, 1068], [182, 1068], [183, 1068], [143, 1069], [144, 1069], [145, 1069], [163, 1069], [164, 1069], [165, 1069], [177, 1069], [178, 1069], [179, 1069], [180, 1069], [181, 1069], [182, 1069], [143, 1070], [144, 1070], [145, 1070], [160, 1070], [161, 1070], [162, 1070], [163, 1070], [164, 1070], [143, 1071], [144, 1071], [145, 1071], [146, 1071], [147, 1071], [148, 1071], [149, 1071], [155, 1071], [156, 1071], [157, 1071], [158, 1071], [159, 1071], [160, 1071], [161, 1071], [162, 1071], [163, 1071], [164, 1071], [144, 1072], [145, 1072], [146, 1072], [147, 1072], [148, 1072], [149, 1072], [150, 1072], [155, 1072], [156, 1072], [157, 1072], [158, 1072], [159, 1072], [160, 1072], [161, 1072], [145, 1073], [146, 1073], [148, 1073], [149, 1073], [150, 1073], [155, 1073], [156, 1073], [157, 1073], [158, 1073], [147, 1074], [148, 1074], [149, 1074], [150, 1074], [155, 1074], [156, 1074], [157, 1074], [158, 1074], [159, 1074], [160, 1074], [147, 1075], [148, 1075], [149, 1075], [150, 1075], [153, 1075], [154, 1075], [155, 1075], [156, 1075], [158, 1075], [160, 1075], [147, 1076], [148, 1076], [149, 1076], [153, 1076], [154, 1076], [155, 1076], [156, 1076], [157, 1076], [159, 1076], [160, 1076], [147, 1077], [148, 1077], [149, 1077], [153, 1077], [154, 1077], [155, 1077], [156, 1077], [157, 1077], [158, 1077], [147, 1078], [148, 1078], [149, 1078], [153, 1078], [154, 1078], [155, 1078], [156, 1078], [158, 1078], [147, 1079], [148, 1079], [149, 1079], [153, 1079], [154, 1079], [155, 1079], [156, 1079], [158, 1079]




Yellow line right - [239, 1052], [240, 1052], [241, 1052], [242, 1052], [243, 1052], [244, 1052], [245, 1052], [246, 1052], [247, 1052], [235, 1053], [236, 1053], [237, 1053], [238, 1053], [239, 1053], [240, 1053], [241, 1053], [242, 1053], [243, 1053], [244, 1053], [245, 1053], [246, 1053], [247, 1053], [235, 1054], [236, 1054], [237, 1054], [238, 1054], [239, 1054], [240, 1054], [241, 1054], [242, 1054], [243, 1054], [244, 1054], [245, 1054], [246, 1054], [247, 1054], [248, 1054], [235, 1055], [236, 1055], [245, 1055], [246, 1055], [247, 1055], [248, 1055], [249, 1055], [235, 1056], [236, 1056], [247, 1056], [248, 1056], [249, 1056], [234, 1057], [235, 1057], [236, 1057], [248, 1057], [249, 1057], [233, 1058], [234, 1058], [235, 1058], [236, 1058], [247, 1058], [248, 1058], [249, 1058], [233, 1059], [234, 1059], [235, 1059], [247, 1059], [248, 1059], [249, 1059], [231, 1060], [232, 1060], [233, 1060], [234, 1060], [246, 1060], [247, 1060], [248, 1060], [224, 1061], [225, 1061], [226, 1061], [227, 1061], [228, 1061], [229, 1061], [230, 1061], [231, 1061], [232, 1061], [233, 1061], [234, 1061], [246, 1061], [247, 1061], [248, 1061], [223, 1062], [224, 1062], [225, 1062], [226, 1062], [227, 1062], [228, 1062], [229, 1062], [230, 1062], [231, 1062], [232, 1062], [246, 1062], [247, 1062], [220, 1063], [221, 1063], [222, 1063], [223, 1063], [224, 1063], [225, 1063], [226, 1063], [227, 1063], [228, 1063], [229, 1063], [246, 1063], [247, 1063], [219, 1064], [220, 1064], [221, 1064], [222, 1064], [223, 1064], [224, 1064], [225, 1064], [226, 1064], [245, 1064], [246, 1064], [247, 1064], [218, 1065], [219, 1065], [220, 1065], [221, 1065], [244, 1065], [245, 1065], [246, 1065], [247, 1065], [217, 1066], [218, 1066], [219, 1066], [220, 1066], [244, 1066], [245, 1066], [246, 1066], [217, 1067], [218, 1067], [219, 1067], [243, 1067], [244, 1067], [245, 1067], [216, 1068], [217, 1068], [218, 1068], [219, 1068], [243, 1068], [244, 1068], [245, 1068], [216, 1069], [217, 1069], [218, 1069], [219, 1069], [242, 1069], [243, 1069], [244, 1069], [216, 1070], [217, 1070], [218, 1070], [219, 1070], [242, 1070], [243, 1070], [244, 1070], [215, 1071], [216, 1071], [217, 1071], [218, 1071], [219, 1071], [239, 1071], [240, 1071], [241, 1071], [242, 1071], [243, 1071], [215, 1072], [216, 1072], [217, 1072], [218, 1072], [219, 1072], [239, 1072], [240, 1072], [241, 1072], [242, 1072], [243, 1072], [214, 1073], [215, 1073], [216, 1073], [239, 1073], [240, 1073], [213, 1074], [214, 1074], [215, 1074], [216, 1074], [239, 1074], [240, 1074], [213, 1075], [214, 1075], [215, 1075], [238, 1075], [239, 1075], [240, 1075], [213, 1076], [214, 1076], [237, 1076], [238, 1076], [239, 1076], [240, 1076], [210, 1077], [211, 1077], [212, 1077], [213, 1077], [214, 1077], [236, 1077], [237, 1077], [238, 1077], [239, 1077], [210, 1078], [211, 1078], [212, 1078], [213, 1078], [214, 1078], [236, 1078], [237, 1078], [238, 1078], [210, 1079], [211, 1079], [214, 1079], [236, 1079], [237, 1079], [238, 1079]




White line right - [1789, 200], [1790, 200], [1791, 200], [1792, 200], [1793, 200], [1789, 201], [1790, 201], [1791, 201], [1792, 201], [1793, 201], [1787, 202], [1788, 202], [1789, 202], [1790, 202], [1792, 202], [1793, 202], [1787, 203], [1788, 203], [1789, 203], [1790, 203], [1792, 203], [1793, 203], [1786, 204], [1787, 204], [1788, 204], [1792, 204], [1793, 204], [1786, 205], [1787, 205], [1788, 205], [1792, 205], [1793, 205], [1786, 206], [1787, 206], [1791, 206], [1792, 206], [1793, 206], [1785, 207], [1786, 207], [1787, 207], [1791, 207], [1792, 207], [1793, 207], [1785, 208], [1786, 208], [1787, 208], [1791, 208], [1792, 208], [1784, 209], [1785, 209], [1786, 209], [1790, 209], [1791, 209], [1792, 209], [1784, 210], [1785, 210], [1786, 210], [1790, 210], [1791, 210], [1792, 210], [1784, 211], [1785, 211], [1790, 211], [1791, 211], [1783, 212], [1784, 212], [1785, 212], [1790, 212], [1791, 212], [1783, 213], [1784, 213], [1785, 213], [1789, 213], [1790, 213], [1791, 213], [1783, 214], [1784, 214], [1789, 214], [1790, 214], [1791, 214], [1782, 215], [1783, 215], [1784, 215], [1789, 215], [1790, 215], [1782, 216], [1783, 216], [1784, 216], [1789, 216], [1790, 216], [1781, 217], [1782, 217], [1783, 217], [1788, 217], [1789, 217], [1790, 217], [1781, 218], [1782, 218], [1783, 218], [1788, 218], [1789, 218], [1790, 218], [1781, 219], [1782, 219], [1788, 219], [1789, 219], [1780, 220], [1781, 220], [1782, 220], [1787, 220], [1788, 220], [1789, 220], [1780, 221], [1781, 221], [1782, 221], [1787, 221], [1788, 221], [1789, 221], [1779, 222], [1780, 222], [1781, 222], [1787, 222], [1788, 222], [1779, 223], [1780, 223], [1781, 223], [1787, 223], [1788, 223], [1779, 224], [1780, 224], [1786, 224], [1787, 224], [1788, 224], [1778, 225], [1779, 225], [1780, 225], [1786, 225], [1787, 225], [1788, 225], [1778, 226], [1779, 226], [1780, 226], [1786, 226], [1787, 226], [1778, 227], [1779, 227], [1785, 227], [1786, 227], [1787, 227], [1778, 228], [1779, 228], [1785, 228], [1786, 228], [1787, 228], [1777, 229], [1778, 229], [1779, 229], [1785, 229], [1786, 229], [1777, 230], [1778, 230], [1779, 230], [1784, 230], [1785, 230], [1786, 230], [1777, 231], [1778, 231], [1783, 231], [1784, 231], [1785, 231], [1786, 231], [1777, 232], [1778, 232], [1783, 232], [1784, 232], [1785, 232], [1776, 233], [1777, 233], [1778, 233], [1783, 233], [1784, 233], [1776, 234], [1777, 234], [1778, 234], [1782, 234], [1783, 234], [1784, 234], [1775, 235], [1776, 235], [1777, 235], [1782, 235], [1783, 235], [1784, 235], [1775, 236], [1776, 236], [1777, 236], [1782, 236], [1783, 236], [1775, 237], [1776, 237], [1782, 237], [1783, 237], [1824, 237], [1775, 238], [1776, 238], [1781, 238], [1782, 238], [1783, 238], [1824, 238], [1774, 239], [1775, 239], [1776, 239], [1781, 239], [1782, 239], [1783, 239], [1824, 239], [1774, 240], [1775, 240], [1776, 240], [1781, 240], [1782, 240], [1823, 240], [1824, 240], [1721, 241], [1722, 241], [1723, 241], [1724, 241], [1774, 241], [1775, 241], [1780, 241], [1781, 241], [1782, 241], [1823, 241], [1824, 241], [1721, 242], [1722, 242], [1723, 242], [1724, 242], [1773, 242], [1774, 242], [1775, 242], [1780, 242], [1781, 242], [1782, 242], [1823, 242], [1824, 242], [1721, 243], [1722, 243], [1723, 243], [1724, 243], [1773, 243], [1774, 243], [1775, 243], [1780, 243], [1781, 243], [1822, 243], [1823, 243], [1824, 243], [1720, 244], [1721, 244], [1722, 244], [1723, 244], [1724, 244], [1773, 244], [1774, 244], [1780, 244], [1781, 244], [1822, 244], [1823, 244], [1824, 244], [1720, 245], [1721, 245], [1722, 245], [1723, 245], [1724, 245], [1772, 245], [1773, 245], [1774, 245], [1779, 245], [1780, 245], [1781, 245], [1822, 245], [1823, 245], [1719, 246], [1720, 246], [1721, 246], [1723, 246], [1724, 246], [1772, 246], [1773, 246], [1774, 246], [1779, 246], [1780, 246], [1781, 246], [1821, 246], [1822, 246], [1823, 246], [1719, 247], [1720, 247], [1721, 247], [1723, 247], [1724, 247], [1772, 247], [1773, 247], [1779, 247], [1780, 247], [1821, 247], [1822, 247], [1823, 247], [1718, 248], [1719, 248], [1720, 248], [1722, 248], [1723, 248], [1724, 248], [1771, 248], [1772, 248], [1773, 248], [1779, 248], [1780, 248], [1821, 248], [1822, 248], [1718, 249], [1719, 249], [1720, 249], [1722, 249], [1723, 249], [1724, 249], [1771, 249], [1772, 249], [1773, 249], [1778, 249], [1779, 249], [1780, 249], [1820, 249], [1821, 249], [1822, 249], [1717, 250], [1718, 250], [1719, 250], [1722, 250], [1723, 250], [1771, 250], [1772, 250], [1778, 250], [1779, 250], [1780, 250], [1820, 250], [1821, 250], [1822, 250], [1717, 251], [1718, 251], [1719, 251], [1721, 251], [1722, 251], [1723, 251], [1770, 251], [1771, 251], [1772, 251], [1777, 251], [1778, 251], [1779, 251], [1820, 251], [1821, 251], [1716, 252], [1717, 252], [1718, 252], [1721, 252], [1722, 252], [1723, 252], [1770, 252], [1771, 252], [1772, 252], [1777, 252], [1778, 252], [1779, 252], [1819, 252], [1820, 252], [1821, 252], [1715, 253], [1716, 253], [1717, 253], [1718, 253], [1721, 253], [1722, 253], [1769, 253], [1770, 253], [1771, 253], [1777, 253], [1778, 253], [1819, 253], [1820, 253], [1821, 253], [1715, 254], [1716, 254], [1717, 254], [1721, 254], [1722, 254], [1769, 254], [1770, 254], [1771, 254], [1777, 254], [1778, 254], [1819, 254], [1820, 254], [1715, 255], [1716, 255], [1720, 255], [1721, 255], [1722, 255], [1769, 255], [1770, 255], [1776, 255], [1777, 255], [1778, 255], [1818, 255], [1819, 255], [1820, 255], [1715, 256], [1716, 256], [1720, 256], [1721, 256], [1722, 256], [1768, 256], [1769, 256], [1770, 256], [1776, 256], [1777, 256], [1778, 256], [1818, 256], [1819, 256], [1820, 256], [1714, 257], [1715, 257], [1716, 257], [1720, 257], [1721, 257], [1768, 257], [1769, 257], [1770, 257], [1776, 257], [1777, 257], [1818, 257], [1819, 257], [1714, 258], [1715, 258], [1716, 258], [1720, 258], [1721, 258], [1768, 258], [1769, 258], [1775, 258], [1776, 258], [1777, 258], [1817, 258], [1818, 258], [1819, 258], [1713, 259], [1714, 259], [1715, 259], [1720, 259], [1721, 259], [1767, 259], [1768, 259], [1769, 259], [1775, 259], [1776, 259], [1777, 259], [1817, 259], [1818, 259], [1819, 259], [1713, 260], [1714, 260], [1715, 260], [1720, 260], [1721, 260], [1767, 260], [1768, 260], [1769, 260], [1775, 260], [1776, 260], [1816, 260], [1817, 260], [1818, 260], [1713, 261], [1714, 261], [1720, 261], [1721, 261], [1767, 261], [1768, 261], [1774, 261], [1775, 261], [1776, 261], [1816, 261], [1817, 261], [1818, 261], [1712, 262], [1713, 262], [1714, 262], [1719, 262], [1720, 262], [1721, 262], [1767, 262], [1768, 262], [1774, 262], [1775, 262], [1776, 262], [1816, 262], [1817, 262], [1712, 263], [1713, 263], [1714, 263], [1719, 263], [1720, 263], [1721, 263], [1766, 263], [1767, 263], [1768, 263], [1773, 263], [1774, 263], [1775, 263], [1816, 263], [1817, 263], [1824, 263], [1712, 264], [1713, 264], [1718, 264], [1719, 264], [1720, 264], [1766, 264], [1767, 264], [1768, 264], [1773, 264], [1774, 264], [1775, 264], [1816, 264], [1817, 264], [1824, 264], [1674, 265], [1675, 265], [1676, 265], [1677, 265], [1678, 265], [1679, 265], [1712, 265], [1713, 265], [1718, 265], [1719, 265], [1720, 265], [1765, 265], [1766, 265], [1767, 265], [1773, 265], [1774, 265], [1815, 265], [1816, 265], [1817, 265], [1824, 265], [1673, 266], [1674, 266], [1675, 266], [1676, 266], [1677, 266], [1678, 266], [1679, 266], [1680, 266], [1681, 266], [1711, 266], [1712, 266], [1713, 266], [1718, 266], [1719, 266], [1765, 266], [1766, 266], [1767, 266], [1773, 266], [1774, 266], [1815, 266], [1816, 266], [1817, 266], [1823, 266], [1824, 266], [1673, 267], [1674, 267], [1675, 267], [1678, 267], [1679, 267], [1680, 267], [1681, 267], [1711, 267], [1712, 267], [1713, 267], [1718, 267], [1719, 267], [1765, 267], [1766, 267], [1772, 267], [1773, 267], [1774, 267], [1815, 267], [1816, 267], [1823, 267], [1824, 267], [1672, 268], [1673, 268], [1674, 268], [1680, 268], [1681, 268], [1711, 268], [1712, 268], [1717, 268], [1718, 268], [1719, 268], [1764, 268], [1765, 268], [1766, 268], [1772, 268], [1773, 268], [1774, 268], [1814, 268], [1815, 268], [1816, 268], [1822, 268], [1823, 268], [1824, 268], [1671, 269], [1672, 269], [1673, 269], [1674, 269], [1679, 269], [1680, 269], [1681, 269], [1710, 269], [1711, 269], [1712, 269], [1717, 269], [1718, 269], [1719, 269], [1764, 269], [1765, 269], [1766, 269], [1771, 269], [1772, 269], [1773, 269], [1814, 269], [1815, 269], [1816, 269], [1822, 269], [1823, 269], [1824, 269], [1671, 270], [1672, 270], [1673, 270], [1679, 270], [1680, 270], [1681, 270], [1710, 270], [1711, 270], [1712, 270], [1716, 270], [1717, 270], [1718, 270], [1764, 270], [1765, 270], [1771, 270], [1772, 270], [1773, 270], [1814, 270], [1815, 270], [1822, 270], [1823, 270], [1671, 271], [1672, 271], [1678, 271], [1679, 271], [1680, 271], [1710, 271], [1711, 271], [1716, 271], [1717, 271], [1718, 271], [1763, 271], [1764, 271], [1765, 271], [1771, 271], [1772, 271], [1813, 271], [1814, 271], [1815, 271], [1821, 271], [1822, 271], [1823, 271], [1671, 272], [1672, 272], [1673, 272], [1678, 272], [1679, 272], [1680, 272], [1709, 272], [1710, 272], [1711, 272], [1716, 272], [1717, 272], [1763, 272], [1764, 272], [1765, 272], [1771, 272], [1772, 272], [1813, 272], [1814, 272], [1815, 272], [1821, 272], [1822, 272], [1823, 272], [1671, 273], [1672, 273], [1673, 273], [1674, 273], [1675, 273], [1676, 273], [1677, 273], [1678, 273], [1679, 273], [1709, 273], [1710, 273], [1711, 273], [1716, 273], [1717, 273], [1748, 273], [1749, 273], [1750, 273], [1751, 273], [1752, 273], [1753, 273], [1754, 273], [1755, 273], [1756, 273], [1757, 273], [1758, 273], [1762, 273], [1763, 273], [1764, 273], [1771, 273], [1772, 273], [1813, 273], [1814, 273], [1821, 273], [1822, 273], [1672, 274], [1673, 274], [1674, 274], [1675, 274], [1676, 274], [1677, 274], [1678, 274], [1679, 274], [1709, 274], [1710, 274], [1715, 274], [1716, 274], [1717, 274], [1746, 274], [1747, 274], [1748, 274], [1749, 274], [1750, 274], [1751, 274], [1752, 274], [1754, 274], [1755, 274], [1756, 274], [1757, 274], [1758, 274], [1759, 274], [1760, 274], [1761, 274], [1762, 274], [1763, 274], [1764, 274], [1770, 274], [1771, 274], [1772, 274], [1812, 274], [1813, 274], [1814, 274], [1820, 274], [1821, 274], [1822, 274], [1708, 275], [1709, 275], [1710, 275], [1715, 275], [1716, 275], [1717, 275], [1746, 275], [1747, 275], [1748, 275], [1749, 275], [1750, 275], [1751, 275], [1752, 275], [1754, 275], [1755, 275], [1757, 275], [1758, 275], [1759, 275], [1760, 275], [1761, 275], [1762, 275], [1763, 275], [1770, 275], [1771, 275], [1772, 275], [1812, 275], [1813, 275], [1814, 275], [1820, 275], [1821, 275], [1822, 275], [1708, 276], [1709, 276], [1710, 276], [1715, 276], [1716, 276], [1745, 276], [1746, 276], [1747, 276], [1748, 276], [1749, 276], [1750, 276], [1751, 276], [1752, 276], [1754, 276], [1755, 276], [1756, 276], [1757, 276], [1760, 276], [1761, 276], [1762, 276], [1769, 276], [1770, 276], [1771, 276], [1811, 276], [1812, 276], [1813, 276], [1820, 276], [1821, 276], [1708, 277], [1709, 277], [1714, 277], [1715, 277], [1716, 277], [1745, 277], [1746, 277], [1747, 277], [1748, 277], [1749, 277], [1750, 277], [1751, 277], [1752, 277], [1753, 277], [1754, 277], [1755, 277], [1756, 277], [1757, 277], [1758, 277], [1759, 277], [1769, 277], [1770, 277], [1771, 277], [1811, 277], [1812, 277], [1813, 277], [1820, 277], [1821, 277], [1708, 278], [1709, 278], [1714, 278], [1715, 278], [1716, 278], [1745, 278], [1746, 278], [1748, 278], [1749, 278], [1756, 278], [1757, 278], [1758, 278], [1759, 278], [1769, 278], [1770, 278], [1811, 278], [1812, 278], [1819, 278], [1820, 278], [1821, 278], [1708, 279], [1709, 279], [1713, 279], [1714, 279], [1715, 279], [1745, 279], [1746, 279], [1747, 279], [1748, 279], [1749, 279], [1757, 279], [1758, 279], [1759, 279], [1769, 279], [1770, 279], [1811, 279], [1812, 279], [1819, 279], [1820, 279], [1821, 279], [1707, 280], [1708, 280], [1709, 280], [1713, 280], [1714, 280], [1715, 280], [1745, 280], [1746, 280], [1747, 280], [1748, 280], [1749, 280], [1757, 280], [1758, 280], [1759, 280], [1768, 280], [1769, 280], [1770, 280], [1810, 280], [1811, 280], [1812, 280], [1819, 280], [1820, 280], [1707, 281], [1708, 281], [1709, 281], [1713, 281], [1714, 281], [1744, 281], [1745, 281], [1747, 281], [1748, 281], [1757, 281], [1758, 281], [1759, 281], [1768, 281], [1769, 281], [1770, 281], [1810, 281], [1811, 281], [1812, 281], [1819, 281], [1820, 281], [1706, 282], [1707, 282], [1708, 282], [1712, 282], [1713, 282], [1714, 282], [1744, 282], [1745, 282], [1746, 282], [1747, 282], [1748, 282], [1757, 282], [1758, 282], [1759, 282], [1768, 282], [1769, 282], [1809, 282], [1810, 282], [1811, 282], [1819, 282], [1820, 282], [1706, 283], [1707, 283], [1708, 283], [1712, 283], [1713, 283], [1714, 283], [1744, 283], [1745, 283], [1747, 283], [1748, 283], [1749, 283], [1750, 283], [1751, 283], [1752, 283], [1753, 283], [1754, 283], [1755, 283], [1758, 283], [1759, 283], [1760, 283], [1767, 283], [1768, 283], [1769, 283], [1809, 283], [1810, 283], [1811, 283], [1818, 283], [1819, 283], [1820, 283], [1706, 284], [1707, 284], [1712, 284], [1713, 284], [1744, 284], [1745, 284], [1746, 284], [1748, 284], [1749, 284], [1750, 284], [1751, 284], [1752, 284], [1753, 284], [1754, 284], [1755, 284], [1756, 284], [1757, 284], [1758, 284], [1759, 284], [1760, 284], [1761, 284], [1762, 284], [1767, 284], [1768, 284], [1769, 284], [1808, 284], [1809, 284], [1810, 284], [1818, 284], [1819, 284], [1820, 284], [1705, 285], [1706, 285], [1707, 285], [1711, 285], [1712, 285], [1713, 285], [1745, 285], [1746, 285], [1747, 285], [1748, 285], [1749, 285], [1750, 285], [1751, 285], [1754, 285], [1755, 285], [1756, 285], [1757, 285], [1758, 285], [1759, 285], [1760, 285], [1761, 285], [1762, 285], [1767, 285], [1768, 285], [1808, 285], [1809, 285], [1810, 285], [1818, 285], [1819, 285], [1705, 286], [1706, 286], [1707, 286], [1711, 286], [1712, 286], [1713, 286], [1746, 286], [1747, 286], [1748, 286], [1749, 286], [1750, 286], [1751, 286], [1752, 286], [1753, 286], [1754, 286], [1759, 286], [1760, 286], [1761, 286], [1762, 286], [1766, 286], [1767, 286], [1768, 286], [1808, 286], [1809, 286], [1818, 286], [1819, 286], [1705, 287], [1706, 287], [1711, 287], [1712, 287], [1749, 287], [1750, 287], [1751, 287], [1752, 287], [1753, 287], [1754, 287], [1755, 287], [1756, 287], [1757, 287], [1766, 287], [1767, 287], [1768, 287], [1807, 287], [1808, 287], [1809, 287], [1817, 287], [1818, 287], [1819, 287], [1705, 288], [1706, 288], [1711, 288], [1712, 288], [1753, 288], [1754, 288], [1755, 288], [1756, 288], [1757, 288], [1758, 288], [1765, 288], [1766, 288], [1767, 288], [1807, 288], [1808, 288], [1809, 288], [1817, 288], [1818, 288], [1819, 288], [1704, 289], [1705, 289], [1706, 289], [1710, 289], [1711, 289], [1712, 289], [1756, 289], [1757, 289], [1758, 289], [1765, 289], [1766, 289], [1767, 289], [1807, 289], [1808, 289], [1816, 289], [1817, 289], [1818, 289], [1704, 290], [1705, 290], [1706, 290], [1710, 290], [1711, 290], [1712, 290], [1757, 290], [1758, 290], [1765, 290], [1766, 290], [1806, 290], [1807, 290], [1808, 290], [1816, 290], [1817, 290], [1818, 290], [1704, 291], [1705, 291], [1710, 291], [1711, 291], [1757, 291], [1758, 291], [1764, 291], [1765, 291], [1766, 291], [1806, 291], [1807, 291], [1808, 291], [1816, 291], [1817, 291], [1703, 292], [1704, 292], [1705, 292], [1709, 292], [1710, 292], [1711, 292], [1757, 292], [1758, 292], [1764, 292], [1765, 292], [1766, 292], [1806, 292], [1807, 292], [1815, 292], [1816, 292], [1817, 292], [1703, 293], [1704, 293], [1705, 293], [1709, 293], [1710, 293], [1711, 293], [1756, 293], [1757, 293], [1758, 293], [1763, 293], [1764, 293], [1765, 293], [1806, 293], [1807, 293], [1815, 293], [1816, 293], [1817, 293], [1702, 294], [1703, 294], [1704, 294], [1709, 294], [1710, 294], [1756, 294], [1757, 294], [1758, 294], [1763, 294], [1764, 294], [1765, 294], [1805, 294], [1806, 294], [1807, 294], [1814, 294], [1815, 294], [1816, 294], [1700, 295], [1701, 295], [1702, 295], [1703, 295], [1704, 295], [1709, 295], [1710, 295], [1756, 295], [1757, 295], [1762, 295], [1763, 295], [1764, 295], [1805, 295], [1806, 295], [1807, 295], [1814, 295], [1815, 295], [1816, 295], [1700, 296], [1701, 296], [1702, 296], [1703, 296], [1709, 296], [1710, 296], [1711, 296], [1756, 296], [1757, 296], [1761, 296], [1762, 296], [1763, 296], [1764, 296], [1805, 296], [1806, 296], [1814, 296], [1815, 296], [1700, 297], [1701, 297], [1709, 297], [1710, 297], [1711, 297], [1712, 297], [1756, 297], [1757, 297], [1760, 297], [1761, 297], [1762, 297], [1763, 297], [1804, 297], [1805, 297], [1806, 297], [1814, 297], [1815, 297], [1700, 298], [1701, 298], [1710, 298], [1711, 298], [1712, 298], [1756, 298], [1757, 298], [1758, 298], [1759, 298], [1760, 298], [1761, 298], [1762, 298], [1804, 298], [1805, 298], [1806, 298], [1813, 298], [1814, 298], [1815, 298], [1700, 299], [1701, 299], [1710, 299], [1711, 299], [1712, 299], [1756, 299], [1757, 299], [1758, 299], [1759, 299], [1760, 299], [1761, 299], [1803, 299], [1804, 299], [1805, 299], [1813, 299], [1814, 299], [1815, 299], [1700, 300], [1701, 300], [1708, 300], [1709, 300], [1710, 300], [1711, 300], [1712, 300], [1756, 300], [1757, 300], [1758, 300], [1759, 300], [1803, 300], [1804, 300], [1805, 300], [1813, 300], [1814, 300], [1699, 301], [1700, 301], [1701, 301], [1707, 301], [1708, 301], [1709, 301], [1710, 301], [1711, 301], [1803, 301], [1804, 301], [1812, 301], [1813, 301], [1814, 301], [1699, 302], [1700, 302], [1701, 302], [1707, 302], [1708, 302], [1709, 302], [1803, 302], [1804, 302], [1812, 302], [1813, 302], [1814, 302], [1699, 303], [1700, 303], [1706, 303], [1707, 303], [1708, 303], [1802, 303], [1803, 303], [1804, 303], [1812, 303], [1813, 303], [1699, 304], [1700, 304], [1706, 304], [1707, 304], [1708, 304], [1802, 304], [1803, 304], [1804, 304], [1811, 304], [1812, 304], [1813, 304], [1698, 305], [1699, 305], [1700, 305], [1706, 305], [1707, 305], [1801, 305], [1802, 305], [1803, 305], [1811, 305], [1812, 305], [1813, 305], [1698, 306], [1699, 306], [1700, 306], [1706, 306], [1707, 306], [1801, 306], [1802, 306], [1803, 306], [1811, 306], [1812, 306], [1698, 307], [1699, 307], [1706, 307], [1707, 307], [1801, 307], [1802, 307], [1810, 307], [1811, 307], [1812, 307], [1697, 308], [1698, 308], [1699, 308], [1706, 308], [1707, 308], [1801, 308], [1802, 308], [1810, 308], [1811, 308], [1812, 308], [1697, 309], [1698, 309], [1699, 309], [1706, 309], [1707, 309], [1800, 309], [1801, 309], [1802, 309], [1810, 309], [1811, 309], [1697, 310], [1698, 310], [1705, 310], [1706, 310], [1707, 310], [1800, 310], [1801, 310], [1802, 310], [1810, 310], [1811, 310], [1697, 311], [1698, 311], [1705, 311], [1706, 311], [1707, 311], [1799, 311], [1800, 311], [1801, 311], [1809, 311], [1810, 311], [1811, 311], [1696, 312], [1697, 312], [1698, 312], [1704, 312], [1705, 312], [1706, 312], [1799, 312], [1800, 312], [1801, 312], [1809, 312], [1810, 312], [1811, 312], [1696, 313], [1697, 313], [1698, 313], [1704, 313], [1705, 313], [1706, 313], [1799, 313], [1800, 313], [1809, 313], [1810, 313], [1696, 314], [1697, 314], [1703, 314], [1704, 314], [1705, 314], [1798, 314], [1799, 314], [1800, 314], [1808, 314], [1809, 314], [1810, 314], [1695, 315], [1696, 315], [1697, 315], [1703, 315], [1704, 315], [1705, 315], [1798, 315], [1799, 315], [1800, 315], [1808, 315], [1809, 315], [1810, 315], [1695, 316], [1696, 316], [1697, 316], [1703, 316], [1704, 316], [1798, 316], [1799, 316], [1807, 316], [1808, 316], [1809, 316], [1695, 317], [1696, 317], [1702, 317], [1703, 317], [1704, 317], [1797, 317], [1798, 317], [1799, 317], [1807, 317], [1808, 317], [1809, 317], [1694, 318], [1695, 318], [1696, 318], [1702, 318], [1703, 318], [1704, 318], [1797, 318], [1798, 318], [1799, 318], [1807, 318], [1808, 318], [1694, 319], [1695, 319], [1696, 319], [1702, 319], [1703, 319], [1796, 319], [1797, 319], [1798, 319], [1807, 319], [1808, 319], [1694, 320], [1695, 320], [1701, 320], [1702, 320], [1703, 320], [1784, 320], [1785, 320], [1786, 320], [1787, 320], [1788, 320], [1789, 320], [1796, 320], [1797, 320], [1798, 320], [1806, 320], [1807, 320], [1808, 320], [1694, 321], [1695, 321], [1701, 321], [1702, 321], [1703, 321], [1784, 321], [1785, 321], [1786, 321], [1787, 321], [1788, 321], [1789, 321], [1790, 321], [1791, 321], [1792, 321], [1793, 321], [1794, 321], [1795, 321], [1796, 321], [1797, 321], [1806, 321], [1807, 321], [1808, 321], [1693, 322], [1694, 322], [1695, 322], [1701, 322], [1702, 322], [1784, 322], [1785, 322], [1786, 322], [1787, 322], [1788, 322], [1789, 322], [1790, 322], [1791, 322], [1792, 322], [1793, 322], [1794, 322], [1795, 322], [1796, 322], [1797, 322], [1806, 322], [1807, 322], [1693, 323], [1694, 323], [1695, 323], [1700, 323], [1701, 323], [1702, 323], [1784, 323], [1785, 323], [1786, 323], [1787, 323], [1788, 323], [1789, 323], [1790, 323], [1806, 323], [1807, 323], [1693, 324], [1694, 324], [1700, 324], [1701, 324], [1702, 324], [1786, 324], [1787, 324], [1788, 324], [1789, 324], [1790, 324], [1791, 324], [1792, 324], [1806, 324], [1807, 324], [1808, 324], [1692, 325], [1693, 325], [1694, 325], [1699, 325], [1700, 325], [1701, 325], [1789, 325], [1790, 325], [1791, 325], [1792, 325], [1793, 325], [1794, 325], [1806, 325], [1807, 325], [1808, 325], [1809, 325], [1692, 326], [1693, 326], [1694, 326], [1699, 326], [1700, 326], [1701, 326], [1791, 326], [1792, 326], [1793, 326], [1794, 326], [1807, 326], [1808, 326], [1809, 326], [1810, 326], [1691, 327], [1692, 327], [1693, 327], [1699, 327], [1700, 327], [1793, 327], [1794, 327], [1795, 327], [1808, 327], [1809, 327], [1810, 327], [1811, 327], [1812, 327], [1813, 327], [1691, 328], [1692, 328], [1693, 328], [1698, 328], [1699, 328], [1700, 328], [1793, 328], [1794, 328], [1795, 328], [1809, 328], [1810, 328], [1811, 328], [1812, 328], [1813, 328], [1814, 328], [1815, 328], [1691, 329], [1692, 329], [1698, 329], [1699, 329], [1700, 329], [1793, 329], [1794, 329], [1795, 329], [1807, 329], [1808, 329], [1809, 329], [1812, 329], [1813, 329], [1814, 329], [1815, 329], [1816, 329], [1817, 329], [1690, 330], [1691, 330], [1692, 330], [1698, 330], [1699, 330], [1793, 330], [1794, 330], [1804, 330], [1805, 330], [1806, 330], [1807, 330], [1808, 330], [1809, 330], [1810, 330], [1811, 330], [1812, 330], [1813, 330], [1814, 330], [1815, 330], [1816, 330], [1817, 330], [1690, 331], [1691, 331], [1692, 331], [1697, 331], [1698, 331], [1699, 331], [1793, 331], [1794, 331], [1804, 331], [1805, 331], [1806, 331], [1807, 331], [1808, 331], [1809, 331], [1810, 331], [1811, 331], [1812, 331], [1813, 331], [1814, 331], [1815, 331], [1816, 331], [1817, 331], [1690, 332], [1691, 332], [1697, 332], [1698, 332], [1699, 332], [1792, 332], [1793, 332], [1794, 332], [1803, 332], [1804, 332], [1805, 332], [1689, 333], [1690, 333], [1691, 333], [1697, 333], [1698, 333], [1792, 333], [1793, 333], [1794, 333], [1803, 333], [1804, 333], [1805, 333], [1689, 334], [1690, 334], [1691, 334], [1697, 334], [1698, 334], [1792, 334], [1793, 334], [1802, 334], [1803, 334], [1804, 334], [1689, 335], [1690, 335], [1696, 335], [1697, 335], [1698, 335], [1791, 335], [1792, 335], [1793, 335], [1802, 335], [1803, 335], [1804, 335], [1688, 336], [1689, 336], [1690, 336], [1696, 336], [1697, 336], [1698, 336], [1791, 336], [1792, 336], [1793, 336], [1801, 336], [1802, 336], [1803, 336], [1688, 337], [1689, 337], [1690, 337], [1696, 337], [1697, 337], [1791, 337], [1792, 337], [1801, 337], [1802, 337], [1803, 337], [1688, 338], [1689, 338], [1695, 338], [1696, 338], [1697, 338], [1790, 338], [1791, 338], [1792, 338], [1801, 338], [1802, 338], [1688, 339], [1689, 339], [1695, 339], [1696, 339], [1697, 339], [1790, 339], [1791, 339], [1792, 339], [1800, 339], [1801, 339], [1802, 339], [1688, 340], [1689, 340], [1694, 340], [1695, 340], [1696, 340], [1790, 340], [1791, 340], [1800, 340], [1801, 340], [1802, 340], [1687, 341], [1688, 341], [1689, 341], [1694, 341], [1695, 341], [1696, 341], [1789, 341], [1790, 341], [1791, 341], [1800, 341], [1801, 341], [1687, 342], [1688, 342], [1689, 342], [1694, 342], [1695, 342], [1789, 342], [1790, 342], [1791, 342], [1799, 342], [1800, 342], [1801, 342], [1686, 343], [1687, 343], [1688, 343], [1694, 343], [1695, 343], [1789, 343], [1790, 343], [1799, 343], [1800, 343], [1801, 343], [1686, 344], [1687, 344], [1688, 344], [1693, 344], [1694, 344], [1695, 344], [1788, 344], [1789, 344], [1790, 344], [1799, 344], [1800, 344], [1686, 345], [1687, 345], [1693, 345], [1694, 345], [1695, 345], [1788, 345], [1789, 345], [1790, 345], [1799, 345], [1800, 345], [1685, 346], [1686, 346], [1687, 346], [1693, 346], [1694, 346], [1788, 346], [1789, 346], [1798, 346], [1799, 346], [1800, 346], [1685, 347], [1686, 347], [1687, 347], [1692, 347], [1693, 347], [1694, 347], [1787, 347], [1788, 347], [1789, 347], [1798, 347], [1799, 347], [1800, 347], [1685, 348], [1686, 348], [1692, 348], [1693, 348], [1694, 348], [1787, 348], [1788, 348], [1789, 348], [1798, 348], [1799, 348], [1684, 349], [1685, 349], [1686, 349], [1692, 349], [1693, 349], [1740, 349], [1741, 349], [1742, 349], [1743, 349], [1787, 349], [1788, 349], [1798, 349], [1799, 349], [1684, 350], [1685, 350], [1686, 350], [1691, 350], [1692, 350], [1693, 350], [1738, 350], [1739, 350], [1740, 350], [1741, 350], [1742, 350], [1743, 350], [1744, 350], [1786, 350], [1787, 350], [1788, 350], [1797, 350], [1798, 350], [1799, 350], [1684, 351], [1685, 351], [1691, 351], [1692, 351], [1693, 351], [1738, 351], [1739, 351], [1740, 351], [1741, 351], [1742, 351], [1743, 351], [1744, 351], [1786, 351], [1787, 351], [1788, 351], [1797, 351], [1798, 351], [1799, 351], [1683, 352], [1684, 352], [1685, 352], [1691, 352], [1692, 352], [1737, 352], [1738, 352], [1739, 352], [1742, 352], [1743, 352], [1744, 352], [1786, 352], [1787, 352], [1796, 352], [1797, 352], [1798, 352], [1683, 353], [1684, 353], [1685, 353], [1690, 353], [1691, 353], [1692, 353], [1737, 353], [1738, 353], [1739, 353], [1741, 353], [1742, 353], [1743, 353], [1786, 353], [1787, 353], [1796, 353], [1797, 353], [1798, 353], [1683, 354], [1684, 354], [1690, 354], [1691, 354], [1692, 354], [1736, 354], [1737, 354], [1738, 354], [1740, 354], [1741, 354], [1742, 354], [1743, 354], [1785, 354], [1786, 354], [1787, 354], [1796, 354], [1797, 354], [1682, 355], [1683, 355], [1684, 355], [1689, 355], [1690, 355], [1691, 355], [1736, 355], [1737, 355], [1738, 355], [1740, 355], [1741, 355], [1742, 355], [1785, 355], [1786, 355], [1787, 355], [1796, 355], [1797, 355], [1682, 356], [1683, 356], [1684, 356], [1689, 356], [1690, 356], [1691, 356], [1736, 356], [1737, 356], [1740, 356], [1741, 356], [1785, 356], [1786, 356], [1795, 356], [1796, 356], [1797, 356], [1682, 357], [1683, 357], [1689, 357], [1690, 357], [1735, 357], [1736, 357], [1737, 357], [1740, 357], [1741, 357], [1785, 357], [1786, 357], [1794, 357], [1795, 357], [1796, 357], [1797, 357], [1617, 358], [1618, 358], [1619, 358], [1620, 358], [1621, 358], [1682, 358], [1683, 358], [1688, 358], [1689, 358], [1690, 358], [1735, 358], [1736, 358], [1737, 358], [1740, 358], [1741, 358], [1784, 358], [1785, 358], [1786, 358], [1794, 358], [1795, 358], [1796, 358], [1616, 359], [1617, 359], [1618, 359], [1619, 359], [1620, 359], [1621, 359], [1622, 359], [1623, 359], [1681, 359], [1682, 359], [1683, 359], [1688, 359], [1689, 359], [1690, 359], [1734, 359], [1735, 359], [1736, 359], [1739, 359], [1740, 359], [1741, 359], [1784, 359], [1785, 359], [1786, 359], [1793, 359], [1794, 359], [1795, 359], [1616, 360], [1617, 360], [1618, 360], [1620, 360], [1621, 360], [1622, 360], [1623, 360], [1624, 360], [1681, 360], [1682, 360], [1683, 360], [1688, 360], [1689, 360], [1734, 360], [1735, 360], [1736, 360], [1739, 360], [1740, 360], [1741, 360], [1784, 360], [1785, 360], [1793, 360], [1794, 360], [1795, 360], [1616, 361], [1617, 361], [1622, 361], [1623, 361], [1624, 361], [1681, 361], [1682, 361], [1688, 361], [1689, 361], [1734, 361], [1735, 361], [1739, 361], [1740, 361], [1783, 361], [1784, 361], [1785, 361], [1793, 361], [1794, 361], [1615, 362], [1616, 362], [1617, 362], [1622, 362], [1623, 362], [1624, 362], [1681, 362], [1682, 362], [1688, 362], [1689, 362], [1734, 362], [1735, 362], [1738, 362], [1739, 362], [1740, 362], [1783, 362], [1784, 362], [1785, 362], [1792, 362], [1793, 362], [1794, 362], [1615, 363], [1616, 363], [1617, 363], [1621, 363], [1622, 363], [1623, 363], [1624, 363], [1681, 363], [1682, 363], [1687, 363], [1688, 363], [1689, 363], [1734, 363], [1735, 363], [1736, 363], [1738, 363], [1739, 363], [1740, 363], [1783, 363], [1784, 363], [1785, 363], [1786, 363], [1787, 363], [1788, 363], [1791, 363], [1792, 363], [1793, 363], [1794, 363], [1615, 364], [1616, 364], [1617, 364], [1618, 364], [1621, 364], [1622, 364], [1623, 364], [1681, 364], [1682, 364], [1683, 364], [1687, 364], [1688, 364], [1689, 364], [1734, 364], [1735, 364], [1736, 364], [1737, 364], [1738, 364], [1739, 364], [1784, 364], [1785, 364], [1786, 364], [1787, 364], [1788, 364], [1789, 364], [1790, 364], [1791, 364], [1792, 364], [1793, 364], [1616, 365], [1617, 365], [1618, 365], [1619, 365], [1620, 365], [1621, 365], [1622, 365], [1681, 365], [1682, 365], [1683, 365], [1684, 365], [1685, 365], [1686, 365], [1687, 365], [1688, 365], [1735, 365], [1736, 365], [1737, 365], [1738, 365], [1739, 365], [1787, 365], [1788, 365], [1789, 365], [1790, 365], [1791, 365], [1792, 365], [1617, 366], [1618, 366], [1619, 366], [1620, 366], [1621, 366], [1622, 366], [1682, 366], [1683, 366], [1684, 366], [1685, 366], [1686, 366], [1687, 366], [1688, 366], [1744, 403], [1745, 403], [1746, 403], [1747, 403], [1748, 403], [1749, 403], [1750, 403], [1751, 403], [1752, 403], [1753, 403], [1754, 403], [1742, 404], [1743, 404], [1744, 404], [1745, 404], [1746, 404], [1747, 404], [1748, 404], [1749, 404], [1750, 404], [1751, 404], [1752, 404], [1753, 404], [1754, 404], [1755, 404], [1742, 405], [1743, 405], [1744, 405], [1746, 405], [1747, 405], [1748, 405], [1749, 405], [1750, 405], [1751, 405], [1752, 405], [1753, 405], [1754, 405], [1755, 405], [1756, 405], [1757, 405], [1742, 406], [1743, 406], [1744, 406], [1745, 406], [1746, 406], [1747, 406], [1748, 406], [1749, 406], [1750, 406], [1751, 406], [1752, 406], [1753, 406], [1754, 406], [1755, 406], [1756, 406], [1757, 406], [1758, 406], [1742, 407], [1743, 407], [1744, 407], [1745, 407], [1746, 407], [1751, 407], [1752, 407], [1753, 407], [1754, 407], [1755, 407], [1757, 407], [1758, 407], [1759, 407], [1742, 408], [1743, 408], [1744, 408], [1745, 408], [1751, 408], [1752, 408], [1753, 408], [1754, 408], [1755, 408], [1756, 408], [1758, 408], [1759, 408], [1760, 408], [1742, 409], [1744, 409], [1751, 409], [1752, 409], [1754, 409], [1755, 409], [1756, 409], [1757, 409], [1758, 409], [1759, 409], [1760, 409], [1742, 410], [1744, 410], [1752, 410], [1753, 410], [1754, 410], [1755, 410], [1756, 410], [1757, 410], [1759, 410], [1760, 410], [1742, 411], [1743, 411], [1744, 411], [1745, 411], [1752, 411], [1753, 411], [1754, 411], [1755, 411], [1756, 411], [1757, 411], [1759, 411], [1760, 411], [1742, 412], [1743, 412], [1744, 412], [1745, 412], [1746, 412], [1747, 412], [1755, 412], [1756, 412], [1757, 412], [1759, 412], [1760, 412], [1742, 413], [1743, 413], [1744, 413], [1745, 413], [1746, 413], [1747, 413], [1748, 413], [1749, 413], [1750, 413], [1756, 413], [1757, 413], [1759, 413], [1760, 413], [1742, 414], [1743, 414], [1744, 414], [1745, 414], [1747, 414], [1748, 414], [1749, 414], [1750, 414], [1751, 414], [1752, 414], [1753, 414], [1754, 414], [1755, 414], [1756, 414], [1757, 414], [1759, 414], [1760, 414], [1744, 415], [1745, 415], [1746, 415], [1747, 415], [1748, 415], [1749, 415], [1750, 415], [1751, 415], [1752, 415], [1753, 415], [1754, 415], [1755, 415], [1756, 415], [1757, 415], [1759, 415], [1760, 415], [1745, 416], [1746, 416], [1747, 416], [1748, 416], [1749, 416], [1750, 416], [1751, 416], [1752, 416], [1753, 416], [1754, 416], [1755, 416], [1758, 416], [1759, 416], [1760, 416], [1747, 417], [1748, 417], [1749, 417], [1750, 417], [1751, 417], [1752, 417], [1753, 417], [1754, 417], [1755, 417], [1756, 417], [1757, 417], [1758, 417], [1759, 417], [1760, 417], [1750, 418], [1751, 418], [1752, 418], [1753, 418], [1754, 418], [1755, 418], [1756, 418], [1757, 418], [1758, 418], [1759, 418]


