White line left - [538, 817], [536, 818], [537, 818], [535, 819], [536, 819], [537, 819], [534, 820], [535, 820], [536, 820], [533, 821], [534, 821], [535, 821], [532, 822], [533, 822], [534, 822], [535, 822], [532, 823], [533, 823], [534, 823], [531, 824], [532, 824], [533, 824], [530, 825], [531, 825], [532, 825], [533, 825], [530, 826], [531, 826], [532, 826], [529, 827], [530, 827], [531, 827], [528, 828], [529, 828], [530, 828], [531, 828], [528, 829], [529, 829], [530, 829], [527, 830], [528, 830], [529, 830], [526, 831], [527, 831], [528, 831], [529, 831], [526, 832], [527, 832], [528, 832], [525, 833], [526, 833], [527, 833], [525, 834], [526, 834], [527, 834], [524, 835], [525, 835], [526, 835], [523, 836], [524, 836], [525, 836], [526, 836], [522, 837], [523, 837], [524, 837], [525, 837], [522, 838], [523, 838], [524, 838], [521, 839], [522, 839], [523, 839], [520, 840], [521, 840], [522, 840], [523, 840], [520, 841], [521, 841], [522, 841], [519, 842], [520, 842], [521, 842], [518, 843], [519, 843], [520, 843], [521, 843], [517, 844], [518, 844], [519, 844], [520, 844], [517, 845], [518, 845], [519, 845], [516, 846], [517, 846], [518, 846], [516, 847], [517, 847], [518, 847], [515, 848], [516, 848], [517, 848], [515, 849], [516, 849], [517, 849], [514, 850], [515, 850], [516, 850], [513, 851], [514, 851], [515, 851], [516, 851], [513, 852], [514, 852], [515, 852], [477, 853], [512, 853], [513, 853], [514, 853], [476, 854], [511, 854], [512, 854], [513, 854], [514, 854], [474, 855], [475, 855], [476, 855], [510, 855], [511, 855], [512, 855], [513, 855], [472, 856], [473, 856], [474, 856], [475, 856], [510, 856], [511, 856], [512, 856], [471, 857], [472, 857], [473, 857], [474, 857], [509, 857], [510, 857], [511, 857], [470, 858], [471, 858], [472, 858], [473, 858], [509, 858], [510, 858], [511, 858], [469, 859], [470, 859], [471, 859], [472, 859], [508, 859], [509, 859], [510, 859], [469, 860], [470, 860], [471, 860], [507, 860], [508, 860], [509, 860], [510, 860], [468, 861], [469, 861], [470, 861], [507, 861], [508, 861], [509, 861], [467, 862], [468, 862], [469, 862], [470, 862], [506, 862], [507, 862], [508, 862], [467, 863], [468, 863], [469, 863], [506, 863], [507, 863], [508, 863], [466, 864], [467, 864], [468, 864], [505, 864], [506, 864], [507, 864], [465, 865], [466, 865], [467, 865], [468, 865], [504, 865], [505, 865], [506, 865], [507, 865], [465, 866], [466, 866], [467, 866], [504, 866], [505, 866], [506, 866], [464, 867], [465, 867], [466, 867], [503, 867], [504, 867], [505, 867], [464, 868], [465, 868], [466, 868], [503, 868], [504, 868], [505, 868], [463, 869], [464, 869], [465, 869], [502, 869], [503, 869], [504, 869], [463, 870], [464, 870], [465, 870], [501, 870], [502, 870], [503, 870], [504, 870], [462, 871], [463, 871], [464, 871], [501, 871], [502, 871], [503, 871], [461, 872], [462, 872], [463, 872], [464, 872], [500, 872], [501, 872], [502, 872], [461, 873], [462, 873], [463, 873], [500, 873], [501, 873], [502, 873], [461, 874], [462, 874], [499, 874], [500, 874], [501, 874], [460, 875], [461, 875], [462, 875], [498, 875], [499, 875], [500, 875], [501, 875], [459, 876], [460, 876], [461, 876], [462, 876], [497, 876], [498, 876], [499, 876], [500, 876], [459, 877], [460, 877], [461, 877], [497, 877], [498, 877], [499, 877], [458, 878], [459, 878], [460, 878], [496, 878], [497, 878], [498, 878], [457, 879], [458, 879], [459, 879], [460, 879], [495, 879], [496, 879], [497, 879], [498, 879], [456, 880], [457, 880], [458, 880], [459, 880], [495, 880], [496, 880], [497, 880], [455, 881], [456, 881], [457, 881], [458, 881], [494, 881], [495, 881], [496, 881], [455, 882], [456, 882], [457, 882], [494, 882], [495, 882], [496, 882], [454, 883], [455, 883], [456, 883], [493, 883], [494, 883], [495, 883], [453, 884], [454, 884], [455, 884], [456, 884], [493, 884], [494, 884], [495, 884], [452, 885], [453, 885], [454, 885], [455, 885], [492, 885], [493, 885], [494, 885], [451, 886], [452, 886], [453, 886], [454, 886], [491, 886], [492, 886], [493, 886], [494, 886], [451, 887], [452, 887], [453, 887], [491, 887], [492, 887], [493, 887], [450, 888], [451, 888], [452, 888], [490, 888], [491, 888], [492, 888], [450, 889], [451, 889], [452, 889], [489, 889], [490, 889], [491, 889], [492, 889], [449, 890], [450, 890], [451, 890], [488, 890], [489, 890], [490, 890], [491, 890], [448, 891], [449, 891], [450, 891], [451, 891], [487, 891], [488, 891], [489, 891], [490, 891], [447, 892], [448, 892], [449, 892], [450, 892], [486, 892], [487, 892], [488, 892], [489, 892], [447, 893], [448, 893], [449, 893], [486, 893], [487, 893], [488, 893], [446, 894], [447, 894], [448, 894], [486, 894], [487, 894], [445, 895], [446, 895], [447, 895], [448, 895], [485, 895], [486, 895], [487, 895], [445, 896], [446, 896], [447, 896], [484, 896], [485, 896], [486, 896], [487, 896], [444, 897], [445, 897], [446, 897], [484, 897], [485, 897], [486, 897], [443, 898], [444, 898], [445, 898], [446, 898], [483, 898], [484, 898], [485, 898], [443, 899], [444, 899], [445, 899], [482, 899], [483, 899], [484, 899], [485, 899], [442, 900], [443, 900], [444, 900], [482, 900], [483, 900], [484, 900], [441, 901], [442, 901], [443, 901], [444, 901], [481, 901], [482, 901], [483, 901], [441, 902], [442, 902], [443, 902], [481, 902], [482, 902], [483, 902], [440, 903], [441, 903], [442, 903], [480, 903], [481, 903], [482, 903], [439, 904], [440, 904], [441, 904], [442, 904], [479, 904], [480, 904], [481, 904], [482, 904], [439, 905], [440, 905], [441, 905], [478, 905], [479, 905], [480, 905], [481, 905], [438, 906], [439, 906], [440, 906], [477, 906], [478, 906], [479, 906], [480, 906], [438, 907], [439, 907], [440, 907], [477, 907], [478, 907], [479, 907], [437, 908], [438, 908], [439, 908], [476, 908], [477, 908], [478, 908], [436, 909], [437, 909], [438, 909], [439, 909], [476, 909], [477, 909], [478, 909], [436, 910], [437, 910], [438, 910], [475, 910], [476, 910], [477, 910], [435, 911], [436, 911], [437, 911], [474, 911], [475, 911], [476, 911], [477, 911], [434, 912], [435, 912], [436, 912], [437, 912], [473, 912], [474, 912], [475, 912], [476, 912], [434, 913], [435, 913], [436, 913], [473, 913], [474, 913], [475, 913], [433, 914], [434, 914], [435, 914], [472, 914], [473, 914], [474, 914], [432, 915], [433, 915], [434, 915], [435, 915], [471, 915], [472, 915], [473, 915], [474, 915], [432, 916], [433, 916], [434, 916], [471, 916], [472, 916], [473, 916], [431, 917], [432, 917], [433, 917], [470, 917], [471, 917], [472, 917], [430, 918], [431, 918], [432, 918], [433, 918], [469, 918], [470, 918], [471, 918], [472, 918], [430, 919], [431, 919], [432, 919], [469, 919], [470, 919], [471, 919], [429, 920], [430, 920], [431, 920], [468, 920], [469, 920], [470, 920], [429, 921], [430, 921], [431, 921], [467, 921], [468, 921], [469, 921], [470, 921], [428, 922], [429, 922], [430, 922], [467, 922], [468, 922], [469, 922], [427, 923], [428, 923], [429, 923], [430, 923], [466, 923], [467, 923], [468, 923], [427, 924], [428, 924], [429, 924], [466, 924], [467, 924], [468, 924], [426, 925], [427, 925], [428, 925], [465, 925], [466, 925], [467, 925], [426, 926], [427, 926], [428, 926], [464, 926], [465, 926], [466, 926], [467, 926], [425, 927], [426, 927], [427, 927], [464, 927], [465, 927], [466, 927], [425, 928], [426, 928], [427, 928], [463, 928], [464, 928], [465, 928], [424, 929], [425, 929], [426, 929], [462, 929], [463, 929], [464, 929], [465, 929], [423, 930], [424, 930], [425, 930], [426, 930], [462, 930], [463, 930], [464, 930], [423, 931], [424, 931], [425, 931], [462, 931], [463, 931], [422, 932], [423, 932], [424, 932], [461, 932], [462, 932], [463, 932], [421, 933], [422, 933], [423, 933], [424, 933], [460, 933], [461, 933], [462, 933], [463, 933], [420, 934], [421, 934], [422, 934], [423, 934], [459, 934], [460, 934], [461, 934], [462, 934], [419, 935], [420, 935], [421, 935], [422, 935], [459, 935], [460, 935], [461, 935], [418, 936], [419, 936], [420, 936], [421, 936], [458, 936], [459, 936], [460, 936], [418, 937], [419, 937], [420, 937], [457, 937], [458, 937], [459, 937], [460, 937], [418, 938], [419, 938], [457, 938], [458, 938], [459, 938], [418, 939], [419, 939], [456, 939], [457, 939], [458, 939], [417, 940], [418, 940], [419, 940], [455, 940], [456, 940], [457, 940], [458, 940], [415, 941], [416, 941], [417, 941], [418, 941], [419, 941], [455, 941], [456, 941], [457, 941], [414, 942], [415, 942], [416, 942], [417, 942], [418, 942], [454, 942], [455, 942], [456, 942], [413, 943], [414, 943], [415, 943], [416, 943], [453, 943], [454, 943], [455, 943], [456, 943], [412, 944], [413, 944], [414, 944], [415, 944], [453, 944], [454, 944], [455, 944], [411, 945], [412, 945], [413, 945], [414, 945], [452, 945], [453, 945], [454, 945], [410, 946], [411, 946], [412, 946], [413, 946], [451, 946], [452, 946], [453, 946], [454, 946], [410, 947], [411, 947], [412, 947], [451, 947], [452, 947], [453, 947], [409, 948], [410, 948], [411, 948], [450, 948], [451, 948], [452, 948], [409, 949], [410, 949], [411, 949], [450, 949], [451, 949], [452, 949], [408, 950], [409, 950], [410, 950], [449, 950], [450, 950], [451, 950], [407, 951], [408, 951], [409, 951], [410, 951], [448, 951], [449, 951], [450, 951], [451, 951], [406, 952], [407, 952], [408, 952], [409, 952], [448, 952], [449, 952], [450, 952], [406, 953], [407, 953], [408, 953], [447, 953], [448, 953], [449, 953], [405, 954], [406, 954], [407, 954], [447, 954], [448, 954], [449, 954], [404, 955], [405, 955], [406, 955], [407, 955], [446, 955], [447, 955], [448, 955], [404, 956], [405, 956], [406, 956], [445, 956], [446, 956], [447, 956], [448, 956], [404, 957], [405, 957], [445, 957], [446, 957], [447, 957], [403, 958], [404, 958], [405, 958], [444, 958], [445, 958], [446, 958], [401, 959], [402, 959], [403, 959], [404, 959], [405, 959], [444, 959], [445, 959], [446, 959], [400, 960], [401, 960], [402, 960], [403, 960], [404, 960], [442, 960], [443, 960], [444, 960], [445, 960], [399, 961], [400, 961], [401, 961], [402, 961], [441, 961], [442, 961], [443, 961], [444, 961], [445, 961], [398, 962], [399, 962], [400, 962], [401, 962], [441, 962], [442, 962], [443, 962], [397, 963], [398, 963], [399, 963], [400, 963], [441, 963], [442, 963], [397, 964], [398, 964], [399, 964], [440, 964], [441, 964], [442, 964], [396, 965], [397, 965], [398, 965], [440, 965], [441, 965], [442, 965], [395, 966], [396, 966], [397, 966], [398, 966], [439, 966], [440, 966], [441, 966], [395, 967], [396, 967], [397, 967], [438, 967], [439, 967], [440, 967], [441, 967], [394, 968], [395, 968], [396, 968], [437, 968], [438, 968], [439, 968], [440, 968], [394, 969], [395, 969], [396, 969], [437, 969], [438, 969], [439, 969], [393, 970], [394, 970], [395, 970], [436, 970], [437, 970], [438, 970], [392, 971], [393, 971], [394, 971], [395, 971], [435, 971], [436, 971], [437, 971], [438, 971], [392, 972], [393, 972], [394, 972], [435, 972], [436, 972], [437, 972], [391, 973], [392, 973], [393, 973], [434, 973], [435, 973], [436, 973], [390, 974], [391, 974], [392, 974], [393, 974], [433, 974], [434, 974], [435, 974], [436, 974], [390, 975], [391, 975], [392, 975], [433, 975], [434, 975], [435, 975], [389, 976], [390, 976], [391, 976], [432, 976], [433, 976], [434, 976], [388, 977], [389, 977], [390, 977], [391, 977], [431, 977], [432, 977], [433, 977], [434, 977], [388, 978], [389, 978], [390, 978], [431, 978], [432, 978], [433, 978], [387, 979], [388, 979], [389, 979], [431, 979], [432, 979], [386, 980], [387, 980], [388, 980], [389, 980], [430, 980], [431, 980], [432, 980], [386, 981], [387, 981], [388, 981], [429, 981], [430, 981], [431, 981], [432, 981], [385, 982], [386, 982], [387, 982], [428, 982], [429, 982], [430, 982], [431, 982], [385, 983], [386, 983], [387, 983], [428, 983], [429, 983], [430, 983], [384, 984], [385, 984], [386, 984], [427, 984], [428, 984], [429, 984], [383, 985], [384, 985], [385, 985], [386, 985], [427, 985], [428, 985], [429, 985], [382, 986], [383, 986], [384, 986], [385, 986], [426, 986], [427, 986], [428, 986], [382, 987], [383, 987], [384, 987], [425, 987], [426, 987], [427, 987], [428, 987], [381, 988], [382, 988], [383, 988], [424, 988], [425, 988], [426, 988], [427, 988], [380, 989], [381, 989], [382, 989], [383, 989], [423, 989], [424, 989], [425, 989], [426, 989], [380, 990], [381, 990], [382, 990], [423, 990], [424, 990], [425, 990], [379, 991], [380, 991], [381, 991], [422, 991], [423, 991], [424, 991], [378, 992], [379, 992], [380, 992], [381, 992], [421, 992], [422, 992], [423, 992], [424, 992], [378, 993], [379, 993], [380, 993], [421, 993], [422, 993], [423, 993], [377, 994], [378, 994], [379, 994], [420, 994], [421, 994], [422, 994], [376, 995], [377, 995], [378, 995], [379, 995], [419, 995], [420, 995], [421, 995], [422, 995], [375, 996], [376, 996], [377, 996], [378, 996], [419, 996], [420, 996], [421, 996], [375, 997], [376, 997], [377, 997], [418, 997], [419, 997], [420, 997], [374, 998], [375, 998], [376, 998], [418, 998], [419, 998], [420, 998], [373, 999], [374, 999], [375, 999], [376, 999], [418, 999], [419, 999], [373, 1000], [374, 1000], [375, 1000], [417, 1000], [418, 1000], [419, 1000], [372, 1001], [373, 1001], [374, 1001], [416, 1001], [417, 1001], [418, 1001], [419, 1001], [371, 1002], [372, 1002], [373, 1002], [374, 1002], [415, 1002], [416, 1002], [417, 1002], [418, 1002], [371, 1003], [372, 1003], [373, 1003], [415, 1003], [416, 1003], [417, 1003], [370, 1004], [371, 1004], [372, 1004], [414, 1004], [415, 1004], [416, 1004], [369, 1005], [370, 1005], [371, 1005], [372, 1005], [413, 1005], [414, 1005], [415, 1005], [416, 1005], [368, 1006], [369, 1006], [370, 1006], [371, 1006], [413, 1006], [414, 1006], [415, 1006], [368, 1007], [369, 1007], [370, 1007], [412, 1007], [413, 1007], [414, 1007], [367, 1008], [368, 1008], [369, 1008], [411, 1008], [412, 1008], [413, 1008], [414, 1008], [367, 1009], [368, 1009], [369, 1009], [411, 1009], [412, 1009], [413, 1009], [366, 1010], [367, 1010], [368, 1010], [410, 1010], [411, 1010], [412, 1010], [365, 1011], [366, 1011], [367, 1011], [368, 1011], [410, 1011], [411, 1011], [412, 1011], [364, 1012], [365, 1012], [366, 1012], [367, 1012], [409, 1012], [410, 1012], [411, 1012], [364, 1013], [365, 1013], [366, 1013], [409, 1013], [410, 1013], [411, 1013], [363, 1014], [364, 1014], [365, 1014], [408, 1014], [409, 1014], [410, 1014], [362, 1015], [363, 1015], [364, 1015], [365, 1015], [408, 1015], [409, 1015], [410, 1015], [362, 1016], [363, 1016], [364, 1016], [407, 1016], [408, 1016], [409, 1016], [361, 1017], [362, 1017], [363, 1017], [406, 1017], [407, 1017], [408, 1017], [409, 1017], [360, 1018], [361, 1018], [362, 1018], [363, 1018], [406, 1018], [407, 1018], [408, 1018], [360, 1019], [361, 1019], [362, 1019], [405, 1019], [406, 1019], [407, 1019], [359, 1020], [360, 1020], [361, 1020], [404, 1020], [405, 1020], [406, 1020], [407, 1020], [358, 1021], [359, 1021], [360, 1021], [361, 1021], [404, 1021], [405, 1021], [406, 1021], [357, 1022], [358, 1022], [359, 1022], [360, 1022], [404, 1022], [405, 1022], [357, 1023], [358, 1023], [359, 1023], [403, 1023], [404, 1023], [405, 1023], [356, 1024], [357, 1024], [358, 1024], [402, 1024], [403, 1024], [404, 1024], [405, 1024], [355, 1025], [356, 1025], [357, 1025], [358, 1025], [401, 1025], [402, 1025], [403, 1025], [404, 1025], [355, 1026], [356, 1026], [357, 1026], [400, 1026], [401, 1026], [402, 1026], [403, 1026], [354, 1027], [355, 1027], [356, 1027], [399, 1027], [400, 1027], [401, 1027], [402, 1027], [353, 1028], [354, 1028], [355, 1028], [356, 1028], [399, 1028], [400, 1028], [401, 1028], [353, 1029], [354, 1029], [355, 1029], [398, 1029], [399, 1029], [400, 1029], [352, 1030], [353, 1030], [354, 1030], [398, 1030], [399, 1030], [400, 1030], [351, 1031], [352, 1031], [353, 1031], [354, 1031], [397, 1031], [398, 1031], [399, 1031], [351, 1032], [352, 1032], [353, 1032], [396, 1032], [397, 1032], [398, 1032], [399, 1032], [350, 1033], [351, 1033], [352, 1033], [396, 1033], [397, 1033], [398, 1033], [349, 1034], [350, 1034], [351, 1034], [352, 1034], [395, 1034], [396, 1034], [397, 1034], [349, 1035], [350, 1035], [351, 1035], [395, 1035], [396, 1035], [397, 1035], [348, 1036], [349, 1036], [350, 1036], [394, 1036], [395, 1036], [396, 1036], [347, 1037], [348, 1037], [349, 1037], [350, 1037], [393, 1037], [394, 1037], [395, 1037], [396, 1037], [347, 1038], [348, 1038], [349, 1038], [393, 1038], [394, 1038], [395, 1038], [346, 1039], [347, 1039], [348, 1039], [392, 1039], [393, 1039], [394, 1039], [345, 1040], [346, 1040], [347, 1040], [348, 1040], [391, 1040], [392, 1040], [393, 1040], [394, 1040], [344, 1041], [345, 1041], [346, 1041], [347, 1041], [391, 1041], [392, 1041], [393, 1041], [344, 1042], [345, 1042], [346, 1042], [390, 1042], [391, 1042], [392, 1042], [343, 1043], [344, 1043], [345, 1043], [389, 1043], [390, 1043], [391, 1043], [392, 1043], [343, 1044], [344, 1044], [345, 1044], [388, 1044], [389, 1044], [390, 1044], [391, 1044], [342, 1045], [343, 1045], [344, 1045], [388, 1045], [389, 1045], [390, 1045], [341, 1046], [342, 1046], [343, 1046], [344, 1046], [387, 1046], [388, 1046], [389, 1046], [341, 1047], [342, 1047], [343, 1047], [386, 1047], [387, 1047], [388, 1047], [389, 1047], [340, 1048], [341, 1048], [342, 1048], [386, 1048], [387, 1048], [388, 1048], [339, 1049], [340, 1049], [341, 1049], [342, 1049], [385, 1049], [386, 1049], [387, 1049], [339, 1050], [340, 1050], [341, 1050], [385, 1050], [386, 1050], [387, 1050], [338, 1051], [339, 1051], [340, 1051], [384, 1051], [385, 1051], [386, 1051], [337, 1052], [338, 1052], [339, 1052], [340, 1052], [384, 1052], [385, 1052], [386, 1052], [337, 1053], [338, 1053], [339, 1053], [383, 1053], [384, 1053], [385, 1053], [336, 1054], [337, 1054], [338, 1054], [382, 1054], [383, 1054], [384, 1054], [385, 1054], [336, 1055], [337, 1055], [338, 1055], [382, 1055], [383, 1055], [384, 1055], [335, 1056], [336, 1056], [337, 1056], [381, 1056], [382, 1056], [383, 1056], [334, 1057], [335, 1057], [336, 1057], [337, 1057], [381, 1057], [382, 1057], [383, 1057], [334, 1058], [335, 1058], [336, 1058], [380, 1058], [381, 1058], [382, 1058], [333, 1059], [334, 1059], [335, 1059], [379, 1059], [380, 1059], [381, 1059], [382, 1059], [332, 1060], [333, 1060], [334, 1060], [335, 1060], [379, 1060], [380, 1060], [381, 1060], [331, 1061], [332, 1061], [333, 1061], [334, 1061], [378, 1061], [379, 1061], [380, 1061], [331, 1062], [332, 1062], [333, 1062], [377, 1062], [378, 1062], [379, 1062], [380, 1062], [330, 1063], [331, 1063], [332, 1063], [377, 1063], [378, 1063], [379, 1063], [329, 1064], [330, 1064], [331, 1064], [332, 1064], [376, 1064], [377, 1064], [378, 1064], [329, 1065], [330, 1065], [331, 1065], [376, 1065], [377, 1065], [378, 1065], [328, 1066], [329, 1066], [330, 1066], [375, 1066], [376, 1066], [377, 1066], [327, 1067], [328, 1067], [329, 1067], [330, 1067], [374, 1067], [375, 1067], [376, 1067], [377, 1067], [327, 1068], [328, 1068], [329, 1068], [374, 1068], [375, 1068], [376, 1068], [326, 1069], [327, 1069], [328, 1069], [373, 1069], [374, 1069], [375, 1069], [325, 1070], [326, 1070], [327, 1070], [328, 1070], [373, 1070], [374, 1070], [375, 1070], [325, 1071], [326, 1071], [327, 1071], [372, 1071], [373, 1071], [374, 1071], [324, 1072], [325, 1072], [326, 1072], [371, 1072], [372, 1072], [373, 1072], [374, 1072], [324, 1073], [325, 1073], [326, 1073], [371, 1073], [372, 1073], [373, 1073], [323, 1074], [324, 1074], [325, 1074], [370, 1074], [371, 1074], [372, 1074], [323, 1075], [324, 1075], [325, 1075], [370, 1075], [371, 1075], [372, 1075], [322, 1076], [323, 1076], [324, 1076], [369, 1076], [370, 1076], [371, 1076], [321, 1077], [322, 1077], [323, 1077], [324, 1077], [368, 1077], [369, 1077], [370, 1077], [371, 1077], [321, 1078], [322, 1078], [323, 1078], [368, 1078], [369, 1078], [370, 1078], [321, 1079], [322, 1079], [368, 1079], [369, 1079]




Yellow line left - [1283, 375], [1281, 376], [1282, 376], [1283, 376], [1280, 377], [1281, 377], [1282, 377], [1283, 377], [1278, 378], [1279, 378], [1280, 378], [1281, 378], [1282, 378], [1276, 379], [1277, 379], [1278, 379], [1279, 379], [1280, 379], [1281, 379]




Yellow line right - [1310, 374], [1311, 374], [1312, 374], [1313, 374], [1309, 375], [1310, 375], [1311, 375], [1312, 375], [1313, 375], [1309, 376], [1310, 376], [1311, 376], [1312, 376], [1313, 376], [1309, 377], [1310, 377], [1311, 377], [1312, 377], [1313, 377], [1309, 378], [1310, 378], [1311, 378], [1312, 378], [1313, 378], [1309, 379], [1310, 379], [1311, 379]




White line right - [1500, 248], [1501, 248], [1502, 248], [1498, 249], [1499, 249], [1500, 249], [1501, 249], [1502, 249], [1503, 249], [1504, 249], [1505, 249], [1506, 249], [1498, 250], [1499, 250], [1500, 250], [1501, 250], [1502, 250], [1503, 250], [1504, 250], [1505, 250], [1506, 250], [1507, 250], [1508, 250], [1509, 250], [1510, 250], [1511, 250], [1498, 251], [1499, 251], [1500, 251], [1501, 251], [1502, 251], [1503, 251], [1504, 251], [1506, 251], [1507, 251], [1508, 251], [1509, 251], [1510, 251], [1511, 251], [1512, 251], [1513, 251], [1514, 251], [1501, 252], [1502, 252], [1503, 252], [1504, 252], [1505, 252], [1506, 252], [1507, 252], [1510, 252], [1511, 252], [1512, 252], [1513, 252], [1514, 252], [1515, 252], [1516, 252], [1517, 252], [1518, 252], [1504, 253], [1505, 253], [1506, 253], [1507, 253], [1508, 253], [1509, 253], [1510, 253], [1513, 253], [1514, 253], [1515, 253], [1516, 253], [1517, 253], [1518, 253], [1519, 253], [1520, 253], [1521, 253], [1506, 254], [1507, 254], [1508, 254], [1509, 254], [1510, 254], [1511, 254], [1512, 254], [1513, 254], [1517, 254], [1518, 254], [1519, 254], [1520, 254], [1521, 254], [1522, 254], [1523, 254], [1524, 254], [1525, 254], [1509, 255], [1510, 255], [1511, 255], [1512, 255], [1513, 255], [1514, 255], [1515, 255], [1520, 255], [1521, 255], [1522, 255], [1523, 255], [1524, 255], [1525, 255], [1526, 255], [1527, 255], [1512, 256], [1513, 256], [1514, 256], [1515, 256], [1516, 256], [1517, 256], [1518, 256], [1524, 256], [1525, 256], [1526, 256], [1527, 256], [1528, 256], [1514, 257], [1515, 257], [1516, 257], [1517, 257], [1518, 257], [1519, 257], [1520, 257], [1521, 257], [1522, 257], [1523, 257], [1524, 257], [1525, 257], [1526, 257], [1527, 257], [1528, 257], [1517, 258], [1518, 258], [1519, 258], [1520, 258], [1521, 258], [1522, 258], [1523, 258], [1524, 258], [1525, 258], [1526, 258], [1527, 258], [1528, 258], [1539, 262], [1540, 262], [1541, 262], [1542, 262], [1543, 262], [1544, 262], [1545, 262], [1546, 262], [1539, 263], [1540, 263], [1541, 263], [1542, 263], [1543, 263], [1544, 263], [1545, 263], [1546, 263], [1547, 263], [1548, 263], [1549, 263], [1550, 263], [1551, 263], [1552, 263], [1539, 264], [1540, 264], [1541, 264], [1542, 264], [1543, 264], [1545, 264], [1546, 264], [1547, 264], [1548, 264], [1549, 264], [1550, 264], [1551, 264], [1552, 264], [1553, 264], [1554, 264], [1555, 264], [1540, 265], [1541, 265], [1542, 265], [1543, 265], [1544, 265], [1545, 265], [1551, 265], [1552, 265], [1553, 265], [1554, 265], [1555, 265], [1556, 265], [1557, 265], [1558, 265], [1559, 265], [1542, 266], [1543, 266], [1544, 266], [1545, 266], [1546, 266], [1547, 266], [1554, 266], [1555, 266], [1556, 266], [1557, 266], [1558, 266], [1559, 266], [1560, 266], [1561, 266], [1562, 266], [1544, 267], [1545, 267], [1546, 267], [1547, 267], [1548, 267], [1549, 267], [1550, 267], [1558, 267], [1559, 267], [1560, 267], [1561, 267], [1562, 267], [1563, 267], [1564, 267], [1565, 267], [1566, 267], [1567, 267], [1568, 267], [1569, 267], [1570, 267], [1571, 267], [1572, 267], [1573, 267], [1574, 267], [1575, 267], [1576, 267], [1577, 267], [1578, 267], [1579, 267], [1546, 268], [1547, 268], [1548, 268], [1549, 268], [1550, 268], [1551, 268], [1552, 268], [1553, 268], [1561, 268], [1562, 268], [1563, 268], [1564, 268], [1565, 268], [1566, 268], [1567, 268], [1568, 268], [1569, 268], [1570, 268], [1571, 268], [1572, 268], [1573, 268], [1574, 268], [1575, 268], [1576, 268], [1577, 268], [1578, 268], [1579, 268], [1580, 268], [1549, 269], [1550, 269], [1551, 269], [1552, 269], [1553, 269], [1554, 269], [1555, 269], [1556, 269], [1557, 269], [1578, 269], [1579, 269], [1580, 269], [1552, 270], [1553, 270], [1554, 270], [1555, 270], [1556, 270], [1557, 270], [1558, 270], [1559, 270], [1560, 270], [1561, 270], [1562, 270], [1571, 270], [1572, 270], [1573, 270], [1574, 270], [1575, 270], [1576, 270], [1577, 270], [1578, 270], [1579, 270], [1580, 270], [1556, 271], [1557, 271], [1558, 271], [1559, 271], [1560, 271], [1561, 271], [1562, 271], [1563, 271], [1564, 271], [1565, 271], [1566, 271], [1567, 271], [1568, 271], [1569, 271], [1570, 271], [1571, 271], [1572, 271], [1573, 271], [1574, 271], [1575, 271], [1576, 271], [1577, 271], [1578, 271], [1579, 271], [1561, 272], [1562, 272], [1563, 272], [1564, 272], [1565, 272], [1566, 272], [1567, 272], [1568, 272], [1569, 272], [1570, 272], [1571, 272], [1572, 272], [1583, 276], [1584, 276], [1585, 276], [1586, 276], [1587, 276], [1588, 276], [1589, 276], [1590, 276], [1582, 277], [1583, 277], [1584, 277], [1585, 277], [1586, 277], [1587, 277], [1588, 277], [1589, 277], [1590, 277], [1591, 277], [1592, 277], [1593, 277], [1594, 277], [1582, 278], [1583, 278], [1584, 278], [1589, 278], [1590, 278], [1591, 278], [1592, 278], [1593, 278], [1594, 278], [1595, 278], [1596, 278], [1597, 278], [1582, 279], [1583, 279], [1584, 279], [1585, 279], [1586, 279], [1593, 279], [1594, 279], [1595, 279], [1596, 279], [1597, 279], [1598, 279], [1599, 279], [1600, 279], [1601, 279], [1583, 280], [1584, 280], [1585, 280], [1586, 280], [1587, 280], [1588, 280], [1589, 280], [1596, 280], [1597, 280], [1598, 280], [1599, 280], [1600, 280], [1601, 280], [1602, 280], [1603, 280], [1604, 280], [1585, 281], [1586, 281], [1587, 281], [1588, 281], [1589, 281], [1590, 281], [1591, 281], [1592, 281], [1600, 281], [1601, 281], [1602, 281], [1603, 281], [1604, 281], [1605, 281], [1606, 281], [1607, 281], [1588, 282], [1589, 282], [1590, 282], [1591, 282], [1592, 282], [1593, 282], [1594, 282], [1595, 282], [1603, 282], [1604, 282], [1605, 282], [1606, 282], [1607, 282], [1608, 282], [1609, 282], [1610, 282], [1611, 282], [1591, 283], [1592, 283], [1593, 283], [1594, 283], [1595, 283], [1596, 283], [1597, 283], [1606, 283], [1607, 283], [1608, 283], [1609, 283], [1610, 283], [1611, 283], [1612, 283], [1613, 283], [1594, 284], [1595, 284], [1596, 284], [1597, 284], [1598, 284], [1599, 284], [1610, 284], [1611, 284], [1612, 284], [1613, 284], [1614, 284], [1615, 284], [1596, 285], [1597, 285], [1598, 285], [1599, 285], [1600, 285], [1601, 285], [1602, 285], [1612, 285], [1613, 285], [1614, 285], [1615, 285], [1616, 285], [1617, 285], [1618, 285], [1598, 286], [1599, 286], [1600, 286], [1601, 286], [1602, 286], [1603, 286], [1604, 286], [1605, 286], [1606, 286], [1614, 286], [1615, 286], [1616, 286], [1617, 286], [1618, 286], [1619, 286], [1620, 286], [1601, 287], [1602, 287], [1603, 287], [1604, 287], [1605, 287], [1606, 287], [1607, 287], [1608, 287], [1609, 287], [1610, 287], [1617, 287], [1618, 287], [1619, 287], [1620, 287], [1621, 287], [1622, 287], [1605, 288], [1606, 288], [1607, 288], [1608, 288], [1609, 288], [1610, 288], [1611, 288], [1612, 288], [1613, 288], [1614, 288], [1619, 288], [1620, 288], [1621, 288], [1622, 288], [1623, 288], [1624, 288], [1609, 289], [1610, 289], [1611, 289], [1612, 289], [1613, 289], [1614, 289], [1615, 289], [1616, 289], [1617, 289], [1618, 289], [1619, 289], [1620, 289], [1621, 289], [1622, 289], [1623, 289], [1624, 289], [1613, 290], [1614, 290], [1615, 290], [1616, 290], [1617, 290], [1618, 290], [1619, 290], [1620, 290], [1621, 290], [1622, 290], [1623, 290], [1624, 290], [1634, 294], [1635, 294], [1636, 294], [1637, 294], [1638, 294], [1639, 294], [1640, 294], [1641, 294], [1642, 294], [1643, 294], [1644, 294], [1645, 294], [1634, 295], [1635, 295], [1636, 295], [1637, 295], [1638, 295], [1639, 295], [1640, 295], [1641, 295], [1642, 295], [1643, 295], [1644, 295], [1645, 295], [1646, 295], [1647, 295], [1648, 295], [1649, 295], [1634, 296], [1635, 296], [1636, 296], [1637, 296], [1644, 296], [1645, 296], [1646, 296], [1647, 296], [1648, 296], [1649, 296], [1650, 296], [1651, 296], [1652, 296], [1634, 297], [1635, 297], [1636, 297], [1637, 297], [1638, 297], [1639, 297], [1648, 297], [1649, 297], [1650, 297], [1651, 297], [1652, 297], [1653, 297], [1654, 297], [1655, 297], [1656, 297], [1636, 298], [1637, 298], [1638, 298], [1639, 298], [1640, 298], [1641, 298], [1651, 298], [1652, 298], [1653, 298], [1654, 298], [1655, 298], [1656, 298], [1657, 298], [1658, 298], [1659, 298], [1638, 299], [1639, 299], [1640, 299], [1641, 299], [1642, 299], [1643, 299], [1655, 299], [1656, 299], [1657, 299], [1658, 299], [1659, 299], [1660, 299], [1661, 299], [1662, 299], [1663, 299], [1640, 300], [1641, 300], [1642, 300], [1643, 300], [1644, 300], [1645, 300], [1646, 300], [1658, 300], [1659, 300], [1660, 300], [1661, 300], [1662, 300], [1663, 300], [1664, 300], [1665, 300], [1666, 300], [1642, 301], [1643, 301], [1644, 301], [1645, 301], [1646, 301], [1647, 301], [1648, 301], [1649, 301], [1662, 301], [1663, 301], [1664, 301], [1665, 301], [1666, 301], [1667, 301], [1668, 301], [1669, 301], [1645, 302], [1646, 302], [1647, 302], [1648, 302], [1649, 302], [1650, 302], [1651, 302], [1652, 302], [1661, 302], [1662, 302], [1663, 302], [1665, 302], [1666, 302], [1667, 302], [1668, 302], [1669, 302], [1670, 302], [1671, 302], [1672, 302], [1648, 303], [1649, 303], [1650, 303], [1651, 303], [1652, 303], [1653, 303], [1654, 303], [1655, 303], [1656, 303], [1661, 303], [1663, 303], [1668, 303], [1669, 303], [1670, 303], [1671, 303], [1672, 303], [1673, 303], [1674, 303], [1675, 303], [1651, 304], [1652, 304], [1653, 304], [1654, 304], [1655, 304], [1656, 304], [1657, 304], [1658, 304], [1659, 304], [1661, 304], [1662, 304], [1663, 304], [1671, 304], [1672, 304], [1673, 304], [1674, 304], [1675, 304], [1676, 304], [1677, 304], [1678, 304], [1679, 304], [1655, 305], [1656, 305], [1657, 305], [1658, 305], [1659, 305], [1660, 305], [1661, 305], [1662, 305], [1674, 305], [1675, 305], [1676, 305], [1677, 305], [1678, 305], [1679, 305], [1680, 305], [1681, 305], [1682, 305], [1658, 306], [1659, 306], [1660, 306], [1661, 306], [1662, 306], [1663, 306], [1664, 306], [1678, 306], [1679, 306], [1680, 306], [1681, 306], [1682, 306], [1683, 306], [1684, 306], [1661, 307], [1662, 307], [1663, 307], [1664, 307], [1665, 307], [1666, 307], [1667, 307], [1681, 307], [1682, 307], [1683, 307], [1684, 307], [1685, 307], [1686, 307], [1663, 308], [1664, 308], [1665, 308], [1666, 308], [1667, 308], [1668, 308], [1669, 308], [1670, 308], [1671, 308], [1683, 308], [1684, 308], [1685, 308], [1686, 308], [1687, 308], [1688, 308], [1666, 309], [1667, 309], [1668, 309], [1669, 309], [1670, 309], [1671, 309], [1672, 309], [1673, 309], [1674, 309], [1675, 309], [1676, 309], [1677, 309], [1678, 309], [1679, 309], [1685, 309], [1686, 309], [1687, 309], [1688, 309], [1670, 310], [1671, 310], [1672, 310], [1673, 310], [1674, 310], [1675, 310], [1676, 310], [1677, 310], [1678, 310], [1679, 310], [1680, 310], [1681, 310], [1682, 310], [1683, 310], [1684, 310], [1685, 310], [1686, 310], [1687, 310], [1688, 310], [1678, 311], [1679, 311], [1680, 311], [1681, 311], [1682, 311], [1683, 311], [1684, 311], [1685, 311], [1686, 311], [1687, 311], [1695, 314], [1696, 314], [1697, 314], [1698, 314], [1699, 314], [1700, 314], [1701, 314], [1693, 315], [1694, 315], [1695, 315], [1696, 315], [1697, 315], [1698, 315], [1699, 315], [1700, 315], [1701, 315], [1702, 315], [1703, 315], [1704, 315], [1705, 315], [1706, 315], [1707, 315], [1693, 316], [1694, 316], [1695, 316], [1696, 316], [1700, 316], [1701, 316], [1702, 316], [1703, 316], [1704, 316], [1705, 316], [1706, 316], [1707, 316], [1708, 316], [1709, 316], [1710, 316], [1711, 316], [1693, 317], [1694, 317], [1695, 317], [1696, 317], [1697, 317], [1698, 317], [1706, 317], [1707, 317], [1708, 317], [1709, 317], [1710, 317], [1711, 317], [1712, 317], [1713, 317], [1714, 317], [1694, 318], [1695, 318], [1696, 318], [1697, 318], [1698, 318], [1699, 318], [1700, 318], [1710, 318], [1711, 318], [1712, 318], [1713, 318], [1714, 318], [1715, 318], [1716, 318], [1717, 318], [1697, 319], [1698, 319], [1699, 319], [1700, 319], [1701, 319], [1702, 319], [1703, 319], [1713, 319], [1714, 319], [1715, 319], [1716, 319], [1717, 319], [1718, 319], [1719, 319], [1720, 319], [1721, 319], [1699, 320], [1700, 320], [1701, 320], [1702, 320], [1703, 320], [1704, 320], [1705, 320], [1706, 320], [1716, 320], [1717, 320], [1718, 320], [1719, 320], [1720, 320], [1721, 320], [1722, 320], [1723, 320], [1724, 320], [1725, 320], [1726, 320], [1727, 320], [1702, 321], [1703, 321], [1704, 321], [1705, 321], [1706, 321], [1707, 321], [1708, 321], [1709, 321], [1710, 321], [1720, 321], [1721, 321], [1722, 321], [1723, 321], [1724, 321], [1725, 321], [1726, 321], [1727, 321], [1728, 321], [1729, 321], [1730, 321], [1731, 321], [1732, 321], [1705, 322], [1706, 322], [1707, 322], [1708, 322], [1709, 322], [1710, 322], [1711, 322], [1712, 322], [1713, 322], [1726, 322], [1727, 322], [1728, 322], [1729, 322], [1730, 322], [1731, 322], [1732, 322], [1733, 322], [1734, 322], [1735, 322], [1709, 323], [1710, 323], [1711, 323], [1712, 323], [1713, 323], [1714, 323], [1715, 323], [1716, 323], [1724, 323], [1725, 323], [1726, 323], [1727, 323], [1728, 323], [1729, 323], [1730, 323], [1731, 323], [1732, 323], [1733, 323], [1734, 323], [1735, 323], [1736, 323], [1737, 323], [1738, 323], [1712, 324], [1713, 324], [1714, 324], [1715, 324], [1716, 324], [1717, 324], [1718, 324], [1719, 324], [1724, 324], [1725, 324], [1726, 324], [1727, 324], [1728, 324], [1729, 324], [1730, 324], [1731, 324], [1732, 324], [1734, 324], [1735, 324], [1736, 324], [1737, 324], [1738, 324], [1739, 324], [1740, 324], [1741, 324], [1715, 325], [1716, 325], [1717, 325], [1718, 325], [1719, 325], [1720, 325], [1721, 325], [1724, 325], [1725, 325], [1726, 325], [1727, 325], [1728, 325], [1729, 325], [1730, 325], [1731, 325], [1732, 325], [1733, 325], [1737, 325], [1738, 325], [1739, 325], [1740, 325], [1741, 325], [1742, 325], [1743, 325], [1744, 325], [1718, 326], [1719, 326], [1720, 326], [1721, 326], [1722, 326], [1723, 326], [1724, 326], [1725, 326], [1726, 326], [1727, 326], [1728, 326], [1729, 326], [1730, 326], [1731, 326], [1732, 326], [1733, 326], [1734, 326], [1735, 326], [1736, 326], [1740, 326], [1741, 326], [1742, 326], [1743, 326], [1744, 326], [1745, 326], [1746, 326], [1720, 327], [1721, 327], [1722, 327], [1723, 327], [1724, 327], [1725, 327], [1726, 327], [1727, 327], [1729, 327], [1730, 327], [1731, 327], [1732, 327], [1733, 327], [1735, 327], [1736, 327], [1743, 327], [1744, 327], [1745, 327], [1746, 327], [1747, 327], [1748, 327], [1749, 327], [1723, 328], [1724, 328], [1725, 328], [1726, 328], [1727, 328], [1728, 328], [1729, 328], [1730, 328], [1732, 328], [1733, 328], [1734, 328], [1735, 328], [1736, 328], [1738, 328], [1739, 328], [1740, 328], [1745, 328], [1746, 328], [1747, 328], [1748, 328], [1749, 328], [1750, 328], [1751, 328], [1752, 328], [1726, 329], [1727, 329], [1728, 329], [1729, 329], [1730, 329], [1731, 329], [1732, 329], [1733, 329], [1738, 329], [1740, 329], [1741, 329], [1742, 329], [1743, 329], [1744, 329], [1745, 329], [1746, 329], [1748, 329], [1749, 329], [1750, 329], [1751, 329], [1752, 329], [1753, 329], [1754, 329], [1755, 329], [1729, 330], [1730, 330], [1731, 330], [1732, 330], [1733, 330], [1734, 330], [1735, 330], [1738, 330], [1739, 330], [1740, 330], [1741, 330], [1742, 330], [1743, 330], [1744, 330], [1745, 330], [1746, 330], [1747, 330], [1748, 330], [1749, 330], [1751, 330], [1752, 330], [1753, 330], [1754, 330], [1755, 330], [1756, 330], [1757, 330], [1758, 330], [1732, 331], [1733, 331], [1734, 331], [1735, 331], [1736, 331], [1737, 331], [1738, 331], [1740, 331], [1741, 331], [1742, 331], [1743, 331], [1744, 331], [1745, 331], [1746, 331], [1747, 331], [1748, 331], [1749, 331], [1750, 331], [1751, 331], [1754, 331], [1755, 331], [1756, 331], [1757, 331], [1758, 331], [1759, 331], [1760, 331], [1761, 331], [1734, 332], [1735, 332], [1736, 332], [1737, 332], [1738, 332], [1739, 332], [1740, 332], [1741, 332], [1742, 332], [1743, 332], [1744, 332], [1745, 332], [1746, 332], [1747, 332], [1748, 332], [1749, 332], [1750, 332], [1751, 332], [1757, 332], [1758, 332], [1759, 332], [1760, 332], [1761, 332], [1762, 332], [1763, 332], [1737, 333], [1738, 333], [1739, 333], [1740, 333], [1741, 333], [1742, 333], [1743, 333], [1744, 333], [1745, 333], [1746, 333], [1747, 333], [1748, 333], [1749, 333], [1750, 333], [1751, 333], [1760, 333], [1761, 333], [1762, 333], [1763, 333], [1764, 333], [1740, 334], [1741, 334], [1742, 334], [1743, 334], [1744, 334], [1745, 334], [1746, 334], [1747, 334], [1748, 334], [1749, 334], [1750, 334], [1751, 334], [1762, 334], [1763, 334], [1764, 334], [1745, 335], [1746, 335], [1747, 335], [1748, 335], [1749, 335], [1750, 335], [1751, 335], [1752, 335], [1753, 335], [1754, 335], [1755, 335], [1756, 335], [1757, 335], [1758, 335], [1759, 335], [1760, 335], [1761, 335], [1762, 335], [1763, 335], [1764, 335], [1750, 336], [1751, 336], [1752, 336], [1753, 336], [1754, 336], [1755, 336], [1756, 336], [1757, 336], [1758, 336], [1759, 336], [1760, 336], [1761, 336], [1762, 336], [1763, 336], [1764, 336], [1776, 341], [1777, 341], [1778, 341], [1779, 341], [1774, 342], [1775, 342], [1776, 342], [1777, 342], [1778, 342], [1779, 342], [1780, 342], [1781, 342], [1782, 342], [1783, 342], [1784, 342], [1785, 342], [1786, 342], [1787, 342], [1788, 342], [1789, 342], [1774, 343], [1775, 343], [1776, 343], [1777, 343], [1778, 343], [1779, 343], [1780, 343], [1781, 343], [1782, 343], [1783, 343], [1784, 343], [1785, 343], [1786, 343], [1787, 343], [1788, 343], [1789, 343], [1790, 343], [1791, 343], [1792, 343], [1793, 343], [1794, 343], [1774, 344], [1775, 344], [1776, 344], [1777, 344], [1778, 344], [1788, 344], [1789, 344], [1790, 344], [1791, 344], [1792, 344], [1793, 344], [1794, 344], [1795, 344], [1796, 344], [1797, 344], [1798, 344], [1775, 345], [1776, 345], [1777, 345], [1778, 345], [1779, 345], [1780, 345], [1781, 345], [1793, 345], [1794, 345], [1795, 345], [1796, 345], [1797, 345], [1798, 345], [1799, 345], [1800, 345], [1777, 346], [1778, 346], [1779, 346], [1780, 346], [1781, 346], [1782, 346], [1783, 346], [1784, 346], [1797, 346], [1798, 346], [1799, 346], [1800, 346], [1801, 346], [1802, 346], [1780, 347], [1781, 347], [1782, 347], [1783, 347], [1784, 347], [1785, 347], [1786, 347], [1787, 347], [1788, 347], [1799, 347], [1800, 347], [1801, 347], [1802, 347], [1803, 347], [1804, 347], [1783, 348], [1784, 348], [1785, 348], [1786, 348], [1787, 348], [1788, 348], [1789, 348], [1790, 348], [1791, 348], [1801, 348], [1802, 348], [1803, 348], [1804, 348], [1805, 348], [1806, 348], [1807, 348], [1787, 349], [1788, 349], [1789, 349], [1790, 349], [1791, 349], [1792, 349], [1793, 349], [1803, 349], [1804, 349], [1805, 349], [1806, 349], [1807, 349], [1808, 349], [1809, 349], [1810, 349], [1790, 350], [1791, 350], [1792, 350], [1793, 350], [1794, 350], [1795, 350], [1806, 350], [1807, 350], [1808, 350], [1809, 350], [1810, 350], [1811, 350], [1812, 350], [1792, 351], [1793, 351], [1794, 351], [1795, 351], [1796, 351], [1797, 351], [1798, 351], [1809, 351], [1810, 351], [1811, 351], [1812, 351], [1813, 351], [1814, 351], [1815, 351], [1794, 352], [1795, 352], [1796, 352], [1797, 352], [1798, 352], [1799, 352], [1800, 352], [1811, 352], [1812, 352], [1813, 352], [1814, 352], [1815, 352], [1816, 352], [1817, 352], [1818, 352], [1819, 352], [1797, 353], [1798, 353], [1799, 353], [1800, 353], [1801, 353], [1802, 353], [1803, 353], [1814, 353], [1815, 353], [1816, 353], [1817, 353], [1818, 353], [1819, 353], [1820, 353], [1821, 353], [1822, 353], [1823, 353], [1799, 354], [1800, 354], [1801, 354], [1802, 354], [1803, 354], [1804, 354], [1805, 354], [1806, 354], [1818, 354], [1819, 354], [1820, 354], [1821, 354], [1822, 354], [1823, 354], [1824, 354], [1802, 355], [1803, 355], [1804, 355], [1805, 355], [1806, 355], [1807, 355], [1808, 355], [1809, 355], [1822, 355], [1823, 355], [1824, 355], [1805, 356], [1806, 356], [1807, 356], [1808, 356], [1809, 356], [1810, 356], [1811, 356], [1812, 356], [1808, 357], [1809, 357], [1810, 357], [1811, 357], [1812, 357], [1813, 357], [1814, 357], [1815, 357], [1816, 357], [1811, 358], [1812, 358], [1813, 358], [1814, 358], [1815, 358], [1816, 358], [1817, 358], [1818, 358], [1815, 359], [1816, 359], [1817, 359], [1818, 359], [1819, 359], [1820, 359], [1821, 359], [1822, 359], [1817, 360], [1818, 360], [1819, 360], [1820, 360], [1821, 360], [1822, 360], [1823, 360], [1824, 360], [1821, 361], [1822, 361], [1823, 361], [1824, 361], [1390, 482], [1391, 482], [1392, 482], [1390, 483], [1392, 483], [1390, 484], [1391, 484], [1392, 484], [1403, 486], [1404, 486], [1405, 486], [1406, 486], [1407, 486], [1408, 486], [1409, 486], [1410, 486], [1411, 486], [1412, 486], [1413, 486], [1414, 486], [1415, 486], [1416, 486], [1417, 486], [1418, 486], [1419, 486], [1403, 487], [1404, 487], [1418, 487], [1419, 487], [1420, 487], [1421, 487], [1403, 488], [1404, 488], [1405, 488], [1406, 488], [1407, 488], [1408, 488], [1409, 488], [1410, 488], [1411, 488], [1412, 488], [1413, 488], [1414, 488], [1415, 488], [1416, 488], [1417, 488], [1418, 488], [1419, 488], [1420, 488], [1421, 488], [1418, 489], [1419, 489], [1420, 489], [1421, 489], [1425, 495], [1426, 495], [1427, 495], [1425, 496], [1427, 496], [1425, 497], [1426, 497], [1427, 497], [1429, 520], [1430, 520], [1431, 520], [1429, 521], [1431, 521], [1429, 522], [1430, 522], [1431, 522]


