White line left - 




Yellow line left - [1606, 184], [1607, 184], [1608, 184], [1609, 184], [1603, 185], [1604, 185], [1605, 185], [1606, 185], [1607, 185], [1608, 185], [1609, 185], [1603, 186], [1604, 186], [1605, 186], [1606, 186], [1607, 186], [1608, 186], [1609, 186], [1603, 187], [1604, 187], [1605, 187], [1606, 187], [1607, 187], [1608, 187], [1609, 187], [1591, 192], [1592, 192], [1589, 193], [1590, 193], [1591, 193], [1601, 194], [1602, 194], [1603, 194], [1604, 194], [1605, 194], [1606, 194], [1607, 194], [1608, 194], [1609, 194], [1610, 194], [1599, 195], [1600, 195], [1601, 195], [1602, 195], [1603, 195], [1604, 195], [1605, 195], [1606, 195], [1607, 195], [1608, 195], [1609, 195], [1610, 195], [1598, 196], [1599, 196], [1600, 196], [1601, 196], [1602, 196], [1609, 196], [1610, 196], [1597, 197], [1598, 197], [1599, 197], [1600, 197], [1609, 197], [1610, 197], [1596, 198], [1597, 198], [1598, 198], [1599, 198], [1608, 198], [1609, 198], [1610, 198], [1596, 199], [1597, 199], [1598, 199], [1608, 199], [1609, 199], [1610, 199], [1611, 199], [1596, 200], [1597, 200], [1598, 200], [1608, 200], [1609, 200], [1610, 200], [1611, 200], [1612, 200], [1596, 201], [1597, 201], [1598, 201], [1610, 201], [1611, 201], [1612, 201], [1613, 201], [1614, 201], [1615, 201], [1595, 202], [1596, 202], [1597, 202], [1598, 202], [1611, 202], [1612, 202], [1613, 202], [1614, 202], [1615, 202], [1594, 203], [1595, 203], [1596, 203], [1597, 203], [1612, 203], [1613, 203], [1614, 203], [1615, 203], [1594, 204], [1595, 204], [1596, 204], [1611, 204], [1612, 204], [1613, 204], [1614, 204], [1615, 204], [1594, 205], [1595, 205], [1610, 205], [1611, 205], [1612, 205], [1613, 205], [1594, 206], [1595, 206], [1596, 206], [1609, 206], [1610, 206], [1611, 206], [1612, 206], [1594, 207], [1595, 207], [1596, 207], [1597, 207], [1598, 207], [1599, 207], [1609, 207], [1610, 207], [1611, 207], [1595, 208], [1596, 208], [1597, 208], [1598, 208], [1599, 208], [1600, 208], [1608, 208], [1609, 208], [1610, 208], [1598, 209], [1599, 209], [1600, 209], [1601, 209], [1602, 209], [1608, 209], [1609, 209], [1610, 209], [1599, 210], [1600, 210], [1601, 210], [1602, 210], [1608, 210], [1609, 210], [1601, 211], [1602, 211], [1608, 211], [1609, 211], [1595, 212], [1596, 212], [1597, 212], [1601, 212], [1602, 212], [1607, 212], [1608, 212], [1609, 212], [1595, 213], [1597, 213], [1601, 213], [1602, 213], [1606, 213], [1607, 213], [1608, 213], [1609, 213], [1584, 214], [1585, 214], [1586, 214], [1587, 214], [1588, 214], [1589, 214], [1595, 214], [1596, 214], [1597, 214], [1601, 214], [1602, 214], [1604, 214], [1605, 214], [1606, 214], [1607, 214], [1608, 214], [1584, 215], [1585, 215], [1586, 215], [1587, 215], [1588, 215], [1589, 215], [1601, 215], [1602, 215], [1603, 215], [1604, 215], [1605, 215], [1606, 215], [1607, 215], [1584, 216], [1585, 216], [1586, 216], [1587, 216], [1588, 216], [1589, 216], [1601, 216], [1602, 216], [1603, 216], [1604, 216], [1605, 216], [1554, 217], [1555, 217], [1556, 217], [1557, 217], [1558, 217], [1559, 217], [1560, 217], [1561, 217], [1576, 217], [1577, 217], [1578, 217], [1579, 217], [1580, 217], [1581, 217], [1582, 217], [1584, 217], [1585, 217], [1586, 217], [1587, 217], [1588, 217], [1553, 218], [1554, 218], [1555, 218], [1556, 218], [1557, 218], [1558, 218], [1559, 218], [1560, 218], [1561, 218], [1562, 218], [1574, 218], [1575, 218], [1576, 218], [1577, 218], [1578, 218], [1579, 218], [1580, 218], [1581, 218], [1582, 218], [1583, 218], [1584, 218], [1585, 218], [1586, 218], [1587, 218], [1553, 219], [1554, 219], [1555, 219], [1556, 219], [1557, 219], [1558, 219], [1559, 219], [1560, 219], [1561, 219], [1562, 219], [1572, 219], [1573, 219], [1574, 219], [1575, 219], [1576, 219], [1577, 219], [1581, 219], [1582, 219], [1583, 219], [1553, 220], [1554, 220], [1555, 220], [1556, 220], [1557, 220], [1558, 220], [1559, 220], [1560, 220], [1561, 220], [1563, 220], [1564, 220], [1568, 220], [1569, 220], [1570, 220], [1571, 220], [1572, 220], [1573, 220], [1574, 220], [1575, 220], [1581, 220], [1582, 220], [1583, 220], [1559, 221], [1560, 221], [1561, 221], [1562, 221], [1563, 221], [1564, 221], [1565, 221], [1566, 221], [1567, 221], [1568, 221], [1569, 221], [1570, 221], [1571, 221], [1572, 221], [1573, 221], [1579, 221], [1580, 221], [1581, 221], [1582, 221], [1583, 221], [1562, 222], [1563, 222], [1564, 222], [1565, 222], [1566, 222], [1567, 222], [1568, 222], [1569, 222], [1579, 222], [1580, 222], [1581, 222], [1582, 222], [1539, 223], [1540, 223], [1562, 223], [1563, 223], [1579, 223], [1580, 223], [1581, 223], [1582, 223], [1537, 224], [1538, 224], [1539, 224], [1540, 224], [1541, 224], [1561, 224], [1562, 224], [1563, 224], [1579, 224], [1580, 224], [1581, 224], [1582, 224], [1583, 224], [1536, 225], [1537, 225], [1539, 225], [1540, 225], [1541, 225], [1542, 225], [1543, 225], [1544, 225], [1545, 225], [1546, 225], [1547, 225], [1561, 225], [1562, 225], [1563, 225], [1581, 225], [1582, 225], [1583, 225], [1584, 225], [1534, 226], [1535, 226], [1536, 226], [1540, 226], [1541, 226], [1542, 226], [1543, 226], [1544, 226], [1545, 226], [1546, 226], [1547, 226], [1548, 226], [1549, 226], [1561, 226], [1562, 226], [1582, 226], [1583, 226], [1584, 226], [1585, 226], [1543, 227], [1544, 227], [1545, 227], [1546, 227], [1547, 227], [1548, 227], [1549, 227], [1561, 227], [1562, 227], [1583, 227], [1584, 227], [1585, 227], [1547, 228], [1548, 228], [1549, 228], [1561, 228], [1562, 228], [1563, 228], [1583, 228], [1584, 228], [1585, 228], [1546, 229], [1547, 229], [1548, 229], [1549, 229], [1561, 229], [1562, 229], [1563, 229], [1582, 229], [1583, 229], [1584, 229], [1585, 229], [1535, 230], [1536, 230], [1537, 230], [1538, 230], [1545, 230], [1546, 230], [1547, 230], [1548, 230], [1562, 230], [1563, 230], [1580, 230], [1581, 230], [1582, 230], [1583, 230], [1584, 230], [1534, 231], [1535, 231], [1536, 231], [1537, 231], [1538, 231], [1539, 231], [1540, 231], [1541, 231], [1542, 231], [1543, 231], [1544, 231], [1545, 231], [1546, 231], [1547, 231], [1555, 231], [1556, 231], [1557, 231], [1558, 231], [1562, 231], [1563, 231], [1579, 231], [1580, 231], [1581, 231], [1582, 231], [1583, 231], [1531, 232], [1532, 232], [1533, 232], [1534, 232], [1535, 232], [1536, 232], [1537, 232], [1538, 232], [1539, 232], [1540, 232], [1541, 232], [1542, 232], [1543, 232], [1544, 232], [1545, 232], [1546, 232], [1554, 232], [1555, 232], [1556, 232], [1557, 232], [1558, 232], [1562, 232], [1563, 232], [1564, 232], [1578, 232], [1579, 232], [1580, 232], [1581, 232], [1528, 233], [1529, 233], [1530, 233], [1531, 233], [1532, 233], [1533, 233], [1534, 233], [1535, 233], [1541, 233], [1542, 233], [1543, 233], [1544, 233], [1553, 233], [1554, 233], [1555, 233], [1556, 233], [1557, 233], [1558, 233], [1559, 233], [1562, 233], [1563, 233], [1564, 233], [1565, 233], [1566, 233], [1567, 233], [1568, 233], [1569, 233], [1570, 233], [1571, 233], [1572, 233], [1575, 233], [1576, 233], [1577, 233], [1578, 233], [1579, 233], [1580, 233], [1525, 234], [1526, 234], [1527, 234], [1528, 234], [1529, 234], [1530, 234], [1531, 234], [1532, 234], [1553, 234], [1554, 234], [1555, 234], [1557, 234], [1558, 234], [1559, 234], [1562, 234], [1563, 234], [1564, 234], [1565, 234], [1566, 234], [1567, 234], [1568, 234], [1569, 234], [1570, 234], [1571, 234], [1572, 234], [1573, 234], [1574, 234], [1575, 234], [1576, 234], [1577, 234], [1578, 234], [1579, 234], [1521, 235], [1522, 235], [1523, 235], [1524, 235], [1525, 235], [1526, 235], [1527, 235], [1528, 235], [1529, 235], [1553, 235], [1554, 235], [1557, 235], [1558, 235], [1559, 235], [1562, 235], [1563, 235], [1564, 235], [1565, 235], [1571, 235], [1572, 235], [1573, 235], [1574, 235], [1575, 235], [1576, 235], [1517, 236], [1518, 236], [1520, 236], [1521, 236], [1522, 236], [1523, 236], [1524, 236], [1525, 236], [1526, 236], [1527, 236], [1528, 236], [1529, 236], [1553, 236], [1554, 236], [1555, 236], [1556, 236], [1557, 236], [1558, 236], [1560, 236], [1561, 236], [1562, 236], [1563, 236], [1564, 236], [1565, 236], [1566, 236], [1515, 237], [1516, 237], [1517, 237], [1518, 237], [1520, 237], [1521, 237], [1522, 237], [1523, 237], [1524, 237], [1525, 237], [1526, 237], [1527, 237], [1528, 237], [1529, 237], [1530, 237], [1553, 237], [1554, 237], [1555, 237], [1556, 237], [1557, 237], [1558, 237], [1560, 237], [1561, 237], [1562, 237], [1563, 237], [1564, 237], [1565, 237], [1566, 237], [1567, 237], [1514, 238], [1515, 238], [1516, 238], [1517, 238], [1518, 238], [1520, 238], [1521, 238], [1522, 238], [1523, 238], [1524, 238], [1525, 238], [1526, 238], [1527, 238], [1528, 238], [1529, 238], [1530, 238], [1531, 238], [1532, 238], [1533, 238], [1534, 238], [1554, 238], [1555, 238], [1556, 238], [1560, 238], [1561, 238], [1565, 238], [1566, 238], [1567, 238], [1512, 239], [1513, 239], [1514, 239], [1515, 239], [1516, 239], [1529, 239], [1530, 239], [1531, 239], [1532, 239], [1533, 239], [1534, 239], [1535, 239], [1536, 239], [1537, 239], [1538, 239], [1539, 239], [1540, 239], [1541, 239], [1542, 239], [1543, 239], [1560, 239], [1561, 239], [1566, 239], [1567, 239], [1510, 240], [1511, 240], [1512, 240], [1533, 240], [1534, 240], [1535, 240], [1536, 240], [1537, 240], [1538, 240], [1539, 240], [1540, 240], [1541, 240], [1542, 240], [1543, 240], [1560, 240], [1561, 240], [1562, 240], [1563, 240], [1564, 240], [1565, 240], [1566, 240], [1567, 240], [1509, 241], [1510, 241], [1511, 241], [1512, 241], [1519, 241], [1520, 241], [1521, 241], [1522, 241], [1539, 241], [1540, 241], [1541, 241], [1542, 241], [1543, 241], [1560, 241], [1561, 241], [1562, 241], [1563, 241], [1564, 241], [1565, 241], [1566, 241], [1567, 241], [1510, 242], [1511, 242], [1512, 242], [1513, 242], [1514, 242], [1515, 242], [1516, 242], [1517, 242], [1518, 242], [1519, 242], [1520, 242], [1521, 242], [1522, 242], [1523, 242], [1537, 242], [1538, 242], [1539, 242], [1540, 242], [1541, 242], [1542, 242], [1511, 243], [1512, 243], [1513, 243], [1514, 243], [1515, 243], [1516, 243], [1517, 243], [1518, 243], [1519, 243], [1520, 243], [1521, 243], [1522, 243], [1523, 243], [1524, 243], [1525, 243], [1526, 243], [1527, 243], [1528, 243], [1529, 243], [1530, 243], [1531, 243], [1532, 243], [1534, 243], [1535, 243], [1536, 243], [1537, 243], [1538, 243], [1539, 243], [1540, 243], [1541, 243], [1511, 244], [1512, 244], [1513, 244], [1522, 244], [1523, 244], [1524, 244], [1525, 244], [1526, 244], [1527, 244], [1528, 244], [1529, 244], [1530, 244], [1531, 244], [1532, 244], [1533, 244], [1534, 244], [1535, 244], [1536, 244], [1537, 244], [1538, 244], [1531, 245], [1532, 245], [1533, 245], [1534, 245], [1535, 245]




Yellow line right - [1614, 234], [1615, 234], [1616, 234], [1617, 234], [1613, 235], [1614, 235], [1615, 235], [1616, 235], [1617, 235], [1618, 235], [1619, 235], [1612, 236], [1613, 236], [1614, 236], [1615, 236], [1616, 236], [1617, 236], [1618, 236], [1619, 236], [1603, 237], [1604, 237], [1605, 237], [1606, 237], [1607, 237], [1608, 237], [1609, 237], [1610, 237], [1611, 237], [1612, 237], [1613, 237], [1614, 237], [1616, 237], [1617, 237], [1618, 237], [1619, 237], [1602, 238], [1603, 238], [1604, 238], [1605, 238], [1606, 238], [1607, 238], [1608, 238], [1609, 238], [1610, 238], [1611, 238], [1612, 238], [1613, 238], [1615, 238], [1616, 238], [1617, 238], [1618, 238], [1602, 239], [1603, 239], [1604, 239], [1609, 239], [1610, 239], [1611, 239], [1614, 239], [1615, 239], [1616, 239], [1617, 239], [1601, 240], [1602, 240], [1603, 240], [1613, 240], [1614, 240], [1615, 240], [1616, 240], [1601, 241], [1602, 241], [1603, 241], [1612, 241], [1613, 241], [1614, 241], [1615, 241], [1601, 242], [1602, 242], [1610, 242], [1611, 242], [1612, 242], [1613, 242], [1614, 242], [1601, 243], [1602, 243], [1603, 243], [1604, 243], [1605, 243], [1607, 243], [1608, 243], [1609, 243], [1610, 243], [1611, 243], [1612, 243], [1613, 243], [1601, 244], [1602, 244], [1603, 244], [1604, 244], [1605, 244], [1606, 244], [1607, 244], [1608, 244], [1609, 244], [1610, 244], [1611, 244], [1604, 245], [1605, 245], [1606, 245], [1607, 245], [1608, 245]




White line right - [1722, 129], [1723, 129], [1724, 129], [1725, 129], [1726, 129], [1727, 129], [1721, 130], [1722, 130], [1723, 130], [1724, 130], [1725, 130], [1726, 130], [1727, 130], [1728, 130], [1720, 131], [1721, 131], [1722, 131], [1723, 131], [1724, 131], [1725, 131], [1726, 131], [1727, 131], [1728, 131], [1719, 132], [1720, 132], [1721, 132], [1722, 132], [1723, 132], [1725, 132], [1726, 132], [1727, 132], [1728, 132], [1719, 133], [1720, 133], [1721, 133], [1722, 133], [1723, 133], [1724, 133], [1726, 133], [1727, 133], [1728, 133], [1718, 134], [1719, 134], [1720, 134], [1721, 134], [1722, 134], [1723, 134], [1724, 134], [1725, 134], [1726, 134], [1727, 134], [1728, 134], [1718, 135], [1719, 135], [1720, 135], [1721, 135], [1722, 135], [1723, 135], [1724, 135], [1725, 135], [1726, 135], [1727, 135], [1718, 136], [1719, 136], [1720, 136], [1721, 136], [1722, 136], [1723, 136], [1724, 136], [1726, 136], [1727, 136], [1717, 137], [1718, 137], [1720, 137], [1722, 137], [1723, 137], [1724, 137], [1725, 137], [1726, 137], [1727, 137], [1717, 138], [1718, 138], [1719, 138], [1720, 138], [1721, 138], [1722, 138], [1723, 138], [1724, 138], [1725, 138], [1726, 138], [1716, 139], [1717, 139], [1718, 139], [1719, 139], [1720, 139], [1721, 139], [1722, 139], [1724, 139], [1725, 139], [1726, 139], [1716, 140], [1717, 140], [1718, 140], [1719, 140], [1720, 140], [1721, 140], [1722, 140], [1724, 140], [1725, 140], [1716, 141], [1717, 141], [1718, 141], [1719, 141], [1721, 141], [1722, 141], [1723, 141], [1724, 141], [1725, 141], [1715, 142], [1716, 142], [1717, 142], [1718, 142], [1719, 142], [1720, 142], [1721, 142], [1722, 142], [1723, 142], [1724, 142], [1725, 142], [1715, 143], [1716, 143], [1717, 143], [1718, 143], [1719, 143], [1720, 143], [1721, 143], [1723, 143], [1724, 143], [1715, 144], [1716, 144], [1717, 144], [1718, 144], [1720, 144], [1721, 144], [1722, 144], [1723, 144], [1724, 144], [1714, 145], [1715, 145], [1716, 145], [1717, 145], [1718, 145], [1719, 145], [1720, 145], [1721, 145], [1722, 145], [1723, 145], [1714, 146], [1715, 146], [1716, 146], [1717, 146], [1718, 146], [1719, 146], [1720, 146], [1722, 146], [1723, 146], [1713, 147], [1714, 147], [1715, 147], [1716, 147], [1717, 147], [1719, 147], [1720, 147], [1721, 147], [1722, 147], [1723, 147], [1713, 148], [1714, 148], [1715, 148], [1716, 148], [1717, 148], [1719, 148], [1720, 148], [1721, 148], [1722, 148], [1713, 149], [1714, 149], [1715, 149], [1716, 149], [1717, 149], [1718, 149], [1719, 149], [1720, 149], [1721, 149], [1722, 149], [1712, 150], [1713, 150], [1714, 150], [1715, 150], [1716, 150], [1717, 150], [1718, 150], [1719, 150], [1720, 150], [1721, 150], [1722, 150], [1712, 151], [1713, 151], [1714, 151], [1715, 151], [1716, 151], [1717, 151], [1718, 151], [1719, 151], [1720, 151], [1721, 151], [1712, 152], [1713, 152], [1714, 152], [1715, 152], [1717, 152], [1718, 152], [1719, 152], [1720, 152], [1721, 152], [1711, 153], [1712, 153], [1714, 153], [1715, 153], [1716, 153], [1717, 153], [1718, 153], [1719, 153], [1720, 153], [1711, 154], [1712, 154], [1713, 154], [1714, 154], [1716, 154], [1717, 154], [1719, 154], [1720, 154], [1711, 155], [1712, 155], [1713, 155], [1714, 155], [1715, 155], [1716, 155], [1717, 155], [1718, 155], [1719, 155], [1720, 155], [1711, 156], [1712, 156], [1713, 156], [1714, 156], [1715, 156], [1716, 156], [1718, 156], [1719, 156], [1711, 157], [1712, 157], [1713, 157], [1714, 157], [1715, 157], [1716, 157], [1717, 157], [1718, 157], [1719, 157], [1711, 158], [1712, 158], [1713, 158], [1714, 158], [1715, 158], [1716, 158], [1717, 158], [1718, 158], [1712, 159], [1713, 159], [1714, 159], [1702, 184], [1703, 184], [1704, 184], [1705, 184], [1700, 185], [1701, 185], [1702, 185], [1703, 185], [1704, 185], [1705, 185], [1706, 185], [1707, 185], [1700, 186], [1701, 186], [1702, 186], [1703, 186], [1705, 186], [1706, 186], [1707, 186], [1699, 187], [1700, 187], [1701, 187], [1702, 187], [1703, 187], [1704, 187], [1706, 187], [1707, 187], [1698, 188], [1699, 188], [1700, 188], [1701, 188], [1702, 188], [1703, 188], [1704, 188], [1705, 188], [1706, 188], [1707, 188], [1698, 189], [1699, 189], [1700, 189], [1701, 189], [1703, 189], [1704, 189], [1705, 189], [1706, 189], [1707, 189], [1698, 190], [1699, 190], [1700, 190], [1701, 190], [1702, 190], [1703, 190], [1704, 190], [1706, 190], [1707, 190], [1697, 191], [1698, 191], [1699, 191], [1700, 191], [1701, 191], [1702, 191], [1703, 191], [1704, 191], [1705, 191], [1706, 191], [1697, 192], [1698, 192], [1699, 192], [1700, 192], [1701, 192], [1703, 192], [1704, 192], [1705, 192], [1706, 192], [1696, 193], [1697, 193], [1699, 193], [1700, 193], [1702, 193], [1703, 193], [1705, 193], [1706, 193], [1696, 194], [1697, 194], [1698, 194], [1699, 194], [1702, 194], [1703, 194], [1704, 194], [1705, 194], [1696, 195], [1697, 195], [1698, 195], [1699, 195], [1701, 195], [1702, 195], [1704, 195], [1705, 195], [1695, 196], [1696, 196], [1697, 196], [1698, 196], [1699, 196], [1701, 196], [1702, 196], [1703, 196], [1704, 196], [1695, 197], [1696, 197], [1697, 197], [1698, 197], [1699, 197], [1701, 197], [1702, 197], [1703, 197], [1704, 197], [1695, 198], [1696, 198], [1697, 198], [1698, 198], [1700, 198], [1701, 198], [1703, 198], [1704, 198], [1694, 199], [1695, 199], [1697, 199], [1698, 199], [1700, 199], [1701, 199], [1702, 199], [1703, 199], [1694, 200], [1695, 200], [1696, 200], [1697, 200], [1700, 200], [1701, 200], [1702, 200], [1703, 200], [1694, 201], [1695, 201], [1696, 201], [1697, 201], [1699, 201], [1700, 201], [1702, 201], [1703, 201], [1693, 202], [1694, 202], [1696, 202], [1697, 202], [1699, 202], [1700, 202], [1701, 202], [1702, 202], [1693, 203], [1694, 203], [1695, 203], [1696, 203], [1698, 203], [1699, 203], [1700, 203], [1701, 203], [1702, 203], [1692, 204], [1693, 204], [1694, 204], [1695, 204], [1696, 204], [1698, 204], [1699, 204], [1700, 204], [1701, 204], [1702, 204], [1692, 205], [1693, 205], [1694, 205], [1695, 205], [1697, 205], [1698, 205], [1699, 205], [1700, 205], [1701, 205], [1692, 206], [1693, 206], [1694, 206], [1695, 206], [1696, 206], [1697, 206], [1698, 206], [1700, 206], [1701, 206], [1691, 207], [1692, 207], [1693, 207], [1694, 207], [1695, 207], [1696, 207], [1697, 207], [1699, 207], [1700, 207], [1701, 207], [1691, 208], [1692, 208], [1694, 208], [1695, 208], [1696, 208], [1697, 208], [1698, 208], [1699, 208], [1700, 208], [1691, 209], [1692, 209], [1693, 209], [1694, 209], [1695, 209], [1696, 209], [1697, 209], [1698, 209], [1699, 209], [1700, 209], [1691, 210], [1692, 210], [1693, 210], [1694, 210], [1695, 210], [1696, 210], [1698, 210], [1699, 210], [1691, 211], [1692, 211], [1693, 211], [1695, 211], [1696, 211], [1697, 211], [1698, 211], [1699, 211], [1691, 212], [1692, 212], [1693, 212], [1694, 212], [1695, 212], [1696, 212], [1697, 212], [1698, 212], [1468, 265], [1469, 265], [1470, 265], [1471, 265], [1466, 266], [1468, 266], [1469, 266], [1470, 266], [1471, 266], [1472, 266], [1473, 266], [1474, 266], [1465, 267], [1466, 267], [1467, 267], [1468, 267], [1469, 267], [1470, 267], [1471, 267], [1472, 267], [1473, 267], [1474, 267], [1475, 267], [1476, 267], [1477, 267], [1463, 268], [1465, 268], [1466, 268], [1467, 268], [1469, 268], [1473, 268], [1474, 268], [1475, 268], [1476, 268], [1477, 268], [1478, 268], [1479, 268], [1461, 269], [1462, 269], [1463, 269], [1464, 269], [1465, 269], [1466, 269], [1468, 269], [1469, 269], [1476, 269], [1477, 269], [1478, 269], [1479, 269], [1480, 269], [1481, 269], [1482, 269], [1463, 270], [1464, 270], [1465, 270], [1466, 270], [1467, 270], [1468, 270], [1469, 270], [1474, 270], [1475, 270], [1476, 270], [1477, 270], [1478, 270], [1479, 270], [1480, 270], [1481, 270], [1482, 270], [1483, 270], [1484, 270], [1485, 270], [1466, 271], [1467, 271], [1468, 271], [1469, 271], [1470, 271], [1471, 271], [1472, 271], [1474, 271], [1475, 271], [1476, 271], [1477, 271], [1481, 271], [1482, 271], [1483, 271], [1484, 271], [1485, 271], [1486, 271], [1487, 271], [1468, 272], [1469, 272], [1470, 272], [1471, 272], [1472, 272], [1473, 272], [1475, 272], [1476, 272], [1477, 272], [1479, 272], [1480, 272], [1481, 272], [1482, 272], [1484, 272], [1485, 272], [1486, 272], [1487, 272], [1488, 272], [1489, 272], [1471, 273], [1472, 273], [1473, 273], [1474, 273], [1475, 273], [1476, 273], [1477, 273], [1479, 273], [1480, 273], [1481, 273], [1482, 273], [1483, 273], [1484, 273], [1485, 273], [1486, 273], [1487, 273], [1488, 273], [1489, 273], [1490, 273], [1491, 273], [1492, 273], [1493, 273], [1494, 273], [1495, 273], [1496, 273], [1497, 273], [1498, 273], [1499, 273], [1500, 273], [1501, 273], [1473, 274], [1474, 274], [1475, 274], [1476, 274], [1477, 274], [1478, 274], [1480, 274], [1481, 274], [1482, 274], [1483, 274], [1484, 274], [1485, 274], [1486, 274], [1487, 274], [1488, 274], [1489, 274], [1490, 274], [1491, 274], [1492, 274], [1493, 274], [1494, 274], [1495, 274], [1496, 274], [1497, 274], [1498, 274], [1499, 274], [1500, 274], [1501, 274], [1502, 274], [1476, 275], [1477, 275], [1478, 275], [1479, 275], [1480, 275], [1481, 275], [1483, 275], [1484, 275], [1485, 275], [1486, 275], [1487, 275], [1490, 275], [1491, 275], [1492, 275], [1493, 275], [1494, 275], [1495, 275], [1496, 275], [1497, 275], [1498, 275], [1499, 275], [1500, 275], [1501, 275], [1502, 275], [1503, 275], [1478, 276], [1479, 276], [1480, 276], [1481, 276], [1482, 276], [1483, 276], [1485, 276], [1486, 276], [1487, 276], [1490, 276], [1491, 276], [1492, 276], [1493, 276], [1494, 276], [1495, 276], [1496, 276], [1497, 276], [1498, 276], [1499, 276], [1500, 276], [1501, 276], [1502, 276], [1503, 276], [1481, 277], [1482, 277], [1483, 277], [1484, 277], [1485, 277], [1486, 277], [1487, 277], [1490, 277], [1491, 277], [1492, 277], [1493, 277], [1494, 277], [1495, 277], [1496, 277], [1498, 277], [1499, 277], [1500, 277], [1501, 277], [1502, 277], [1503, 277], [1504, 277], [1483, 278], [1484, 278], [1485, 278], [1486, 278], [1487, 278], [1488, 278], [1489, 278], [1490, 278], [1491, 278], [1492, 278], [1493, 278], [1494, 278], [1495, 278], [1496, 278], [1497, 278], [1498, 278], [1499, 278], [1502, 278], [1503, 278], [1504, 278], [1505, 278], [1506, 278], [1486, 279], [1487, 279], [1488, 279], [1489, 279], [1490, 279], [1491, 279], [1492, 279], [1493, 279], [1494, 279], [1495, 279], [1496, 279], [1497, 279], [1498, 279], [1503, 279], [1504, 279], [1505, 279], [1506, 279], [1507, 279], [1508, 279], [1488, 280], [1489, 280], [1490, 280], [1491, 280], [1492, 280], [1493, 280], [1494, 280], [1495, 280], [1496, 280], [1497, 280], [1498, 280], [1505, 280], [1506, 280], [1507, 280], [1508, 280], [1509, 280], [1510, 280], [1491, 281], [1492, 281], [1493, 281], [1494, 281], [1495, 281], [1496, 281], [1497, 281], [1503, 281], [1504, 281], [1505, 281], [1506, 281], [1508, 281], [1509, 281], [1510, 281], [1511, 281], [1512, 281], [1513, 281], [1493, 282], [1494, 282], [1495, 282], [1496, 282], [1497, 282], [1498, 282], [1499, 282], [1500, 282], [1503, 282], [1504, 282], [1505, 282], [1506, 282], [1507, 282], [1508, 282], [1510, 282], [1511, 282], [1512, 282], [1513, 282], [1514, 282], [1515, 282], [1516, 282], [1496, 283], [1497, 283], [1498, 283], [1499, 283], [1500, 283], [1501, 283], [1502, 283], [1503, 283], [1504, 283], [1505, 283], [1506, 283], [1508, 283], [1509, 283], [1510, 283], [1511, 283], [1513, 283], [1514, 283], [1515, 283], [1516, 283], [1517, 283], [1518, 283], [1499, 284], [1500, 284], [1501, 284], [1502, 284], [1503, 284], [1504, 284], [1506, 284], [1507, 284], [1508, 284], [1509, 284], [1511, 284], [1512, 284], [1513, 284], [1514, 284], [1515, 284], [1516, 284], [1517, 284], [1518, 284], [1519, 284], [1520, 284], [1501, 285], [1502, 285], [1503, 285], [1504, 285], [1505, 285], [1506, 285], [1508, 285], [1509, 285], [1510, 285], [1511, 285], [1512, 285], [1513, 285], [1514, 285], [1515, 285], [1516, 285], [1518, 285], [1519, 285], [1520, 285], [1521, 285], [1522, 285], [1523, 285], [1504, 286], [1505, 286], [1506, 286], [1507, 286], [1508, 286], [1509, 286], [1510, 286], [1511, 286], [1512, 286], [1513, 286], [1514, 286], [1515, 286], [1516, 286], [1517, 286], [1518, 286], [1520, 286], [1521, 286], [1522, 286], [1523, 286], [1524, 286], [1525, 286], [1526, 286], [1506, 287], [1507, 287], [1508, 287], [1509, 287], [1510, 287], [1511, 287], [1512, 287], [1514, 287], [1515, 287], [1516, 287], [1517, 287], [1518, 287], [1519, 287], [1520, 287], [1521, 287], [1522, 287], [1523, 287], [1524, 287], [1525, 287], [1526, 287], [1527, 287], [1528, 287], [1529, 287], [1530, 287], [1509, 288], [1510, 288], [1511, 288], [1512, 288], [1513, 288], [1514, 288], [1515, 288], [1516, 288], [1517, 288], [1518, 288], [1519, 288], [1520, 288], [1521, 288], [1522, 288], [1523, 288], [1524, 288], [1525, 288], [1526, 288], [1527, 288], [1528, 288], [1529, 288], [1530, 288], [1531, 288], [1532, 288], [1512, 289], [1513, 289], [1514, 289], [1515, 289], [1516, 289], [1517, 289], [1518, 289], [1519, 289], [1520, 289], [1521, 289], [1522, 289], [1524, 289], [1525, 289], [1526, 289], [1527, 289], [1529, 289], [1530, 289], [1531, 289], [1532, 289], [1533, 289], [1534, 289], [1515, 290], [1516, 290], [1517, 290], [1518, 290], [1519, 290], [1520, 290], [1521, 290], [1522, 290], [1523, 290], [1524, 290], [1525, 290], [1526, 290], [1527, 290], [1528, 290], [1529, 290], [1530, 290], [1531, 290], [1532, 290], [1533, 290], [1534, 290], [1535, 290], [1536, 290], [1537, 290], [1518, 291], [1519, 291], [1520, 291], [1521, 291], [1522, 291], [1523, 291], [1525, 291], [1526, 291], [1527, 291], [1529, 291], [1530, 291], [1531, 291], [1532, 291], [1533, 291], [1534, 291], [1535, 291], [1536, 291], [1537, 291], [1538, 291], [1539, 291], [1540, 291], [1520, 292], [1521, 292], [1522, 292], [1523, 292], [1524, 292], [1525, 292], [1527, 292], [1528, 292], [1529, 292], [1530, 292], [1531, 292], [1532, 292], [1533, 292], [1534, 292], [1535, 292], [1537, 292], [1538, 292], [1539, 292], [1540, 292], [1541, 292], [1542, 292], [1523, 293], [1524, 293], [1525, 293], [1526, 293], [1527, 293], [1528, 293], [1530, 293], [1531, 293], [1532, 293], [1533, 293], [1534, 293], [1535, 293], [1536, 293], [1537, 293], [1538, 293], [1540, 293], [1541, 293], [1542, 293], [1543, 293], [1544, 293], [1545, 293], [1525, 294], [1526, 294], [1527, 294], [1528, 294], [1529, 294], [1530, 294], [1531, 294], [1532, 294], [1533, 294], [1534, 294], [1535, 294], [1537, 294], [1538, 294], [1539, 294], [1540, 294], [1541, 294], [1542, 294], [1543, 294], [1544, 294], [1545, 294], [1546, 294], [1547, 294], [1528, 295], [1529, 295], [1530, 295], [1531, 295], [1532, 295], [1533, 295], [1534, 295], [1535, 295], [1536, 295], [1537, 295], [1538, 295], [1539, 295], [1540, 295], [1541, 295], [1542, 295], [1543, 295], [1544, 295], [1545, 295], [1546, 295], [1547, 295], [1548, 295], [1549, 295], [1531, 296], [1532, 296], [1533, 296], [1534, 296], [1535, 296], [1536, 296], [1537, 296], [1538, 296], [1539, 296], [1540, 296], [1542, 296], [1543, 296], [1544, 296], [1545, 296], [1546, 296], [1547, 296], [1548, 296], [1549, 296], [1550, 296], [1551, 296], [1552, 296], [1533, 297], [1534, 297], [1535, 297], [1536, 297], [1537, 297], [1538, 297], [1540, 297], [1541, 297], [1542, 297], [1543, 297], [1545, 297], [1546, 297], [1547, 297], [1548, 297], [1549, 297], [1550, 297], [1551, 297], [1552, 297], [1553, 297], [1554, 297], [1536, 298], [1537, 298], [1538, 298], [1539, 298], [1540, 298], [1542, 298], [1543, 298], [1544, 298], [1545, 298], [1547, 298], [1548, 298], [1549, 298], [1550, 298], [1551, 298], [1552, 298], [1553, 298], [1554, 298], [1555, 298], [1556, 298], [1557, 298], [1539, 299], [1540, 299], [1541, 299], [1542, 299], [1543, 299], [1545, 299], [1546, 299], [1547, 299], [1548, 299], [1549, 299], [1550, 299], [1551, 299], [1552, 299], [1553, 299], [1555, 299], [1556, 299], [1557, 299], [1558, 299], [1559, 299], [1560, 299], [1541, 300], [1542, 300], [1543, 300], [1544, 300], [1545, 300], [1546, 300], [1547, 300], [1548, 300], [1549, 300], [1550, 300], [1551, 300], [1552, 300], [1553, 300], [1554, 300], [1555, 300], [1556, 300], [1557, 300], [1558, 300], [1559, 300], [1560, 300], [1561, 300], [1562, 300], [1563, 300], [1544, 301], [1545, 301], [1546, 301], [1547, 301], [1548, 301], [1549, 301], [1550, 301], [1551, 301], [1552, 301], [1553, 301], [1554, 301], [1555, 301], [1556, 301], [1557, 301], [1558, 301], [1559, 301], [1560, 301], [1561, 301], [1562, 301], [1563, 301], [1564, 301], [1565, 301], [1547, 302], [1548, 302], [1549, 302], [1550, 302], [1551, 302], [1553, 302], [1554, 302], [1555, 302], [1556, 302], [1557, 302], [1558, 302], [1559, 302], [1560, 302], [1561, 302], [1562, 302], [1563, 302], [1564, 302], [1565, 302], [1566, 302], [1567, 302], [1568, 302], [1569, 302], [1550, 303], [1551, 303], [1552, 303], [1553, 303], [1554, 303], [1555, 303], [1556, 303], [1557, 303], [1558, 303], [1559, 303], [1560, 303], [1561, 303], [1562, 303], [1563, 303], [1564, 303], [1566, 303], [1567, 303], [1568, 303], [1569, 303], [1570, 303], [1571, 303], [1552, 304], [1553, 304], [1554, 304], [1555, 304], [1556, 304], [1558, 304], [1559, 304], [1560, 304], [1561, 304], [1563, 304], [1564, 304], [1565, 304], [1566, 304], [1567, 304], [1568, 304], [1569, 304], [1570, 304], [1571, 304], [1572, 304], [1554, 305], [1555, 305], [1556, 305], [1557, 305], [1558, 305], [1559, 305], [1561, 305], [1562, 305], [1563, 305], [1564, 305], [1565, 305], [1566, 305], [1567, 305], [1568, 305], [1569, 305], [1570, 305], [1571, 305], [1572, 305], [1573, 305], [1574, 305], [1575, 305], [1557, 306], [1558, 306], [1559, 306], [1560, 306], [1561, 306], [1563, 306], [1564, 306], [1565, 306], [1566, 306], [1567, 306], [1569, 306], [1570, 306], [1571, 306], [1572, 306], [1573, 306], [1574, 306], [1575, 306], [1576, 306], [1577, 306], [1578, 306], [1560, 307], [1561, 307], [1562, 307], [1563, 307], [1564, 307], [1565, 307], [1566, 307], [1567, 307], [1568, 307], [1569, 307], [1570, 307], [1571, 307], [1572, 307], [1573, 307], [1574, 307], [1576, 307], [1577, 307], [1578, 307], [1579, 307], [1580, 307], [1581, 307], [1562, 308], [1563, 308], [1564, 308], [1565, 308], [1566, 308], [1567, 308], [1569, 308], [1570, 308], [1571, 308], [1573, 308], [1574, 308], [1575, 308], [1576, 308], [1577, 308], [1578, 308], [1579, 308], [1580, 308], [1581, 308], [1582, 308], [1583, 308], [1584, 308], [1565, 309], [1566, 309], [1567, 309], [1568, 309], [1569, 309], [1570, 309], [1571, 309], [1572, 309], [1573, 309], [1574, 309], [1576, 309], [1577, 309], [1578, 309], [1579, 309], [1580, 309], [1582, 309], [1583, 309], [1584, 309], [1585, 309], [1586, 309], [1587, 309], [1568, 310], [1569, 310], [1570, 310], [1571, 310], [1572, 310], [1574, 310], [1575, 310], [1576, 310], [1577, 310], [1579, 310], [1580, 310], [1581, 310], [1582, 310], [1583, 310], [1585, 310], [1586, 310], [1587, 310], [1588, 310], [1589, 310], [1570, 311], [1571, 311], [1572, 311], [1573, 311], [1574, 311], [1576, 311], [1577, 311], [1578, 311], [1579, 311], [1580, 311], [1581, 311], [1582, 311], [1583, 311], [1584, 311], [1585, 311], [1586, 311], [1587, 311], [1588, 311], [1589, 311], [1590, 311], [1591, 311], [1592, 311], [1573, 312], [1574, 312], [1575, 312], [1576, 312], [1577, 312], [1578, 312], [1579, 312], [1580, 312], [1581, 312], [1582, 312], [1583, 312], [1584, 312], [1585, 312], [1586, 312], [1587, 312], [1588, 312], [1590, 312], [1591, 312], [1592, 312], [1593, 312], [1594, 312], [1595, 312], [1575, 313], [1576, 313], [1577, 313], [1578, 313], [1579, 313], [1580, 313], [1581, 313], [1582, 313], [1583, 313], [1584, 313], [1585, 313], [1586, 313], [1587, 313], [1588, 313], [1589, 313], [1590, 313], [1591, 313], [1593, 313], [1594, 313], [1595, 313], [1596, 313], [1597, 313], [1578, 314], [1579, 314], [1580, 314], [1581, 314], [1582, 314], [1583, 314], [1584, 314], [1585, 314], [1586, 314], [1587, 314], [1588, 314], [1589, 314], [1590, 314], [1591, 314], [1592, 314], [1593, 314], [1594, 314], [1595, 314], [1596, 314], [1597, 314], [1598, 314], [1599, 314], [1600, 314], [1581, 315], [1582, 315], [1583, 315], [1584, 315], [1585, 315], [1586, 315], [1587, 315], [1588, 315], [1589, 315], [1590, 315], [1591, 315], [1592, 315], [1593, 315], [1594, 315], [1595, 315], [1596, 315], [1597, 315], [1598, 315], [1599, 315], [1600, 315], [1601, 315], [1602, 315], [1584, 316], [1585, 316], [1586, 316], [1587, 316], [1589, 316], [1590, 316], [1591, 316], [1592, 316], [1593, 316], [1595, 316], [1596, 316], [1597, 316], [1598, 316], [1599, 316], [1600, 316], [1601, 316], [1602, 316], [1603, 316], [1604, 316], [1605, 316], [1586, 317], [1587, 317], [1588, 317], [1589, 317], [1590, 317], [1591, 317], [1592, 317], [1593, 317], [1594, 317], [1595, 317], [1597, 317], [1598, 317], [1599, 317], [1600, 317], [1601, 317], [1603, 317], [1604, 317], [1605, 317], [1606, 317], [1607, 317], [1608, 317], [1588, 318], [1589, 318], [1590, 318], [1591, 318], [1592, 318], [1593, 318], [1594, 318], [1595, 318], [1596, 318], [1597, 318], [1598, 318], [1600, 318], [1601, 318], [1602, 318], [1603, 318], [1604, 318], [1606, 318], [1607, 318], [1608, 318], [1609, 318], [1610, 318], [1611, 318], [1612, 318], [1590, 319], [1591, 319], [1592, 319], [1593, 319], [1594, 319], [1595, 319], [1597, 319], [1598, 319], [1599, 319], [1600, 319], [1601, 319], [1603, 319], [1604, 319], [1605, 319], [1606, 319], [1607, 319], [1608, 319], [1609, 319], [1610, 319], [1611, 319], [1612, 319], [1613, 319], [1614, 319], [1593, 320], [1594, 320], [1595, 320], [1596, 320], [1597, 320], [1598, 320], [1600, 320], [1601, 320], [1602, 320], [1603, 320], [1604, 320], [1606, 320], [1607, 320], [1608, 320], [1609, 320], [1610, 320], [1611, 320], [1612, 320], [1613, 320], [1614, 320], [1615, 320], [1616, 320], [1617, 320], [1596, 321], [1597, 321], [1598, 321], [1599, 321], [1600, 321], [1601, 321], [1603, 321], [1604, 321], [1605, 321], [1606, 321], [1607, 321], [1608, 321], [1609, 321], [1610, 321], [1611, 321], [1612, 321], [1613, 321], [1615, 321], [1616, 321], [1617, 321], [1618, 321], [1619, 321], [1620, 321], [1599, 322], [1600, 322], [1601, 322], [1602, 322], [1603, 322], [1604, 322], [1606, 322], [1607, 322], [1608, 322], [1609, 322], [1610, 322], [1611, 322], [1612, 322], [1613, 322], [1614, 322], [1615, 322], [1616, 322], [1618, 322], [1619, 322], [1620, 322], [1621, 322], [1622, 322], [1623, 322], [1602, 323], [1603, 323], [1604, 323], [1605, 323], [1606, 323], [1607, 323], [1608, 323], [1609, 323], [1610, 323], [1611, 323], [1612, 323], [1613, 323], [1614, 323], [1615, 323], [1616, 323], [1617, 323], [1618, 323], [1619, 323], [1620, 323], [1621, 323], [1622, 323], [1623, 323], [1624, 323], [1625, 323], [1605, 324], [1606, 324], [1607, 324], [1608, 324], [1609, 324], [1611, 324], [1612, 324], [1613, 324], [1614, 324], [1615, 324], [1617, 324], [1618, 324], [1619, 324], [1620, 324], [1621, 324], [1622, 324], [1623, 324], [1624, 324], [1625, 324], [1626, 324], [1627, 324], [1607, 325], [1608, 325], [1609, 325], [1610, 325], [1611, 325], [1612, 325], [1613, 325], [1614, 325], [1615, 325], [1616, 325], [1617, 325], [1618, 325], [1619, 325], [1620, 325], [1621, 325], [1622, 325], [1623, 325], [1624, 325], [1625, 325], [1626, 325], [1627, 325], [1628, 325], [1629, 325], [1630, 325], [1610, 326], [1611, 326], [1612, 326], [1613, 326], [1614, 326], [1616, 326], [1617, 326], [1618, 326], [1619, 326], [1620, 326], [1622, 326], [1623, 326], [1624, 326], [1625, 326], [1626, 326], [1628, 326], [1629, 326], [1630, 326], [1631, 326], [1632, 326], [1612, 327], [1613, 327], [1614, 327], [1615, 327], [1616, 327], [1617, 327], [1618, 327], [1619, 327], [1620, 327], [1621, 327], [1622, 327], [1623, 327], [1624, 327], [1625, 327], [1626, 327], [1627, 327], [1628, 327], [1629, 327], [1630, 327], [1631, 327], [1632, 327], [1633, 327], [1634, 327], [1615, 328], [1616, 328], [1617, 328], [1618, 328], [1619, 328], [1621, 328], [1622, 328], [1623, 328], [1624, 328], [1625, 328], [1627, 328], [1628, 328], [1629, 328], [1630, 328], [1631, 328], [1633, 328], [1634, 328], [1635, 328], [1636, 328], [1637, 328], [1617, 329], [1618, 329], [1619, 329], [1620, 329], [1621, 329], [1622, 329], [1623, 329], [1624, 329], [1625, 329], [1626, 329], [1627, 329], [1628, 329], [1629, 329], [1630, 329], [1631, 329], [1632, 329], [1633, 329], [1634, 329], [1635, 329], [1636, 329], [1637, 329], [1638, 329], [1639, 329], [1620, 330], [1621, 330], [1622, 330], [1623, 330], [1624, 330], [1625, 330], [1626, 330], [1627, 330], [1628, 330], [1629, 330], [1630, 330], [1632, 330], [1633, 330], [1634, 330], [1635, 330], [1636, 330], [1638, 330], [1639, 330], [1640, 330], [1641, 330], [1642, 330], [1622, 331], [1623, 331], [1624, 331], [1625, 331], [1626, 331], [1627, 331], [1629, 331], [1630, 331], [1631, 331], [1632, 331], [1633, 331], [1635, 331], [1636, 331], [1637, 331], [1638, 331], [1640, 331], [1641, 331], [1642, 331], [1643, 331], [1644, 331], [1626, 332], [1627, 332], [1628, 332], [1629, 332], [1630, 332], [1631, 332], [1632, 332], [1633, 332], [1634, 332], [1635, 332], [1636, 332], [1637, 332], [1638, 332], [1639, 332], [1640, 332], [1641, 332], [1642, 332], [1643, 332], [1644, 332], [1645, 332], [1646, 332], [1647, 332], [1628, 333], [1629, 333], [1630, 333], [1631, 333], [1632, 333], [1634, 333], [1635, 333], [1636, 333], [1637, 333], [1638, 333], [1640, 333], [1641, 333], [1642, 333], [1643, 333], [1644, 333], [1645, 333], [1646, 333], [1647, 333], [1648, 333], [1649, 333], [1631, 334], [1632, 334], [1633, 334], [1634, 334], [1635, 334], [1637, 334], [1638, 334], [1639, 334], [1640, 334], [1641, 334], [1643, 334], [1644, 334], [1645, 334], [1646, 334], [1648, 334], [1649, 334], [1650, 334], [1651, 334], [1652, 334], [1633, 335], [1634, 335], [1635, 335], [1636, 335], [1637, 335], [1638, 335], [1640, 335], [1641, 335], [1642, 335], [1643, 335], [1644, 335], [1645, 335], [1646, 335], [1647, 335], [1648, 335], [1649, 335], [1650, 335], [1651, 335], [1652, 335], [1653, 335], [1654, 335], [1655, 335], [1656, 335], [1636, 336], [1637, 336], [1638, 336], [1639, 336], [1640, 336], [1641, 336], [1642, 336], [1643, 336], [1644, 336], [1645, 336], [1646, 336], [1647, 336], [1648, 336], [1649, 336], [1650, 336], [1651, 336], [1652, 336], [1654, 336], [1655, 336], [1656, 336], [1657, 336], [1658, 336], [1639, 337], [1640, 337], [1641, 337], [1642, 337], [1643, 337], [1645, 337], [1646, 337], [1647, 337], [1648, 337], [1649, 337], [1650, 337], [1651, 337], [1652, 337], [1653, 337], [1654, 337], [1655, 337], [1657, 337], [1658, 337], [1659, 337], [1660, 337], [1642, 338], [1643, 338], [1644, 338], [1645, 338], [1647, 338], [1648, 338], [1649, 338], [1650, 338], [1651, 338], [1652, 338], [1654, 338], [1655, 338], [1656, 338], [1657, 338], [1659, 338], [1660, 338], [1661, 338], [1662, 338], [1644, 339], [1645, 339], [1646, 339], [1647, 339], [1648, 339], [1650, 339], [1651, 339], [1652, 339], [1653, 339], [1654, 339], [1656, 339], [1657, 339], [1658, 339], [1659, 339], [1661, 339], [1662, 339], [1663, 339], [1664, 339], [1665, 339], [1666, 339], [1646, 340], [1647, 340], [1648, 340], [1649, 340], [1650, 340], [1651, 340], [1653, 340], [1654, 340], [1655, 340], [1656, 340], [1658, 340], [1659, 340], [1660, 340], [1661, 340], [1662, 340], [1664, 340], [1665, 340], [1666, 340], [1667, 340], [1668, 340], [1649, 341], [1650, 341], [1651, 341], [1652, 341], [1653, 341], [1655, 341], [1656, 341], [1657, 341], [1658, 341], [1659, 341], [1660, 341], [1661, 341], [1662, 341], [1663, 341], [1664, 341], [1665, 341], [1666, 341], [1667, 341], [1668, 341], [1669, 341], [1670, 341], [1671, 341], [1652, 342], [1653, 342], [1654, 342], [1655, 342], [1656, 342], [1657, 342], [1658, 342], [1659, 342], [1660, 342], [1661, 342], [1662, 342], [1664, 342], [1665, 342], [1666, 342], [1667, 342], [1668, 342], [1669, 342], [1670, 342], [1671, 342], [1672, 342], [1673, 342], [1674, 342], [1654, 343], [1655, 343], [1656, 343], [1657, 343], [1658, 343], [1659, 343], [1660, 343], [1661, 343], [1662, 343], [1663, 343], [1664, 343], [1665, 343], [1667, 343], [1668, 343], [1669, 343], [1670, 343], [1671, 343], [1673, 343], [1674, 343], [1675, 343], [1676, 343], [1657, 344], [1658, 344], [1659, 344], [1660, 344], [1661, 344], [1662, 344], [1663, 344], [1664, 344], [1665, 344], [1666, 344], [1667, 344], [1668, 344], [1669, 344], [1670, 344], [1671, 344], [1672, 344], [1673, 344], [1674, 344], [1675, 344], [1676, 344], [1677, 344], [1678, 344], [1679, 344], [1660, 345], [1661, 345], [1662, 345], [1663, 345], [1664, 345], [1666, 345], [1667, 345], [1668, 345], [1669, 345], [1670, 345], [1673, 345], [1674, 345], [1675, 345], [1676, 345], [1677, 345], [1678, 345], [1679, 345], [1680, 345], [1681, 345], [1682, 345], [1663, 346], [1664, 346], [1665, 346], [1666, 346], [1667, 346], [1669, 346], [1670, 346], [1671, 346], [1672, 346], [1675, 346], [1676, 346], [1677, 346], [1678, 346], [1679, 346], [1681, 346], [1682, 346], [1683, 346], [1684, 346], [1665, 347], [1666, 347], [1667, 347], [1668, 347], [1669, 347], [1670, 347], [1671, 347], [1672, 347], [1673, 347], [1674, 347], [1675, 347], [1677, 347], [1678, 347], [1679, 347], [1680, 347], [1681, 347], [1682, 347], [1683, 347], [1684, 347], [1685, 347], [1686, 347], [1687, 347], [1668, 348], [1669, 348], [1670, 348], [1671, 348], [1672, 348], [1674, 348], [1675, 348], [1676, 348], [1677, 348], [1678, 348], [1679, 348], [1681, 348], [1682, 348], [1683, 348], [1684, 348], [1685, 348], [1686, 348], [1687, 348], [1688, 348], [1689, 348], [1690, 348], [1671, 349], [1672, 349], [1673, 349], [1674, 349], [1675, 349], [1676, 349], [1677, 349], [1678, 349], [1679, 349], [1680, 349], [1681, 349], [1683, 349], [1684, 349], [1685, 349], [1686, 349], [1688, 349], [1689, 349], [1690, 349], [1691, 349], [1692, 349], [1674, 350], [1675, 350], [1676, 350], [1677, 350], [1678, 350], [1680, 350], [1681, 350], [1682, 350], [1683, 350], [1684, 350], [1686, 350], [1687, 350], [1688, 350], [1689, 350], [1691, 350], [1692, 350], [1693, 350], [1694, 350], [1695, 350], [1676, 351], [1677, 351], [1678, 351], [1679, 351], [1680, 351], [1682, 351], [1683, 351], [1684, 351], [1685, 351], [1686, 351], [1688, 351], [1689, 351], [1690, 351], [1691, 351], [1692, 351], [1693, 351], [1694, 351], [1695, 351], [1696, 351], [1697, 351], [1698, 351], [1679, 352], [1680, 352], [1681, 352], [1682, 352], [1683, 352], [1685, 352], [1686, 352], [1687, 352], [1688, 352], [1689, 352], [1690, 352], [1691, 352], [1692, 352], [1693, 352], [1694, 352], [1695, 352], [1696, 352], [1697, 352], [1698, 352], [1699, 352], [1700, 352], [1681, 353], [1682, 353], [1683, 353], [1684, 353], [1685, 353], [1686, 353], [1687, 353], [1688, 353], [1689, 353], [1690, 353], [1691, 353], [1693, 353], [1694, 353], [1695, 353], [1696, 353], [1697, 353], [1699, 353], [1700, 353], [1701, 353], [1702, 353], [1683, 354], [1684, 354], [1685, 354], [1686, 354], [1687, 354], [1688, 354], [1690, 354], [1691, 354], [1692, 354], [1693, 354], [1694, 354], [1696, 354], [1697, 354], [1698, 354], [1699, 354], [1701, 354], [1702, 354], [1703, 354], [1704, 354], [1705, 354], [1686, 355], [1687, 355], [1688, 355], [1689, 355], [1690, 355], [1691, 355], [1692, 355], [1693, 355], [1694, 355], [1695, 355], [1696, 355], [1697, 355], [1698, 355], [1699, 355], [1700, 355], [1701, 355], [1703, 355], [1704, 355], [1705, 355], [1706, 355], [1707, 355], [1708, 355], [1689, 356], [1690, 356], [1691, 356], [1692, 356], [1693, 356], [1695, 356], [1696, 356], [1697, 356], [1698, 356], [1699, 356], [1700, 356], [1701, 356], [1702, 356], [1703, 356], [1704, 356], [1706, 356], [1707, 356], [1708, 356], [1709, 356], [1710, 356], [1711, 356], [1692, 357], [1693, 357], [1694, 357], [1695, 357], [1696, 357], [1698, 357], [1699, 357], [1700, 357], [1701, 357], [1703, 357], [1704, 357], [1705, 357], [1706, 357], [1707, 357], [1708, 357], [1709, 357], [1710, 357], [1711, 357], [1712, 357], [1713, 357], [1714, 357], [1694, 358], [1695, 358], [1696, 358], [1697, 358], [1698, 358], [1700, 358], [1701, 358], [1702, 358], [1703, 358], [1704, 358], [1705, 358], [1706, 358], [1707, 358], [1708, 358], [1709, 358], [1710, 358], [1711, 358], [1712, 358], [1713, 358], [1714, 358], [1715, 358], [1716, 358], [1717, 358], [1697, 359], [1698, 359], [1699, 359], [1700, 359], [1701, 359], [1702, 359], [1703, 359], [1704, 359], [1705, 359], [1706, 359], [1707, 359], [1709, 359], [1710, 359], [1711, 359], [1712, 359], [1713, 359], [1715, 359], [1716, 359], [1717, 359], [1718, 359], [1719, 359], [1699, 360], [1700, 360], [1701, 360], [1702, 360], [1703, 360], [1704, 360], [1705, 360], [1706, 360], [1707, 360], [1708, 360], [1709, 360], [1710, 360], [1712, 360], [1713, 360], [1714, 360], [1715, 360], [1716, 360], [1717, 360], [1718, 360], [1719, 360], [1720, 360], [1721, 360], [1722, 360], [1701, 361], [1702, 361], [1703, 361], [1704, 361], [1705, 361], [1706, 361], [1707, 361], [1708, 361], [1709, 361], [1710, 361], [1711, 361], [1712, 361], [1713, 361], [1714, 361], [1715, 361], [1716, 361], [1717, 361], [1718, 361], [1719, 361], [1721, 361], [1722, 361], [1723, 361], [1724, 361], [1705, 362], [1706, 362], [1707, 362], [1708, 362], [1709, 362], [1710, 362], [1711, 362], [1712, 362], [1713, 362], [1714, 362], [1715, 362], [1716, 362], [1718, 362], [1719, 362], [1720, 362], [1721, 362], [1722, 362], [1723, 362], [1724, 362], [1725, 362], [1726, 362], [1727, 362], [1708, 363], [1709, 363], [1710, 363], [1711, 363], [1712, 363], [1713, 363], [1714, 363], [1715, 363], [1716, 363], [1717, 363], [1718, 363], [1719, 363], [1721, 363], [1722, 363], [1723, 363], [1724, 363], [1726, 363], [1727, 363], [1728, 363], [1729, 363], [1730, 363], [1711, 364], [1712, 364], [1713, 364], [1714, 364], [1715, 364], [1717, 364], [1718, 364], [1719, 364], [1720, 364], [1721, 364], [1723, 364], [1724, 364], [1725, 364], [1726, 364], [1727, 364], [1728, 364], [1729, 364], [1730, 364], [1731, 364], [1732, 364], [1714, 365], [1715, 365], [1716, 365], [1717, 365], [1718, 365], [1720, 365], [1721, 365], [1722, 365], [1723, 365], [1726, 365], [1727, 365], [1728, 365], [1729, 365], [1730, 365], [1731, 365], [1732, 365], [1733, 365], [1734, 365], [1735, 365], [1716, 366], [1717, 366], [1718, 366], [1719, 366], [1720, 366], [1722, 366], [1723, 366], [1724, 366], [1725, 366], [1728, 366], [1729, 366], [1730, 366], [1731, 366], [1732, 366], [1733, 366], [1734, 366], [1735, 366], [1736, 366], [1737, 366], [1719, 367], [1720, 367], [1721, 367], [1722, 367], [1724, 367], [1725, 367], [1726, 367], [1727, 367], [1728, 367], [1731, 367], [1732, 367], [1733, 367], [1734, 367], [1735, 367], [1736, 367], [1737, 367], [1738, 367], [1739, 367], [1740, 367], [1721, 368], [1722, 368], [1723, 368], [1724, 368], [1725, 368], [1726, 368], [1727, 368], [1728, 368], [1729, 368], [1730, 368], [1733, 368], [1734, 368], [1735, 368], [1736, 368], [1737, 368], [1739, 368], [1740, 368], [1741, 368], [1742, 368], [1743, 368], [1723, 369], [1724, 369], [1725, 369], [1726, 369], [1727, 369], [1729, 369], [1730, 369], [1731, 369], [1732, 369], [1733, 369], [1736, 369], [1737, 369], [1738, 369], [1739, 369], [1740, 369], [1742, 369], [1743, 369], [1744, 369], [1745, 369], [1726, 370], [1727, 370], [1728, 370], [1729, 370], [1731, 370], [1732, 370], [1733, 370], [1734, 370], [1735, 370], [1739, 370], [1740, 370], [1741, 370], [1742, 370], [1743, 370], [1744, 370], [1745, 370], [1746, 370], [1747, 370], [1728, 371], [1729, 371], [1730, 371], [1731, 371], [1732, 371], [1733, 371], [1734, 371], [1735, 371], [1736, 371], [1737, 371], [1742, 371], [1743, 371], [1744, 371], [1745, 371], [1746, 371], [1747, 371], [1748, 371], [1749, 371], [1730, 372], [1731, 372], [1732, 372], [1733, 372], [1734, 372], [1736, 372], [1737, 372], [1738, 372], [1739, 372], [1744, 372], [1745, 372], [1746, 372], [1747, 372], [1748, 372], [1749, 372], [1750, 372], [1751, 372], [1752, 372], [1732, 373], [1733, 373], [1734, 373], [1735, 373], [1736, 373], [1738, 373], [1739, 373], [1740, 373], [1741, 373], [1742, 373], [1746, 373], [1747, 373], [1748, 373], [1749, 373], [1750, 373], [1751, 373], [1752, 373], [1753, 373], [1754, 373], [1755, 373], [1735, 374], [1736, 374], [1737, 374], [1738, 374], [1739, 374], [1740, 374], [1741, 374], [1742, 374], [1743, 374], [1744, 374], [1745, 374], [1748, 374], [1749, 374], [1750, 374], [1751, 374], [1752, 374], [1753, 374], [1754, 374], [1755, 374], [1756, 374], [1757, 374], [1758, 374], [1737, 375], [1738, 375], [1739, 375], [1740, 375], [1741, 375], [1742, 375], [1743, 375], [1744, 375], [1745, 375], [1746, 375], [1747, 375], [1748, 375], [1750, 375], [1751, 375], [1752, 375], [1753, 375], [1754, 375], [1756, 375], [1757, 375], [1758, 375], [1759, 375], [1760, 375], [1740, 376], [1741, 376], [1742, 376], [1743, 376], [1744, 376], [1745, 376], [1746, 376], [1747, 376], [1748, 376], [1749, 376], [1750, 376], [1751, 376], [1753, 376], [1754, 376], [1755, 376], [1756, 376], [1757, 376], [1759, 376], [1760, 376], [1761, 376], [1762, 376], [1279, 377], [1280, 377], [1281, 377], [1743, 377], [1744, 377], [1745, 377], [1746, 377], [1747, 377], [1748, 377], [1749, 377], [1750, 377], [1751, 377], [1752, 377], [1753, 377], [1754, 377], [1755, 377], [1756, 377], [1757, 377], [1758, 377], [1759, 377], [1760, 377], [1761, 377], [1762, 377], [1763, 377], [1764, 377], [1765, 377], [1278, 378], [1280, 378], [1281, 378], [1282, 378], [1746, 378], [1747, 378], [1748, 378], [1749, 378], [1750, 378], [1752, 378], [1753, 378], [1754, 378], [1755, 378], [1756, 378], [1757, 378], [1758, 378], [1759, 378], [1760, 378], [1761, 378], [1762, 378], [1763, 378], [1764, 378], [1765, 378], [1766, 378], [1767, 378], [1277, 379], [1278, 379], [1279, 379], [1281, 379], [1282, 379], [1283, 379], [1749, 379], [1750, 379], [1751, 379], [1752, 379], [1753, 379], [1755, 379], [1756, 379], [1757, 379], [1758, 379], [1759, 379], [1760, 379], [1761, 379], [1762, 379], [1763, 379], [1764, 379], [1766, 379], [1767, 379], [1768, 379], [1769, 379], [1770, 379], [1278, 380], [1279, 380], [1280, 380], [1282, 380], [1283, 380], [1284, 380], [1751, 380], [1752, 380], [1753, 380], [1754, 380], [1755, 380], [1756, 380], [1758, 380], [1759, 380], [1760, 380], [1761, 380], [1762, 380], [1763, 380], [1764, 380], [1765, 380], [1766, 380], [1768, 380], [1769, 380], [1770, 380], [1771, 380], [1772, 380], [1773, 380], [1279, 381], [1280, 381], [1281, 381], [1283, 381], [1284, 381], [1285, 381], [1754, 381], [1755, 381], [1756, 381], [1757, 381], [1758, 381], [1759, 381], [1761, 381], [1762, 381], [1763, 381], [1764, 381], [1766, 381], [1767, 381], [1768, 381], [1769, 381], [1770, 381], [1771, 381], [1772, 381], [1773, 381], [1774, 381], [1775, 381], [1776, 381], [1280, 382], [1281, 382], [1282, 382], [1284, 382], [1285, 382], [1286, 382], [1757, 382], [1758, 382], [1759, 382], [1760, 382], [1761, 382], [1763, 382], [1764, 382], [1765, 382], [1766, 382], [1767, 382], [1769, 382], [1770, 382], [1771, 382], [1772, 382], [1773, 382], [1774, 382], [1775, 382], [1776, 382], [1777, 382], [1778, 382], [1269, 383], [1281, 383], [1282, 383], [1283, 383], [1285, 383], [1286, 383], [1287, 383], [1760, 383], [1761, 383], [1762, 383], [1763, 383], [1764, 383], [1766, 383], [1767, 383], [1768, 383], [1769, 383], [1771, 383], [1772, 383], [1773, 383], [1774, 383], [1775, 383], [1776, 383], [1777, 383], [1778, 383], [1779, 383], [1780, 383], [1781, 383], [1268, 384], [1269, 384], [1270, 384], [1282, 384], [1283, 384], [1284, 384], [1285, 384], [1286, 384], [1287, 384], [1288, 384], [1762, 384], [1763, 384], [1764, 384], [1765, 384], [1766, 384], [1767, 384], [1769, 384], [1770, 384], [1771, 384], [1772, 384], [1773, 384], [1774, 384], [1775, 384], [1776, 384], [1777, 384], [1778, 384], [1779, 384], [1780, 384], [1781, 384], [1782, 384], [1783, 384], [1266, 385], [1267, 385], [1268, 385], [1269, 385], [1270, 385], [1271, 385], [1283, 385], [1284, 385], [1285, 385], [1286, 385], [1287, 385], [1288, 385], [1289, 385], [1765, 385], [1766, 385], [1767, 385], [1768, 385], [1769, 385], [1770, 385], [1771, 385], [1772, 385], [1773, 385], [1774, 385], [1775, 385], [1776, 385], [1777, 385], [1778, 385], [1779, 385], [1780, 385], [1781, 385], [1782, 385], [1783, 385], [1784, 385], [1785, 385], [1267, 386], [1268, 386], [1269, 386], [1270, 386], [1271, 386], [1272, 386], [1285, 386], [1286, 386], [1288, 386], [1289, 386], [1290, 386], [1767, 386], [1768, 386], [1769, 386], [1770, 386], [1771, 386], [1772, 386], [1773, 386], [1774, 386], [1775, 386], [1776, 386], [1777, 386], [1778, 386], [1779, 386], [1780, 386], [1781, 386], [1782, 386], [1783, 386], [1784, 386], [1785, 386], [1786, 386], [1787, 386], [1788, 386], [1268, 387], [1269, 387], [1270, 387], [1271, 387], [1272, 387], [1273, 387], [1285, 387], [1286, 387], [1287, 387], [1289, 387], [1290, 387], [1291, 387], [1770, 387], [1771, 387], [1772, 387], [1773, 387], [1774, 387], [1775, 387], [1777, 387], [1778, 387], [1779, 387], [1780, 387], [1781, 387], [1782, 387], [1783, 387], [1784, 387], [1785, 387], [1786, 387], [1787, 387], [1788, 387], [1789, 387], [1790, 387], [1791, 387], [1269, 388], [1270, 388], [1271, 388], [1272, 388], [1273, 388], [1274, 388], [1286, 388], [1287, 388], [1288, 388], [1290, 388], [1291, 388], [1292, 388], [1773, 388], [1774, 388], [1775, 388], [1776, 388], [1777, 388], [1778, 388], [1780, 388], [1781, 388], [1782, 388], [1783, 388], [1787, 388], [1788, 388], [1789, 388], [1790, 388], [1791, 388], [1792, 388], [1793, 388], [1270, 389], [1271, 389], [1272, 389], [1273, 389], [1274, 389], [1275, 389], [1287, 389], [1288, 389], [1289, 389], [1291, 389], [1292, 389], [1775, 389], [1776, 389], [1777, 389], [1778, 389], [1779, 389], [1780, 389], [1781, 389], [1782, 389], [1790, 389], [1791, 389], [1792, 389], [1793, 389], [1794, 389], [1795, 389], [1796, 389], [1271, 390], [1272, 390], [1273, 390], [1274, 390], [1275, 390], [1276, 390], [1288, 390], [1289, 390], [1290, 390], [1291, 390], [1292, 390], [1293, 390], [1778, 390], [1779, 390], [1780, 390], [1781, 390], [1782, 390], [1783, 390], [1784, 390], [1789, 390], [1790, 390], [1791, 390], [1792, 390], [1794, 390], [1795, 390], [1796, 390], [1797, 390], [1798, 390], [1799, 390], [1272, 391], [1273, 391], [1274, 391], [1275, 391], [1276, 391], [1277, 391], [1289, 391], [1290, 391], [1291, 391], [1292, 391], [1293, 391], [1294, 391], [1781, 391], [1782, 391], [1783, 391], [1784, 391], [1785, 391], [1786, 391], [1787, 391], [1789, 391], [1790, 391], [1791, 391], [1792, 391], [1793, 391], [1794, 391], [1795, 391], [1796, 391], [1797, 391], [1798, 391], [1799, 391], [1800, 391], [1801, 391], [1273, 392], [1274, 392], [1276, 392], [1277, 392], [1278, 392], [1290, 392], [1291, 392], [1292, 392], [1293, 392], [1294, 392], [1295, 392], [1783, 392], [1784, 392], [1785, 392], [1786, 392], [1787, 392], [1788, 392], [1790, 392], [1791, 392], [1792, 392], [1793, 392], [1794, 392], [1795, 392], [1796, 392], [1797, 392], [1798, 392], [1800, 392], [1801, 392], [1802, 392], [1803, 392], [1804, 392], [1273, 393], [1274, 393], [1275, 393], [1277, 393], [1278, 393], [1279, 393], [1291, 393], [1292, 393], [1293, 393], [1294, 393], [1295, 393], [1296, 393], [1297, 393], [1786, 393], [1787, 393], [1788, 393], [1789, 393], [1790, 393], [1791, 393], [1792, 393], [1793, 393], [1794, 393], [1795, 393], [1796, 393], [1798, 393], [1799, 393], [1800, 393], [1802, 393], [1803, 393], [1804, 393], [1805, 393], [1806, 393], [1274, 394], [1275, 394], [1276, 394], [1278, 394], [1279, 394], [1280, 394], [1292, 394], [1293, 394], [1294, 394], [1295, 394], [1296, 394], [1297, 394], [1298, 394], [1788, 394], [1789, 394], [1790, 394], [1791, 394], [1792, 394], [1793, 394], [1794, 394], [1796, 394], [1797, 394], [1798, 394], [1799, 394], [1800, 394], [1801, 394], [1802, 394], [1804, 394], [1805, 394], [1806, 394], [1807, 394], [1808, 394], [1809, 394], [1275, 395], [1276, 395], [1277, 395], [1279, 395], [1280, 395], [1293, 395], [1294, 395], [1295, 395], [1297, 395], [1298, 395], [1791, 395], [1792, 395], [1793, 395], [1794, 395], [1795, 395], [1796, 395], [1797, 395], [1799, 395], [1800, 395], [1801, 395], [1802, 395], [1803, 395], [1804, 395], [1806, 395], [1807, 395], [1808, 395], [1809, 395], [1810, 395], [1811, 395], [1812, 395], [1276, 396], [1277, 396], [1278, 396], [1279, 396], [1280, 396], [1281, 396], [1294, 396], [1295, 396], [1296, 396], [1297, 396], [1298, 396], [1299, 396], [1794, 396], [1795, 396], [1796, 396], [1797, 396], [1798, 396], [1799, 396], [1800, 396], [1801, 396], [1802, 396], [1803, 396], [1804, 396], [1805, 396], [1806, 396], [1807, 396], [1808, 396], [1809, 396], [1810, 396], [1811, 396], [1812, 396], [1813, 396], [1814, 396], [1815, 396], [1277, 397], [1278, 397], [1279, 397], [1280, 397], [1281, 397], [1282, 397], [1295, 397], [1296, 397], [1297, 397], [1298, 397], [1299, 397], [1300, 397], [1797, 397], [1798, 397], [1799, 397], [1800, 397], [1801, 397], [1802, 397], [1803, 397], [1804, 397], [1806, 397], [1807, 397], [1808, 397], [1809, 397], [1810, 397], [1811, 397], [1812, 397], [1813, 397], [1814, 397], [1815, 397], [1816, 397], [1817, 397], [1278, 398], [1279, 398], [1280, 398], [1281, 398], [1282, 398], [1283, 398], [1296, 398], [1297, 398], [1298, 398], [1299, 398], [1300, 398], [1301, 398], [1799, 398], [1800, 398], [1801, 398], [1802, 398], [1803, 398], [1805, 398], [1806, 398], [1807, 398], [1808, 398], [1810, 398], [1811, 398], [1812, 398], [1813, 398], [1814, 398], [1816, 398], [1817, 398], [1818, 398], [1819, 398], [1820, 398], [1279, 399], [1280, 399], [1281, 399], [1282, 399], [1283, 399], [1284, 399], [1297, 399], [1298, 399], [1299, 399], [1300, 399], [1301, 399], [1302, 399], [1802, 399], [1803, 399], [1804, 399], [1805, 399], [1807, 399], [1808, 399], [1809, 399], [1810, 399], [1811, 399], [1813, 399], [1814, 399], [1815, 399], [1816, 399], [1818, 399], [1819, 399], [1820, 399], [1821, 399], [1822, 399], [1280, 400], [1281, 400], [1282, 400], [1283, 400], [1284, 400], [1285, 400], [1298, 400], [1299, 400], [1300, 400], [1301, 400], [1302, 400], [1303, 400], [1804, 400], [1805, 400], [1806, 400], [1807, 400], [1808, 400], [1809, 400], [1810, 400], [1811, 400], [1812, 400], [1813, 400], [1814, 400], [1815, 400], [1816, 400], [1817, 400], [1818, 400], [1819, 400], [1821, 400], [1822, 400], [1823, 400], [1824, 400], [1281, 401], [1282, 401], [1283, 401], [1284, 401], [1285, 401], [1286, 401], [1299, 401], [1300, 401], [1301, 401], [1302, 401], [1303, 401], [1304, 401], [1806, 401], [1807, 401], [1808, 401], [1809, 401], [1810, 401], [1811, 401], [1812, 401], [1813, 401], [1814, 401], [1815, 401], [1816, 401], [1817, 401], [1819, 401], [1820, 401], [1821, 401], [1822, 401], [1823, 401], [1824, 401], [1282, 402], [1283, 402], [1284, 402], [1285, 402], [1286, 402], [1287, 402], [1300, 402], [1301, 402], [1302, 402], [1303, 402], [1304, 402], [1305, 402], [1809, 402], [1810, 402], [1811, 402], [1812, 402], [1813, 402], [1814, 402], [1815, 402], [1816, 402], [1817, 402], [1818, 402], [1819, 402], [1820, 402], [1821, 402], [1822, 402], [1823, 402], [1824, 402], [1283, 403], [1284, 403], [1285, 403], [1286, 403], [1287, 403], [1288, 403], [1301, 403], [1302, 403], [1303, 403], [1304, 403], [1305, 403], [1306, 403], [1812, 403], [1813, 403], [1814, 403], [1815, 403], [1816, 403], [1817, 403], [1818, 403], [1819, 403], [1820, 403], [1821, 403], [1822, 403], [1824, 403], [1284, 404], [1285, 404], [1286, 404], [1287, 404], [1288, 404], [1289, 404], [1302, 404], [1303, 404], [1304, 404], [1305, 404], [1306, 404], [1307, 404], [1815, 404], [1816, 404], [1817, 404], [1818, 404], [1819, 404], [1820, 404], [1821, 404], [1822, 404], [1823, 404], [1824, 404], [1285, 405], [1286, 405], [1287, 405], [1288, 405], [1289, 405], [1290, 405], [1303, 405], [1304, 405], [1305, 405], [1306, 405], [1307, 405], [1308, 405], [1818, 405], [1819, 405], [1820, 405], [1821, 405], [1822, 405], [1824, 405], [1286, 406], [1287, 406], [1289, 406], [1290, 406], [1304, 406], [1305, 406], [1307, 406], [1308, 406], [1309, 406], [1820, 406], [1821, 406], [1822, 406], [1823, 406], [1824, 406], [1286, 407], [1287, 407], [1288, 407], [1289, 407], [1290, 407], [1291, 407], [1292, 407], [1304, 407], [1305, 407], [1306, 407], [1307, 407], [1308, 407], [1309, 407], [1310, 407], [1823, 407], [1824, 407], [1287, 408], [1288, 408], [1289, 408], [1290, 408], [1291, 408], [1292, 408], [1293, 408], [1305, 408], [1306, 408], [1307, 408], [1308, 408], [1309, 408], [1310, 408], [1311, 408], [1288, 409], [1289, 409], [1290, 409], [1292, 409], [1293, 409], [1294, 409], [1307, 409], [1308, 409], [1309, 409], [1310, 409], [1311, 409], [1312, 409], [1289, 410], [1290, 410], [1291, 410], [1293, 410], [1294, 410], [1295, 410], [1308, 410], [1309, 410], [1310, 410], [1311, 410], [1312, 410], [1313, 410], [1290, 411], [1291, 411], [1292, 411], [1294, 411], [1295, 411], [1309, 411], [1310, 411], [1311, 411], [1312, 411], [1313, 411], [1314, 411], [1291, 412], [1292, 412], [1293, 412], [1294, 412], [1295, 412], [1296, 412], [1310, 412], [1311, 412], [1312, 412], [1313, 412], [1314, 412], [1315, 412], [1292, 413], [1293, 413], [1294, 413], [1295, 413], [1296, 413], [1297, 413], [1311, 413], [1312, 413], [1313, 413], [1314, 413], [1315, 413], [1316, 413], [1293, 414], [1294, 414], [1295, 414], [1296, 414], [1297, 414], [1298, 414], [1312, 414], [1313, 414], [1314, 414], [1315, 414], [1316, 414], [1317, 414], [1294, 415], [1295, 415], [1296, 415], [1297, 415], [1298, 415], [1299, 415], [1313, 415], [1314, 415], [1315, 415], [1316, 415], [1317, 415], [1318, 415], [1295, 416], [1296, 416], [1297, 416], [1298, 416], [1299, 416], [1300, 416], [1314, 416], [1315, 416], [1316, 416], [1317, 416], [1318, 416], [1319, 416], [1296, 417], [1297, 417], [1298, 417], [1299, 417], [1300, 417], [1301, 417], [1315, 417], [1316, 417], [1317, 417], [1318, 417], [1319, 417], [1320, 417], [1297, 418], [1298, 418], [1299, 418], [1300, 418], [1301, 418], [1316, 418], [1317, 418], [1318, 418], [1319, 418], [1320, 418], [1321, 418], [1298, 419], [1299, 419], [1300, 419], [1301, 419], [1302, 419], [1316, 419], [1317, 419], [1318, 419], [1319, 419], [1320, 419], [1321, 419], [1322, 419], [1298, 420], [1299, 420], [1300, 420], [1301, 420], [1302, 420], [1303, 420], [1318, 420], [1319, 420], [1321, 420], [1322, 420], [1323, 420], [1299, 421], [1300, 421], [1301, 421], [1302, 421], [1303, 421], [1304, 421], [1318, 421], [1319, 421], [1320, 421], [1322, 421], [1323, 421], [1324, 421], [1300, 422], [1301, 422], [1302, 422], [1303, 422], [1304, 422], [1305, 422], [1319, 422], [1320, 422], [1321, 422], [1323, 422], [1324, 422], [1325, 422], [1301, 423], [1302, 423], [1303, 423], [1304, 423], [1305, 423], [1306, 423], [1320, 423], [1321, 423], [1322, 423], [1323, 423], [1324, 423], [1325, 423], [1326, 423], [1302, 424], [1303, 424], [1304, 424], [1305, 424], [1306, 424], [1307, 424], [1321, 424], [1322, 424], [1323, 424], [1324, 424], [1325, 424], [1326, 424], [1327, 424], [1303, 425], [1304, 425], [1305, 425], [1306, 425], [1307, 425], [1308, 425], [1323, 425], [1324, 425], [1325, 425], [1326, 425], [1327, 425], [1304, 426], [1305, 426], [1306, 426], [1307, 426], [1308, 426], [1309, 426], [1324, 426], [1325, 426], [1327, 426], [1328, 426], [1305, 427], [1306, 427], [1307, 427], [1308, 427], [1309, 427], [1310, 427], [1325, 427], [1326, 427], [1327, 427], [1328, 427], [1329, 427], [1306, 428], [1307, 428], [1309, 428], [1310, 428], [1311, 428], [1325, 428], [1326, 428], [1327, 428], [1328, 428], [1329, 428], [1330, 428], [1306, 429], [1307, 429], [1308, 429], [1310, 429], [1311, 429], [1326, 429], [1327, 429], [1328, 429], [1329, 429], [1330, 429], [1331, 429], [1307, 430], [1308, 430], [1309, 430], [1310, 430], [1311, 430], [1312, 430], [1327, 430], [1328, 430], [1329, 430], [1330, 430], [1331, 430], [1332, 430], [1308, 431], [1309, 431], [1310, 431], [1311, 431], [1312, 431], [1313, 431], [1328, 431], [1329, 431], [1330, 431], [1331, 431], [1332, 431], [1333, 431], [1309, 432], [1310, 432], [1311, 432], [1312, 432], [1313, 432], [1314, 432], [1329, 432], [1330, 432], [1331, 432], [1332, 432], [1333, 432], [1334, 432], [1310, 433], [1311, 433], [1312, 433], [1313, 433], [1314, 433], [1315, 433], [1330, 433], [1331, 433], [1332, 433], [1333, 433], [1334, 433], [1335, 433], [1311, 434], [1312, 434], [1313, 434], [1314, 434], [1315, 434], [1316, 434], [1331, 434], [1332, 434], [1333, 434], [1334, 434], [1335, 434], [1336, 434], [1312, 435], [1313, 435], [1314, 435], [1315, 435], [1316, 435], [1317, 435], [1332, 435], [1333, 435], [1334, 435], [1335, 435], [1336, 435], [1337, 435], [1313, 436], [1314, 436], [1315, 436], [1316, 436], [1317, 436], [1318, 436], [1333, 436], [1334, 436], [1335, 436], [1336, 436], [1337, 436], [1338, 436], [1314, 437], [1315, 437], [1316, 437], [1317, 437], [1318, 437], [1319, 437], [1334, 437], [1335, 437], [1336, 437], [1337, 437], [1338, 437], [1339, 437], [1315, 438], [1316, 438], [1317, 438], [1318, 438], [1319, 438], [1320, 438], [1335, 438], [1336, 438], [1337, 438], [1338, 438], [1339, 438], [1340, 438], [1316, 439], [1317, 439], [1318, 439], [1319, 439], [1320, 439], [1335, 439], [1336, 439], [1337, 439], [1338, 439], [1339, 439], [1340, 439], [1317, 440], [1318, 440], [1319, 440], [1320, 440], [1321, 440], [1322, 440], [1337, 440], [1338, 440], [1340, 440], [1341, 440], [1318, 441], [1319, 441], [1320, 441], [1321, 441], [1322, 441], [1338, 441], [1339, 441], [1340, 441], [1341, 441], [1342, 441], [1343, 441], [1319, 442], [1320, 442], [1321, 442], [1322, 442], [1323, 442], [1338, 442], [1339, 442], [1340, 442], [1342, 442], [1343, 442], [1320, 443], [1321, 443], [1323, 443], [1324, 443], [1339, 443], [1340, 443], [1341, 443], [1343, 443], [1344, 443], [1321, 444], [1322, 444], [1323, 444], [1324, 444], [1325, 444], [1341, 444], [1342, 444], [1343, 444], [1344, 444], [1345, 444], [1322, 445], [1323, 445], [1324, 445], [1325, 445], [1326, 445], [1341, 445], [1342, 445], [1343, 445], [1344, 445], [1345, 445], [1346, 445], [1322, 446], [1323, 446], [1324, 446], [1325, 446], [1326, 446], [1327, 446], [1342, 446], [1343, 446], [1344, 446], [1345, 446], [1346, 446], [1347, 446], [1323, 447], [1324, 447], [1325, 447], [1326, 447], [1327, 447], [1328, 447], [1343, 447], [1344, 447], [1345, 447], [1346, 447], [1347, 447], [1348, 447], [1324, 448], [1325, 448], [1326, 448], [1327, 448], [1328, 448], [1329, 448], [1344, 448], [1345, 448], [1346, 448], [1347, 448], [1348, 448], [1349, 448], [1325, 449], [1326, 449], [1327, 449], [1328, 449], [1329, 449], [1330, 449], [1345, 449], [1346, 449], [1347, 449], [1348, 449], [1349, 449], [1350, 449], [1326, 450], [1327, 450], [1328, 450], [1329, 450], [1330, 450], [1331, 450], [1346, 450], [1347, 450], [1348, 450], [1349, 450], [1350, 450], [1351, 450], [1327, 451], [1328, 451], [1329, 451], [1330, 451], [1331, 451], [1332, 451], [1347, 451], [1348, 451], [1349, 451], [1350, 451], [1351, 451], [1352, 451], [1328, 452], [1329, 452], [1330, 452], [1331, 452], [1332, 452], [1348, 452], [1349, 452], [1350, 452], [1351, 452], [1352, 452], [1353, 452], [1329, 453], [1330, 453], [1332, 453], [1333, 453], [1349, 453], [1350, 453], [1351, 453], [1352, 453], [1353, 453], [1354, 453], [1330, 454], [1331, 454], [1332, 454], [1333, 454], [1334, 454], [1350, 454], [1351, 454], [1352, 454], [1353, 454], [1354, 454], [1355, 454], [1330, 455], [1331, 455], [1332, 455], [1333, 455], [1334, 455], [1335, 455], [1351, 455], [1352, 455], [1353, 455], [1354, 455], [1355, 455], [1356, 455], [1331, 456], [1332, 456], [1333, 456], [1334, 456], [1335, 456], [1336, 456], [1352, 456], [1353, 456], [1354, 456], [1355, 456], [1356, 456], [1357, 456], [1332, 457], [1333, 457], [1334, 457], [1335, 457], [1336, 457], [1337, 457], [1353, 457], [1354, 457], [1355, 457], [1356, 457], [1357, 457], [1358, 457], [1333, 458], [1334, 458], [1335, 458], [1336, 458], [1337, 458], [1338, 458], [1353, 458], [1354, 458], [1355, 458], [1356, 458], [1357, 458], [1358, 458], [1359, 458], [1334, 459], [1335, 459], [1336, 459], [1337, 459], [1338, 459], [1339, 459], [1355, 459], [1356, 459], [1357, 459], [1358, 459], [1359, 459], [1360, 459], [1335, 460], [1336, 460], [1337, 460], [1338, 460], [1339, 460], [1340, 460], [1356, 460], [1357, 460], [1358, 460], [1359, 460], [1360, 460], [1336, 461], [1337, 461], [1338, 461], [1339, 461], [1340, 461], [1341, 461], [1357, 461], [1358, 461], [1359, 461], [1360, 461], [1361, 461], [1337, 462], [1338, 462], [1339, 462], [1340, 462], [1341, 462], [1357, 462], [1358, 462], [1359, 462], [1360, 462], [1361, 462], [1362, 462], [1338, 463], [1339, 463], [1341, 463], [1342, 463], [1358, 463], [1359, 463], [1360, 463], [1361, 463], [1362, 463], [1363, 463], [1339, 464], [1340, 464], [1341, 464], [1342, 464], [1343, 464], [1359, 464], [1360, 464], [1361, 464], [1362, 464], [1363, 464], [1364, 464], [1339, 465], [1340, 465], [1341, 465], [1342, 465], [1343, 465], [1344, 465], [1360, 465], [1361, 465], [1362, 465], [1363, 465], [1364, 465], [1365, 465], [1340, 466], [1341, 466], [1342, 466], [1343, 466], [1344, 466], [1345, 466], [1361, 466], [1362, 466], [1363, 466], [1364, 466], [1365, 466], [1366, 466], [1341, 467], [1342, 467], [1343, 467], [1344, 467], [1345, 467], [1362, 467], [1363, 467], [1364, 467], [1365, 467], [1366, 467], [1367, 467], [1342, 468], [1343, 468], [1344, 468], [1345, 468], [1346, 468], [1363, 468], [1364, 468], [1365, 468], [1366, 468], [1367, 468], [1368, 468], [1343, 469], [1344, 469], [1346, 469], [1347, 469], [1364, 469], [1365, 469], [1366, 469], [1367, 469], [1368, 469], [1369, 469], [1344, 470], [1345, 470], [1347, 470], [1348, 470], [1365, 470], [1366, 470], [1367, 470], [1368, 470], [1369, 470], [1370, 470], [1345, 471], [1346, 471], [1348, 471], [1349, 471], [1366, 471], [1367, 471], [1369, 471], [1370, 471], [1371, 471], [1346, 472], [1347, 472], [1349, 472], [1350, 472], [1366, 472], [1367, 472], [1368, 472], [1370, 472], [1371, 472], [1372, 472], [1347, 473], [1348, 473], [1349, 473], [1350, 473], [1351, 473], [1367, 473], [1368, 473], [1369, 473], [1370, 473], [1371, 473], [1372, 473], [1373, 473], [1348, 474], [1349, 474], [1350, 474], [1351, 474], [1352, 474], [1368, 474], [1369, 474], [1370, 474], [1371, 474], [1372, 474], [1373, 474], [1374, 474], [1348, 475], [1349, 475], [1350, 475], [1351, 475], [1352, 475], [1353, 475], [1370, 475], [1371, 475], [1372, 475], [1373, 475], [1374, 475], [1349, 476], [1350, 476], [1351, 476], [1352, 476], [1353, 476], [1371, 476], [1372, 476], [1373, 476], [1374, 476], [1375, 476], [1350, 477], [1351, 477], [1352, 477], [1353, 477], [1354, 477], [1372, 477], [1373, 477], [1375, 477], [1376, 477], [1377, 477], [1351, 478], [1352, 478], [1354, 478], [1355, 478], [1373, 478], [1374, 478], [1375, 478], [1376, 478], [1377, 478], [1352, 479], [1353, 479], [1355, 479], [1356, 479], [1374, 479], [1375, 479], [1376, 479], [1377, 479], [1378, 479], [1353, 480], [1354, 480], [1356, 480], [1357, 480], [1375, 480], [1376, 480], [1378, 480], [1379, 480], [1354, 481], [1355, 481], [1357, 481], [1358, 481], [1376, 481], [1377, 481], [1379, 481], [1380, 481], [1355, 482], [1356, 482], [1357, 482], [1358, 482], [1359, 482], [1377, 482], [1378, 482], [1379, 482], [1380, 482], [1381, 482], [1356, 483], [1357, 483], [1358, 483], [1359, 483], [1378, 483], [1379, 483], [1380, 483], [1381, 483], [1382, 483], [1356, 484], [1357, 484], [1358, 484], [1359, 484], [1360, 484], [1378, 484], [1379, 484], [1380, 484], [1381, 484], [1382, 484], [1383, 484], [1357, 485], [1358, 485], [1360, 485], [1361, 485], [1379, 485], [1380, 485], [1381, 485], [1382, 485], [1383, 485], [1384, 485], [1358, 486], [1359, 486], [1361, 486], [1362, 486], [1380, 486], [1381, 486], [1382, 486], [1383, 486], [1384, 486], [1385, 486], [1359, 487], [1360, 487], [1362, 487], [1363, 487], [1381, 487], [1382, 487], [1383, 487], [1384, 487], [1385, 487], [1386, 487], [1360, 488], [1361, 488], [1363, 488], [1364, 488], [1382, 488], [1383, 488], [1384, 488], [1385, 488], [1386, 488], [1387, 488], [1361, 489], [1362, 489], [1364, 489], [1365, 489], [1383, 489], [1384, 489], [1385, 489], [1386, 489], [1387, 489], [1388, 489], [1362, 490], [1363, 490], [1364, 490], [1365, 490], [1366, 490], [1384, 490], [1385, 490], [1386, 490], [1387, 490], [1388, 490], [1389, 490], [1363, 491], [1364, 491], [1365, 491], [1366, 491], [1367, 491], [1385, 491], [1386, 491], [1387, 491], [1388, 491], [1389, 491], [1390, 491], [1363, 492], [1364, 492], [1365, 492], [1366, 492], [1367, 492], [1368, 492], [1386, 492], [1387, 492], [1388, 492], [1389, 492], [1390, 492], [1391, 492], [1364, 493], [1365, 493], [1366, 493], [1367, 493], [1368, 493], [1369, 493], [1387, 493], [1388, 493], [1390, 493], [1391, 493], [1392, 493], [1365, 494], [1366, 494], [1367, 494], [1368, 494], [1369, 494], [1370, 494], [1387, 494], [1388, 494], [1389, 494], [1391, 494], [1392, 494], [1393, 494], [1366, 495], [1367, 495], [1368, 495], [1369, 495], [1370, 495], [1388, 495], [1389, 495], [1390, 495], [1392, 495], [1393, 495], [1367, 496], [1368, 496], [1369, 496], [1370, 496], [1371, 496], [1389, 496], [1390, 496], [1391, 496], [1392, 496], [1393, 496], [1394, 496], [1368, 497], [1369, 497], [1371, 497], [1372, 497], [1390, 497], [1391, 497], [1392, 497], [1393, 497], [1394, 497], [1395, 497], [1369, 498], [1370, 498], [1372, 498], [1373, 498], [1391, 498], [1392, 498], [1393, 498], [1394, 498], [1395, 498], [1396, 498], [1370, 499], [1371, 499], [1372, 499], [1373, 499], [1374, 499], [1392, 499], [1393, 499], [1394, 499], [1395, 499], [1396, 499], [1397, 499], [1371, 500], [1372, 500], [1373, 500], [1374, 500], [1375, 500], [1393, 500], [1394, 500], [1395, 500], [1396, 500], [1397, 500], [1398, 500], [1371, 501], [1372, 501], [1373, 501], [1374, 501], [1375, 501], [1376, 501], [1394, 501], [1395, 501], [1396, 501], [1397, 501], [1398, 501], [1399, 501], [1372, 502], [1373, 502], [1374, 502], [1375, 502], [1376, 502], [1395, 502], [1396, 502], [1397, 502], [1398, 502], [1399, 502], [1400, 502], [1373, 503], [1374, 503], [1375, 503], [1376, 503], [1377, 503], [1378, 503], [1396, 503], [1397, 503], [1398, 503], [1399, 503], [1400, 503], [1401, 503], [1374, 504], [1375, 504], [1376, 504], [1377, 504], [1378, 504], [1397, 504], [1398, 504], [1399, 504], [1400, 504], [1401, 504], [1402, 504], [1375, 505], [1376, 505], [1377, 505], [1378, 505], [1379, 505], [1398, 505], [1399, 505], [1400, 505], [1401, 505], [1402, 505], [1403, 505], [1376, 506], [1377, 506], [1379, 506], [1380, 506], [1399, 506], [1400, 506], [1401, 506], [1402, 506], [1403, 506], [1404, 506], [1377, 507], [1378, 507], [1380, 507], [1381, 507], [1400, 507], [1401, 507], [1402, 507], [1403, 507], [1404, 507], [1405, 507], [1378, 508], [1379, 508], [1380, 508], [1381, 508], [1382, 508], [1401, 508], [1402, 508], [1403, 508], [1404, 508], [1405, 508], [1379, 509], [1380, 509], [1381, 509], [1382, 509], [1383, 509], [1402, 509], [1403, 509], [1405, 509], [1406, 509], [1379, 510], [1380, 510], [1381, 510], [1382, 510], [1383, 510], [1403, 510], [1404, 510], [1405, 510], [1406, 510], [1407, 510], [1380, 511], [1381, 511], [1382, 511], [1383, 511], [1384, 511], [1385, 511], [1403, 511], [1404, 511], [1405, 511], [1406, 511], [1407, 511], [1408, 511], [1381, 512], [1382, 512], [1383, 512], [1384, 512], [1385, 512], [1386, 512], [1404, 512], [1405, 512], [1406, 512], [1407, 512], [1408, 512], [1409, 512], [1382, 513], [1383, 513], [1384, 513], [1385, 513], [1386, 513], [1405, 513], [1406, 513], [1407, 513], [1408, 513], [1409, 513], [1410, 513], [1383, 514], [1384, 514], [1385, 514], [1386, 514], [1387, 514], [1406, 514], [1407, 514], [1408, 514], [1409, 514], [1410, 514], [1411, 514], [1384, 515], [1385, 515], [1387, 515], [1388, 515], [1407, 515], [1408, 515], [1409, 515], [1410, 515], [1411, 515], [1412, 515], [1385, 516], [1386, 516], [1387, 516], [1388, 516], [1389, 516], [1408, 516], [1409, 516], [1410, 516], [1411, 516], [1412, 516], [1413, 516], [1386, 517], [1387, 517], [1388, 517], [1389, 517], [1390, 517], [1409, 517], [1410, 517], [1411, 517], [1412, 517], [1413, 517], [1414, 517], [1386, 518], [1387, 518], [1388, 518], [1389, 518], [1390, 518], [1391, 518], [1410, 518], [1411, 518], [1412, 518], [1413, 518], [1414, 518], [1415, 518], [1387, 519], [1388, 519], [1389, 519], [1390, 519], [1391, 519], [1392, 519], [1411, 519], [1412, 519], [1413, 519], [1414, 519], [1415, 519], [1416, 519], [1388, 520], [1389, 520], [1390, 520], [1391, 520], [1392, 520], [1393, 520], [1412, 520], [1413, 520], [1414, 520], [1415, 520], [1416, 520], [1417, 520], [1389, 521], [1390, 521], [1391, 521], [1392, 521], [1393, 521], [1394, 521], [1413, 521], [1414, 521], [1415, 521], [1416, 521], [1417, 521], [1418, 521], [1390, 522], [1391, 522], [1392, 522], [1393, 522], [1394, 522], [1395, 522], [1413, 522], [1414, 522], [1415, 522], [1416, 522], [1417, 522], [1418, 522], [1419, 522], [1391, 523], [1392, 523], [1393, 523], [1394, 523], [1395, 523], [1396, 523], [1415, 523], [1416, 523], [1417, 523], [1418, 523], [1419, 523], [1392, 524], [1393, 524], [1394, 524], [1395, 524], [1396, 524], [1397, 524], [1416, 524], [1417, 524], [1418, 524], [1419, 524], [1420, 524], [1393, 525], [1394, 525], [1395, 525], [1396, 525], [1397, 525], [1398, 525], [1416, 525], [1417, 525], [1418, 525], [1419, 525], [1420, 525], [1421, 525], [1394, 526], [1395, 526], [1396, 526], [1397, 526], [1398, 526], [1417, 526], [1418, 526], [1419, 526], [1420, 526], [1421, 526], [1422, 526], [1395, 527], [1396, 527], [1398, 527], [1399, 527], [1418, 527], [1419, 527], [1420, 527], [1421, 527], [1422, 527], [1423, 527], [1396, 528], [1397, 528], [1398, 528], [1399, 528], [1400, 528], [1419, 528], [1420, 528], [1421, 528], [1422, 528], [1423, 528], [1424, 528], [1396, 529], [1397, 529], [1398, 529], [1399, 529], [1400, 529], [1401, 529], [1420, 529], [1421, 529], [1422, 529], [1423, 529], [1424, 529], [1425, 529], [1397, 530], [1398, 530], [1399, 530], [1400, 530], [1401, 530], [1402, 530], [1421, 530], [1422, 530], [1423, 530], [1424, 530], [1425, 530], [1426, 530], [1398, 531], [1399, 531], [1400, 531], [1401, 531], [1402, 531], [1403, 531], [1422, 531], [1423, 531], [1424, 531], [1425, 531], [1426, 531], [1427, 531], [1399, 532], [1400, 532], [1401, 532], [1402, 532], [1403, 532], [1404, 532], [1423, 532], [1424, 532], [1425, 532], [1426, 532], [1427, 532], [1428, 532], [1400, 533], [1401, 533], [1402, 533], [1403, 533], [1404, 533], [1405, 533], [1424, 533], [1425, 533], [1426, 533], [1427, 533], [1428, 533], [1429, 533], [1401, 534], [1402, 534], [1403, 534], [1404, 534], [1405, 534], [1406, 534], [1425, 534], [1426, 534], [1427, 534], [1428, 534], [1429, 534], [1430, 534], [1402, 535], [1403, 535], [1404, 535], [1405, 535], [1406, 535], [1426, 535], [1427, 535], [1428, 535], [1429, 535], [1430, 535], [1431, 535], [1403, 536], [1404, 536], [1406, 536], [1407, 536], [1427, 536], [1428, 536], [1429, 536], [1430, 536], [1431, 536], [1432, 536], [1404, 537], [1405, 537], [1406, 537], [1407, 537], [1408, 537], [1428, 537], [1429, 537], [1430, 537], [1431, 537], [1432, 537], [1433, 537], [1404, 538], [1405, 538], [1406, 538], [1407, 538], [1408, 538], [1409, 538], [1429, 538], [1430, 538], [1431, 538], [1432, 538], [1433, 538], [1434, 538], [1405, 539], [1406, 539], [1407, 539], [1408, 539], [1409, 539], [1410, 539], [1430, 539], [1431, 539], [1432, 539], [1433, 539], [1434, 539], [1435, 539], [1406, 540], [1407, 540], [1408, 540], [1409, 540], [1410, 540], [1431, 540], [1432, 540], [1433, 540], [1434, 540], [1435, 540], [1407, 541], [1408, 541], [1409, 541], [1410, 541], [1411, 541], [1432, 541], [1433, 541], [1434, 541], [1435, 541], [1436, 541], [1408, 542], [1409, 542], [1410, 542], [1411, 542], [1412, 542], [1432, 542], [1433, 542], [1434, 542], [1435, 542], [1436, 542], [1437, 542], [1409, 543], [1410, 543], [1411, 543], [1412, 543], [1413, 543], [1433, 543], [1434, 543], [1435, 543], [1436, 543], [1437, 543], [1438, 543], [1409, 544], [1410, 544], [1411, 544], [1412, 544], [1413, 544], [1414, 544], [1434, 544], [1435, 544], [1436, 544], [1437, 544], [1438, 544], [1439, 544], [1410, 545], [1411, 545], [1412, 545], [1413, 545], [1414, 545], [1415, 545], [1416, 545], [1417, 545], [1418, 545], [1419, 545], [1420, 545], [1435, 545], [1436, 545], [1437, 545], [1438, 545], [1439, 545], [1440, 545], [1411, 546], [1412, 546], [1413, 546], [1414, 546], [1415, 546], [1416, 546], [1417, 546], [1418, 546], [1419, 546], [1420, 546], [1421, 546], [1422, 546], [1423, 546], [1424, 546], [1425, 546], [1426, 546], [1427, 546], [1428, 546], [1429, 546], [1430, 546], [1431, 546], [1432, 546], [1433, 546], [1434, 546], [1435, 546], [1437, 546], [1438, 546], [1439, 546], [1440, 546], [1412, 547], [1413, 547], [1414, 547], [1415, 547], [1416, 547], [1417, 547], [1419, 547], [1420, 547], [1421, 547], [1422, 547], [1423, 547], [1424, 547], [1425, 547], [1426, 547], [1427, 547], [1428, 547], [1429, 547], [1430, 547], [1431, 547], [1432, 547], [1433, 547], [1434, 547], [1435, 547], [1436, 547], [1437, 547], [1438, 547], [1439, 547], [1440, 547], [1413, 548], [1414, 548], [1415, 548], [1416, 548], [1417, 548], [1418, 548], [1419, 548], [1420, 548], [1421, 548], [1422, 548], [1423, 548], [1424, 548], [1425, 548], [1426, 548], [1427, 548], [1428, 548], [1431, 548], [1432, 548], [1433, 548], [1434, 548], [1435, 548], [1436, 548], [1437, 548], [1438, 548], [1439, 548], [1440, 548], [1416, 549], [1417, 549], [1418, 549], [1419, 549], [1420, 549], [1421, 549], [1422, 549], [1423, 549], [1424, 549], [1425, 549], [1426, 549], [1427, 549], [1428, 549], [1429, 549], [1430, 549], [1431, 549], [1432, 549], [1433, 549], [1434, 549], [1435, 549], [1436, 549], [1437, 549], [1438, 549], [1439, 549], [1440, 549], [1427, 550], [1428, 550], [1429, 550], [1430, 550], [1431, 550], [1432, 550], [1638, 793], [1639, 793], [1640, 793], [1641, 793], [1642, 793], [1643, 793], [1644, 793], [1638, 794], [1639, 794], [1640, 794], [1641, 794], [1642, 794], [1643, 794], [1644, 794], [1645, 794], [1646, 794], [1647, 794], [1648, 794], [1649, 794], [1650, 794], [1651, 794], [1652, 794], [1653, 794], [1654, 794], [1655, 794], [1656, 794], [1657, 794], [1658, 794], [1659, 794], [1660, 794], [1661, 794], [1662, 794], [1663, 794], [1664, 794], [1665, 794], [1666, 794], [1667, 794], [1638, 795], [1639, 795], [1643, 795], [1644, 795], [1645, 795], [1646, 795], [1647, 795], [1648, 795], [1649, 795], [1650, 795], [1651, 795], [1652, 795], [1653, 795], [1654, 795], [1655, 795], [1656, 795], [1657, 795], [1658, 795], [1659, 795], [1660, 795], [1661, 795], [1662, 795], [1663, 795], [1664, 795], [1665, 795], [1666, 795], [1667, 795], [1668, 795], [1669, 795], [1670, 795], [1638, 796], [1639, 796], [1661, 796], [1662, 796], [1663, 796], [1666, 796], [1667, 796], [1668, 796], [1669, 796], [1670, 796], [1671, 796], [1638, 797], [1639, 797], [1640, 797], [1669, 797], [1670, 797], [1671, 797], [1672, 797], [1673, 797], [1638, 798], [1639, 798], [1640, 798], [1670, 798], [1671, 798], [1672, 798], [1673, 798], [1674, 798], [1639, 799], [1640, 799], [1641, 799], [1672, 799], [1673, 799], [1674, 799], [1639, 800], [1640, 800], [1641, 800], [1642, 800], [1643, 800], [1673, 800], [1674, 800], [1675, 800], [1640, 801], [1641, 801], [1642, 801], [1643, 801], [1644, 801], [1673, 801], [1674, 801], [1675, 801], [1676, 801], [1642, 802], [1643, 802], [1644, 802], [1674, 802], [1675, 802], [1676, 802], [1677, 802], [1643, 803], [1644, 803], [1645, 803], [1675, 803], [1676, 803], [1677, 803], [1643, 804], [1644, 804], [1645, 804], [1646, 804], [1676, 804], [1677, 804], [1644, 805], [1645, 805], [1646, 805], [1676, 805], [1677, 805], [1645, 806], [1646, 806], [1647, 806], [1676, 806], [1677, 806], [1645, 807], [1646, 807], [1647, 807], [1648, 807], [1675, 807], [1676, 807], [1677, 807], [1646, 808], [1647, 808], [1648, 808], [1649, 808], [1650, 808], [1651, 808], [1652, 808], [1653, 808], [1654, 808], [1657, 808], [1658, 808], [1659, 808], [1660, 808], [1661, 808], [1662, 808], [1663, 808], [1664, 808], [1665, 808], [1666, 808], [1667, 808], [1668, 808], [1669, 808], [1675, 808], [1676, 808], [1677, 808], [1647, 809], [1648, 809], [1649, 809], [1650, 809], [1651, 809], [1652, 809], [1653, 809], [1654, 809], [1655, 809], [1656, 809], [1657, 809], [1658, 809], [1659, 809], [1660, 809], [1661, 809], [1662, 809], [1663, 809], [1664, 809], [1665, 809], [1666, 809], [1667, 809], [1668, 809], [1669, 809], [1670, 809], [1671, 809], [1672, 809], [1673, 809], [1674, 809], [1675, 809], [1676, 809], [1653, 810], [1654, 810], [1655, 810], [1656, 810], [1657, 810], [1658, 810], [1668, 810], [1669, 810], [1670, 810], [1671, 810], [1672, 810], [1673, 810], [1674, 810], [1675, 810], [1676, 810]


