White line left - [314, 950], [315, 950], [316, 950], [312, 951], [313, 951], [314, 951], [315, 951], [316, 951], [317, 951], [315, 952], [316, 952], [317, 952], [315, 953], [316, 953], [317, 953], [315, 954], [316, 954], [317, 954], [314, 955], [315, 955], [316, 955], [314, 956], [315, 956], [316, 956], [313, 957], [314, 957], [315, 957], [313, 958], [314, 958], [315, 958], [312, 959], [313, 959], [314, 959], [311, 960], [312, 960], [313, 960], [314, 960], [310, 961], [311, 961], [312, 961], [313, 961], [310, 962], [311, 962], [312, 962], [310, 963], [311, 963], [309, 964], [310, 964], [311, 964], [308, 965], [309, 965], [310, 965], [311, 965], [307, 966], [308, 966], [309, 966], [310, 966], [307, 967], [308, 967], [309, 967], [306, 968], [307, 968], [308, 968], [305, 969], [306, 969], [307, 969], [308, 969], [303, 970], [304, 970], [305, 970], [306, 970], [307, 970], [303, 971], [304, 971], [305, 971], [306, 971], [302, 972], [303, 972], [304, 972], [302, 973], [303, 973], [304, 973], [301, 974], [302, 974], [303, 974], [301, 975], [302, 975], [303, 975], [300, 976], [301, 976], [302, 976], [300, 977], [301, 977], [302, 977], [298, 978], [299, 978], [300, 978], [301, 978], [297, 979], [298, 979], [299, 979], [300, 979], [301, 979], [297, 980], [298, 980], [299, 980], [296, 981], [297, 981], [298, 981], [296, 982], [297, 982], [298, 982], [258, 983], [296, 983], [297, 983], [257, 984], [258, 984], [296, 984], [297, 984], [255, 985], [256, 985], [257, 985], [296, 985], [297, 985], [254, 986], [255, 986], [256, 986], [296, 986], [297, 986], [253, 987], [254, 987], [255, 987], [256, 987], [295, 987], [296, 987], [297, 987], [252, 988], [253, 988], [254, 988], [255, 988], [295, 988], [296, 988], [297, 988], [252, 989], [253, 989], [254, 989], [294, 989], [295, 989], [296, 989], [251, 990], [252, 990], [253, 990], [293, 990], [294, 990], [295, 990], [296, 990], [250, 991], [251, 991], [252, 991], [253, 991], [293, 991], [294, 991], [295, 991], [249, 992], [250, 992], [251, 992], [252, 992], [292, 992], [293, 992], [294, 992], [249, 993], [250, 993], [251, 993], [289, 993], [290, 993], [291, 993], [292, 993], [293, 993], [294, 993], [248, 994], [249, 994], [250, 994], [288, 994], [289, 994], [290, 994], [291, 994], [292, 994], [293, 994], [247, 995], [248, 995], [249, 995], [250, 995], [287, 995], [288, 995], [289, 995], [290, 995], [246, 996], [247, 996], [248, 996], [249, 996], [287, 996], [288, 996], [289, 996], [246, 997], [247, 997], [248, 997], [287, 997], [288, 997], [245, 998], [246, 998], [247, 998], [287, 998], [288, 998], [244, 999], [245, 999], [246, 999], [247, 999], [287, 999], [288, 999], [243, 1000], [244, 1000], [245, 1000], [246, 1000], [287, 1000], [288, 1000], [243, 1001], [244, 1001], [245, 1001], [286, 1001], [287, 1001], [288, 1001], [242, 1002], [243, 1002], [244, 1002], [286, 1002], [287, 1002], [288, 1002], [241, 1003], [242, 1003], [243, 1003], [244, 1003], [285, 1003], [286, 1003], [287, 1003], [241, 1004], [242, 1004], [243, 1004], [284, 1004], [285, 1004], [286, 1004], [287, 1004], [240, 1005], [241, 1005], [242, 1005], [283, 1005], [284, 1005], [285, 1005], [286, 1005], [239, 1006], [240, 1006], [241, 1006], [242, 1006], [283, 1006], [284, 1006], [285, 1006], [238, 1007], [239, 1007], [240, 1007], [241, 1007], [282, 1007], [283, 1007], [284, 1007], [237, 1008], [238, 1008], [239, 1008], [240, 1008], [281, 1008], [282, 1008], [283, 1008], [284, 1008], [236, 1009], [237, 1009], [238, 1009], [239, 1009], [281, 1009], [282, 1009], [283, 1009], [236, 1010], [237, 1010], [238, 1010], [280, 1010], [281, 1010], [282, 1010], [235, 1011], [236, 1011], [237, 1011], [263, 1011], [264, 1011], [265, 1011], [266, 1011], [279, 1011], [280, 1011], [281, 1011], [282, 1011], [234, 1012], [235, 1012], [236, 1012], [237, 1012], [262, 1012], [263, 1012], [264, 1012], [265, 1012], [266, 1012], [278, 1012], [279, 1012], [280, 1012], [281, 1012], [234, 1013], [235, 1013], [236, 1013], [261, 1013], [262, 1013], [263, 1013], [265, 1013], [266, 1013], [278, 1013], [279, 1013], [280, 1013], [233, 1014], [234, 1014], [235, 1014], [259, 1014], [260, 1014], [261, 1014], [262, 1014], [264, 1014], [265, 1014], [266, 1014], [277, 1014], [278, 1014], [279, 1014], [232, 1015], [233, 1015], [234, 1015], [235, 1015], [258, 1015], [259, 1015], [260, 1015], [261, 1015], [263, 1015], [264, 1015], [265, 1015], [276, 1015], [277, 1015], [278, 1015], [279, 1015], [231, 1016], [232, 1016], [233, 1016], [234, 1016], [258, 1016], [259, 1016], [260, 1016], [262, 1016], [263, 1016], [264, 1016], [276, 1016], [277, 1016], [278, 1016], [230, 1017], [231, 1017], [232, 1017], [233, 1017], [253, 1017], [254, 1017], [255, 1017], [256, 1017], [257, 1017], [258, 1017], [259, 1017], [262, 1017], [263, 1017], [275, 1017], [276, 1017], [277, 1017], [230, 1018], [231, 1018], [232, 1018], [251, 1018], [252, 1018], [253, 1018], [254, 1018], [255, 1018], [256, 1018], [257, 1018], [258, 1018], [259, 1018], [261, 1018], [262, 1018], [263, 1018], [274, 1018], [275, 1018], [276, 1018], [277, 1018], [229, 1019], [230, 1019], [231, 1019], [251, 1019], [252, 1019], [253, 1019], [254, 1019], [260, 1019], [261, 1019], [262, 1019], [263, 1019], [274, 1019], [275, 1019], [276, 1019], [228, 1020], [229, 1020], [230, 1020], [231, 1020], [251, 1020], [252, 1020], [253, 1020], [257, 1020], [258, 1020], [259, 1020], [260, 1020], [261, 1020], [262, 1020], [272, 1020], [273, 1020], [274, 1020], [275, 1020], [227, 1021], [228, 1021], [229, 1021], [230, 1021], [248, 1021], [249, 1021], [250, 1021], [251, 1021], [252, 1021], [253, 1021], [257, 1021], [258, 1021], [259, 1021], [260, 1021], [261, 1021], [269, 1021], [270, 1021], [271, 1021], [272, 1021], [273, 1021], [274, 1021], [275, 1021], [227, 1022], [228, 1022], [229, 1022], [246, 1022], [247, 1022], [248, 1022], [249, 1022], [250, 1022], [251, 1022], [252, 1022], [253, 1022], [257, 1022], [258, 1022], [268, 1022], [269, 1022], [270, 1022], [271, 1022], [272, 1022], [273, 1022], [226, 1023], [227, 1023], [228, 1023], [244, 1023], [245, 1023], [246, 1023], [247, 1023], [248, 1023], [249, 1023], [257, 1023], [258, 1023], [268, 1023], [269, 1023], [270, 1023], [225, 1024], [226, 1024], [227, 1024], [228, 1024], [244, 1024], [245, 1024], [246, 1024], [247, 1024], [257, 1024], [258, 1024], [268, 1024], [269, 1024], [224, 1025], [225, 1025], [226, 1025], [227, 1025], [243, 1025], [244, 1025], [245, 1025], [257, 1025], [258, 1025], [268, 1025], [269, 1025], [270, 1025], [223, 1026], [224, 1026], [225, 1026], [226, 1026], [242, 1026], [243, 1026], [244, 1026], [245, 1026], [254, 1026], [255, 1026], [256, 1026], [257, 1026], [258, 1026], [268, 1026], [269, 1026], [270, 1026], [223, 1027], [224, 1027], [225, 1027], [241, 1027], [242, 1027], [243, 1027], [244, 1027], [253, 1027], [254, 1027], [255, 1027], [256, 1027], [257, 1027], [258, 1027], [267, 1027], [268, 1027], [269, 1027], [270, 1027], [222, 1028], [223, 1028], [224, 1028], [240, 1028], [241, 1028], [242, 1028], [243, 1028], [253, 1028], [254, 1028], [255, 1028], [264, 1028], [265, 1028], [266, 1028], [267, 1028], [268, 1028], [269, 1028], [221, 1029], [222, 1029], [223, 1029], [224, 1029], [239, 1029], [240, 1029], [241, 1029], [242, 1029], [252, 1029], [253, 1029], [254, 1029], [263, 1029], [264, 1029], [265, 1029], [266, 1029], [267, 1029], [268, 1029], [220, 1030], [221, 1030], [222, 1030], [223, 1030], [238, 1030], [239, 1030], [240, 1030], [241, 1030], [252, 1030], [253, 1030], [254, 1030], [262, 1030], [263, 1030], [264, 1030], [265, 1030], [220, 1031], [221, 1031], [222, 1031], [237, 1031], [238, 1031], [239, 1031], [240, 1031], [252, 1031], [253, 1031], [261, 1031], [262, 1031], [263, 1031], [264, 1031], [219, 1032], [220, 1032], [221, 1032], [236, 1032], [237, 1032], [238, 1032], [239, 1032], [252, 1032], [253, 1032], [259, 1032], [260, 1032], [261, 1032], [262, 1032], [263, 1032], [218, 1033], [219, 1033], [220, 1033], [221, 1033], [235, 1033], [236, 1033], [237, 1033], [238, 1033], [252, 1033], [253, 1033], [258, 1033], [259, 1033], [260, 1033], [261, 1033], [262, 1033], [218, 1034], [219, 1034], [220, 1034], [234, 1034], [235, 1034], [236, 1034], [237, 1034], [251, 1034], [252, 1034], [253, 1034], [257, 1034], [258, 1034], [259, 1034], [260, 1034], [217, 1035], [218, 1035], [219, 1035], [234, 1035], [235, 1035], [236, 1035], [246, 1035], [247, 1035], [248, 1035], [250, 1035], [251, 1035], [252, 1035], [253, 1035], [256, 1035], [257, 1035], [258, 1035], [259, 1035], [216, 1036], [217, 1036], [218, 1036], [219, 1036], [234, 1036], [235, 1036], [246, 1036], [247, 1036], [248, 1036], [249, 1036], [250, 1036], [251, 1036], [252, 1036], [255, 1036], [256, 1036], [257, 1036], [258, 1036], [215, 1037], [216, 1037], [217, 1037], [218, 1037], [234, 1037], [235, 1037], [243, 1037], [244, 1037], [245, 1037], [246, 1037], [247, 1037], [248, 1037], [249, 1037], [250, 1037], [251, 1037], [253, 1037], [254, 1037], [255, 1037], [256, 1037], [257, 1037], [215, 1038], [216, 1038], [217, 1038], [233, 1038], [234, 1038], [235, 1038], [242, 1038], [243, 1038], [244, 1038], [245, 1038], [246, 1038], [247, 1038], [248, 1038], [252, 1038], [253, 1038], [254, 1038], [255, 1038], [256, 1038], [214, 1039], [215, 1039], [216, 1039], [233, 1039], [234, 1039], [235, 1039], [241, 1039], [242, 1039], [243, 1039], [244, 1039], [245, 1039], [246, 1039], [247, 1039], [248, 1039], [250, 1039], [251, 1039], [252, 1039], [253, 1039], [254, 1039], [213, 1040], [214, 1040], [215, 1040], [216, 1040], [232, 1040], [233, 1040], [234, 1040], [235, 1040], [236, 1040], [237, 1040], [238, 1040], [239, 1040], [240, 1040], [241, 1040], [242, 1040], [243, 1040], [245, 1040], [246, 1040], [247, 1040], [248, 1040], [249, 1040], [250, 1040], [251, 1040], [252, 1040], [253, 1040], [212, 1041], [213, 1041], [214, 1041], [215, 1041], [230, 1041], [231, 1041], [232, 1041], [233, 1041], [235, 1041], [236, 1041], [237, 1041], [238, 1041], [239, 1041], [240, 1041], [241, 1041], [242, 1041], [245, 1041], [246, 1041], [247, 1041], [248, 1041], [249, 1041], [250, 1041], [251, 1041], [212, 1042], [213, 1042], [214, 1042], [229, 1042], [230, 1042], [231, 1042], [232, 1042], [234, 1042], [235, 1042], [236, 1042], [245, 1042], [246, 1042], [211, 1043], [212, 1043], [213, 1043], [228, 1043], [229, 1043], [230, 1043], [231, 1043], [232, 1043], [233, 1043], [234, 1043], [235, 1043], [244, 1043], [245, 1043], [246, 1043], [210, 1044], [211, 1044], [212, 1044], [213, 1044], [228, 1044], [229, 1044], [230, 1044], [232, 1044], [233, 1044], [234, 1044], [244, 1044], [245, 1044], [246, 1044], [210, 1045], [211, 1045], [212, 1045], [228, 1045], [229, 1045], [231, 1045], [232, 1045], [233, 1045], [242, 1045], [243, 1045], [244, 1045], [245, 1045], [209, 1046], [210, 1046], [211, 1046], [228, 1046], [229, 1046], [230, 1046], [231, 1046], [232, 1046], [233, 1046], [242, 1046], [243, 1046], [244, 1046], [245, 1046], [208, 1047], [209, 1047], [210, 1047], [211, 1047], [228, 1047], [229, 1047], [230, 1047], [231, 1047], [232, 1047], [241, 1047], [242, 1047], [243, 1047], [208, 1048], [209, 1048], [210, 1048], [241, 1048], [242, 1048], [243, 1048], [207, 1049], [208, 1049], [209, 1049], [240, 1049], [241, 1049], [242, 1049], [206, 1050], [207, 1050], [208, 1050], [209, 1050], [223, 1050], [224, 1050], [225, 1050], [226, 1050], [239, 1050], [240, 1050], [241, 1050], [242, 1050], [205, 1051], [206, 1051], [207, 1051], [208, 1051], [223, 1051], [224, 1051], [225, 1051], [226, 1051], [239, 1051], [240, 1051], [241, 1051], [204, 1052], [205, 1052], [206, 1052], [207, 1052], [223, 1052], [224, 1052], [225, 1052], [226, 1052], [238, 1052], [239, 1052], [240, 1052], [204, 1053], [205, 1053], [206, 1053], [223, 1053], [224, 1053], [225, 1053], [226, 1053], [238, 1053], [239, 1053], [240, 1053], [203, 1054], [204, 1054], [205, 1054], [223, 1054], [224, 1054], [225, 1054], [227, 1054], [228, 1054], [229, 1054], [237, 1054], [238, 1054], [239, 1054], [202, 1055], [203, 1055], [204, 1055], [205, 1055], [225, 1055], [226, 1055], [227, 1055], [228, 1055], [229, 1055], [235, 1055], [236, 1055], [237, 1055], [238, 1055], [239, 1055], [201, 1056], [202, 1056], [203, 1056], [204, 1056], [225, 1056], [226, 1056], [227, 1056], [228, 1056], [229, 1056], [235, 1056], [236, 1056], [237, 1056], [238, 1056], [200, 1057], [201, 1057], [202, 1057], [203, 1057], [225, 1057], [226, 1057], [227, 1057], [228, 1057], [229, 1057], [234, 1057], [235, 1057], [236, 1057], [200, 1058], [201, 1058], [202, 1058], [225, 1058], [226, 1058], [227, 1058], [228, 1058], [233, 1058], [234, 1058], [235, 1058], [236, 1058], [199, 1059], [200, 1059], [201, 1059], [232, 1059], [233, 1059], [234, 1059], [235, 1059], [198, 1060], [199, 1060], [200, 1060], [201, 1060], [230, 1060], [231, 1060], [232, 1060], [233, 1060], [234, 1060], [198, 1061], [199, 1061], [200, 1061], [229, 1061], [230, 1061], [231, 1061], [232, 1061], [233, 1061], [197, 1062], [198, 1062], [199, 1062], [229, 1062], [230, 1062], [231, 1062], [196, 1063], [197, 1063], [198, 1063], [199, 1063], [229, 1063], [230, 1063], [195, 1064], [196, 1064], [197, 1064], [198, 1064], [228, 1064], [229, 1064], [230, 1064], [195, 1065], [196, 1065], [197, 1065], [227, 1065], [228, 1065], [229, 1065], [230, 1065], [194, 1066], [195, 1066], [196, 1066], [225, 1066], [226, 1066], [227, 1066], [228, 1066], [229, 1066], [193, 1067], [194, 1067], [195, 1067], [196, 1067], [224, 1067], [225, 1067], [226, 1067], [227, 1067], [228, 1067], [193, 1068], [194, 1068], [195, 1068], [223, 1068], [224, 1068], [225, 1068], [226, 1068], [192, 1069], [193, 1069], [194, 1069], [223, 1069], [224, 1069], [225, 1069], [191, 1070], [192, 1070], [193, 1070], [194, 1070], [223, 1070], [224, 1070], [190, 1071], [191, 1071], [192, 1071], [193, 1071], [223, 1071], [224, 1071], [189, 1072], [190, 1072], [191, 1072], [192, 1072], [223, 1072], [224, 1072], [189, 1073], [190, 1073], [191, 1073], [222, 1073], [223, 1073], [224, 1073], [188, 1074], [189, 1074], [190, 1074], [221, 1074], [222, 1074], [223, 1074], [224, 1074], [187, 1075], [188, 1075], [189, 1075], [190, 1075], [220, 1075], [221, 1075], [222, 1075], [223, 1075], [186, 1076], [187, 1076], [188, 1076], [189, 1076], [219, 1076], [220, 1076], [221, 1076], [222, 1076], [186, 1077], [187, 1077], [188, 1077], [219, 1077], [220, 1077], [221, 1077], [185, 1078], [186, 1078], [187, 1078], [219, 1078], [220, 1078], [185, 1079], [186, 1079], [187, 1079], [219, 1079], [220, 1079]




Yellow line left - [1475, 639], [1476, 639], [1477, 639], [1478, 639], [1479, 639], [1480, 639], [1481, 639], [1482, 639], [1483, 639], [1484, 639], [1485, 639], [1486, 639], [1487, 639], [1488, 639], [1489, 639], [1490, 639], [1491, 639], [1492, 639], [1493, 639], [1470, 640], [1471, 640], [1472, 640], [1473, 640], [1474, 640], [1475, 640], [1476, 640], [1477, 640], [1478, 640], [1479, 640], [1480, 640], [1481, 640], [1482, 640], [1483, 640], [1484, 640], [1485, 640], [1486, 640], [1487, 640], [1488, 640], [1489, 640], [1490, 640], [1491, 640], [1492, 640], [1493, 640], [1494, 640], [1495, 640], [1496, 640], [1470, 641], [1471, 641], [1472, 641], [1473, 641], [1474, 641], [1475, 641], [1476, 641], [1492, 641], [1493, 641], [1494, 641], [1495, 641], [1496, 641], [1497, 641], [1498, 641], [1469, 642], [1470, 642], [1471, 642], [1495, 642], [1496, 642], [1497, 642], [1498, 642], [1499, 642], [1469, 643], [1470, 643], [1471, 643], [1497, 643], [1498, 643], [1499, 643], [1500, 643], [1469, 644], [1470, 644], [1498, 644], [1499, 644], [1500, 644], [1501, 644], [1469, 645], [1470, 645], [1471, 645], [1499, 645], [1500, 645], [1501, 645], [1469, 646], [1470, 646], [1471, 646], [1472, 646], [1500, 646], [1501, 646], [1502, 646], [1470, 647], [1471, 647], [1472, 647], [1473, 647], [1500, 647], [1501, 647], [1502, 647], [1503, 647], [1471, 648], [1472, 648], [1473, 648], [1474, 648], [1501, 648], [1502, 648], [1503, 648], [1504, 648], [1472, 649], [1473, 649], [1474, 649], [1475, 649], [1502, 649], [1503, 649], [1504, 649], [1473, 650], [1474, 650], [1475, 650], [1476, 650], [1477, 650], [1503, 650], [1504, 650], [1474, 651], [1475, 651], [1476, 651], [1477, 651], [1478, 651], [1479, 651], [1480, 651], [1481, 651], [1482, 651], [1502, 651], [1503, 651], [1504, 651], [1476, 652], [1477, 652], [1478, 652], [1479, 652], [1480, 652], [1481, 652], [1482, 652], [1483, 652], [1484, 652], [1485, 652], [1486, 652], [1494, 652], [1495, 652], [1496, 652], [1497, 652], [1498, 652], [1499, 652], [1500, 652], [1501, 652], [1502, 652], [1503, 652], [1504, 652], [1481, 653], [1482, 653], [1483, 653], [1484, 653], [1485, 653], [1486, 653], [1487, 653], [1488, 653], [1489, 653], [1490, 653], [1491, 653], [1492, 653], [1493, 653], [1494, 653], [1495, 653], [1496, 653], [1497, 653], [1498, 653], [1499, 653], [1500, 653], [1501, 653], [1502, 653], [1503, 653], [1485, 654], [1486, 654], [1487, 654], [1488, 654], [1489, 654], [1490, 654], [1491, 654], [1492, 654], [1493, 654], [1494, 654], [1495, 654], [1496, 654], [1497, 654]




Yellow line right - [1589, 729], [1590, 729], [1591, 729], [1589, 730], [1590, 730], [1591, 730], [1589, 731], [1590, 731], [1591, 731], [1592, 731], [1589, 732], [1590, 732], [1591, 732], [1592, 732], [1589, 733], [1590, 733], [1591, 733], [1592, 733], [1589, 734], [1590, 734], [1591, 734], [1592, 734]




White line right - [1472, 271], [1473, 271], [1474, 271], [1475, 271], [1476, 271], [1477, 271], [1478, 271], [1479, 271], [1480, 271], [1481, 271], [1471, 272], [1472, 272], [1473, 272], [1474, 272], [1475, 272], [1476, 272], [1477, 272], [1478, 272], [1479, 272], [1480, 272], [1481, 272], [1482, 272], [1483, 272], [1471, 273], [1472, 273], [1473, 273], [1480, 273], [1481, 273], [1482, 273], [1483, 273], [1484, 273], [1485, 273], [1486, 273], [1487, 273], [1471, 274], [1472, 274], [1473, 274], [1474, 274], [1475, 274], [1482, 274], [1483, 274], [1484, 274], [1485, 274], [1486, 274], [1487, 274], [1488, 274], [1489, 274], [1490, 274], [1491, 274], [1472, 275], [1473, 275], [1474, 275], [1475, 275], [1476, 275], [1477, 275], [1478, 275], [1486, 275], [1487, 275], [1488, 275], [1489, 275], [1490, 275], [1491, 275], [1492, 275], [1493, 275], [1474, 276], [1475, 276], [1476, 276], [1477, 276], [1478, 276], [1479, 276], [1480, 276], [1481, 276], [1487, 276], [1488, 276], [1489, 276], [1490, 276], [1491, 276], [1492, 276], [1493, 276], [1494, 276], [1495, 276], [1496, 276], [1477, 277], [1478, 277], [1479, 277], [1480, 277], [1481, 277], [1482, 277], [1483, 277], [1487, 277], [1489, 277], [1492, 277], [1493, 277], [1494, 277], [1495, 277], [1496, 277], [1497, 277], [1498, 277], [1499, 277], [1480, 278], [1481, 278], [1482, 278], [1483, 278], [1484, 278], [1485, 278], [1486, 278], [1487, 278], [1488, 278], [1489, 278], [1495, 278], [1496, 278], [1497, 278], [1498, 278], [1499, 278], [1500, 278], [1501, 278], [1502, 278], [1482, 279], [1483, 279], [1484, 279], [1485, 279], [1486, 279], [1487, 279], [1488, 279], [1489, 279], [1490, 279], [1495, 279], [1496, 279], [1497, 279], [1499, 279], [1500, 279], [1501, 279], [1502, 279], [1503, 279], [1504, 279], [1505, 279], [1485, 280], [1486, 280], [1487, 280], [1488, 280], [1489, 280], [1490, 280], [1491, 280], [1492, 280], [1495, 280], [1496, 280], [1497, 280], [1498, 280], [1501, 280], [1502, 280], [1503, 280], [1504, 280], [1505, 280], [1506, 280], [1507, 280], [1508, 280], [1489, 281], [1490, 281], [1491, 281], [1492, 281], [1493, 281], [1494, 281], [1496, 281], [1497, 281], [1498, 281], [1504, 281], [1505, 281], [1506, 281], [1507, 281], [1508, 281], [1509, 281], [1510, 281], [1491, 282], [1492, 282], [1493, 282], [1494, 282], [1495, 282], [1496, 282], [1497, 282], [1498, 282], [1499, 282], [1500, 282], [1501, 282], [1507, 282], [1508, 282], [1509, 282], [1510, 282], [1494, 283], [1495, 283], [1496, 283], [1497, 283], [1498, 283], [1499, 283], [1500, 283], [1501, 283], [1502, 283], [1503, 283], [1504, 283], [1505, 283], [1506, 283], [1507, 283], [1508, 283], [1509, 283], [1510, 283], [1500, 284], [1501, 284], [1502, 284], [1503, 284], [1504, 284], [1505, 284], [1506, 284], [1507, 284], [1508, 284], [1509, 284], [1519, 287], [1520, 287], [1521, 287], [1522, 287], [1523, 287], [1524, 287], [1525, 287], [1526, 287], [1519, 288], [1520, 288], [1521, 288], [1522, 288], [1523, 288], [1524, 288], [1525, 288], [1526, 288], [1527, 288], [1528, 288], [1519, 289], [1520, 289], [1521, 289], [1522, 289], [1523, 289], [1525, 289], [1526, 289], [1527, 289], [1528, 289], [1529, 289], [1544, 289], [1545, 289], [1546, 289], [1547, 289], [1548, 289], [1549, 289], [1550, 289], [1520, 290], [1521, 290], [1522, 290], [1523, 290], [1524, 290], [1525, 290], [1526, 290], [1528, 290], [1529, 290], [1530, 290], [1531, 290], [1532, 290], [1533, 290], [1534, 290], [1535, 290], [1536, 290], [1543, 290], [1544, 290], [1545, 290], [1546, 290], [1547, 290], [1548, 290], [1549, 290], [1550, 290], [1551, 290], [1522, 291], [1523, 291], [1524, 291], [1525, 291], [1526, 291], [1527, 291], [1528, 291], [1530, 291], [1531, 291], [1532, 291], [1533, 291], [1534, 291], [1535, 291], [1536, 291], [1537, 291], [1538, 291], [1543, 291], [1544, 291], [1545, 291], [1549, 291], [1550, 291], [1551, 291], [1526, 292], [1527, 292], [1528, 292], [1529, 292], [1530, 292], [1531, 292], [1532, 292], [1533, 292], [1535, 292], [1536, 292], [1537, 292], [1538, 292], [1539, 292], [1540, 292], [1541, 292], [1542, 292], [1543, 292], [1544, 292], [1545, 292], [1546, 292], [1547, 292], [1548, 292], [1549, 292], [1550, 292], [1551, 292], [1529, 293], [1530, 293], [1531, 293], [1532, 293], [1533, 293], [1534, 293], [1535, 293], [1537, 293], [1538, 293], [1539, 293], [1540, 293], [1541, 293], [1542, 293], [1543, 293], [1544, 293], [1545, 293], [1546, 293], [1547, 293], [1548, 293], [1549, 293], [1550, 293], [1551, 293], [1532, 294], [1533, 294], [1534, 294], [1535, 294], [1536, 294], [1537, 294], [1538, 294], [1541, 294], [1542, 294], [1543, 294], [1544, 294], [1545, 294], [1546, 294], [1547, 294], [1548, 294], [1534, 295], [1535, 295], [1536, 295], [1537, 295], [1538, 295], [1539, 295], [1540, 295], [1544, 295], [1545, 295], [1546, 295], [1547, 295], [1548, 295], [1549, 295], [1550, 295], [1551, 295], [1552, 295], [1537, 296], [1538, 296], [1539, 296], [1540, 296], [1541, 296], [1542, 296], [1543, 296], [1544, 296], [1545, 296], [1547, 296], [1548, 296], [1549, 296], [1550, 296], [1551, 296], [1552, 296], [1553, 296], [1554, 296], [1555, 296], [1556, 296], [1539, 297], [1540, 297], [1541, 297], [1542, 297], [1543, 297], [1544, 297], [1545, 297], [1546, 297], [1547, 297], [1548, 297], [1549, 297], [1551, 297], [1552, 297], [1553, 297], [1554, 297], [1555, 297], [1556, 297], [1557, 297], [1558, 297], [1544, 298], [1545, 298], [1546, 298], [1547, 298], [1548, 298], [1549, 298], [1550, 298], [1551, 298], [1552, 298], [1553, 298], [1554, 298], [1555, 298], [1556, 298], [1557, 298], [1558, 298], [1548, 299], [1549, 299], [1550, 299], [1551, 299], [1552, 299], [1553, 299], [1554, 299], [1555, 299], [1556, 299], [1557, 299], [1558, 299], [1553, 300], [1554, 300], [1555, 300], [1556, 300], [1557, 300], [1573, 305], [1574, 305], [1575, 305], [1576, 305], [1577, 305], [1578, 305], [1579, 305], [1580, 305], [1581, 305], [1573, 306], [1574, 306], [1576, 306], [1577, 306], [1578, 306], [1579, 306], [1580, 306], [1581, 306], [1582, 306], [1583, 306], [1584, 306], [1585, 306], [1586, 306], [1573, 307], [1574, 307], [1575, 307], [1576, 307], [1577, 307], [1578, 307], [1580, 307], [1581, 307], [1582, 307], [1583, 307], [1584, 307], [1585, 307], [1586, 307], [1587, 307], [1588, 307], [1589, 307], [1590, 307], [1576, 308], [1577, 308], [1578, 308], [1579, 308], [1585, 308], [1586, 308], [1587, 308], [1588, 308], [1589, 308], [1590, 308], [1591, 308], [1592, 308], [1593, 308], [1577, 309], [1578, 309], [1579, 309], [1580, 309], [1581, 309], [1589, 309], [1590, 309], [1591, 309], [1592, 309], [1593, 309], [1594, 309], [1595, 309], [1578, 310], [1579, 310], [1580, 310], [1581, 310], [1582, 310], [1583, 310], [1584, 310], [1585, 310], [1592, 310], [1593, 310], [1594, 310], [1595, 310], [1596, 310], [1597, 310], [1580, 311], [1581, 311], [1582, 311], [1583, 311], [1584, 311], [1585, 311], [1586, 311], [1587, 311], [1588, 311], [1594, 311], [1595, 311], [1596, 311], [1597, 311], [1598, 311], [1584, 312], [1585, 312], [1586, 312], [1587, 312], [1588, 312], [1589, 312], [1590, 312], [1591, 312], [1592, 312], [1593, 312], [1596, 312], [1597, 312], [1598, 312], [1599, 312], [1600, 312], [1587, 313], [1588, 313], [1589, 313], [1590, 313], [1591, 313], [1592, 313], [1593, 313], [1594, 313], [1595, 313], [1596, 313], [1597, 313], [1599, 313], [1600, 313], [1601, 313], [1602, 313], [1592, 314], [1593, 314], [1594, 314], [1595, 314], [1596, 314], [1597, 314], [1598, 314], [1599, 314], [1600, 314], [1601, 314], [1602, 314], [1603, 314], [1604, 314], [1605, 314], [1606, 314], [1598, 315], [1599, 315], [1600, 315], [1601, 315], [1602, 315], [1603, 315], [1604, 315], [1605, 315], [1606, 315], [1607, 315], [1608, 315], [1609, 315], [1610, 315], [1601, 316], [1602, 316], [1603, 316], [1604, 316], [1606, 316], [1607, 316], [1608, 316], [1609, 316], [1610, 316], [1611, 316], [1602, 317], [1603, 317], [1604, 317], [1605, 317], [1606, 317], [1607, 317], [1608, 317], [1609, 317], [1610, 317], [1611, 317], [1604, 318], [1605, 318], [1606, 318], [1607, 318], [1608, 318], [1609, 318], [1610, 318], [1611, 318], [1512, 319], [1513, 319], [1514, 319], [1515, 319], [1511, 320], [1512, 320], [1513, 320], [1514, 320], [1515, 320], [1511, 321], [1512, 321], [1513, 321], [1514, 321], [1515, 321], [1511, 322], [1512, 322], [1513, 322], [1514, 322], [1515, 322], [1657, 333], [1658, 333], [1659, 333], [1660, 333], [1661, 333], [1662, 333], [1663, 333], [1657, 334], [1658, 334], [1659, 334], [1660, 334], [1661, 334], [1662, 334], [1663, 334], [1664, 334], [1665, 334], [1666, 334], [1667, 334], [1668, 334], [1657, 335], [1658, 335], [1659, 335], [1660, 335], [1661, 335], [1662, 335], [1663, 335], [1664, 335], [1665, 335], [1666, 335], [1667, 335], [1668, 335], [1669, 335], [1670, 335], [1671, 335], [1661, 336], [1662, 336], [1663, 336], [1664, 336], [1665, 336], [1666, 336], [1667, 336], [1668, 336], [1669, 336], [1670, 336], [1671, 336], [1672, 336], [1673, 336], [1674, 336], [1675, 336], [1662, 337], [1663, 337], [1664, 337], [1665, 337], [1666, 337], [1667, 337], [1670, 337], [1671, 337], [1672, 337], [1673, 337], [1674, 337], [1675, 337], [1676, 337], [1677, 337], [1678, 337], [1665, 338], [1666, 338], [1667, 338], [1668, 338], [1669, 338], [1674, 338], [1675, 338], [1676, 338], [1677, 338], [1678, 338], [1679, 338], [1680, 338], [1666, 339], [1667, 339], [1668, 339], [1669, 339], [1670, 339], [1671, 339], [1672, 339], [1673, 339], [1677, 339], [1678, 339], [1679, 339], [1680, 339], [1668, 340], [1669, 340], [1670, 340], [1671, 340], [1672, 340], [1673, 340], [1674, 340], [1675, 340], [1676, 340], [1677, 340], [1679, 340], [1680, 340], [1672, 341], [1673, 341], [1674, 341], [1675, 341], [1676, 341], [1677, 341], [1678, 341], [1679, 341], [1680, 341], [1676, 342], [1677, 342], [1678, 342], [1679, 342], [1680, 342], [1686, 343], [1687, 343], [1688, 343], [1689, 343], [1690, 343], [1691, 343], [1686, 344], [1687, 344], [1689, 344], [1690, 344], [1691, 344], [1692, 344], [1686, 345], [1687, 345], [1688, 345], [1689, 345], [1690, 345], [1691, 345], [1692, 345], [1689, 346], [1690, 346], [1691, 346], [1692, 346], [1723, 356], [1724, 356], [1725, 356], [1726, 356], [1727, 356], [1723, 357], [1724, 357], [1725, 357], [1726, 357], [1727, 357], [1728, 357], [1729, 357], [1730, 357], [1731, 357], [1732, 357], [1733, 357], [1734, 357], [1735, 357], [1736, 357], [1723, 358], [1724, 358], [1725, 358], [1727, 358], [1728, 358], [1729, 358], [1730, 358], [1731, 358], [1732, 358], [1733, 358], [1734, 358], [1735, 358], [1736, 358], [1737, 358], [1738, 358], [1739, 358], [1723, 359], [1724, 359], [1725, 359], [1726, 359], [1727, 359], [1728, 359], [1729, 359], [1735, 359], [1736, 359], [1737, 359], [1738, 359], [1739, 359], [1740, 359], [1741, 359], [1742, 359], [1743, 359], [1725, 360], [1726, 360], [1727, 360], [1728, 360], [1729, 360], [1730, 360], [1731, 360], [1732, 360], [1738, 360], [1739, 360], [1740, 360], [1741, 360], [1742, 360], [1743, 360], [1744, 360], [1745, 360], [1728, 361], [1729, 361], [1730, 361], [1731, 361], [1732, 361], [1733, 361], [1734, 361], [1742, 361], [1743, 361], [1744, 361], [1745, 361], [1746, 361], [1747, 361], [1748, 361], [1749, 361], [1731, 362], [1732, 362], [1733, 362], [1734, 362], [1735, 362], [1736, 362], [1737, 362], [1744, 362], [1745, 362], [1746, 362], [1747, 362], [1748, 362], [1749, 362], [1750, 362], [1751, 362], [1733, 363], [1734, 363], [1735, 363], [1736, 363], [1737, 363], [1738, 363], [1739, 363], [1748, 363], [1749, 363], [1750, 363], [1751, 363], [1752, 363], [1753, 363], [1754, 363], [1736, 364], [1737, 364], [1738, 364], [1739, 364], [1740, 364], [1741, 364], [1742, 364], [1750, 364], [1751, 364], [1752, 364], [1753, 364], [1754, 364], [1755, 364], [1756, 364], [1757, 364], [1738, 365], [1739, 365], [1740, 365], [1741, 365], [1742, 365], [1743, 365], [1744, 365], [1745, 365], [1753, 365], [1754, 365], [1755, 365], [1756, 365], [1757, 365], [1758, 365], [1759, 365], [1741, 366], [1742, 366], [1743, 366], [1744, 366], [1745, 366], [1746, 366], [1747, 366], [1756, 366], [1757, 366], [1758, 366], [1759, 366], [1760, 366], [1761, 366], [1762, 366], [1744, 367], [1745, 367], [1746, 367], [1747, 367], [1748, 367], [1749, 367], [1750, 367], [1758, 367], [1759, 367], [1760, 367], [1761, 367], [1762, 367], [1763, 367], [1764, 367], [1765, 367], [1746, 368], [1747, 368], [1748, 368], [1749, 368], [1750, 368], [1751, 368], [1752, 368], [1753, 368], [1761, 368], [1762, 368], [1763, 368], [1764, 368], [1765, 368], [1766, 368], [1767, 368], [1749, 369], [1750, 369], [1751, 369], [1752, 369], [1753, 369], [1754, 369], [1755, 369], [1756, 369], [1757, 369], [1764, 369], [1765, 369], [1766, 369], [1767, 369], [1768, 369], [1769, 369], [1770, 369], [1752, 370], [1753, 370], [1754, 370], [1755, 370], [1756, 370], [1757, 370], [1758, 370], [1759, 370], [1766, 370], [1767, 370], [1768, 370], [1769, 370], [1770, 370], [1771, 370], [1772, 370], [1773, 370], [1774, 370], [1756, 371], [1757, 371], [1758, 371], [1759, 371], [1760, 371], [1761, 371], [1762, 371], [1769, 371], [1770, 371], [1771, 371], [1772, 371], [1773, 371], [1774, 371], [1775, 371], [1776, 371], [1777, 371], [1758, 372], [1759, 372], [1760, 372], [1761, 372], [1762, 372], [1763, 372], [1764, 372], [1765, 372], [1773, 372], [1774, 372], [1775, 372], [1776, 372], [1777, 372], [1778, 372], [1779, 372], [1780, 372], [1761, 373], [1762, 373], [1763, 373], [1764, 373], [1765, 373], [1766, 373], [1767, 373], [1768, 373], [1776, 373], [1777, 373], [1778, 373], [1779, 373], [1780, 373], [1781, 373], [1782, 373], [1764, 374], [1765, 374], [1766, 374], [1767, 374], [1768, 374], [1769, 374], [1770, 374], [1771, 374], [1779, 374], [1780, 374], [1781, 374], [1782, 374], [1783, 374], [1784, 374], [1785, 374], [1767, 375], [1768, 375], [1769, 375], [1770, 375], [1771, 375], [1772, 375], [1773, 375], [1774, 375], [1781, 375], [1782, 375], [1783, 375], [1784, 375], [1785, 375], [1786, 375], [1787, 375], [1770, 376], [1771, 376], [1772, 376], [1773, 376], [1774, 376], [1775, 376], [1776, 376], [1784, 376], [1785, 376], [1786, 376], [1787, 376], [1788, 376], [1789, 376], [1790, 376], [1773, 377], [1774, 377], [1775, 377], [1776, 377], [1777, 377], [1778, 377], [1779, 377], [1786, 377], [1787, 377], [1788, 377], [1789, 377], [1790, 377], [1791, 377], [1792, 377], [1775, 378], [1776, 378], [1777, 378], [1778, 378], [1779, 378], [1780, 378], [1781, 378], [1782, 378], [1789, 378], [1790, 378], [1791, 378], [1792, 378], [1793, 378], [1794, 378], [1778, 379], [1779, 379], [1780, 379], [1781, 379], [1782, 379], [1783, 379], [1784, 379], [1785, 379], [1791, 379], [1792, 379], [1793, 379], [1794, 379], [1795, 379], [1796, 379], [1781, 380], [1782, 380], [1783, 380], [1784, 380], [1785, 380], [1786, 380], [1787, 380], [1788, 380], [1793, 380], [1794, 380], [1795, 380], [1796, 380], [1797, 380], [1798, 380], [1799, 380], [1800, 380], [1784, 381], [1785, 381], [1786, 381], [1787, 381], [1788, 381], [1789, 381], [1790, 381], [1791, 381], [1795, 381], [1796, 381], [1797, 381], [1798, 381], [1799, 381], [1800, 381], [1801, 381], [1802, 381], [1803, 381], [1787, 382], [1788, 382], [1789, 382], [1790, 382], [1791, 382], [1792, 382], [1793, 382], [1799, 382], [1800, 382], [1801, 382], [1802, 382], [1803, 382], [1804, 382], [1805, 382], [1790, 383], [1791, 383], [1792, 383], [1793, 383], [1794, 383], [1795, 383], [1796, 383], [1802, 383], [1803, 383], [1804, 383], [1805, 383], [1806, 383], [1807, 383], [1808, 383], [1809, 383], [1792, 384], [1793, 384], [1794, 384], [1795, 384], [1796, 384], [1797, 384], [1798, 384], [1799, 384], [1804, 384], [1805, 384], [1806, 384], [1807, 384], [1808, 384], [1809, 384], [1810, 384], [1811, 384], [1812, 384], [1813, 384], [1795, 385], [1796, 385], [1797, 385], [1798, 385], [1799, 385], [1800, 385], [1801, 385], [1802, 385], [1808, 385], [1809, 385], [1810, 385], [1811, 385], [1812, 385], [1813, 385], [1814, 385], [1815, 385], [1816, 385], [1817, 385], [1798, 386], [1799, 386], [1800, 386], [1801, 386], [1802, 386], [1803, 386], [1804, 386], [1812, 386], [1813, 386], [1814, 386], [1815, 386], [1816, 386], [1817, 386], [1818, 386], [1819, 386], [1820, 386], [1821, 386], [1801, 387], [1802, 387], [1803, 387], [1804, 387], [1805, 387], [1806, 387], [1807, 387], [1808, 387], [1816, 387], [1817, 387], [1818, 387], [1819, 387], [1820, 387], [1821, 387], [1822, 387], [1823, 387], [1803, 388], [1804, 388], [1805, 388], [1806, 388], [1807, 388], [1808, 388], [1809, 388], [1810, 388], [1820, 388], [1821, 388], [1822, 388], [1823, 388], [1824, 388], [1807, 389], [1808, 389], [1809, 389], [1810, 389], [1811, 389], [1812, 389], [1813, 389], [1822, 389], [1823, 389], [1824, 389], [1809, 390], [1810, 390], [1811, 390], [1812, 390], [1813, 390], [1814, 390], [1815, 390], [1816, 390], [1812, 391], [1813, 391], [1814, 391], [1815, 391], [1816, 391], [1817, 391], [1818, 391], [1819, 391], [1254, 392], [1255, 392], [1256, 392], [1815, 392], [1816, 392], [1817, 392], [1818, 392], [1819, 392], [1820, 392], [1821, 392], [1822, 392], [1254, 393], [1255, 393], [1256, 393], [1257, 393], [1818, 393], [1819, 393], [1820, 393], [1821, 393], [1822, 393], [1823, 393], [1824, 393], [1255, 394], [1256, 394], [1257, 394], [1258, 394], [1259, 394], [1821, 394], [1822, 394], [1823, 394], [1824, 394], [1256, 395], [1257, 395], [1258, 395], [1259, 395], [1260, 395], [1824, 395], [1258, 396], [1259, 396], [1260, 396], [1261, 396], [1259, 397], [1260, 397], [1261, 397], [1262, 397], [1244, 398], [1260, 398], [1261, 398], [1262, 398], [1242, 399], [1243, 399], [1244, 399], [1245, 399], [1261, 399], [1262, 399], [1263, 399], [1264, 399], [1243, 400], [1244, 400], [1245, 400], [1246, 400], [1261, 400], [1262, 400], [1263, 400], [1264, 400], [1265, 400], [1244, 401], [1245, 401], [1246, 401], [1247, 401], [1263, 401], [1264, 401], [1265, 401], [1266, 401], [1245, 402], [1246, 402], [1247, 402], [1248, 402], [1264, 402], [1265, 402], [1266, 402], [1267, 402], [1246, 403], [1247, 403], [1248, 403], [1249, 403], [1265, 403], [1266, 403], [1267, 403], [1268, 403], [1247, 404], [1248, 404], [1249, 404], [1250, 404], [1266, 404], [1267, 404], [1268, 404], [1269, 404], [1232, 405], [1248, 405], [1249, 405], [1250, 405], [1251, 405], [1267, 405], [1268, 405], [1269, 405], [1270, 405], [1231, 406], [1232, 406], [1233, 406], [1249, 406], [1250, 406], [1251, 406], [1252, 406], [1268, 406], [1269, 406], [1270, 406], [1271, 406], [1231, 407], [1232, 407], [1233, 407], [1234, 407], [1250, 407], [1251, 407], [1252, 407], [1253, 407], [1269, 407], [1270, 407], [1271, 407], [1272, 407], [1232, 408], [1233, 408], [1234, 408], [1235, 408], [1251, 408], [1252, 408], [1253, 408], [1254, 408], [1270, 408], [1271, 408], [1272, 408], [1273, 408], [1233, 409], [1234, 409], [1235, 409], [1252, 409], [1253, 409], [1254, 409], [1255, 409], [1271, 409], [1272, 409], [1273, 409], [1274, 409], [1275, 409], [1234, 410], [1235, 410], [1236, 410], [1253, 410], [1254, 410], [1255, 410], [1256, 410], [1272, 410], [1273, 410], [1274, 410], [1275, 410], [1276, 410], [1234, 411], [1235, 411], [1236, 411], [1237, 411], [1254, 411], [1255, 411], [1256, 411], [1257, 411], [1274, 411], [1275, 411], [1276, 411], [1277, 411], [1220, 412], [1235, 412], [1236, 412], [1237, 412], [1238, 412], [1255, 412], [1256, 412], [1257, 412], [1258, 412], [1275, 412], [1276, 412], [1277, 412], [1278, 412], [1219, 413], [1220, 413], [1221, 413], [1236, 413], [1237, 413], [1238, 413], [1239, 413], [1256, 413], [1257, 413], [1258, 413], [1259, 413], [1260, 413], [1276, 413], [1277, 413], [1278, 413], [1279, 413], [1219, 414], [1220, 414], [1221, 414], [1222, 414], [1237, 414], [1238, 414], [1239, 414], [1240, 414], [1257, 414], [1258, 414], [1259, 414], [1260, 414], [1261, 414], [1277, 414], [1278, 414], [1279, 414], [1280, 414], [1220, 415], [1221, 415], [1222, 415], [1223, 415], [1238, 415], [1239, 415], [1240, 415], [1241, 415], [1259, 415], [1260, 415], [1261, 415], [1262, 415], [1278, 415], [1279, 415], [1280, 415], [1281, 415], [1221, 416], [1222, 416], [1223, 416], [1224, 416], [1239, 416], [1240, 416], [1241, 416], [1242, 416], [1260, 416], [1261, 416], [1262, 416], [1263, 416], [1279, 416], [1280, 416], [1281, 416], [1282, 416], [1222, 417], [1223, 417], [1224, 417], [1240, 417], [1241, 417], [1242, 417], [1243, 417], [1261, 417], [1262, 417], [1263, 417], [1264, 417], [1280, 417], [1281, 417], [1282, 417], [1283, 417], [1223, 418], [1224, 418], [1225, 418], [1241, 418], [1242, 418], [1243, 418], [1244, 418], [1262, 418], [1263, 418], [1264, 418], [1265, 418], [1281, 418], [1282, 418], [1283, 418], [1284, 418], [1223, 419], [1224, 419], [1225, 419], [1226, 419], [1242, 419], [1243, 419], [1244, 419], [1245, 419], [1263, 419], [1264, 419], [1265, 419], [1266, 419], [1282, 419], [1283, 419], [1284, 419], [1285, 419], [1224, 420], [1225, 420], [1226, 420], [1227, 420], [1243, 420], [1244, 420], [1245, 420], [1246, 420], [1264, 420], [1265, 420], [1266, 420], [1267, 420], [1283, 420], [1284, 420], [1285, 420], [1286, 420], [1225, 421], [1226, 421], [1227, 421], [1228, 421], [1244, 421], [1245, 421], [1246, 421], [1247, 421], [1265, 421], [1266, 421], [1267, 421], [1268, 421], [1284, 421], [1285, 421], [1286, 421], [1287, 421], [1288, 421], [1226, 422], [1227, 422], [1228, 422], [1229, 422], [1245, 422], [1246, 422], [1247, 422], [1248, 422], [1266, 422], [1267, 422], [1268, 422], [1269, 422], [1285, 422], [1286, 422], [1287, 422], [1288, 422], [1227, 423], [1228, 423], [1229, 423], [1230, 423], [1246, 423], [1247, 423], [1248, 423], [1249, 423], [1267, 423], [1268, 423], [1269, 423], [1270, 423], [1287, 423], [1288, 423], [1289, 423], [1228, 424], [1229, 424], [1230, 424], [1247, 424], [1248, 424], [1249, 424], [1250, 424], [1268, 424], [1269, 424], [1270, 424], [1271, 424], [1287, 424], [1288, 424], [1289, 424], [1290, 424], [1229, 425], [1230, 425], [1231, 425], [1248, 425], [1249, 425], [1250, 425], [1251, 425], [1269, 425], [1270, 425], [1271, 425], [1272, 425], [1288, 425], [1289, 425], [1290, 425], [1291, 425], [1229, 426], [1230, 426], [1231, 426], [1232, 426], [1249, 426], [1250, 426], [1251, 426], [1252, 426], [1270, 426], [1271, 426], [1272, 426], [1273, 426], [1289, 426], [1290, 426], [1291, 426], [1292, 426], [1293, 426], [1230, 427], [1231, 427], [1232, 427], [1233, 427], [1250, 427], [1251, 427], [1252, 427], [1253, 427], [1271, 427], [1272, 427], [1273, 427], [1274, 427], [1290, 427], [1291, 427], [1292, 427], [1293, 427], [1294, 427], [1231, 428], [1232, 428], [1233, 428], [1234, 428], [1251, 428], [1252, 428], [1253, 428], [1254, 428], [1272, 428], [1273, 428], [1274, 428], [1275, 428], [1292, 428], [1293, 428], [1294, 428], [1295, 428], [1232, 429], [1233, 429], [1234, 429], [1235, 429], [1236, 429], [1252, 429], [1253, 429], [1254, 429], [1255, 429], [1273, 429], [1274, 429], [1275, 429], [1276, 429], [1293, 429], [1294, 429], [1295, 429], [1296, 429], [1233, 430], [1234, 430], [1235, 430], [1236, 430], [1253, 430], [1254, 430], [1255, 430], [1256, 430], [1274, 430], [1275, 430], [1276, 430], [1277, 430], [1294, 430], [1295, 430], [1296, 430], [1297, 430], [1235, 431], [1236, 431], [1237, 431], [1238, 431], [1254, 431], [1255, 431], [1256, 431], [1257, 431], [1275, 431], [1276, 431], [1277, 431], [1278, 431], [1295, 431], [1296, 431], [1297, 431], [1298, 431], [1235, 432], [1236, 432], [1237, 432], [1238, 432], [1239, 432], [1255, 432], [1256, 432], [1257, 432], [1258, 432], [1276, 432], [1277, 432], [1278, 432], [1279, 432], [1296, 432], [1297, 432], [1298, 432], [1299, 432], [1237, 433], [1238, 433], [1239, 433], [1240, 433], [1256, 433], [1257, 433], [1258, 433], [1259, 433], [1277, 433], [1278, 433], [1279, 433], [1280, 433], [1297, 433], [1298, 433], [1299, 433], [1300, 433], [1238, 434], [1239, 434], [1240, 434], [1257, 434], [1258, 434], [1259, 434], [1278, 434], [1279, 434], [1280, 434], [1281, 434], [1298, 434], [1299, 434], [1300, 434], [1301, 434], [1239, 435], [1240, 435], [1241, 435], [1258, 435], [1259, 435], [1260, 435], [1279, 435], [1280, 435], [1281, 435], [1282, 435], [1299, 435], [1300, 435], [1301, 435], [1302, 435], [1239, 436], [1240, 436], [1241, 436], [1258, 436], [1259, 436], [1260, 436], [1261, 436], [1280, 436], [1281, 436], [1282, 436], [1283, 436], [1300, 436], [1301, 436], [1302, 436], [1303, 436], [1240, 437], [1241, 437], [1242, 437], [1259, 437], [1260, 437], [1261, 437], [1262, 437], [1281, 437], [1282, 437], [1283, 437], [1284, 437], [1301, 437], [1302, 437], [1303, 437], [1304, 437], [1240, 438], [1241, 438], [1242, 438], [1243, 438], [1260, 438], [1261, 438], [1262, 438], [1263, 438], [1282, 438], [1283, 438], [1284, 438], [1285, 438], [1302, 438], [1303, 438], [1304, 438], [1305, 438], [1241, 439], [1242, 439], [1243, 439], [1244, 439], [1261, 439], [1262, 439], [1263, 439], [1264, 439], [1283, 439], [1284, 439], [1285, 439], [1286, 439], [1295, 439], [1296, 439], [1297, 439], [1298, 439], [1303, 439], [1304, 439], [1305, 439], [1306, 439], [1242, 440], [1243, 440], [1244, 440], [1245, 440], [1262, 440], [1263, 440], [1264, 440], [1265, 440], [1284, 440], [1285, 440], [1286, 440], [1287, 440], [1294, 440], [1295, 440], [1296, 440], [1297, 440], [1298, 440], [1299, 440], [1304, 440], [1305, 440], [1306, 440], [1307, 440], [1243, 441], [1244, 441], [1245, 441], [1246, 441], [1263, 441], [1264, 441], [1265, 441], [1266, 441], [1285, 441], [1286, 441], [1287, 441], [1288, 441], [1289, 441], [1294, 441], [1295, 441], [1296, 441], [1297, 441], [1298, 441], [1299, 441], [1300, 441], [1305, 441], [1306, 441], [1307, 441], [1308, 441], [1244, 442], [1245, 442], [1246, 442], [1247, 442], [1264, 442], [1265, 442], [1266, 442], [1267, 442], [1286, 442], [1287, 442], [1288, 442], [1289, 442], [1290, 442], [1294, 442], [1295, 442], [1296, 442], [1297, 442], [1298, 442], [1299, 442], [1300, 442], [1301, 442], [1306, 442], [1307, 442], [1308, 442], [1309, 442], [1310, 442], [1245, 443], [1246, 443], [1247, 443], [1248, 443], [1265, 443], [1266, 443], [1267, 443], [1268, 443], [1288, 443], [1289, 443], [1290, 443], [1295, 443], [1296, 443], [1297, 443], [1298, 443], [1299, 443], [1300, 443], [1301, 443], [1307, 443], [1308, 443], [1309, 443], [1310, 443], [1246, 444], [1247, 444], [1248, 444], [1249, 444], [1266, 444], [1267, 444], [1268, 444], [1269, 444], [1289, 444], [1290, 444], [1291, 444], [1296, 444], [1297, 444], [1298, 444], [1299, 444], [1300, 444], [1301, 444], [1309, 444], [1310, 444], [1311, 444], [1247, 445], [1248, 445], [1249, 445], [1250, 445], [1267, 445], [1268, 445], [1269, 445], [1270, 445], [1289, 445], [1290, 445], [1291, 445], [1292, 445], [1293, 445], [1309, 445], [1310, 445], [1311, 445], [1312, 445], [1313, 445], [1248, 446], [1249, 446], [1250, 446], [1251, 446], [1268, 446], [1269, 446], [1270, 446], [1271, 446], [1290, 446], [1291, 446], [1292, 446], [1293, 446], [1294, 446], [1310, 446], [1311, 446], [1312, 446], [1313, 446], [1314, 446], [1249, 447], [1250, 447], [1251, 447], [1252, 447], [1269, 447], [1270, 447], [1271, 447], [1272, 447], [1292, 447], [1293, 447], [1294, 447], [1312, 447], [1313, 447], [1314, 447], [1315, 447], [1250, 448], [1251, 448], [1252, 448], [1253, 448], [1270, 448], [1271, 448], [1272, 448], [1293, 448], [1294, 448], [1295, 448], [1313, 448], [1314, 448], [1315, 448], [1316, 448], [1251, 449], [1252, 449], [1253, 449], [1254, 449], [1271, 449], [1272, 449], [1273, 449], [1293, 449], [1294, 449], [1295, 449], [1296, 449], [1314, 449], [1315, 449], [1316, 449], [1317, 449], [1252, 450], [1253, 450], [1254, 450], [1271, 450], [1272, 450], [1273, 450], [1274, 450], [1294, 450], [1295, 450], [1296, 450], [1297, 450], [1298, 450], [1315, 450], [1316, 450], [1317, 450], [1318, 450], [1319, 450], [1253, 451], [1254, 451], [1255, 451], [1272, 451], [1273, 451], [1274, 451], [1275, 451], [1295, 451], [1296, 451], [1297, 451], [1298, 451], [1316, 451], [1317, 451], [1318, 451], [1319, 451], [1320, 451], [1253, 452], [1254, 452], [1255, 452], [1256, 452], [1273, 452], [1274, 452], [1275, 452], [1276, 452], [1297, 452], [1298, 452], [1299, 452], [1318, 452], [1319, 452], [1320, 452], [1321, 452], [1254, 453], [1255, 453], [1256, 453], [1257, 453], [1274, 453], [1275, 453], [1276, 453], [1277, 453], [1297, 453], [1298, 453], [1299, 453], [1300, 453], [1319, 453], [1320, 453], [1321, 453], [1322, 453], [1255, 454], [1256, 454], [1257, 454], [1258, 454], [1259, 454], [1275, 454], [1276, 454], [1277, 454], [1278, 454], [1298, 454], [1299, 454], [1300, 454], [1301, 454], [1320, 454], [1321, 454], [1322, 454], [1323, 454], [1256, 455], [1257, 455], [1258, 455], [1259, 455], [1260, 455], [1276, 455], [1277, 455], [1278, 455], [1279, 455], [1299, 455], [1300, 455], [1301, 455], [1302, 455], [1303, 455], [1321, 455], [1322, 455], [1323, 455], [1324, 455], [1258, 456], [1259, 456], [1260, 456], [1261, 456], [1277, 456], [1278, 456], [1279, 456], [1280, 456], [1300, 456], [1301, 456], [1302, 456], [1303, 456], [1304, 456], [1322, 456], [1323, 456], [1324, 456], [1325, 456], [1259, 457], [1260, 457], [1261, 457], [1262, 457], [1278, 457], [1279, 457], [1280, 457], [1281, 457], [1282, 457], [1302, 457], [1303, 457], [1304, 457], [1305, 457], [1323, 457], [1324, 457], [1325, 457], [1326, 457], [1260, 458], [1261, 458], [1262, 458], [1279, 458], [1280, 458], [1281, 458], [1282, 458], [1303, 458], [1304, 458], [1305, 458], [1306, 458], [1324, 458], [1325, 458], [1326, 458], [1261, 459], [1262, 459], [1263, 459], [1281, 459], [1282, 459], [1283, 459], [1304, 459], [1305, 459], [1306, 459], [1307, 459], [1325, 459], [1326, 459], [1327, 459], [1328, 459], [1261, 460], [1262, 460], [1263, 460], [1264, 460], [1281, 460], [1282, 460], [1283, 460], [1284, 460], [1305, 460], [1306, 460], [1307, 460], [1308, 460], [1325, 460], [1326, 460], [1327, 460], [1328, 460], [1329, 460], [1262, 461], [1263, 461], [1264, 461], [1265, 461], [1282, 461], [1283, 461], [1284, 461], [1285, 461], [1306, 461], [1307, 461], [1308, 461], [1309, 461], [1327, 461], [1328, 461], [1329, 461], [1330, 461], [1263, 462], [1264, 462], [1265, 462], [1266, 462], [1283, 462], [1284, 462], [1285, 462], [1286, 462], [1307, 462], [1308, 462], [1309, 462], [1310, 462], [1328, 462], [1329, 462], [1330, 462], [1331, 462], [1264, 463], [1265, 463], [1266, 463], [1267, 463], [1284, 463], [1285, 463], [1286, 463], [1287, 463], [1308, 463], [1309, 463], [1310, 463], [1311, 463], [1321, 463], [1322, 463], [1323, 463], [1324, 463], [1329, 463], [1330, 463], [1331, 463], [1332, 463], [1265, 464], [1266, 464], [1267, 464], [1268, 464], [1285, 464], [1286, 464], [1287, 464], [1288, 464], [1309, 464], [1310, 464], [1311, 464], [1312, 464], [1321, 464], [1322, 464], [1323, 464], [1324, 464], [1330, 464], [1331, 464], [1332, 464], [1333, 464], [1334, 464], [1266, 465], [1267, 465], [1268, 465], [1286, 465], [1287, 465], [1288, 465], [1289, 465], [1310, 465], [1311, 465], [1312, 465], [1313, 465], [1321, 465], [1322, 465], [1323, 465], [1324, 465], [1331, 465], [1332, 465], [1333, 465], [1334, 465], [1335, 465], [1267, 466], [1268, 466], [1269, 466], [1283, 466], [1284, 466], [1285, 466], [1286, 466], [1287, 466], [1288, 466], [1289, 466], [1290, 466], [1311, 466], [1312, 466], [1313, 466], [1314, 466], [1333, 466], [1334, 466], [1335, 466], [1336, 466], [1267, 467], [1268, 467], [1269, 467], [1270, 467], [1283, 467], [1284, 467], [1285, 467], [1286, 467], [1288, 467], [1289, 467], [1290, 467], [1291, 467], [1312, 467], [1313, 467], [1314, 467], [1315, 467], [1334, 467], [1335, 467], [1336, 467], [1337, 467], [1268, 468], [1269, 468], [1270, 468], [1271, 468], [1283, 468], [1284, 468], [1285, 468], [1286, 468], [1289, 468], [1290, 468], [1291, 468], [1292, 468], [1313, 468], [1314, 468], [1315, 468], [1316, 468], [1335, 468], [1336, 468], [1337, 468], [1338, 468], [1269, 469], [1270, 469], [1271, 469], [1272, 469], [1273, 469], [1274, 469], [1275, 469], [1276, 469], [1277, 469], [1278, 469], [1279, 469], [1290, 469], [1291, 469], [1292, 469], [1293, 469], [1314, 469], [1315, 469], [1316, 469], [1317, 469], [1336, 469], [1337, 469], [1338, 469], [1339, 469], [1270, 470], [1271, 470], [1272, 470], [1273, 470], [1274, 470], [1275, 470], [1276, 470], [1277, 470], [1278, 470], [1279, 470], [1280, 470], [1281, 470], [1291, 470], [1292, 470], [1293, 470], [1315, 470], [1316, 470], [1317, 470], [1318, 470], [1337, 470], [1338, 470], [1339, 470], [1340, 470], [1278, 471], [1279, 471], [1280, 471], [1281, 471], [1292, 471], [1293, 471], [1294, 471], [1316, 471], [1317, 471], [1318, 471], [1319, 471], [1338, 471], [1339, 471], [1340, 471], [1341, 471], [1279, 472], [1280, 472], [1281, 472], [1292, 472], [1293, 472], [1294, 472], [1295, 472], [1317, 472], [1318, 472], [1319, 472], [1320, 472], [1339, 472], [1340, 472], [1341, 472], [1342, 472], [1276, 473], [1277, 473], [1278, 473], [1279, 473], [1280, 473], [1281, 473], [1293, 473], [1294, 473], [1295, 473], [1296, 473], [1318, 473], [1319, 473], [1320, 473], [1321, 473], [1340, 473], [1341, 473], [1342, 473], [1343, 473], [1276, 474], [1277, 474], [1278, 474], [1279, 474], [1280, 474], [1294, 474], [1295, 474], [1296, 474], [1297, 474], [1319, 474], [1320, 474], [1321, 474], [1322, 474], [1323, 474], [1341, 474], [1342, 474], [1343, 474], [1344, 474], [1276, 475], [1277, 475], [1278, 475], [1295, 475], [1296, 475], [1297, 475], [1298, 475], [1299, 475], [1320, 475], [1321, 475], [1322, 475], [1323, 475], [1336, 475], [1337, 475], [1338, 475], [1339, 475], [1342, 475], [1343, 475], [1344, 475], [1345, 475], [1276, 476], [1277, 476], [1278, 476], [1279, 476], [1296, 476], [1297, 476], [1298, 476], [1299, 476], [1300, 476], [1322, 476], [1323, 476], [1324, 476], [1336, 476], [1337, 476], [1338, 476], [1339, 476], [1340, 476], [1343, 476], [1344, 476], [1345, 476], [1346, 476], [1277, 477], [1278, 477], [1279, 477], [1280, 477], [1298, 477], [1299, 477], [1300, 477], [1322, 477], [1323, 477], [1324, 477], [1325, 477], [1336, 477], [1337, 477], [1338, 477], [1339, 477], [1340, 477], [1341, 477], [1342, 477], [1343, 477], [1344, 477], [1345, 477], [1346, 477], [1347, 477], [1278, 478], [1279, 478], [1280, 478], [1281, 478], [1299, 478], [1300, 478], [1301, 478], [1323, 478], [1324, 478], [1325, 478], [1326, 478], [1336, 478], [1337, 478], [1339, 478], [1340, 478], [1341, 478], [1342, 478], [1343, 478], [1344, 478], [1346, 478], [1347, 478], [1348, 478], [1279, 479], [1280, 479], [1281, 479], [1282, 479], [1299, 479], [1300, 479], [1301, 479], [1302, 479], [1324, 479], [1325, 479], [1326, 479], [1327, 479], [1336, 479], [1337, 479], [1342, 479], [1343, 479], [1344, 479], [1345, 479], [1347, 479], [1348, 479], [1349, 479], [1350, 479], [1280, 480], [1281, 480], [1282, 480], [1283, 480], [1300, 480], [1301, 480], [1302, 480], [1303, 480], [1325, 480], [1326, 480], [1327, 480], [1328, 480], [1336, 480], [1337, 480], [1338, 480], [1339, 480], [1340, 480], [1341, 480], [1344, 480], [1345, 480], [1346, 480], [1348, 480], [1349, 480], [1350, 480], [1281, 481], [1282, 481], [1283, 481], [1284, 481], [1301, 481], [1302, 481], [1303, 481], [1304, 481], [1326, 481], [1327, 481], [1328, 481], [1329, 481], [1336, 481], [1337, 481], [1338, 481], [1339, 481], [1340, 481], [1341, 481], [1345, 481], [1346, 481], [1347, 481], [1348, 481], [1349, 481], [1350, 481], [1351, 481], [1282, 482], [1283, 482], [1284, 482], [1302, 482], [1303, 482], [1304, 482], [1305, 482], [1327, 482], [1328, 482], [1329, 482], [1330, 482], [1340, 482], [1341, 482], [1342, 482], [1346, 482], [1347, 482], [1348, 482], [1349, 482], [1350, 482], [1351, 482], [1352, 482], [1283, 483], [1284, 483], [1285, 483], [1303, 483], [1304, 483], [1305, 483], [1328, 483], [1329, 483], [1330, 483], [1331, 483], [1340, 483], [1341, 483], [1342, 483], [1343, 483], [1347, 483], [1348, 483], [1349, 483], [1350, 483], [1351, 483], [1352, 483], [1353, 483], [1283, 484], [1284, 484], [1285, 484], [1286, 484], [1304, 484], [1305, 484], [1306, 484], [1329, 484], [1330, 484], [1331, 484], [1332, 484], [1341, 484], [1342, 484], [1343, 484], [1344, 484], [1347, 484], [1348, 484], [1349, 484], [1350, 484], [1351, 484], [1352, 484], [1353, 484], [1354, 484], [1284, 485], [1285, 485], [1286, 485], [1287, 485], [1301, 485], [1302, 485], [1303, 485], [1304, 485], [1305, 485], [1306, 485], [1307, 485], [1330, 485], [1331, 485], [1332, 485], [1333, 485], [1334, 485], [1342, 485], [1343, 485], [1344, 485], [1345, 485], [1348, 485], [1349, 485], [1350, 485], [1351, 485], [1352, 485], [1353, 485], [1354, 485], [1355, 485], [1285, 486], [1286, 486], [1287, 486], [1288, 486], [1301, 486], [1302, 486], [1303, 486], [1304, 486], [1305, 486], [1306, 486], [1307, 486], [1331, 486], [1332, 486], [1333, 486], [1334, 486], [1335, 486], [1343, 486], [1344, 486], [1345, 486], [1349, 486], [1350, 486], [1351, 486], [1352, 486], [1354, 486], [1355, 486], [1356, 486], [1357, 486], [1286, 487], [1287, 487], [1288, 487], [1289, 487], [1301, 487], [1302, 487], [1304, 487], [1305, 487], [1306, 487], [1307, 487], [1333, 487], [1334, 487], [1335, 487], [1336, 487], [1344, 487], [1345, 487], [1350, 487], [1351, 487], [1352, 487], [1353, 487], [1355, 487], [1356, 487], [1357, 487], [1358, 487], [1287, 488], [1288, 488], [1289, 488], [1290, 488], [1301, 488], [1302, 488], [1303, 488], [1305, 488], [1306, 488], [1307, 488], [1334, 488], [1335, 488], [1336, 488], [1344, 488], [1345, 488], [1352, 488], [1353, 488], [1354, 488], [1355, 488], [1356, 488], [1357, 488], [1358, 488], [1359, 488], [1288, 489], [1289, 489], [1290, 489], [1291, 489], [1301, 489], [1302, 489], [1303, 489], [1304, 489], [1305, 489], [1335, 489], [1336, 489], [1337, 489], [1344, 489], [1345, 489], [1346, 489], [1347, 489], [1353, 489], [1354, 489], [1355, 489], [1356, 489], [1357, 489], [1358, 489], [1359, 489], [1360, 489], [1289, 490], [1290, 490], [1291, 490], [1292, 490], [1302, 490], [1303, 490], [1304, 490], [1305, 490], [1306, 490], [1335, 490], [1336, 490], [1337, 490], [1338, 490], [1339, 490], [1344, 490], [1345, 490], [1346, 490], [1347, 490], [1348, 490], [1354, 490], [1355, 490], [1356, 490], [1357, 490], [1359, 490], [1360, 490], [1290, 491], [1291, 491], [1292, 491], [1293, 491], [1304, 491], [1305, 491], [1306, 491], [1336, 491], [1337, 491], [1338, 491], [1339, 491], [1340, 491], [1346, 491], [1347, 491], [1348, 491], [1349, 491], [1355, 491], [1356, 491], [1357, 491], [1358, 491], [1359, 491], [1360, 491], [1361, 491], [1362, 491], [1291, 492], [1292, 492], [1293, 492], [1294, 492], [1298, 492], [1299, 492], [1300, 492], [1304, 492], [1305, 492], [1306, 492], [1311, 492], [1312, 492], [1313, 492], [1338, 492], [1339, 492], [1340, 492], [1341, 492], [1347, 492], [1348, 492], [1349, 492], [1350, 492], [1353, 492], [1354, 492], [1355, 492], [1357, 492], [1358, 492], [1359, 492], [1360, 492], [1361, 492], [1362, 492], [1363, 492], [1292, 493], [1293, 493], [1294, 493], [1295, 493], [1296, 493], [1297, 493], [1298, 493], [1299, 493], [1300, 493], [1301, 493], [1303, 493], [1304, 493], [1305, 493], [1311, 493], [1312, 493], [1313, 493], [1314, 493], [1339, 493], [1340, 493], [1341, 493], [1342, 493], [1348, 493], [1349, 493], [1350, 493], [1351, 493], [1352, 493], [1353, 493], [1354, 493], [1355, 493], [1356, 493], [1359, 493], [1360, 493], [1362, 493], [1363, 493], [1293, 494], [1294, 494], [1295, 494], [1296, 494], [1297, 494], [1298, 494], [1299, 494], [1300, 494], [1301, 494], [1302, 494], [1303, 494], [1304, 494], [1305, 494], [1311, 494], [1312, 494], [1313, 494], [1314, 494], [1340, 494], [1341, 494], [1342, 494], [1343, 494], [1349, 494], [1350, 494], [1351, 494], [1352, 494], [1353, 494], [1354, 494], [1355, 494], [1356, 494], [1357, 494], [1358, 494], [1359, 494], [1360, 494], [1361, 494], [1362, 494], [1363, 494], [1364, 494], [1365, 494], [1294, 495], [1295, 495], [1296, 495], [1297, 495], [1300, 495], [1301, 495], [1302, 495], [1303, 495], [1304, 495], [1312, 495], [1313, 495], [1315, 495], [1316, 495], [1341, 495], [1342, 495], [1343, 495], [1344, 495], [1351, 495], [1352, 495], [1353, 495], [1354, 495], [1355, 495], [1356, 495], [1357, 495], [1358, 495], [1360, 495], [1361, 495], [1362, 495], [1363, 495], [1364, 495], [1365, 495], [1366, 495], [1367, 495], [1300, 496], [1301, 496], [1302, 496], [1303, 496], [1304, 496], [1313, 496], [1314, 496], [1315, 496], [1316, 496], [1317, 496], [1342, 496], [1343, 496], [1344, 496], [1345, 496], [1351, 496], [1352, 496], [1353, 496], [1354, 496], [1357, 496], [1358, 496], [1362, 496], [1363, 496], [1365, 496], [1366, 496], [1367, 496], [1368, 496], [1300, 497], [1301, 497], [1302, 497], [1303, 497], [1304, 497], [1306, 497], [1307, 497], [1308, 497], [1309, 497], [1312, 497], [1313, 497], [1314, 497], [1315, 497], [1316, 497], [1317, 497], [1318, 497], [1343, 497], [1344, 497], [1345, 497], [1346, 497], [1357, 497], [1358, 497], [1362, 497], [1363, 497], [1364, 497], [1365, 497], [1366, 497], [1367, 497], [1368, 497], [1299, 498], [1300, 498], [1301, 498], [1303, 498], [1304, 498], [1305, 498], [1306, 498], [1307, 498], [1308, 498], [1309, 498], [1310, 498], [1311, 498], [1312, 498], [1313, 498], [1314, 498], [1316, 498], [1317, 498], [1318, 498], [1319, 498], [1344, 498], [1345, 498], [1346, 498], [1347, 498], [1357, 498], [1358, 498], [1359, 498], [1360, 498], [1361, 498], [1363, 498], [1364, 498], [1365, 498], [1367, 498], [1368, 498], [1369, 498], [1299, 499], [1300, 499], [1301, 499], [1303, 499], [1304, 499], [1305, 499], [1306, 499], [1307, 499], [1308, 499], [1309, 499], [1310, 499], [1311, 499], [1312, 499], [1313, 499], [1317, 499], [1318, 499], [1319, 499], [1320, 499], [1321, 499], [1345, 499], [1346, 499], [1347, 499], [1348, 499], [1356, 499], [1357, 499], [1359, 499], [1360, 499], [1361, 499], [1362, 499], [1364, 499], [1365, 499], [1366, 499], [1367, 499], [1368, 499], [1369, 499], [1370, 499], [1299, 500], [1300, 500], [1318, 500], [1319, 500], [1320, 500], [1321, 500], [1322, 500], [1346, 500], [1347, 500], [1348, 500], [1349, 500], [1356, 500], [1357, 500], [1358, 500], [1359, 500], [1360, 500], [1361, 500], [1362, 500], [1364, 500], [1365, 500], [1366, 500], [1368, 500], [1369, 500], [1370, 500], [1371, 500], [1372, 500], [1299, 501], [1300, 501], [1301, 501], [1320, 501], [1321, 501], [1322, 501], [1323, 501], [1347, 501], [1348, 501], [1349, 501], [1350, 501], [1356, 501], [1357, 501], [1358, 501], [1359, 501], [1360, 501], [1361, 501], [1362, 501], [1365, 501], [1366, 501], [1367, 501], [1368, 501], [1369, 501], [1370, 501], [1371, 501], [1372, 501], [1299, 502], [1300, 502], [1301, 502], [1302, 502], [1317, 502], [1318, 502], [1319, 502], [1320, 502], [1321, 502], [1322, 502], [1323, 502], [1348, 502], [1349, 502], [1350, 502], [1351, 502], [1360, 502], [1361, 502], [1365, 502], [1366, 502], [1367, 502], [1368, 502], [1369, 502], [1370, 502], [1371, 502], [1372, 502], [1373, 502], [1374, 502], [1300, 503], [1301, 503], [1302, 503], [1316, 503], [1317, 503], [1318, 503], [1319, 503], [1320, 503], [1321, 503], [1322, 503], [1323, 503], [1324, 503], [1349, 503], [1350, 503], [1351, 503], [1352, 503], [1360, 503], [1361, 503], [1362, 503], [1369, 503], [1370, 503], [1371, 503], [1372, 503], [1373, 503], [1374, 503], [1375, 503], [1301, 504], [1302, 504], [1303, 504], [1316, 504], [1317, 504], [1318, 504], [1319, 504], [1320, 504], [1321, 504], [1322, 504], [1323, 504], [1324, 504], [1325, 504], [1350, 504], [1351, 504], [1352, 504], [1353, 504], [1360, 504], [1361, 504], [1362, 504], [1363, 504], [1370, 504], [1371, 504], [1372, 504], [1373, 504], [1374, 504], [1375, 504], [1376, 504], [1301, 505], [1302, 505], [1303, 505], [1304, 505], [1316, 505], [1317, 505], [1318, 505], [1319, 505], [1320, 505], [1321, 505], [1322, 505], [1323, 505], [1324, 505], [1325, 505], [1326, 505], [1351, 505], [1352, 505], [1353, 505], [1354, 505], [1361, 505], [1362, 505], [1363, 505], [1364, 505], [1371, 505], [1372, 505], [1373, 505], [1374, 505], [1375, 505], [1376, 505], [1377, 505], [1302, 506], [1303, 506], [1304, 506], [1305, 506], [1317, 506], [1318, 506], [1319, 506], [1320, 506], [1321, 506], [1322, 506], [1323, 506], [1324, 506], [1325, 506], [1326, 506], [1327, 506], [1328, 506], [1352, 506], [1353, 506], [1354, 506], [1355, 506], [1362, 506], [1363, 506], [1364, 506], [1365, 506], [1366, 506], [1371, 506], [1372, 506], [1373, 506], [1374, 506], [1375, 506], [1376, 506], [1377, 506], [1378, 506], [1303, 507], [1304, 507], [1305, 507], [1306, 507], [1321, 507], [1322, 507], [1323, 507], [1324, 507], [1325, 507], [1327, 507], [1328, 507], [1329, 507], [1353, 507], [1354, 507], [1355, 507], [1356, 507], [1363, 507], [1364, 507], [1365, 507], [1366, 507], [1367, 507], [1372, 507], [1373, 507], [1374, 507], [1375, 507], [1377, 507], [1378, 507], [1379, 507], [1304, 508], [1305, 508], [1306, 508], [1307, 508], [1321, 508], [1322, 508], [1323, 508], [1324, 508], [1325, 508], [1326, 508], [1327, 508], [1328, 508], [1329, 508], [1330, 508], [1354, 508], [1355, 508], [1356, 508], [1357, 508], [1365, 508], [1366, 508], [1367, 508], [1368, 508], [1373, 508], [1374, 508], [1375, 508], [1376, 508], [1377, 508], [1378, 508], [1379, 508], [1380, 508], [1305, 509], [1306, 509], [1307, 509], [1308, 509], [1309, 509], [1321, 509], [1322, 509], [1323, 509], [1326, 509], [1327, 509], [1328, 509], [1329, 509], [1330, 509], [1355, 509], [1356, 509], [1357, 509], [1358, 509], [1366, 509], [1367, 509], [1368, 509], [1369, 509], [1375, 509], [1376, 509], [1377, 509], [1378, 509], [1379, 509], [1380, 509], [1306, 510], [1307, 510], [1308, 510], [1309, 510], [1310, 510], [1316, 510], [1317, 510], [1318, 510], [1321, 510], [1322, 510], [1323, 510], [1327, 510], [1328, 510], [1330, 510], [1331, 510], [1356, 510], [1357, 510], [1358, 510], [1359, 510], [1367, 510], [1368, 510], [1369, 510], [1370, 510], [1377, 510], [1378, 510], [1379, 510], [1380, 510], [1308, 511], [1309, 511], [1310, 511], [1311, 511], [1312, 511], [1313, 511], [1314, 511], [1315, 511], [1316, 511], [1318, 511], [1321, 511], [1322, 511], [1323, 511], [1324, 511], [1325, 511], [1327, 511], [1328, 511], [1329, 511], [1330, 511], [1331, 511], [1332, 511], [1357, 511], [1358, 511], [1359, 511], [1360, 511], [1368, 511], [1369, 511], [1370, 511], [1371, 511], [1372, 511], [1309, 512], [1310, 512], [1311, 512], [1312, 512], [1313, 512], [1314, 512], [1315, 512], [1316, 512], [1318, 512], [1319, 512], [1320, 512], [1322, 512], [1323, 512], [1324, 512], [1325, 512], [1326, 512], [1327, 512], [1328, 512], [1329, 512], [1330, 512], [1331, 512], [1332, 512], [1333, 512], [1358, 512], [1359, 512], [1360, 512], [1361, 512], [1362, 512], [1369, 512], [1370, 512], [1371, 512], [1372, 512], [1312, 513], [1313, 513], [1314, 513], [1315, 513], [1316, 513], [1317, 513], [1318, 513], [1319, 513], [1320, 513], [1321, 513], [1322, 513], [1324, 513], [1325, 513], [1326, 513], [1327, 513], [1328, 513], [1329, 513], [1330, 513], [1331, 513], [1332, 513], [1333, 513], [1334, 513], [1335, 513], [1359, 513], [1360, 513], [1361, 513], [1362, 513], [1363, 513], [1371, 513], [1372, 513], [1382, 513], [1383, 513], [1384, 513], [1385, 513], [1312, 514], [1313, 514], [1314, 514], [1315, 514], [1317, 514], [1318, 514], [1320, 514], [1321, 514], [1322, 514], [1323, 514], [1324, 514], [1325, 514], [1326, 514], [1328, 514], [1329, 514], [1330, 514], [1331, 514], [1333, 514], [1334, 514], [1335, 514], [1361, 514], [1362, 514], [1363, 514], [1371, 514], [1372, 514], [1382, 514], [1383, 514], [1384, 514], [1385, 514], [1313, 515], [1314, 515], [1315, 515], [1316, 515], [1317, 515], [1318, 515], [1321, 515], [1322, 515], [1323, 515], [1324, 515], [1325, 515], [1326, 515], [1329, 515], [1330, 515], [1331, 515], [1332, 515], [1333, 515], [1334, 515], [1335, 515], [1336, 515], [1362, 515], [1363, 515], [1364, 515], [1365, 515], [1371, 515], [1372, 515], [1382, 515], [1383, 515], [1384, 515], [1385, 515], [1313, 516], [1314, 516], [1315, 516], [1316, 516], [1317, 516], [1318, 516], [1319, 516], [1331, 516], [1332, 516], [1333, 516], [1335, 516], [1336, 516], [1337, 516], [1362, 516], [1363, 516], [1364, 516], [1365, 516], [1366, 516], [1371, 516], [1372, 516], [1382, 516], [1383, 516], [1384, 516], [1385, 516], [1314, 517], [1315, 517], [1316, 517], [1317, 517], [1318, 517], [1319, 517], [1332, 517], [1333, 517], [1334, 517], [1336, 517], [1337, 517], [1338, 517], [1364, 517], [1365, 517], [1366, 517], [1367, 517], [1371, 517], [1372, 517], [1314, 518], [1315, 518], [1316, 518], [1317, 518], [1318, 518], [1319, 518], [1333, 518], [1334, 518], [1335, 518], [1336, 518], [1337, 518], [1338, 518], [1339, 518], [1365, 518], [1366, 518], [1367, 518], [1368, 518], [1371, 518], [1372, 518], [1315, 519], [1316, 519], [1317, 519], [1318, 519], [1319, 519], [1320, 519], [1321, 519], [1334, 519], [1335, 519], [1336, 519], [1337, 519], [1338, 519], [1339, 519], [1340, 519], [1366, 519], [1367, 519], [1368, 519], [1369, 519], [1371, 519], [1372, 519], [1316, 520], [1317, 520], [1318, 520], [1319, 520], [1320, 520], [1321, 520], [1322, 520], [1336, 520], [1337, 520], [1338, 520], [1339, 520], [1340, 520], [1341, 520], [1367, 520], [1368, 520], [1369, 520], [1370, 520], [1371, 520], [1372, 520], [1373, 520], [1317, 521], [1318, 521], [1319, 521], [1321, 521], [1322, 521], [1323, 521], [1324, 521], [1327, 521], [1328, 521], [1329, 521], [1330, 521], [1337, 521], [1338, 521], [1339, 521], [1340, 521], [1341, 521], [1368, 521], [1369, 521], [1370, 521], [1371, 521], [1372, 521], [1373, 521], [1318, 522], [1319, 522], [1320, 522], [1322, 522], [1323, 522], [1324, 522], [1325, 522], [1326, 522], [1327, 522], [1328, 522], [1329, 522], [1330, 522], [1331, 522], [1332, 522], [1333, 522], [1337, 522], [1338, 522], [1339, 522], [1340, 522], [1341, 522], [1369, 522], [1370, 522], [1371, 522], [1372, 522], [1373, 522], [1374, 522], [1375, 522], [1378, 522], [1379, 522], [1380, 522], [1381, 522], [1319, 523], [1320, 523], [1321, 523], [1322, 523], [1324, 523], [1325, 523], [1326, 523], [1327, 523], [1328, 523], [1330, 523], [1331, 523], [1332, 523], [1333, 523], [1334, 523], [1339, 523], [1340, 523], [1342, 523], [1343, 523], [1371, 523], [1372, 523], [1373, 523], [1374, 523], [1375, 523], [1376, 523], [1377, 523], [1378, 523], [1379, 523], [1380, 523], [1381, 523], [1382, 523], [1383, 523], [1320, 524], [1321, 524], [1322, 524], [1323, 524], [1324, 524], [1325, 524], [1326, 524], [1328, 524], [1329, 524], [1330, 524], [1331, 524], [1332, 524], [1333, 524], [1334, 524], [1341, 524], [1342, 524], [1343, 524], [1344, 524], [1372, 524], [1373, 524], [1374, 524], [1375, 524], [1376, 524], [1377, 524], [1378, 524], [1379, 524], [1380, 524], [1381, 524], [1382, 524], [1383, 524], [1322, 525], [1323, 525], [1324, 525], [1326, 525], [1327, 525], [1328, 525], [1329, 525], [1330, 525], [1331, 525], [1332, 525], [1333, 525], [1334, 525], [1341, 525], [1342, 525], [1343, 525], [1344, 525], [1345, 525], [1373, 525], [1374, 525], [1375, 525], [1376, 525], [1377, 525], [1379, 525], [1380, 525], [1381, 525], [1382, 525], [1383, 525], [1323, 526], [1324, 526], [1325, 526], [1326, 526], [1327, 526], [1328, 526], [1338, 526], [1339, 526], [1340, 526], [1342, 526], [1343, 526], [1344, 526], [1345, 526], [1346, 526], [1373, 526], [1374, 526], [1375, 526], [1376, 526], [1377, 526], [1378, 526], [1379, 526], [1380, 526], [1381, 526], [1382, 526], [1383, 526], [1324, 527], [1325, 527], [1326, 527], [1327, 527], [1328, 527], [1329, 527], [1338, 527], [1339, 527], [1340, 527], [1341, 527], [1342, 527], [1343, 527], [1344, 527], [1345, 527], [1346, 527], [1347, 527], [1374, 527], [1375, 527], [1376, 527], [1377, 527], [1378, 527], [1379, 527], [1380, 527], [1381, 527], [1382, 527], [1326, 528], [1327, 528], [1328, 528], [1329, 528], [1331, 528], [1332, 528], [1333, 528], [1334, 528], [1335, 528], [1337, 528], [1338, 528], [1340, 528], [1341, 528], [1343, 528], [1344, 528], [1345, 528], [1346, 528], [1347, 528], [1385, 528], [1386, 528], [1387, 528], [1399, 528], [1400, 528], [1401, 528], [1326, 529], [1327, 529], [1328, 529], [1329, 529], [1330, 529], [1331, 529], [1332, 529], [1333, 529], [1334, 529], [1335, 529], [1336, 529], [1337, 529], [1338, 529], [1339, 529], [1340, 529], [1341, 529], [1345, 529], [1346, 529], [1347, 529], [1348, 529], [1349, 529], [1350, 529], [1379, 529], [1380, 529], [1381, 529], [1384, 529], [1385, 529], [1386, 529], [1387, 529], [1388, 529], [1399, 529], [1401, 529], [1326, 530], [1327, 530], [1328, 530], [1329, 530], [1330, 530], [1331, 530], [1333, 530], [1334, 530], [1335, 530], [1336, 530], [1337, 530], [1338, 530], [1339, 530], [1340, 530], [1341, 530], [1345, 530], [1346, 530], [1347, 530], [1348, 530], [1349, 530], [1350, 530], [1379, 530], [1381, 530], [1382, 530], [1383, 530], [1384, 530], [1385, 530], [1386, 530], [1387, 530], [1388, 530], [1399, 530], [1400, 530], [1401, 530], [1329, 531], [1330, 531], [1331, 531], [1332, 531], [1333, 531], [1334, 531], [1335, 531], [1336, 531], [1337, 531], [1338, 531], [1339, 531], [1340, 531], [1341, 531], [1347, 531], [1348, 531], [1349, 531], [1350, 531], [1379, 531], [1380, 531], [1381, 531], [1383, 531], [1384, 531], [1385, 531], [1386, 531], [1387, 531], [1388, 531], [1329, 532], [1330, 532], [1331, 532], [1332, 532], [1333, 532], [1337, 532], [1338, 532], [1339, 532], [1340, 532], [1341, 532], [1347, 532], [1348, 532], [1349, 532], [1350, 532], [1381, 532], [1382, 532], [1383, 532], [1384, 532], [1385, 532], [1386, 532], [1329, 533], [1330, 533], [1331, 533], [1332, 533], [1333, 533], [1338, 533], [1339, 533], [1340, 533], [1341, 533], [1348, 533], [1349, 533], [1350, 533], [1384, 533], [1385, 533], [1386, 533], [1387, 533], [1384, 534], [1385, 534], [1386, 534], [1387, 534], [1384, 535], [1385, 535], [1386, 535], [1387, 535], [1355, 538], [1356, 538], [1357, 538], [1355, 539], [1357, 539], [1355, 540], [1356, 540], [1357, 540], [1468, 637], [1469, 637], [1470, 637], [1471, 637], [1472, 637], [1473, 637], [1468, 638], [1469, 638], [1470, 638], [1471, 638], [1472, 638], [1473, 638], [1474, 638], [1475, 638], [1476, 638], [1478, 638], [1479, 638], [1480, 638], [1481, 638], [1482, 638], [1483, 638], [1484, 638], [1485, 638], [1486, 638], [1487, 638], [1488, 638], [1489, 638], [1490, 638], [1491, 638], [1468, 639], [1469, 639], [1471, 639], [1472, 639], [1473, 639], [1475, 639], [1476, 639], [1478, 639], [1479, 639], [1487, 639], [1489, 639], [1490, 639], [1491, 639], [1468, 640], [1469, 640], [1470, 640], [1471, 640], [1472, 640], [1473, 640], [1474, 640], [1475, 640], [1476, 640], [1478, 640], [1479, 640], [1480, 640], [1481, 640], [1482, 640], [1483, 640], [1484, 640], [1485, 640], [1486, 640], [1487, 640], [1488, 640], [1489, 640], [1490, 640], [1491, 640], [1468, 641], [1469, 641], [1470, 641], [1471, 641], [1472, 641], [1469, 642], [1470, 642], [1471, 642], [1469, 643], [1470, 643], [1471, 643]


