White line left - [632, 761], [631, 762], [629, 763], [630, 763], [631, 763], [629, 764], [630, 764], [628, 765], [629, 765], [630, 765], [628, 766], [629, 766], [630, 766], [628, 767], [629, 767], [627, 768], [628, 768], [629, 768], [627, 769], [628, 769], [629, 769], [627, 770], [628, 770], [626, 771], [627, 771], [628, 771], [626, 772], [627, 772], [628, 772], [626, 773], [627, 773], [626, 774], [627, 774], [625, 775], [626, 775], [627, 775], [625, 776], [626, 776], [627, 776], [624, 777], [625, 777], [626, 777], [608, 778], [609, 778], [610, 778], [611, 778], [612, 778], [613, 778], [624, 778], [625, 778], [626, 778], [602, 779], [603, 779], [604, 779], [605, 779], [606, 779], [607, 779], [608, 779], [609, 779], [610, 779], [611, 779], [612, 779], [613, 779], [614, 779], [624, 779], [625, 779], [600, 780], [601, 780], [602, 780], [603, 780], [604, 780], [605, 780], [606, 780], [607, 780], [608, 780], [609, 780], [612, 780], [613, 780], [614, 780], [623, 780], [624, 780], [625, 780], [599, 781], [600, 781], [601, 781], [605, 781], [606, 781], [607, 781], [608, 781], [613, 781], [614, 781], [615, 781], [616, 781], [617, 781], [623, 781], [624, 781], [625, 781], [597, 782], [598, 782], [599, 782], [600, 782], [613, 782], [614, 782], [615, 782], [617, 782], [618, 782], [619, 782], [623, 782], [624, 782], [595, 783], [596, 783], [597, 783], [614, 783], [615, 783], [616, 783], [617, 783], [618, 783], [619, 783], [622, 783], [623, 783], [624, 783], [594, 784], [595, 784], [596, 784], [597, 784], [614, 784], [615, 784], [616, 784], [617, 784], [618, 784], [619, 784], [620, 784], [622, 784], [623, 784], [624, 784], [592, 785], [593, 785], [594, 785], [618, 785], [619, 785], [620, 785], [621, 785], [622, 785], [623, 785], [592, 786], [593, 786], [594, 786], [618, 786], [619, 786], [620, 786], [621, 786], [622, 786], [623, 786], [593, 787], [594, 787], [595, 787], [596, 787], [597, 787], [618, 787], [619, 787], [620, 787], [621, 787], [622, 787], [593, 788], [594, 788], [595, 788], [596, 788], [597, 788], [598, 788], [599, 788], [600, 788], [601, 788], [618, 788], [619, 788], [621, 788], [622, 788], [585, 789], [596, 789], [597, 789], [598, 789], [599, 789], [600, 789], [601, 789], [616, 789], [617, 789], [618, 789], [619, 789], [620, 789], [621, 789], [622, 789], [584, 790], [600, 790], [601, 790], [616, 790], [617, 790], [618, 790], [619, 790], [620, 790], [621, 790], [622, 790], [582, 791], [583, 791], [584, 791], [600, 791], [601, 791], [609, 791], [610, 791], [611, 791], [616, 791], [617, 791], [619, 791], [620, 791], [621, 791], [581, 792], [582, 792], [583, 792], [600, 792], [601, 792], [609, 792], [610, 792], [611, 792], [612, 792], [613, 792], [614, 792], [615, 792], [616, 792], [617, 792], [619, 792], [620, 792], [621, 792], [581, 793], [582, 793], [583, 793], [599, 793], [600, 793], [601, 793], [608, 793], [609, 793], [610, 793], [611, 793], [612, 793], [613, 793], [614, 793], [616, 793], [617, 793], [619, 793], [620, 793], [581, 794], [582, 794], [599, 794], [600, 794], [601, 794], [607, 794], [608, 794], [609, 794], [610, 794], [613, 794], [614, 794], [615, 794], [616, 794], [617, 794], [618, 794], [619, 794], [620, 794], [580, 795], [581, 795], [582, 795], [599, 795], [600, 795], [607, 795], [608, 795], [609, 795], [610, 795], [611, 795], [612, 795], [613, 795], [614, 795], [616, 795], [617, 795], [618, 795], [619, 795], [620, 795], [580, 796], [581, 796], [582, 796], [599, 796], [600, 796], [607, 796], [608, 796], [609, 796], [611, 796], [612, 796], [613, 796], [615, 796], [616, 796], [617, 796], [618, 796], [619, 796], [579, 797], [580, 797], [581, 797], [599, 797], [600, 797], [607, 797], [608, 797], [609, 797], [611, 797], [612, 797], [615, 797], [616, 797], [617, 797], [618, 797], [619, 797], [579, 798], [580, 798], [581, 798], [598, 798], [599, 798], [600, 798], [607, 798], [608, 798], [609, 798], [610, 798], [611, 798], [612, 798], [615, 798], [616, 798], [617, 798], [618, 798], [579, 799], [580, 799], [598, 799], [599, 799], [600, 799], [607, 799], [608, 799], [609, 799], [610, 799], [611, 799], [612, 799], [614, 799], [615, 799], [616, 799], [617, 799], [618, 799], [578, 800], [579, 800], [580, 800], [597, 800], [598, 800], [599, 800], [607, 800], [608, 800], [609, 800], [610, 800], [611, 800], [614, 800], [615, 800], [616, 800], [617, 800], [618, 800], [578, 801], [579, 801], [580, 801], [597, 801], [598, 801], [599, 801], [606, 801], [607, 801], [608, 801], [610, 801], [611, 801], [614, 801], [615, 801], [616, 801], [617, 801], [577, 802], [578, 802], [579, 802], [596, 802], [597, 802], [598, 802], [606, 802], [607, 802], [608, 802], [609, 802], [610, 802], [611, 802], [613, 802], [614, 802], [615, 802], [616, 802], [617, 802], [577, 803], [578, 803], [579, 803], [595, 803], [596, 803], [597, 803], [598, 803], [606, 803], [607, 803], [608, 803], [609, 803], [610, 803], [611, 803], [613, 803], [614, 803], [615, 803], [616, 803], [617, 803], [576, 804], [577, 804], [578, 804], [595, 804], [596, 804], [597, 804], [612, 804], [613, 804], [614, 804], [615, 804], [616, 804], [576, 805], [577, 805], [578, 805], [583, 805], [584, 805], [585, 805], [586, 805], [587, 805], [594, 805], [595, 805], [596, 805], [612, 805], [613, 805], [614, 805], [615, 805], [616, 805], [576, 806], [577, 806], [581, 806], [582, 806], [583, 806], [584, 806], [585, 806], [586, 806], [587, 806], [592, 806], [593, 806], [594, 806], [595, 806], [596, 806], [611, 806], [612, 806], [613, 806], [614, 806], [615, 806], [575, 807], [576, 807], [577, 807], [580, 807], [581, 807], [582, 807], [583, 807], [584, 807], [586, 807], [587, 807], [592, 807], [593, 807], [594, 807], [595, 807], [611, 807], [612, 807], [614, 807], [615, 807], [574, 808], [575, 808], [576, 808], [577, 808], [579, 808], [580, 808], [581, 808], [582, 808], [585, 808], [586, 808], [587, 808], [591, 808], [592, 808], [593, 808], [594, 808], [595, 808], [611, 808], [612, 808], [613, 808], [614, 808], [615, 808], [574, 809], [575, 809], [576, 809], [579, 809], [580, 809], [581, 809], [585, 809], [586, 809], [587, 809], [590, 809], [591, 809], [592, 809], [593, 809], [610, 809], [611, 809], [612, 809], [613, 809], [614, 809], [574, 810], [575, 810], [579, 810], [580, 810], [584, 810], [585, 810], [586, 810], [590, 810], [591, 810], [592, 810], [610, 810], [611, 810], [613, 810], [614, 810], [573, 811], [574, 811], [575, 811], [578, 811], [579, 811], [580, 811], [583, 811], [584, 811], [585, 811], [586, 811], [589, 811], [590, 811], [591, 811], [610, 811], [611, 811], [612, 811], [613, 811], [614, 811], [573, 812], [574, 812], [575, 812], [578, 812], [579, 812], [580, 812], [582, 812], [583, 812], [584, 812], [585, 812], [588, 812], [589, 812], [590, 812], [591, 812], [610, 812], [611, 812], [612, 812], [613, 812], [573, 813], [574, 813], [578, 813], [579, 813], [580, 813], [581, 813], [582, 813], [583, 813], [584, 813], [587, 813], [588, 813], [589, 813], [590, 813], [609, 813], [610, 813], [611, 813], [612, 813], [613, 813], [572, 814], [573, 814], [574, 814], [579, 814], [580, 814], [581, 814], [582, 814], [583, 814], [586, 814], [587, 814], [588, 814], [589, 814], [609, 814], [610, 814], [611, 814], [612, 814], [613, 814], [572, 815], [573, 815], [574, 815], [586, 815], [587, 815], [588, 815], [609, 815], [610, 815], [611, 815], [612, 815], [571, 816], [572, 816], [573, 816], [584, 816], [585, 816], [586, 816], [587, 816], [608, 816], [609, 816], [611, 816], [612, 816], [571, 817], [572, 817], [573, 817], [584, 817], [585, 817], [586, 817], [587, 817], [608, 817], [609, 817], [610, 817], [611, 817], [571, 818], [572, 818], [584, 818], [585, 818], [586, 818], [607, 818], [608, 818], [610, 818], [611, 818], [570, 819], [571, 819], [572, 819], [584, 819], [585, 819], [586, 819], [587, 819], [607, 819], [608, 819], [609, 819], [610, 819], [570, 820], [571, 820], [572, 820], [585, 820], [586, 820], [587, 820], [607, 820], [608, 820], [609, 820], [610, 820], [570, 821], [571, 821], [585, 821], [586, 821], [587, 821], [606, 821], [607, 821], [609, 821], [610, 821], [569, 822], [570, 822], [571, 822], [585, 822], [586, 822], [587, 822], [605, 822], [606, 822], [607, 822], [608, 822], [609, 822], [569, 823], [570, 823], [571, 823], [586, 823], [587, 823], [588, 823], [589, 823], [603, 823], [604, 823], [605, 823], [606, 823], [607, 823], [608, 823], [609, 823], [568, 824], [569, 824], [570, 824], [586, 824], [587, 824], [588, 824], [589, 824], [590, 824], [591, 824], [592, 824], [593, 824], [594, 824], [595, 824], [597, 824], [598, 824], [599, 824], [600, 824], [601, 824], [602, 824], [603, 824], [604, 824], [605, 824], [606, 824], [607, 824], [608, 824], [568, 825], [569, 825], [570, 825], [588, 825], [589, 825], [590, 825], [591, 825], [592, 825], [593, 825], [594, 825], [595, 825], [596, 825], [597, 825], [598, 825], [599, 825], [600, 825], [601, 825], [602, 825], [603, 825], [604, 825], [606, 825], [607, 825], [608, 825], [568, 826], [569, 826], [594, 826], [595, 826], [596, 826], [597, 826], [598, 826], [606, 826], [607, 826], [608, 826], [567, 827], [568, 827], [569, 827], [606, 827], [607, 827], [567, 828], [568, 828], [569, 828], [605, 828], [606, 828], [607, 828], [566, 829], [567, 829], [568, 829], [605, 829], [606, 829], [607, 829], [566, 830], [567, 830], [568, 830], [605, 830], [606, 830], [566, 831], [567, 831], [604, 831], [605, 831], [606, 831], [565, 832], [566, 832], [567, 832], [604, 832], [605, 832], [606, 832], [564, 833], [565, 833], [566, 833], [567, 833], [603, 833], [604, 833], [605, 833], [564, 834], [565, 834], [566, 834], [603, 834], [604, 834], [605, 834], [564, 835], [565, 835], [602, 835], [603, 835], [604, 835], [563, 836], [564, 836], [565, 836], [602, 836], [603, 836], [604, 836], [563, 837], [564, 837], [565, 837], [601, 837], [602, 837], [603, 837], [562, 838], [563, 838], [564, 838], [601, 838], [602, 838], [603, 838], [562, 839], [563, 839], [564, 839], [601, 839], [602, 839], [562, 840], [563, 840], [600, 840], [601, 840], [602, 840], [561, 841], [562, 841], [563, 841], [600, 841], [601, 841], [602, 841], [561, 842], [562, 842], [563, 842], [600, 842], [601, 842], [560, 843], [561, 843], [562, 843], [599, 843], [600, 843], [601, 843], [560, 844], [561, 844], [562, 844], [599, 844], [600, 844], [601, 844], [559, 845], [560, 845], [561, 845], [598, 845], [599, 845], [600, 845], [559, 846], [560, 846], [561, 846], [598, 846], [599, 846], [600, 846], [559, 847], [560, 847], [598, 847], [599, 847], [558, 848], [559, 848], [560, 848], [598, 848], [599, 848], [558, 849], [559, 849], [560, 849], [597, 849], [598, 849], [599, 849], [557, 850], [558, 850], [559, 850], [597, 850], [598, 850], [599, 850], [557, 851], [558, 851], [559, 851], [596, 851], [597, 851], [598, 851], [557, 852], [558, 852], [596, 852], [597, 852], [598, 852], [556, 853], [557, 853], [558, 853], [596, 853], [597, 853], [556, 854], [557, 854], [558, 854], [595, 854], [596, 854], [597, 854], [556, 855], [557, 855], [595, 855], [596, 855], [597, 855], [555, 856], [556, 856], [557, 856], [594, 856], [595, 856], [596, 856], [555, 857], [556, 857], [557, 857], [594, 857], [595, 857], [596, 857], [555, 858], [556, 858], [594, 858], [595, 858], [554, 859], [555, 859], [556, 859], [593, 859], [594, 859], [595, 859], [554, 860], [555, 860], [556, 860], [593, 860], [594, 860], [595, 860], [553, 861], [554, 861], [555, 861], [593, 861], [594, 861], [553, 862], [554, 862], [555, 862], [592, 862], [593, 862], [594, 862], [553, 863], [554, 863], [592, 863], [593, 863], [594, 863], [552, 864], [553, 864], [554, 864], [591, 864], [592, 864], [593, 864], [552, 865], [553, 865], [554, 865], [591, 865], [592, 865], [593, 865], [551, 866], [552, 866], [553, 866], [591, 866], [592, 866], [551, 867], [552, 867], [553, 867], [591, 867], [592, 867], [551, 868], [552, 868], [590, 868], [591, 868], [592, 868], [550, 869], [551, 869], [552, 869], [590, 869], [591, 869], [592, 869], [549, 870], [550, 870], [551, 870], [552, 870], [590, 870], [591, 870], [549, 871], [550, 871], [551, 871], [589, 871], [590, 871], [591, 871], [549, 872], [550, 872], [589, 872], [590, 872], [591, 872], [548, 873], [549, 873], [550, 873], [588, 873], [589, 873], [590, 873], [548, 874], [549, 874], [550, 874], [588, 874], [589, 874], [590, 874], [548, 875], [549, 875], [588, 875], [589, 875], [547, 876], [548, 876], [549, 876], [587, 876], [588, 876], [589, 876], [547, 877], [548, 877], [549, 877], [587, 877], [588, 877], [589, 877], [546, 878], [547, 878], [548, 878], [587, 878], [588, 878], [546, 879], [547, 879], [548, 879], [586, 879], [587, 879], [588, 879], [546, 880], [547, 880], [586, 880], [587, 880], [588, 880], [545, 881], [546, 881], [547, 881], [586, 881], [587, 881], [545, 882], [546, 882], [547, 882], [585, 882], [586, 882], [587, 882], [545, 883], [546, 883], [585, 883], [586, 883], [587, 883], [544, 884], [545, 884], [546, 884], [584, 884], [585, 884], [586, 884], [544, 885], [545, 885], [546, 885], [584, 885], [585, 885], [586, 885], [543, 886], [544, 886], [545, 886], [584, 886], [585, 886], [543, 887], [544, 887], [545, 887], [584, 887], [585, 887], [542, 888], [543, 888], [544, 888], [583, 888], [584, 888], [585, 888], [542, 889], [543, 889], [544, 889], [583, 889], [584, 889], [585, 889], [542, 890], [543, 890], [583, 890], [584, 890], [541, 891], [542, 891], [543, 891], [582, 891], [583, 891], [584, 891], [541, 892], [542, 892], [543, 892], [582, 892], [583, 892], [584, 892], [540, 893], [541, 893], [542, 893], [581, 893], [582, 893], [583, 893], [540, 894], [541, 894], [542, 894], [581, 894], [582, 894], [583, 894], [539, 895], [540, 895], [541, 895], [580, 895], [581, 895], [582, 895], [539, 896], [540, 896], [541, 896], [579, 896], [580, 896], [581, 896], [582, 896], [539, 897], [540, 897], [579, 897], [580, 897], [581, 897], [538, 898], [539, 898], [540, 898], [579, 898], [580, 898], [538, 899], [539, 899], [540, 899], [578, 899], [579, 899], [580, 899], [537, 900], [538, 900], [539, 900], [578, 900], [579, 900], [580, 900], [537, 901], [538, 901], [539, 901], [578, 901], [579, 901], [537, 902], [538, 902], [578, 902], [579, 902], [536, 903], [537, 903], [538, 903], [577, 903], [578, 903], [579, 903], [536, 904], [537, 904], [538, 904], [577, 904], [578, 904], [579, 904], [535, 905], [536, 905], [537, 905], [577, 905], [578, 905], [535, 906], [536, 906], [537, 906], [577, 906], [578, 906], [535, 907], [536, 907], [577, 907], [578, 907], [534, 908], [535, 908], [536, 908], [576, 908], [577, 908], [578, 908], [534, 909], [535, 909], [536, 909], [576, 909], [577, 909], [578, 909], [533, 910], [534, 910], [535, 910], [576, 910], [577, 910], [533, 911], [534, 911], [535, 911], [576, 911], [577, 911], [533, 912], [534, 912], [576, 912], [577, 912], [532, 913], [533, 913], [534, 913], [575, 913], [576, 913], [577, 913], [532, 914], [533, 914], [534, 914], [575, 914], [576, 914], [577, 914], [531, 915], [532, 915], [533, 915], [575, 915], [576, 915], [531, 916], [532, 916], [533, 916], [574, 916], [575, 916], [576, 916], [531, 917], [532, 917], [574, 917], [575, 917], [576, 917], [530, 918], [531, 918], [532, 918], [573, 918], [574, 918], [575, 918], [530, 919], [531, 919], [532, 919], [573, 919], [574, 919], [575, 919], [529, 920], [530, 920], [531, 920], [573, 920], [574, 920], [529, 921], [530, 921], [531, 921], [573, 921], [574, 921], [529, 922], [530, 922], [572, 922], [573, 922], [574, 922], [528, 923], [529, 923], [530, 923], [572, 923], [573, 923], [574, 923], [528, 924], [529, 924], [530, 924], [572, 924], [573, 924], [528, 925], [529, 925], [571, 925], [572, 925], [573, 925], [528, 926], [529, 926], [571, 926], [572, 926], [573, 926], [527, 927], [528, 927], [529, 927], [570, 927], [571, 927], [572, 927], [527, 928], [528, 928], [529, 928], [570, 928], [571, 928], [572, 928], [526, 929], [527, 929], [528, 929], [570, 929], [571, 929], [526, 930], [527, 930], [528, 930], [569, 930], [570, 930], [571, 930], [525, 931], [526, 931], [527, 931], [569, 931], [570, 931], [571, 931], [525, 932], [526, 932], [527, 932], [568, 932], [569, 932], [570, 932], [525, 933], [526, 933], [568, 933], [569, 933], [570, 933], [524, 934], [525, 934], [526, 934], [568, 934], [569, 934], [524, 935], [525, 935], [526, 935], [567, 935], [568, 935], [569, 935], [524, 936], [525, 936], [567, 936], [568, 936], [569, 936], [523, 937], [524, 937], [525, 937], [566, 937], [567, 937], [568, 937], [523, 938], [524, 938], [525, 938], [566, 938], [567, 938], [568, 938], [523, 939], [524, 939], [566, 939], [567, 939], [522, 940], [523, 940], [524, 940], [566, 940], [567, 940], [522, 941], [523, 941], [524, 941], [565, 941], [566, 941], [567, 941], [522, 942], [523, 942], [565, 942], [566, 942], [567, 942], [522, 943], [523, 943], [565, 943], [566, 943], [521, 944], [522, 944], [523, 944], [564, 944], [565, 944], [566, 944], [520, 945], [521, 945], [522, 945], [523, 945], [564, 945], [565, 945], [566, 945], [520, 946], [521, 946], [522, 946], [564, 946], [565, 946], [520, 947], [521, 947], [563, 947], [564, 947], [565, 947], [519, 948], [520, 948], [521, 948], [563, 948], [564, 948], [565, 948], [519, 949], [520, 949], [521, 949], [563, 949], [564, 949], [518, 950], [519, 950], [520, 950], [562, 950], [563, 950], [564, 950], [518, 951], [519, 951], [520, 951], [562, 951], [563, 951], [564, 951], [517, 952], [518, 952], [519, 952], [562, 952], [563, 952], [517, 953], [518, 953], [519, 953], [561, 953], [562, 953], [563, 953], [516, 954], [517, 954], [518, 954], [561, 954], [562, 954], [563, 954], [516, 955], [517, 955], [518, 955], [560, 955], [561, 955], [562, 955], [515, 956], [516, 956], [517, 956], [560, 956], [561, 956], [562, 956], [515, 957], [516, 957], [517, 957], [560, 957], [561, 957], [514, 958], [515, 958], [516, 958], [559, 958], [560, 958], [561, 958], [514, 959], [515, 959], [516, 959], [559, 959], [560, 959], [561, 959], [514, 960], [515, 960], [558, 960], [559, 960], [560, 960], [513, 961], [514, 961], [515, 961], [558, 961], [559, 961], [560, 961], [513, 962], [514, 962], [515, 962], [558, 962], [559, 962], [512, 963], [513, 963], [514, 963], [557, 963], [558, 963], [559, 963], [512, 964], [513, 964], [514, 964], [557, 964], [558, 964], [559, 964], [511, 965], [512, 965], [513, 965], [557, 965], [558, 965], [511, 966], [512, 966], [513, 966], [556, 966], [557, 966], [558, 966], [511, 967], [512, 967], [556, 967], [557, 967], [558, 967], [510, 968], [511, 968], [512, 968], [556, 968], [557, 968], [510, 969], [511, 969], [512, 969], [556, 969], [557, 969], [510, 970], [511, 970], [556, 970], [557, 970], [509, 971], [510, 971], [511, 971], [555, 971], [556, 971], [557, 971], [509, 972], [510, 972], [511, 972], [555, 972], [556, 972], [557, 972], [508, 973], [509, 973], [510, 973], [555, 973], [556, 973], [508, 974], [509, 974], [510, 974], [554, 974], [555, 974], [556, 974], [508, 975], [509, 975], [554, 975], [555, 975], [556, 975], [507, 976], [508, 976], [509, 976], [554, 976], [555, 976], [507, 977], [508, 977], [509, 977], [553, 977], [554, 977], [555, 977], [506, 978], [507, 978], [508, 978], [553, 978], [554, 978], [555, 978], [506, 979], [507, 979], [508, 979], [553, 979], [554, 979], [506, 980], [507, 980], [552, 980], [553, 980], [554, 980], [505, 981], [506, 981], [507, 981], [552, 981], [553, 981], [554, 981], [505, 982], [506, 982], [507, 982], [551, 982], [552, 982], [553, 982], [504, 983], [505, 983], [506, 983], [551, 983], [552, 983], [553, 983], [504, 984], [505, 984], [506, 984], [551, 984], [552, 984], [504, 985], [505, 985], [550, 985], [551, 985], [552, 985], [503, 986], [504, 986], [505, 986], [550, 986], [551, 986], [552, 986], [503, 987], [504, 987], [505, 987], [550, 987], [551, 987], [502, 988], [503, 988], [504, 988], [549, 988], [550, 988], [551, 988], [502, 989], [503, 989], [504, 989], [549, 989], [550, 989], [551, 989], [502, 990], [503, 990], [548, 990], [549, 990], [550, 990], [501, 991], [502, 991], [503, 991], [548, 991], [549, 991], [550, 991], [501, 992], [502, 992], [503, 992], [547, 992], [548, 992], [549, 992], [500, 993], [501, 993], [502, 993], [547, 993], [548, 993], [549, 993], [500, 994], [501, 994], [502, 994], [547, 994], [548, 994], [499, 995], [500, 995], [501, 995], [546, 995], [547, 995], [548, 995], [499, 996], [500, 996], [501, 996], [546, 996], [547, 996], [548, 996], [499, 997], [500, 997], [546, 997], [547, 997], [498, 998], [499, 998], [500, 998], [545, 998], [546, 998], [547, 998], [498, 999], [499, 999], [500, 999], [545, 999], [546, 999], [547, 999], [498, 1000], [499, 1000], [544, 1000], [545, 1000], [546, 1000], [497, 1001], [498, 1001], [499, 1001], [544, 1001], [545, 1001], [546, 1001], [497, 1002], [498, 1002], [499, 1002], [544, 1002], [545, 1002], [496, 1003], [497, 1003], [498, 1003], [529, 1003], [530, 1003], [531, 1003], [543, 1003], [544, 1003], [545, 1003], [496, 1004], [497, 1004], [498, 1004], [529, 1004], [530, 1004], [531, 1004], [543, 1004], [544, 1004], [545, 1004], [495, 1005], [496, 1005], [497, 1005], [529, 1005], [530, 1005], [531, 1005], [543, 1005], [544, 1005], [495, 1006], [496, 1006], [497, 1006], [529, 1006], [530, 1006], [531, 1006], [542, 1006], [543, 1006], [544, 1006], [494, 1007], [495, 1007], [496, 1007], [527, 1007], [528, 1007], [529, 1007], [542, 1007], [543, 1007], [544, 1007], [494, 1008], [495, 1008], [496, 1008], [527, 1008], [529, 1008], [542, 1008], [543, 1008], [493, 1009], [494, 1009], [495, 1009], [527, 1009], [528, 1009], [529, 1009], [541, 1009], [542, 1009], [543, 1009], [493, 1010], [494, 1010], [495, 1010], [541, 1010], [542, 1010], [543, 1010], [493, 1011], [494, 1011], [541, 1011], [542, 1011], [492, 1012], [493, 1012], [494, 1012], [540, 1012], [541, 1012], [542, 1012], [492, 1013], [493, 1013], [494, 1013], [540, 1013], [541, 1013], [542, 1013], [491, 1014], [492, 1014], [493, 1014], [514, 1014], [515, 1014], [516, 1014], [540, 1014], [541, 1014], [491, 1015], [492, 1015], [493, 1015], [514, 1015], [515, 1015], [516, 1015], [539, 1015], [540, 1015], [541, 1015], [490, 1016], [491, 1016], [492, 1016], [513, 1016], [514, 1016], [515, 1016], [516, 1016], [539, 1016], [540, 1016], [541, 1016], [490, 1017], [491, 1017], [492, 1017], [513, 1017], [514, 1017], [515, 1017], [516, 1017], [538, 1017], [539, 1017], [540, 1017], [489, 1018], [490, 1018], [491, 1018], [513, 1018], [515, 1018], [538, 1018], [539, 1018], [540, 1018], [489, 1019], [490, 1019], [491, 1019], [513, 1019], [514, 1019], [515, 1019], [538, 1019], [539, 1019], [488, 1020], [489, 1020], [490, 1020], [513, 1020], [514, 1020], [515, 1020], [537, 1020], [538, 1020], [539, 1020], [488, 1021], [489, 1021], [490, 1021], [537, 1021], [538, 1021], [539, 1021], [488, 1022], [489, 1022], [536, 1022], [537, 1022], [538, 1022], [487, 1023], [488, 1023], [489, 1023], [536, 1023], [537, 1023], [538, 1023], [487, 1024], [488, 1024], [489, 1024], [536, 1024], [537, 1024], [486, 1025], [487, 1025], [488, 1025], [535, 1025], [536, 1025], [537, 1025], [486, 1026], [487, 1026], [488, 1026], [535, 1026], [536, 1026], [537, 1026], [486, 1027], [487, 1027], [534, 1027], [535, 1027], [536, 1027], [485, 1028], [486, 1028], [487, 1028], [534, 1028], [535, 1028], [536, 1028], [485, 1029], [486, 1029], [487, 1029], [533, 1029], [534, 1029], [535, 1029], [485, 1030], [486, 1030], [533, 1030], [534, 1030], [535, 1030], [485, 1031], [486, 1031], [533, 1031], [534, 1031], [484, 1032], [485, 1032], [486, 1032], [532, 1032], [533, 1032], [534, 1032], [484, 1033], [485, 1033], [486, 1033], [532, 1033], [533, 1033], [534, 1033], [484, 1034], [485, 1034], [531, 1034], [532, 1034], [533, 1034], [483, 1035], [484, 1035], [485, 1035], [531, 1035], [532, 1035], [533, 1035], [483, 1036], [484, 1036], [485, 1036], [530, 1036], [531, 1036], [532, 1036], [482, 1037], [483, 1037], [484, 1037], [530, 1037], [531, 1037], [532, 1037], [482, 1038], [483, 1038], [484, 1038], [530, 1038], [531, 1038], [481, 1039], [482, 1039], [483, 1039], [530, 1039], [531, 1039], [481, 1040], [482, 1040], [483, 1040], [529, 1040], [530, 1040], [531, 1040], [480, 1041], [481, 1041], [482, 1041], [529, 1041], [530, 1041], [531, 1041], [480, 1042], [481, 1042], [482, 1042], [528, 1042], [529, 1042], [530, 1042], [480, 1043], [481, 1043], [528, 1043], [529, 1043], [530, 1043], [480, 1044], [481, 1044], [528, 1044], [529, 1044], [479, 1045], [480, 1045], [481, 1045], [527, 1045], [528, 1045], [529, 1045], [479, 1046], [480, 1046], [481, 1046], [527, 1046], [528, 1046], [529, 1046], [478, 1047], [479, 1047], [480, 1047], [527, 1047], [528, 1047], [478, 1048], [479, 1048], [480, 1048], [526, 1048], [527, 1048], [528, 1048], [478, 1049], [479, 1049], [526, 1049], [527, 1049], [528, 1049], [477, 1050], [478, 1050], [479, 1050], [525, 1050], [526, 1050], [527, 1050], [476, 1051], [477, 1051], [478, 1051], [479, 1051], [525, 1051], [526, 1051], [527, 1051], [476, 1052], [477, 1052], [478, 1052], [525, 1052], [526, 1052], [475, 1053], [476, 1053], [477, 1053], [524, 1053], [525, 1053], [526, 1053], [475, 1054], [476, 1054], [477, 1054], [524, 1054], [525, 1054], [526, 1054], [475, 1055], [476, 1055], [523, 1055], [524, 1055], [525, 1055], [474, 1056], [475, 1056], [476, 1056], [523, 1056], [524, 1056], [525, 1056], [474, 1057], [475, 1057], [476, 1057], [522, 1057], [523, 1057], [524, 1057], [473, 1058], [474, 1058], [475, 1058], [522, 1058], [523, 1058], [524, 1058], [473, 1059], [474, 1059], [475, 1059], [522, 1059], [523, 1059], [472, 1060], [473, 1060], [474, 1060], [521, 1060], [522, 1060], [523, 1060], [472, 1061], [473, 1061], [474, 1061], [521, 1061], [522, 1061], [523, 1061], [471, 1062], [472, 1062], [473, 1062], [521, 1062], [522, 1062], [471, 1063], [472, 1063], [473, 1063], [520, 1063], [521, 1063], [522, 1063], [471, 1064], [472, 1064], [494, 1064], [495, 1064], [496, 1064], [497, 1064], [520, 1064], [521, 1064], [522, 1064], [471, 1065], [472, 1065], [493, 1065], [494, 1065], [495, 1065], [496, 1065], [497, 1065], [519, 1065], [520, 1065], [521, 1065], [470, 1066], [471, 1066], [472, 1066], [491, 1066], [492, 1066], [493, 1066], [494, 1066], [495, 1066], [496, 1066], [497, 1066], [519, 1066], [520, 1066], [521, 1066], [470, 1067], [471, 1067], [472, 1067], [491, 1067], [492, 1067], [493, 1067], [494, 1067], [495, 1067], [496, 1067], [519, 1067], [520, 1067], [469, 1068], [470, 1068], [471, 1068], [491, 1068], [492, 1068], [495, 1068], [496, 1068], [519, 1068], [520, 1068], [469, 1069], [470, 1069], [471, 1069], [490, 1069], [491, 1069], [492, 1069], [495, 1069], [496, 1069], [519, 1069], [520, 1069], [468, 1070], [469, 1070], [470, 1070], [490, 1070], [491, 1070], [492, 1070], [494, 1070], [495, 1070], [496, 1070], [518, 1070], [519, 1070], [520, 1070], [468, 1071], [469, 1071], [470, 1071], [490, 1071], [491, 1071], [494, 1071], [495, 1071], [496, 1071], [518, 1071], [519, 1071], [520, 1071], [467, 1072], [468, 1072], [469, 1072], [489, 1072], [490, 1072], [491, 1072], [494, 1072], [495, 1072], [496, 1072], [517, 1072], [518, 1072], [519, 1072], [467, 1073], [468, 1073], [469, 1073], [488, 1073], [489, 1073], [490, 1073], [491, 1073], [495, 1073], [496, 1073], [517, 1073], [518, 1073], [519, 1073], [466, 1074], [467, 1074], [468, 1074], [487, 1074], [488, 1074], [489, 1074], [490, 1074], [494, 1074], [495, 1074], [496, 1074], [516, 1074], [517, 1074], [518, 1074], [466, 1075], [467, 1075], [468, 1075], [486, 1075], [487, 1075], [488, 1075], [489, 1075], [494, 1075], [495, 1075], [496, 1075], [516, 1075], [517, 1075], [518, 1075], [466, 1076], [467, 1076], [486, 1076], [487, 1076], [488, 1076], [494, 1076], [495, 1076], [496, 1076], [516, 1076], [517, 1076], [465, 1077], [466, 1077], [467, 1077], [486, 1077], [487, 1077], [494, 1077], [495, 1077], [496, 1077], [497, 1077], [498, 1077], [515, 1077], [516, 1077], [517, 1077], [465, 1078], [466, 1078], [467, 1078], [485, 1078], [486, 1078], [487, 1078], [495, 1078], [496, 1078], [497, 1078], [498, 1078], [515, 1078], [516, 1078], [517, 1078], [465, 1079], [466, 1079], [485, 1079], [486, 1079], [487, 1079], [497, 1079], [498, 1079], [515, 1079], [516, 1079]




Yellow line left - [162, 1040], [161, 1041], [162, 1041], [159, 1042], [160, 1042], [158, 1043], [159, 1043], [156, 1044], [157, 1044], [158, 1044], [159, 1044], [154, 1045], [155, 1045], [156, 1045], [157, 1045], [158, 1045], [159, 1045], [166, 1046], [167, 1046], [168, 1046], [169, 1046], [170, 1046], [171, 1046], [158, 1047], [159, 1047], [160, 1047], [164, 1047], [165, 1047], [166, 1047], [167, 1047], [168, 1047], [169, 1047], [170, 1047], [171, 1047], [172, 1047], [157, 1048], [158, 1048], [159, 1048], [160, 1048], [161, 1048], [162, 1048], [163, 1048], [164, 1048], [165, 1048], [166, 1048], [167, 1048], [168, 1048], [169, 1048], [170, 1048], [171, 1048], [172, 1048], [157, 1049], [158, 1049], [160, 1049], [161, 1049], [162, 1049], [163, 1049], [164, 1049], [165, 1049], [167, 1049], [168, 1049], [169, 1049], [170, 1049], [171, 1049], [172, 1049], [154, 1050], [155, 1050], [156, 1050], [157, 1050], [158, 1050], [159, 1050], [160, 1050], [161, 1050], [162, 1050], [163, 1050], [164, 1050], [165, 1050], [166, 1050], [167, 1050], [168, 1050], [169, 1050], [154, 1051], [155, 1051], [156, 1051], [157, 1051], [158, 1051], [159, 1051], [160, 1051], [161, 1051], [162, 1051], [163, 1051], [164, 1051], [165, 1051], [166, 1051], [167, 1051], [168, 1051], [154, 1052], [155, 1052], [156, 1052], [158, 1052], [159, 1052], [160, 1052], [165, 1052], [166, 1052], [167, 1052], [152, 1053], [153, 1053], [154, 1053], [155, 1053], [156, 1053], [157, 1053], [158, 1053], [159, 1053], [152, 1054], [153, 1054], [154, 1054], [155, 1054], [156, 1054], [157, 1054], [158, 1054], [159, 1054], [152, 1055], [153, 1055], [154, 1055], [155, 1055], [156, 1055], [157, 1055], [158, 1055], [152, 1056], [153, 1056], [154, 1056], [155, 1056], [156, 1056], [157, 1056]




Yellow line right - [274, 1041], [275, 1041], [276, 1041], [274, 1042], [275, 1042], [276, 1042], [277, 1042], [274, 1043], [275, 1043], [276, 1043], [277, 1043], [274, 1044], [275, 1044], [276, 1044], [277, 1044], [274, 1045], [276, 1045], [274, 1046], [275, 1046], [276, 1046]




White line right - [1751, 98], [1752, 98], [1753, 98], [1754, 98], [1751, 99], [1752, 99], [1753, 99], [1754, 99], [1750, 100], [1751, 100], [1753, 100], [1754, 100], [1750, 101], [1751, 101], [1752, 101], [1753, 101], [1750, 102], [1751, 102], [1752, 102], [1753, 102], [1750, 103], [1751, 103], [1752, 103], [1734, 142], [1735, 142], [1736, 142], [1733, 143], [1734, 143], [1735, 143], [1736, 143], [1732, 144], [1733, 144], [1734, 144], [1735, 144], [1736, 144], [1732, 145], [1733, 145], [1735, 145], [1736, 145], [1732, 146], [1733, 146], [1734, 146], [1735, 146], [1736, 146], [1732, 147], [1733, 147], [1734, 147], [1735, 147], [1586, 281], [1587, 281], [1588, 281], [1589, 281], [1590, 281], [1586, 282], [1587, 282], [1589, 282], [1590, 282], [1591, 282], [1592, 282], [1593, 282], [1594, 282], [1595, 282], [1586, 283], [1587, 283], [1588, 283], [1589, 283], [1590, 283], [1591, 283], [1592, 283], [1593, 283], [1594, 283], [1595, 283], [1596, 283], [1589, 284], [1590, 284], [1591, 284], [1592, 284], [1593, 284], [1594, 284], [1595, 284], [1596, 284], [1591, 285], [1592, 285], [1593, 285], [1594, 285], [1595, 285], [1596, 285], [1732, 320], [1733, 320], [1734, 320], [1735, 320], [1736, 320], [1737, 320], [1738, 320], [1739, 320], [1732, 321], [1733, 321], [1738, 321], [1739, 321], [1732, 322], [1733, 322], [1734, 322], [1735, 322], [1736, 322], [1737, 322], [1738, 322], [1739, 322]


