White line left - 




Yellow line left - [1034, 748], [1035, 748], [1036, 748], [1037, 748], [1034, 749], [1035, 749], [1036, 749], [1037, 749], [1034, 750], [1035, 750], [1036, 750], [1037, 750], [1040, 750], [1041, 750], [1042, 750], [1034, 751], [1035, 751], [1036, 751], [1040, 751], [1042, 751], [1040, 752], [1041, 752], [1042, 752]




Yellow line right - [1006, 859], [1007, 859], [1008, 859], [1009, 859], [1010, 859], [1014, 859], [1015, 859], [1016, 859], [1017, 859], [1006, 860], [1007, 860], [1008, 860], [1009, 860], [1010, 860], [1011, 860], [1012, 860], [1013, 860], [1014, 860], [1015, 860], [1016, 860], [1017, 860], [1005, 861], [1006, 861], [1007, 861], [1008, 861], [1009, 861], [1010, 861], [1011, 861], [1012, 861], [1013, 861], [1014, 861], [1015, 861], [1016, 861], [1017, 861], [1005, 862], [1006, 862], [1007, 862], [1012, 862], [1013, 862], [1014, 862], [1015, 862], [1016, 862], [1017, 862], [1018, 862], [1019, 862], [1005, 863], [1006, 863], [1007, 863], [1008, 863], [1016, 863], [1017, 863], [1018, 863], [1019, 863], [1020, 863], [1021, 863], [1022, 863], [1023, 863], [1004, 864], [1005, 864], [1006, 864], [1007, 864], [1008, 864], [1018, 864], [1019, 864], [1020, 864], [1021, 864], [1022, 864], [1023, 864], [1024, 864], [1025, 864], [1004, 865], [1005, 865], [1007, 865], [1008, 865], [1019, 865], [1020, 865], [1021, 865], [1022, 865], [1023, 865], [1024, 865], [1025, 865], [1004, 866], [1005, 866], [1006, 866], [1007, 866], [1008, 866], [1020, 866], [1021, 866], [1022, 866], [1023, 866], [1024, 866], [1025, 866], [1005, 867], [1006, 867], [1007, 867], [1008, 867], [1023, 867], [1024, 867], [1025, 867], [1005, 868], [1006, 868], [1007, 868], [1023, 868], [1024, 868], [1025, 868], [1005, 869], [1006, 869], [1007, 869], [1024, 869], [1025, 869], [1026, 869], [1005, 870], [1006, 870], [1007, 870], [1008, 870], [1009, 870], [1010, 870], [1021, 870], [1022, 870], [1023, 870], [1024, 870], [1025, 870], [1026, 870], [1006, 871], [1007, 871], [1008, 871], [1010, 871], [1018, 871], [1019, 871], [1020, 871], [1021, 871], [1022, 871], [1023, 871], [1024, 871], [1025, 871], [1026, 871], [1006, 872], [1007, 872], [1008, 872], [1009, 872], [1010, 872], [1016, 872], [1017, 872], [1018, 872], [1019, 872], [1020, 872], [1021, 872], [1022, 872], [1023, 872], [1024, 872], [1025, 872], [1026, 872], [1007, 873], [1008, 873], [1009, 873], [1010, 873], [1011, 873], [1012, 873], [1016, 873], [1017, 873], [1018, 873], [1019, 873], [1021, 873], [1022, 873], [1023, 873], [1024, 873], [1025, 873], [1026, 873], [1007, 874], [1008, 874], [1009, 874], [1010, 874], [1011, 874], [1012, 874], [1013, 874], [1014, 874], [1016, 874], [1017, 874], [1018, 874], [1019, 874], [1021, 874], [1022, 874], [1023, 874], [1007, 875], [1008, 875], [1009, 875], [1011, 875], [1012, 875], [1013, 875], [1014, 875], [1017, 875], [1018, 875], [1019, 875], [1022, 875], [1023, 875], [1024, 875], [1013, 876], [1014, 876], [1015, 876], [1016, 876], [1017, 876], [1018, 876], [1019, 876], [1022, 876], [1024, 876], [1025, 876], [1026, 876], [1012, 877], [1013, 877], [1014, 877], [1015, 877], [1016, 877], [1017, 877], [1018, 877], [1019, 877], [1022, 877], [1023, 877], [1024, 877], [1025, 877], [1026, 877], [1009, 878], [1010, 878], [1011, 878], [1012, 878], [1013, 878], [1014, 878], [1015, 878], [1017, 878], [1018, 878], [1019, 878], [1023, 878], [1024, 878], [1025, 878], [1026, 878], [1008, 879], [1009, 879], [1010, 879], [1011, 879], [1012, 879], [1013, 879], [1014, 879], [1015, 879], [1016, 879], [1017, 879], [1018, 879], [1019, 879], [1020, 879], [1023, 879], [1024, 879], [1025, 879], [1008, 880], [1009, 880], [1010, 880], [1011, 880], [1012, 880], [1013, 880], [1014, 880], [1015, 880], [1016, 880], [1017, 880], [1018, 880], [1019, 880], [1020, 880], [1021, 880], [1022, 880], [1023, 880], [1024, 880], [1025, 880], [1008, 881], [1009, 881], [1010, 881], [1011, 881], [1012, 881], [1013, 881], [1019, 881], [1020, 881], [1021, 881], [1022, 881], [1023, 881], [1024, 881], [1008, 882], [1009, 882], [1010, 882], [1011, 882], [1012, 882], [1013, 882], [1019, 882], [1020, 882], [1021, 882], [1023, 882], [1024, 882], [1008, 883], [1009, 883], [1010, 883], [1011, 883], [1012, 883], [1019, 883], [1020, 883], [1022, 883], [1023, 883], [1024, 883], [1008, 884], [1009, 884], [1010, 884], [1019, 884], [1020, 884], [1021, 884], [1022, 884], [1023, 884], [1024, 884], [1025, 884], [1026, 884], [1008, 885], [1009, 885], [1010, 885], [1023, 885], [1024, 885], [1025, 885], [1026, 885], [1027, 885], [1009, 886], [1010, 886], [1011, 886], [1012, 886], [1013, 886], [1014, 886], [1015, 886], [1025, 886], [1026, 886], [1027, 886], [1009, 887], [1010, 887], [1011, 887], [1012, 887], [1013, 887], [1014, 887], [1015, 887], [1025, 887], [1026, 887], [1027, 887], [1028, 887], [1029, 887], [1030, 887], [1010, 888], [1011, 888], [1012, 888], [1013, 888], [1014, 888], [1015, 888], [1021, 888], [1022, 888], [1023, 888], [1024, 888], [1026, 888], [1027, 888], [1028, 888], [1029, 888], [1030, 888], [1013, 889], [1014, 889], [1015, 889], [1016, 889], [1017, 889], [1021, 889], [1023, 889], [1024, 889], [1025, 889], [1028, 889], [1029, 889], [1030, 889], [1031, 889], [1032, 889], [1014, 890], [1015, 890], [1016, 890], [1017, 890], [1021, 890], [1022, 890], [1023, 890], [1025, 890], [1028, 890], [1029, 890], [1030, 890], [1031, 890], [1032, 890], [1015, 891], [1016, 891], [1017, 891], [1023, 891], [1024, 891], [1025, 891], [1031, 891], [1032, 891], [1015, 892], [1016, 892], [1017, 892], [1023, 892], [1024, 892], [1025, 892], [1026, 892], [1027, 892], [1031, 892], [1032, 892], [1015, 893], [1016, 893], [1017, 893], [1022, 893], [1023, 893], [1024, 893], [1025, 893], [1026, 893], [1027, 893], [1031, 893], [1032, 893], [1033, 893], [1015, 894], [1016, 894], [1017, 894], [1022, 894], [1023, 894], [1024, 894], [1025, 894], [1026, 894], [1027, 894], [1031, 894], [1032, 894], [1033, 894], [1035, 894], [1036, 894], [1037, 894], [1038, 894], [1039, 894], [1015, 895], [1016, 895], [1017, 895], [1022, 895], [1023, 895], [1024, 895], [1025, 895], [1026, 895], [1027, 895], [1032, 895], [1033, 895], [1034, 895], [1035, 895], [1036, 895], [1037, 895], [1038, 895], [1039, 895], [1040, 895], [1015, 896], [1016, 896], [1017, 896], [1032, 896], [1033, 896], [1034, 896], [1035, 896], [1036, 896], [1038, 896], [1039, 896], [1040, 896], [1041, 896], [1015, 897], [1016, 897], [1017, 897], [1039, 897], [1040, 897], [1041, 897], [1042, 897], [1015, 898], [1016, 898], [1017, 898], [1040, 898], [1041, 898], [1042, 898], [1015, 899], [1016, 899], [1017, 899], [1040, 899], [1041, 899], [1042, 899], [1015, 900], [1016, 900], [1017, 900], [1040, 900], [1041, 900], [1016, 901], [1017, 901], [1039, 901], [1040, 901], [1041, 901], [1015, 902], [1016, 902], [1017, 902], [1039, 902], [1040, 902], [1041, 902], [1015, 903], [1016, 903], [1017, 903], [1018, 903], [1039, 903], [1040, 903], [1015, 904], [1016, 904], [1017, 904], [1018, 904], [1039, 904], [1040, 904], [1017, 905], [1018, 905], [1019, 905], [1039, 905], [1040, 905], [1017, 906], [1018, 906], [1019, 906], [1039, 906], [1040, 906], [1041, 906], [1042, 906], [1018, 907], [1019, 907], [1039, 907], [1040, 907], [1041, 907], [1042, 907], [1043, 907], [1044, 907], [1017, 908], [1018, 908], [1019, 908], [1041, 908], [1042, 908], [1043, 908], [1044, 908], [1045, 908], [1017, 909], [1018, 909], [1019, 909], [1020, 909], [1021, 909], [1043, 909], [1044, 909], [1045, 909], [1046, 909], [1047, 909], [1048, 909], [1017, 910], [1018, 910], [1019, 910], [1020, 910], [1021, 910], [1022, 910], [1043, 910], [1044, 910], [1045, 910], [1048, 910], [1018, 911], [1019, 911], [1020, 911], [1021, 911], [1022, 911], [1023, 911], [1024, 911], [1028, 911], [1029, 911], [1030, 911], [1041, 911], [1042, 911], [1043, 911], [1044, 911], [1045, 911], [1046, 911], [1047, 911], [1048, 911], [1021, 912], [1022, 912], [1023, 912], [1024, 912], [1028, 912], [1029, 912], [1030, 912], [1031, 912], [1032, 912], [1033, 912], [1034, 912], [1035, 912], [1041, 912], [1043, 912], [1044, 912], [1023, 913], [1024, 913], [1025, 913], [1028, 913], [1029, 913], [1030, 913], [1031, 913], [1032, 913], [1033, 913], [1034, 913], [1035, 913], [1036, 913], [1041, 913], [1043, 913], [1044, 913], [1023, 914], [1024, 914], [1025, 914], [1028, 914], [1029, 914], [1031, 914], [1032, 914], [1033, 914], [1034, 914], [1035, 914], [1036, 914], [1041, 914], [1043, 914], [1044, 914], [1045, 914], [1020, 915], [1021, 915], [1022, 915], [1023, 915], [1024, 915], [1025, 915], [1029, 915], [1030, 915], [1031, 915], [1032, 915], [1033, 915], [1034, 915], [1035, 915], [1036, 915], [1041, 915], [1042, 915], [1043, 915], [1044, 915], [1045, 915], [1046, 915], [1047, 915], [1018, 916], [1019, 916], [1020, 916], [1021, 916], [1022, 916], [1023, 916], [1024, 916], [1025, 916], [1030, 916], [1031, 916], [1032, 916], [1044, 916], [1045, 916], [1046, 916], [1047, 916], [1018, 917], [1019, 917], [1020, 917], [1021, 917], [1046, 917], [1047, 917], [1048, 917], [1018, 918], [1019, 918], [1046, 918], [1047, 918], [1048, 918], [1049, 918], [1050, 918], [1018, 919], [1019, 919], [1047, 919], [1048, 919], [1049, 919], [1050, 919], [1018, 920], [1019, 920], [1048, 920], [1049, 920], [1050, 920], [1051, 920], [1018, 921], [1019, 921], [1020, 921], [1048, 921], [1049, 921], [1050, 921], [1051, 921], [1018, 922], [1019, 922], [1020, 922], [1021, 922], [1022, 922], [1050, 922], [1051, 922], [1019, 923], [1020, 923], [1021, 923], [1022, 923], [1023, 923], [1050, 923], [1051, 923], [1052, 923], [1020, 924], [1021, 924], [1022, 924], [1023, 924], [1050, 924], [1051, 924], [1052, 924], [1020, 925], [1021, 925], [1022, 925], [1023, 925], [1024, 925], [1050, 925], [1051, 925], [1052, 925], [1022, 926], [1023, 926], [1024, 926], [1025, 926], [1050, 926], [1051, 926], [1052, 926], [1053, 926], [1054, 926], [1055, 926], [1023, 927], [1024, 927], [1025, 927], [1026, 927], [1050, 927], [1051, 927], [1052, 927], [1053, 927], [1054, 927], [1055, 927], [1056, 927], [1057, 927], [1024, 928], [1025, 928], [1026, 928], [1027, 928], [1028, 928], [1054, 928], [1055, 928], [1056, 928], [1057, 928], [1058, 928], [1025, 929], [1026, 929], [1027, 929], [1028, 929], [1029, 929], [1056, 929], [1057, 929], [1058, 929], [1027, 930], [1028, 930], [1029, 930], [1030, 930], [1057, 930], [1058, 930], [1027, 931], [1028, 931], [1029, 931], [1030, 931], [1057, 931], [1058, 931], [1059, 931], [1027, 932], [1028, 932], [1029, 932], [1030, 932], [1057, 932], [1058, 932], [1059, 932], [1028, 933], [1029, 933], [1058, 933], [1059, 933], [1028, 934], [1029, 934], [1030, 934], [1031, 934], [1032, 934], [1033, 934], [1058, 934], [1059, 934], [1060, 934], [1028, 935], [1029, 935], [1030, 935], [1031, 935], [1032, 935], [1033, 935], [1058, 935], [1059, 935], [1060, 935], [1029, 936], [1030, 936], [1031, 936], [1032, 936], [1033, 936], [1059, 936], [1060, 936], [1031, 937], [1032, 937], [1033, 937], [1059, 937], [1060, 937], [1032, 938], [1033, 938], [1059, 938], [1060, 938], [1061, 938], [1032, 939], [1033, 939], [1059, 939], [1060, 939], [1061, 939], [1062, 939], [1032, 940], [1033, 940], [1060, 940], [1061, 940], [1062, 940], [1063, 940], [1031, 941], [1032, 941], [1033, 941], [1060, 941], [1061, 941], [1062, 941], [1063, 941], [1031, 942], [1032, 942], [1033, 942], [1034, 942], [1060, 942], [1061, 942], [1062, 942], [1063, 942], [1064, 942], [1031, 943], [1032, 943], [1033, 943], [1034, 943], [1035, 943], [1036, 943], [1061, 943], [1062, 943], [1063, 943], [1064, 943], [1031, 944], [1032, 944], [1033, 944], [1034, 944], [1035, 944], [1036, 944], [1037, 944], [1062, 944], [1063, 944], [1064, 944], [1035, 945], [1036, 945], [1037, 945], [1062, 945], [1063, 945], [1064, 945], [1035, 946], [1036, 946], [1037, 946], [1062, 946], [1063, 946], [1064, 946], [1065, 946], [1034, 947], [1035, 947], [1036, 947], [1062, 947], [1063, 947], [1064, 947], [1065, 947], [1034, 948], [1035, 948], [1036, 948], [1062, 948], [1063, 948], [1064, 948], [1065, 948], [1034, 949], [1035, 949], [1062, 949], [1063, 949], [1064, 949], [1065, 949], [1033, 950], [1034, 950], [1035, 950], [1063, 950], [1064, 950], [1065, 950], [1066, 950], [1067, 950], [1033, 951], [1034, 951], [1035, 951], [1036, 951], [1064, 951], [1065, 951], [1066, 951], [1067, 951], [1033, 952], [1034, 952], [1035, 952], [1036, 952], [1064, 952], [1065, 952], [1066, 952], [1067, 952], [1034, 953], [1035, 953], [1036, 953], [1066, 953], [1067, 953], [1068, 953], [1069, 953], [1070, 953], [1034, 954], [1035, 954], [1036, 954], [1066, 954], [1067, 954], [1068, 954], [1069, 954], [1070, 954], [1035, 955], [1036, 955], [1067, 955], [1068, 955], [1069, 955], [1070, 955], [1035, 956], [1036, 956], [1068, 956], [1069, 956], [1070, 956], [1071, 956], [1035, 957], [1036, 957], [1069, 957], [1070, 957], [1071, 957], [1072, 957], [1035, 958], [1036, 958], [1070, 958], [1071, 958], [1072, 958], [1035, 959], [1036, 959], [1071, 959], [1072, 959], [1073, 959], [1074, 959], [1035, 960], [1036, 960], [1071, 960], [1072, 960], [1073, 960], [1074, 960], [1035, 961], [1036, 961], [1073, 961], [1074, 961], [1035, 962], [1036, 962], [1037, 962], [1073, 962], [1074, 962], [1035, 963], [1036, 963], [1037, 963], [1038, 963], [1073, 963], [1074, 963], [1036, 964], [1037, 964], [1038, 964], [1039, 964], [1072, 964], [1073, 964], [1074, 964], [1037, 965], [1038, 965], [1039, 965], [1072, 965], [1073, 965], [1074, 965], [1038, 966], [1039, 966], [1072, 966], [1073, 966], [1074, 966], [1038, 967], [1039, 967], [1073, 967], [1074, 967], [1038, 968], [1039, 968], [1040, 968], [1073, 968], [1074, 968], [1038, 969], [1039, 969], [1040, 969], [1073, 969], [1074, 969], [1075, 969], [1039, 970], [1040, 970], [1073, 970], [1074, 970], [1075, 970], [1039, 971], [1040, 971], [1074, 971], [1075, 971], [1039, 972], [1040, 972], [1074, 972], [1075, 972], [1076, 972], [1077, 972], [1039, 973], [1040, 973], [1041, 973], [1074, 973], [1075, 973], [1076, 973], [1077, 973], [1039, 974], [1040, 974], [1041, 974], [1076, 974], [1077, 974], [1078, 974], [1040, 975], [1041, 975], [1075, 975], [1076, 975], [1077, 975], [1078, 975], [1039, 976], [1040, 976], [1041, 976], [1075, 976], [1076, 976], [1077, 976], [1078, 976], [1039, 977], [1040, 977], [1041, 977], [1074, 977], [1075, 977], [1076, 977], [1039, 978], [1040, 978], [1041, 978], [1074, 978], [1075, 978], [1076, 978], [1040, 979], [1041, 979], [1074, 979], [1075, 979], [1076, 979], [1040, 980], [1041, 980], [1042, 980], [1043, 980], [1044, 980], [1045, 980], [1074, 980], [1075, 980], [1076, 980], [1040, 981], [1041, 981], [1042, 981], [1043, 981], [1044, 981], [1045, 981], [1074, 981], [1075, 981], [1076, 981], [1041, 982], [1042, 982], [1043, 982], [1044, 982], [1045, 982], [1074, 982], [1075, 982], [1076, 982], [1041, 983], [1042, 983], [1043, 983], [1044, 983], [1045, 983], [1046, 983], [1075, 983], [1076, 983], [1077, 983], [1044, 984], [1045, 984], [1046, 984], [1075, 984], [1076, 984], [1077, 984], [1044, 985], [1045, 985], [1046, 985], [1076, 985], [1077, 985], [1078, 985], [1079, 985], [1080, 985], [1081, 985], [1082, 985], [1044, 986], [1045, 986], [1046, 986], [1047, 986], [1076, 986], [1077, 986], [1078, 986], [1079, 986], [1080, 986], [1081, 986], [1082, 986], [1044, 987], [1045, 987], [1046, 987], [1047, 987], [1079, 987], [1080, 987], [1081, 987], [1082, 987], [1083, 987], [1044, 988], [1045, 988], [1046, 988], [1047, 988], [1079, 988], [1080, 988], [1081, 988], [1082, 988], [1083, 988], [1084, 988], [1044, 989], [1045, 989], [1046, 989], [1047, 989], [1081, 989], [1082, 989], [1083, 989], [1084, 989], [1044, 990], [1045, 990], [1046, 990], [1047, 990], [1081, 990], [1082, 990], [1083, 990], [1084, 990], [1045, 991], [1046, 991], [1047, 991], [1048, 991], [1082, 991], [1083, 991], [1084, 991], [1085, 991], [1046, 992], [1047, 992], [1048, 992], [1083, 992], [1084, 992], [1085, 992], [1086, 992], [1047, 993], [1048, 993], [1083, 993], [1084, 993], [1085, 993], [1086, 993], [1047, 994], [1048, 994], [1049, 994], [1083, 994], [1085, 994], [1086, 994], [1047, 995], [1048, 995], [1049, 995], [1083, 995], [1084, 995], [1085, 995], [1086, 995], [1087, 995], [1048, 996], [1049, 996], [1085, 996], [1086, 996], [1087, 996], [1048, 997], [1049, 997], [1050, 997], [1086, 997], [1087, 997], [1088, 997], [1089, 997], [1090, 997], [1048, 998], [1049, 998], [1050, 998], [1086, 998], [1087, 998], [1088, 998], [1089, 998], [1090, 998], [1049, 999], [1050, 999], [1051, 999], [1089, 999], [1090, 999], [1091, 999], [1049, 1000], [1050, 1000], [1051, 1000], [1089, 1000], [1090, 1000], [1091, 1000], [1050, 1001], [1051, 1001], [1052, 1001], [1090, 1001], [1091, 1001], [1092, 1001], [1050, 1002], [1051, 1002], [1052, 1002], [1090, 1002], [1091, 1002], [1092, 1002], [1051, 1003], [1052, 1003], [1091, 1003], [1092, 1003], [1051, 1004], [1052, 1004], [1091, 1004], [1092, 1004], [1051, 1005], [1052, 1005], [1053, 1005], [1091, 1005], [1092, 1005], [1051, 1006], [1052, 1006], [1053, 1006], [1091, 1006], [1092, 1006], [1052, 1007], [1053, 1007], [1091, 1007], [1092, 1007], [1093, 1007], [1052, 1008], [1053, 1008], [1054, 1008], [1090, 1008], [1091, 1008], [1092, 1008], [1093, 1008], [1052, 1009], [1053, 1009], [1054, 1009], [1090, 1009], [1091, 1009], [1092, 1009], [1093, 1009], [1053, 1010], [1054, 1010], [1055, 1010], [1090, 1010], [1091, 1010], [1092, 1010], [1053, 1011], [1054, 1011], [1055, 1011], [1091, 1011], [1092, 1011], [1054, 1012], [1055, 1012], [1056, 1012], [1090, 1012], [1091, 1012], [1092, 1012], [1054, 1013], [1055, 1013], [1056, 1013], [1089, 1013], [1090, 1013], [1091, 1013], [1092, 1013], [1054, 1014], [1055, 1014], [1056, 1014], [1089, 1014], [1090, 1014], [1091, 1014], [1054, 1015], [1055, 1015], [1056, 1015], [1089, 1015], [1090, 1015], [1091, 1015], [1055, 1016], [1056, 1016], [1057, 1016], [1090, 1016], [1091, 1016], [1055, 1017], [1056, 1017], [1057, 1017], [1058, 1017], [1090, 1017], [1091, 1017], [1092, 1017], [1056, 1018], [1057, 1018], [1058, 1018], [1059, 1018], [1090, 1018], [1091, 1018], [1092, 1018], [1093, 1018], [1057, 1019], [1058, 1019], [1059, 1019], [1060, 1019], [1091, 1019], [1092, 1019], [1093, 1019], [1058, 1020], [1059, 1020], [1060, 1020], [1061, 1020], [1062, 1020], [1092, 1020], [1093, 1020], [1059, 1021], [1060, 1021], [1061, 1021], [1062, 1021], [1092, 1021], [1093, 1021], [1094, 1021], [1061, 1022], [1062, 1022], [1092, 1022], [1093, 1022], [1094, 1022], [1061, 1023], [1062, 1023], [1093, 1023], [1094, 1023], [1061, 1024], [1062, 1024], [1063, 1024], [1093, 1024], [1094, 1024], [1095, 1024], [1096, 1024], [1061, 1025], [1062, 1025], [1063, 1025], [1093, 1025], [1094, 1025], [1095, 1025], [1096, 1025], [1062, 1026], [1063, 1026], [1094, 1026], [1095, 1026], [1096, 1026], [1097, 1026], [1062, 1027], [1063, 1027], [1064, 1027], [1094, 1027], [1095, 1027], [1096, 1027], [1097, 1027], [1062, 1028], [1063, 1028], [1064, 1028], [1094, 1028], [1095, 1028], [1096, 1028], [1097, 1028], [1098, 1028], [1099, 1028], [1100, 1028], [1063, 1029], [1064, 1029], [1065, 1029], [1095, 1029], [1096, 1029], [1097, 1029], [1098, 1029], [1099, 1029], [1100, 1029], [1101, 1029], [1063, 1030], [1064, 1030], [1065, 1030], [1096, 1030], [1097, 1030], [1098, 1030], [1099, 1030], [1100, 1030], [1101, 1030], [1102, 1030], [1064, 1031], [1065, 1031], [1066, 1031], [1096, 1031], [1097, 1031], [1098, 1031], [1099, 1031], [1100, 1031], [1101, 1031], [1102, 1031], [1103, 1031], [1064, 1032], [1065, 1032], [1066, 1032], [1096, 1032], [1097, 1032], [1098, 1032], [1099, 1032], [1100, 1032], [1101, 1032], [1102, 1032], [1103, 1032], [1104, 1032], [1064, 1033], [1065, 1033], [1066, 1033], [1098, 1033], [1099, 1033], [1100, 1033], [1101, 1033], [1102, 1033], [1103, 1033], [1104, 1033], [1105, 1033], [1064, 1034], [1065, 1034], [1066, 1034], [1099, 1034], [1100, 1034], [1101, 1034], [1103, 1034], [1104, 1034], [1105, 1034], [1065, 1035], [1066, 1035], [1102, 1035], [1103, 1035], [1104, 1035], [1105, 1035], [1065, 1036], [1066, 1036], [1067, 1036], [1102, 1036], [1103, 1036], [1104, 1036], [1065, 1037], [1066, 1037], [1067, 1037], [1102, 1037], [1103, 1037], [1104, 1037], [1105, 1037], [1066, 1038], [1067, 1038], [1068, 1038], [1102, 1038], [1103, 1038], [1104, 1038], [1105, 1038], [1066, 1039], [1067, 1039], [1068, 1039], [1102, 1039], [1103, 1039], [1104, 1039], [1105, 1039], [1106, 1039], [1067, 1040], [1068, 1040], [1069, 1040], [1104, 1040], [1105, 1040], [1106, 1040], [1067, 1041], [1068, 1041], [1069, 1041], [1105, 1041], [1106, 1041], [1068, 1042], [1069, 1042], [1105, 1042], [1106, 1042], [1068, 1043], [1069, 1043], [1070, 1043], [1105, 1043], [1106, 1043], [1107, 1043], [1068, 1044], [1069, 1044], [1070, 1044], [1105, 1044], [1106, 1044], [1107, 1044], [1069, 1045], [1070, 1045], [1106, 1045], [1107, 1045], [1069, 1046], [1070, 1046], [1071, 1046], [1106, 1046], [1107, 1046], [1108, 1046], [1069, 1047], [1070, 1047], [1071, 1047], [1106, 1047], [1107, 1047], [1108, 1047], [1069, 1048], [1070, 1048], [1071, 1048], [1107, 1048], [1108, 1048], [1069, 1049], [1070, 1049], [1071, 1049], [1107, 1049], [1108, 1049], [1109, 1049], [1069, 1050], [1070, 1050], [1071, 1050], [1107, 1050], [1108, 1050], [1109, 1050], [1069, 1051], [1070, 1051], [1071, 1051], [1108, 1051], [1109, 1051], [1110, 1051], [1070, 1052], [1071, 1052], [1108, 1052], [1109, 1052], [1110, 1052], [1069, 1053], [1070, 1053], [1071, 1053], [1109, 1053], [1110, 1053], [1111, 1053], [1069, 1054], [1070, 1054], [1071, 1054], [1109, 1054], [1110, 1054], [1111, 1054], [1112, 1054], [1069, 1055], [1070, 1055], [1110, 1055], [1111, 1055], [1112, 1055], [1069, 1056], [1070, 1056], [1110, 1056], [1111, 1056], [1112, 1056], [1069, 1057], [1070, 1057], [1071, 1057], [1110, 1057], [1111, 1057], [1112, 1057], [1069, 1058], [1070, 1058], [1071, 1058], [1072, 1058], [1110, 1058], [1111, 1058], [1112, 1058], [1070, 1059], [1071, 1059], [1072, 1059], [1111, 1059], [1112, 1059], [1071, 1060], [1072, 1060], [1073, 1060], [1074, 1060], [1075, 1060], [1111, 1060], [1112, 1060], [1071, 1061], [1072, 1061], [1073, 1061], [1074, 1061], [1075, 1061], [1076, 1061], [1077, 1061], [1111, 1061], [1112, 1061], [1072, 1062], [1073, 1062], [1074, 1062], [1075, 1062], [1076, 1062], [1077, 1062], [1111, 1062], [1112, 1062], [1072, 1063], [1073, 1063], [1074, 1063], [1075, 1063], [1076, 1063], [1077, 1063], [1111, 1063], [1112, 1063], [1076, 1064], [1077, 1064], [1111, 1064], [1112, 1064], [1076, 1065], [1077, 1065], [1111, 1065], [1112, 1065], [1113, 1065], [1076, 1066], [1077, 1066], [1078, 1066], [1111, 1066], [1112, 1066], [1113, 1066], [1114, 1066], [1076, 1067], [1077, 1067], [1078, 1067], [1112, 1067], [1113, 1067], [1114, 1067], [1115, 1067], [1116, 1067], [1117, 1067], [1077, 1068], [1078, 1068], [1113, 1068], [1114, 1068], [1115, 1068], [1116, 1068], [1117, 1068], [1118, 1068], [1077, 1069], [1078, 1069], [1115, 1069], [1116, 1069], [1117, 1069], [1118, 1069], [1119, 1069], [1077, 1070], [1078, 1070], [1115, 1070], [1116, 1070], [1117, 1070], [1118, 1070], [1119, 1070], [1077, 1071], [1078, 1071], [1079, 1071], [1115, 1071], [1116, 1071], [1117, 1071], [1118, 1071], [1119, 1071], [1120, 1071], [1121, 1071], [1077, 1072], [1078, 1072], [1079, 1072], [1118, 1072], [1119, 1072], [1120, 1072], [1121, 1072], [1078, 1073], [1079, 1073], [1119, 1073], [1120, 1073], [1121, 1073], [1078, 1074], [1079, 1074], [1080, 1074], [1119, 1074], [1120, 1074], [1121, 1074], [1078, 1075], [1079, 1075], [1080, 1075], [1081, 1075], [1082, 1075], [1119, 1075], [1120, 1075], [1121, 1075], [1079, 1076], [1080, 1076], [1081, 1076], [1082, 1076], [1120, 1076], [1121, 1076], [1122, 1076], [1080, 1077], [1081, 1077], [1082, 1077], [1120, 1077], [1121, 1077], [1122, 1077], [1080, 1078], [1081, 1078], [1082, 1078], [1121, 1078], [1122, 1078], [1080, 1079], [1081, 1079], [1082, 1079], [1121, 1079], [1122, 1079]




White line right - 


