White line left - [683, 731], [681, 732], [682, 732], [680, 733], [681, 733], [682, 733], [679, 734], [680, 734], [681, 734], [678, 735], [679, 735], [680, 735], [681, 735], [678, 736], [679, 736], [680, 736], [677, 737], [678, 737], [679, 737], [676, 738], [677, 738], [678, 738], [679, 738], [676, 739], [677, 739], [678, 739], [675, 740], [676, 740], [677, 740], [675, 741], [676, 741], [677, 741], [674, 742], [675, 742], [676, 742], [674, 743], [675, 743], [676, 743], [673, 744], [674, 744], [675, 744], [672, 745], [673, 745], [674, 745], [675, 745], [672, 746], [673, 746], [674, 746], [671, 747], [672, 747], [673, 747], [671, 748], [672, 748], [673, 748], [670, 749], [671, 749], [672, 749], [670, 750], [671, 750], [672, 750], [669, 751], [670, 751], [671, 751], [668, 752], [669, 752], [670, 752], [671, 752], [668, 753], [669, 753], [670, 753], [667, 754], [668, 754], [669, 754], [667, 755], [668, 755], [669, 755], [666, 756], [667, 756], [668, 756], [666, 757], [667, 757], [668, 757], [665, 758], [666, 758], [667, 758], [665, 759], [666, 759], [667, 759], [639, 760], [640, 760], [641, 760], [664, 760], [665, 760], [666, 760], [639, 761], [640, 761], [641, 761], [664, 761], [665, 761], [666, 761], [631, 762], [638, 762], [639, 762], [640, 762], [641, 762], [663, 762], [664, 762], [665, 762], [629, 763], [630, 763], [638, 763], [639, 763], [640, 763], [641, 763], [663, 763], [664, 763], [665, 763], [628, 764], [629, 764], [630, 764], [638, 764], [639, 764], [640, 764], [641, 764], [663, 764], [664, 764], [627, 765], [628, 765], [629, 765], [637, 765], [638, 765], [640, 765], [641, 765], [662, 765], [663, 765], [664, 765], [627, 766], [628, 766], [629, 766], [636, 766], [637, 766], [638, 766], [639, 766], [640, 766], [661, 766], [662, 766], [663, 766], [664, 766], [626, 767], [627, 767], [628, 767], [636, 767], [637, 767], [638, 767], [639, 767], [640, 767], [661, 767], [662, 767], [663, 767], [626, 768], [627, 768], [628, 768], [636, 768], [637, 768], [638, 768], [660, 768], [661, 768], [662, 768], [625, 769], [626, 769], [627, 769], [660, 769], [661, 769], [662, 769], [625, 770], [626, 770], [627, 770], [659, 770], [660, 770], [661, 770], [624, 771], [625, 771], [626, 771], [658, 771], [659, 771], [660, 771], [661, 771], [623, 772], [624, 772], [625, 772], [626, 772], [658, 772], [659, 772], [660, 772], [623, 773], [624, 773], [625, 773], [657, 773], [658, 773], [659, 773], [622, 774], [623, 774], [624, 774], [657, 774], [658, 774], [659, 774], [621, 775], [622, 775], [623, 775], [624, 775], [656, 775], [657, 775], [658, 775], [621, 776], [622, 776], [623, 776], [656, 776], [657, 776], [658, 776], [620, 777], [621, 777], [622, 777], [655, 777], [656, 777], [657, 777], [620, 778], [621, 778], [622, 778], [654, 778], [655, 778], [656, 778], [657, 778], [619, 779], [620, 779], [621, 779], [654, 779], [655, 779], [656, 779], [618, 780], [619, 780], [620, 780], [621, 780], [653, 780], [654, 780], [655, 780], [617, 781], [618, 781], [619, 781], [620, 781], [653, 781], [654, 781], [655, 781], [617, 782], [618, 782], [619, 782], [652, 782], [653, 782], [654, 782], [616, 783], [617, 783], [618, 783], [651, 783], [652, 783], [653, 783], [654, 783], [616, 784], [617, 784], [618, 784], [651, 784], [652, 784], [653, 784], [615, 785], [616, 785], [617, 785], [651, 785], [652, 785], [614, 786], [615, 786], [616, 786], [617, 786], [650, 786], [651, 786], [652, 786], [614, 787], [615, 787], [616, 787], [650, 787], [651, 787], [652, 787], [613, 788], [614, 788], [615, 788], [649, 788], [650, 788], [651, 788], [613, 789], [614, 789], [615, 789], [649, 789], [650, 789], [651, 789], [612, 790], [613, 790], [614, 790], [648, 790], [649, 790], [650, 790], [612, 791], [613, 791], [614, 791], [647, 791], [648, 791], [649, 791], [650, 791], [611, 792], [612, 792], [613, 792], [647, 792], [648, 792], [649, 792], [610, 793], [611, 793], [612, 793], [613, 793], [646, 793], [647, 793], [648, 793], [610, 794], [611, 794], [612, 794], [646, 794], [647, 794], [648, 794], [609, 795], [610, 795], [611, 795], [645, 795], [646, 795], [647, 795], [608, 796], [609, 796], [610, 796], [611, 796], [645, 796], [646, 796], [647, 796], [608, 797], [609, 797], [610, 797], [644, 797], [645, 797], [646, 797], [607, 798], [608, 798], [609, 798], [644, 798], [645, 798], [646, 798], [607, 799], [608, 799], [609, 799], [643, 799], [644, 799], [645, 799], [606, 800], [607, 800], [608, 800], [643, 800], [644, 800], [645, 800], [605, 801], [606, 801], [607, 801], [608, 801], [642, 801], [643, 801], [644, 801], [605, 802], [606, 802], [607, 802], [641, 802], [642, 802], [643, 802], [644, 802], [604, 803], [605, 803], [606, 803], [641, 803], [642, 803], [643, 803], [604, 804], [605, 804], [606, 804], [640, 804], [641, 804], [642, 804], [603, 805], [604, 805], [605, 805], [640, 805], [641, 805], [642, 805], [602, 806], [603, 806], [604, 806], [605, 806], [639, 806], [640, 806], [641, 806], [601, 807], [602, 807], [603, 807], [604, 807], [639, 807], [640, 807], [641, 807], [600, 808], [601, 808], [602, 808], [603, 808], [638, 808], [639, 808], [640, 808], [600, 809], [601, 809], [602, 809], [637, 809], [638, 809], [639, 809], [640, 809], [599, 810], [600, 810], [601, 810], [637, 810], [638, 810], [639, 810], [599, 811], [600, 811], [601, 811], [636, 811], [637, 811], [638, 811], [598, 812], [599, 812], [600, 812], [635, 812], [636, 812], [637, 812], [638, 812], [597, 813], [598, 813], [599, 813], [600, 813], [635, 813], [636, 813], [637, 813], [597, 814], [598, 814], [599, 814], [634, 814], [635, 814], [636, 814], [596, 815], [597, 815], [598, 815], [634, 815], [635, 815], [636, 815], [596, 816], [597, 816], [598, 816], [633, 816], [634, 816], [635, 816], [596, 817], [597, 817], [633, 817], [634, 817], [635, 817], [595, 818], [596, 818], [597, 818], [632, 818], [633, 818], [634, 818], [595, 819], [596, 819], [597, 819], [631, 819], [632, 819], [633, 819], [634, 819], [594, 820], [595, 820], [596, 820], [631, 820], [632, 820], [633, 820], [593, 821], [594, 821], [595, 821], [596, 821], [631, 821], [632, 821], [593, 822], [594, 822], [595, 822], [630, 822], [631, 822], [632, 822], [592, 823], [593, 823], [594, 823], [630, 823], [631, 823], [632, 823], [592, 824], [593, 824], [594, 824], [629, 824], [630, 824], [631, 824], [591, 825], [592, 825], [593, 825], [629, 825], [630, 825], [631, 825], [590, 826], [591, 826], [592, 826], [593, 826], [628, 826], [629, 826], [630, 826], [590, 827], [591, 827], [592, 827], [628, 827], [629, 827], [630, 827], [589, 828], [590, 828], [591, 828], [627, 828], [628, 828], [629, 828], [589, 829], [590, 829], [591, 829], [626, 829], [627, 829], [628, 829], [629, 829], [588, 830], [589, 830], [590, 830], [626, 830], [627, 830], [628, 830], [587, 831], [588, 831], [589, 831], [590, 831], [625, 831], [626, 831], [627, 831], [587, 832], [588, 832], [589, 832], [625, 832], [626, 832], [627, 832], [586, 833], [587, 833], [588, 833], [624, 833], [625, 833], [626, 833], [585, 834], [586, 834], [587, 834], [588, 834], [624, 834], [625, 834], [626, 834], [585, 835], [586, 835], [587, 835], [623, 835], [624, 835], [625, 835], [584, 836], [585, 836], [586, 836], [622, 836], [623, 836], [624, 836], [625, 836], [584, 837], [585, 837], [586, 837], [622, 837], [623, 837], [624, 837], [583, 838], [584, 838], [585, 838], [621, 838], [622, 838], [623, 838], [582, 839], [583, 839], [584, 839], [585, 839], [620, 839], [621, 839], [622, 839], [623, 839], [582, 840], [583, 840], [584, 840], [620, 840], [621, 840], [622, 840], [581, 841], [582, 841], [583, 841], [619, 841], [620, 841], [621, 841], [581, 842], [582, 842], [583, 842], [619, 842], [620, 842], [621, 842], [580, 843], [581, 843], [582, 843], [618, 843], [619, 843], [620, 843], [580, 844], [581, 844], [582, 844], [618, 844], [619, 844], [620, 844], [579, 845], [580, 845], [581, 845], [617, 845], [618, 845], [619, 845], [578, 846], [579, 846], [580, 846], [581, 846], [617, 846], [618, 846], [619, 846], [578, 847], [579, 847], [580, 847], [616, 847], [617, 847], [618, 847], [577, 848], [578, 848], [579, 848], [616, 848], [617, 848], [618, 848], [577, 849], [578, 849], [579, 849], [615, 849], [616, 849], [617, 849], [576, 850], [577, 850], [578, 850], [614, 850], [615, 850], [616, 850], [617, 850], [576, 851], [577, 851], [578, 851], [614, 851], [615, 851], [616, 851], [575, 852], [576, 852], [577, 852], [613, 852], [614, 852], [615, 852], [574, 853], [575, 853], [576, 853], [577, 853], [613, 853], [614, 853], [615, 853], [574, 854], [575, 854], [576, 854], [612, 854], [613, 854], [614, 854], [573, 855], [574, 855], [575, 855], [612, 855], [613, 855], [614, 855], [572, 856], [573, 856], [574, 856], [575, 856], [611, 856], [612, 856], [613, 856], [572, 857], [573, 857], [574, 857], [610, 857], [611, 857], [612, 857], [613, 857], [571, 858], [572, 858], [573, 858], [610, 858], [611, 858], [612, 858], [570, 859], [571, 859], [572, 859], [573, 859], [610, 859], [611, 859], [570, 860], [571, 860], [572, 860], [609, 860], [610, 860], [611, 860], [569, 861], [570, 861], [571, 861], [608, 861], [609, 861], [610, 861], [611, 861], [568, 862], [569, 862], [570, 862], [571, 862], [608, 862], [609, 862], [610, 862], [568, 863], [569, 863], [570, 863], [607, 863], [608, 863], [609, 863], [567, 864], [568, 864], [569, 864], [606, 864], [607, 864], [608, 864], [609, 864], [567, 865], [568, 865], [569, 865], [606, 865], [607, 865], [608, 865], [566, 866], [567, 866], [568, 866], [605, 866], [606, 866], [607, 866], [566, 867], [567, 867], [568, 867], [605, 867], [606, 867], [607, 867], [565, 868], [566, 868], [567, 868], [604, 868], [605, 868], [606, 868], [565, 869], [566, 869], [567, 869], [603, 869], [604, 869], [605, 869], [606, 869], [564, 870], [565, 870], [566, 870], [603, 870], [604, 870], [605, 870], [564, 871], [565, 871], [566, 871], [583, 871], [584, 871], [585, 871], [602, 871], [603, 871], [604, 871], [563, 872], [564, 872], [565, 872], [582, 872], [583, 872], [584, 872], [585, 872], [602, 872], [603, 872], [604, 872], [563, 873], [564, 873], [565, 873], [582, 873], [583, 873], [584, 873], [585, 873], [601, 873], [602, 873], [603, 873], [562, 874], [563, 874], [564, 874], [582, 874], [583, 874], [584, 874], [585, 874], [600, 874], [601, 874], [602, 874], [603, 874], [561, 875], [562, 875], [563, 875], [564, 875], [582, 875], [583, 875], [584, 875], [585, 875], [600, 875], [601, 875], [602, 875], [561, 876], [562, 876], [563, 876], [599, 876], [600, 876], [601, 876], [560, 877], [561, 877], [562, 877], [599, 877], [600, 877], [601, 877], [560, 878], [561, 878], [562, 878], [598, 878], [599, 878], [600, 878], [559, 879], [560, 879], [561, 879], [598, 879], [599, 879], [600, 879], [558, 880], [559, 880], [560, 880], [561, 880], [597, 880], [598, 880], [599, 880], [558, 881], [559, 881], [560, 881], [596, 881], [597, 881], [598, 881], [599, 881], [557, 882], [558, 882], [559, 882], [596, 882], [597, 882], [598, 882], [556, 883], [557, 883], [558, 883], [559, 883], [596, 883], [597, 883], [556, 884], [557, 884], [558, 884], [595, 884], [596, 884], [597, 884], [555, 885], [556, 885], [557, 885], [595, 885], [596, 885], [597, 885], [554, 886], [555, 886], [556, 886], [557, 886], [572, 886], [573, 886], [574, 886], [594, 886], [595, 886], [596, 886], [553, 887], [554, 887], [555, 887], [556, 887], [571, 887], [572, 887], [573, 887], [574, 887], [594, 887], [595, 887], [596, 887], [553, 888], [554, 888], [555, 888], [571, 888], [572, 888], [573, 888], [574, 888], [593, 888], [594, 888], [595, 888], [552, 889], [553, 889], [554, 889], [571, 889], [572, 889], [573, 889], [593, 889], [594, 889], [595, 889], [552, 890], [553, 890], [554, 890], [592, 890], [593, 890], [594, 890], [551, 891], [552, 891], [553, 891], [591, 891], [592, 891], [593, 891], [594, 891], [551, 892], [552, 892], [553, 892], [591, 892], [592, 892], [593, 892], [550, 893], [551, 893], [552, 893], [590, 893], [591, 893], [592, 893], [549, 894], [550, 894], [551, 894], [552, 894], [590, 894], [591, 894], [592, 894], [549, 895], [550, 895], [551, 895], [589, 895], [590, 895], [591, 895], [548, 896], [549, 896], [550, 896], [589, 896], [590, 896], [591, 896], [548, 897], [549, 897], [550, 897], [588, 897], [589, 897], [590, 897], [547, 898], [548, 898], [549, 898], [588, 898], [589, 898], [590, 898], [547, 899], [548, 899], [549, 899], [587, 899], [588, 899], [589, 899], [546, 900], [547, 900], [548, 900], [587, 900], [588, 900], [589, 900], [546, 901], [547, 901], [548, 901], [587, 901], [588, 901], [545, 902], [546, 902], [547, 902], [586, 902], [587, 902], [588, 902], [545, 903], [546, 903], [547, 903], [585, 903], [586, 903], [587, 903], [588, 903], [544, 904], [545, 904], [546, 904], [585, 904], [586, 904], [587, 904], [543, 905], [544, 905], [545, 905], [546, 905], [584, 905], [585, 905], [586, 905], [543, 906], [544, 906], [545, 906], [584, 906], [585, 906], [586, 906], [542, 907], [543, 907], [544, 907], [583, 907], [584, 907], [585, 907], [542, 908], [543, 908], [544, 908], [583, 908], [584, 908], [585, 908], [541, 909], [542, 909], [543, 909], [582, 909], [583, 909], [584, 909], [541, 910], [542, 910], [543, 910], [581, 910], [582, 910], [583, 910], [584, 910], [540, 911], [541, 911], [542, 911], [581, 911], [582, 911], [583, 911], [539, 912], [540, 912], [541, 912], [542, 912], [580, 912], [581, 912], [582, 912], [539, 913], [540, 913], [541, 913], [579, 913], [580, 913], [581, 913], [582, 913], [538, 914], [539, 914], [540, 914], [578, 914], [579, 914], [580, 914], [581, 914], [537, 915], [538, 915], [539, 915], [540, 915], [578, 915], [579, 915], [580, 915], [537, 916], [538, 916], [539, 916], [577, 916], [578, 916], [579, 916], [536, 917], [537, 917], [538, 917], [577, 917], [578, 917], [579, 917], [535, 918], [536, 918], [537, 918], [538, 918], [576, 918], [577, 918], [578, 918], [535, 919], [536, 919], [537, 919], [576, 919], [577, 919], [578, 919], [534, 920], [535, 920], [536, 920], [575, 920], [576, 920], [577, 920], [534, 921], [535, 921], [536, 921], [575, 921], [576, 921], [577, 921], [533, 922], [534, 922], [535, 922], [574, 922], [575, 922], [576, 922], [532, 923], [533, 923], [534, 923], [535, 923], [573, 923], [574, 923], [575, 923], [576, 923], [531, 924], [532, 924], [533, 924], [534, 924], [573, 924], [574, 924], [575, 924], [531, 925], [532, 925], [533, 925], [572, 925], [573, 925], [574, 925], [530, 926], [531, 926], [532, 926], [572, 926], [573, 926], [574, 926], [530, 927], [531, 927], [532, 927], [571, 927], [572, 927], [573, 927], [529, 928], [530, 928], [531, 928], [571, 928], [572, 928], [573, 928], [529, 929], [530, 929], [531, 929], [570, 929], [571, 929], [572, 929], [528, 930], [529, 930], [530, 930], [570, 930], [571, 930], [572, 930], [527, 931], [528, 931], [529, 931], [530, 931], [569, 931], [570, 931], [571, 931], [527, 932], [528, 932], [529, 932], [569, 932], [570, 932], [571, 932], [526, 933], [527, 933], [528, 933], [568, 933], [569, 933], [570, 933], [525, 934], [526, 934], [527, 934], [528, 934], [568, 934], [569, 934], [570, 934], [525, 935], [526, 935], [527, 935], [567, 935], [568, 935], [569, 935], [524, 936], [525, 936], [526, 936], [566, 936], [567, 936], [568, 936], [569, 936], [523, 937], [524, 937], [525, 937], [526, 937], [566, 937], [567, 937], [568, 937], [523, 938], [524, 938], [525, 938], [566, 938], [567, 938], [522, 939], [523, 939], [524, 939], [549, 939], [550, 939], [551, 939], [565, 939], [566, 939], [567, 939], [521, 940], [522, 940], [523, 940], [524, 940], [549, 940], [550, 940], [551, 940], [564, 940], [565, 940], [566, 940], [567, 940], [521, 941], [522, 941], [523, 941], [549, 941], [550, 941], [551, 941], [564, 941], [565, 941], [566, 941], [520, 942], [521, 942], [522, 942], [549, 942], [550, 942], [551, 942], [563, 942], [564, 942], [565, 942], [520, 943], [521, 943], [522, 943], [547, 943], [548, 943], [549, 943], [550, 943], [563, 943], [564, 943], [565, 943], [519, 944], [520, 944], [521, 944], [546, 944], [547, 944], [548, 944], [549, 944], [550, 944], [562, 944], [563, 944], [564, 944], [518, 945], [519, 945], [520, 945], [521, 945], [546, 945], [547, 945], [548, 945], [549, 945], [550, 945], [561, 945], [562, 945], [563, 945], [564, 945], [518, 946], [519, 946], [520, 946], [546, 946], [547, 946], [549, 946], [550, 946], [561, 946], [562, 946], [563, 946], [517, 947], [518, 947], [519, 947], [541, 947], [542, 947], [543, 947], [544, 947], [545, 947], [546, 947], [547, 947], [549, 947], [550, 947], [560, 947], [561, 947], [562, 947], [516, 948], [517, 948], [518, 948], [519, 948], [541, 948], [542, 948], [543, 948], [544, 948], [545, 948], [546, 948], [547, 948], [549, 948], [550, 948], [559, 948], [560, 948], [561, 948], [562, 948], [516, 949], [517, 949], [518, 949], [540, 949], [541, 949], [542, 949], [544, 949], [545, 949], [546, 949], [549, 949], [550, 949], [559, 949], [560, 949], [561, 949], [515, 950], [516, 950], [517, 950], [540, 950], [541, 950], [542, 950], [548, 950], [549, 950], [550, 950], [558, 950], [559, 950], [560, 950], [514, 951], [515, 951], [516, 951], [517, 951], [539, 951], [540, 951], [541, 951], [544, 951], [545, 951], [546, 951], [548, 951], [549, 951], [550, 951], [558, 951], [559, 951], [560, 951], [514, 952], [515, 952], [516, 952], [539, 952], [540, 952], [541, 952], [542, 952], [543, 952], [544, 952], [545, 952], [546, 952], [548, 952], [549, 952], [557, 952], [558, 952], [559, 952], [514, 953], [515, 953], [539, 953], [540, 953], [542, 953], [543, 953], [544, 953], [545, 953], [546, 953], [548, 953], [549, 953], [557, 953], [558, 953], [559, 953], [513, 954], [514, 954], [515, 954], [539, 954], [540, 954], [542, 954], [543, 954], [545, 954], [546, 954], [547, 954], [548, 954], [549, 954], [556, 954], [557, 954], [558, 954], [512, 955], [513, 955], [514, 955], [515, 955], [531, 955], [532, 955], [533, 955], [534, 955], [538, 955], [539, 955], [540, 955], [541, 955], [542, 955], [543, 955], [544, 955], [546, 955], [547, 955], [548, 955], [549, 955], [556, 955], [557, 955], [558, 955], [512, 956], [513, 956], [514, 956], [531, 956], [532, 956], [533, 956], [534, 956], [535, 956], [537, 956], [538, 956], [539, 956], [540, 956], [541, 956], [543, 956], [544, 956], [545, 956], [555, 956], [556, 956], [557, 956], [511, 957], [512, 957], [513, 957], [531, 957], [532, 957], [533, 957], [534, 957], [535, 957], [536, 957], [537, 957], [538, 957], [539, 957], [540, 957], [541, 957], [543, 957], [544, 957], [545, 957], [554, 957], [555, 957], [556, 957], [557, 957], [510, 958], [511, 958], [512, 958], [513, 958], [531, 958], [532, 958], [533, 958], [534, 958], [535, 958], [536, 958], [537, 958], [538, 958], [539, 958], [540, 958], [543, 958], [544, 958], [554, 958], [555, 958], [556, 958], [510, 959], [511, 959], [512, 959], [531, 959], [532, 959], [533, 959], [534, 959], [536, 959], [537, 959], [538, 959], [543, 959], [544, 959], [553, 959], [554, 959], [555, 959], [509, 960], [510, 960], [511, 960], [532, 960], [533, 960], [534, 960], [535, 960], [536, 960], [537, 960], [538, 960], [539, 960], [540, 960], [541, 960], [542, 960], [543, 960], [544, 960], [553, 960], [554, 960], [555, 960], [508, 961], [509, 961], [510, 961], [511, 961], [533, 961], [534, 961], [535, 961], [536, 961], [537, 961], [538, 961], [539, 961], [540, 961], [541, 961], [542, 961], [543, 961], [544, 961], [552, 961], [553, 961], [554, 961], [508, 962], [509, 962], [510, 962], [534, 962], [535, 962], [536, 962], [537, 962], [540, 962], [541, 962], [542, 962], [543, 962], [544, 962], [552, 962], [553, 962], [554, 962], [507, 963], [508, 963], [509, 963], [551, 963], [552, 963], [553, 963], [507, 964], [508, 964], [509, 964], [551, 964], [552, 964], [553, 964], [506, 965], [507, 965], [508, 965], [550, 965], [551, 965], [552, 965], [506, 966], [507, 966], [508, 966], [550, 966], [551, 966], [552, 966], [505, 967], [506, 967], [507, 967], [549, 967], [550, 967], [551, 967], [504, 968], [505, 968], [506, 968], [507, 968], [549, 968], [550, 968], [551, 968], [503, 969], [504, 969], [505, 969], [506, 969], [548, 969], [549, 969], [550, 969], [502, 970], [503, 970], [504, 970], [505, 970], [548, 970], [549, 970], [550, 970], [502, 971], [503, 971], [504, 971], [547, 971], [548, 971], [549, 971], [501, 972], [502, 972], [503, 972], [546, 972], [547, 972], [548, 972], [549, 972], [501, 973], [502, 973], [503, 973], [546, 973], [547, 973], [548, 973], [500, 974], [501, 974], [502, 974], [545, 974], [546, 974], [547, 974], [499, 975], [500, 975], [501, 975], [502, 975], [545, 975], [546, 975], [547, 975], [499, 976], [500, 976], [501, 976], [544, 976], [545, 976], [546, 976], [498, 977], [499, 977], [500, 977], [543, 977], [544, 977], [545, 977], [546, 977], [498, 978], [499, 978], [500, 978], [543, 978], [544, 978], [545, 978], [497, 979], [498, 979], [499, 979], [542, 979], [543, 979], [544, 979], [497, 980], [498, 980], [499, 980], [542, 980], [543, 980], [544, 980], [496, 981], [497, 981], [498, 981], [534, 981], [535, 981], [536, 981], [541, 981], [542, 981], [543, 981], [495, 982], [496, 982], [497, 982], [498, 982], [534, 982], [535, 982], [536, 982], [541, 982], [542, 982], [543, 982], [495, 983], [496, 983], [497, 983], [534, 983], [535, 983], [536, 983], [540, 983], [541, 983], [542, 983], [494, 984], [495, 984], [496, 984], [534, 984], [535, 984], [536, 984], [539, 984], [540, 984], [541, 984], [542, 984], [494, 985], [495, 985], [496, 985], [539, 985], [540, 985], [541, 985], [493, 986], [494, 986], [495, 986], [538, 986], [539, 986], [540, 986], [493, 987], [494, 987], [495, 987], [538, 987], [539, 987], [540, 987], [492, 988], [493, 988], [494, 988], [537, 988], [538, 988], [539, 988], [492, 989], [493, 989], [494, 989], [537, 989], [538, 989], [539, 989], [491, 990], [492, 990], [493, 990], [536, 990], [537, 990], [538, 990], [491, 991], [492, 991], [493, 991], [536, 991], [537, 991], [538, 991], [490, 992], [491, 992], [492, 992], [535, 992], [536, 992], [537, 992], [489, 993], [490, 993], [491, 993], [492, 993], [535, 993], [536, 993], [537, 993], [489, 994], [490, 994], [491, 994], [534, 994], [535, 994], [536, 994], [488, 995], [489, 995], [490, 995], [534, 995], [535, 995], [536, 995], [488, 996], [489, 996], [490, 996], [533, 996], [534, 996], [535, 996], [487, 997], [488, 997], [489, 997], [532, 997], [533, 997], [534, 997], [535, 997], [487, 998], [488, 998], [489, 998], [532, 998], [533, 998], [534, 998], [486, 999], [487, 999], [488, 999], [532, 999], [533, 999], [486, 1000], [487, 1000], [488, 1000], [531, 1000], [532, 1000], [533, 1000], [485, 1001], [486, 1001], [487, 1001], [530, 1001], [531, 1001], [532, 1001], [533, 1001], [484, 1002], [485, 1002], [486, 1002], [487, 1002], [530, 1002], [531, 1002], [532, 1002], [484, 1003], [485, 1003], [486, 1003], [529, 1003], [530, 1003], [531, 1003], [483, 1004], [484, 1004], [485, 1004], [528, 1004], [529, 1004], [530, 1004], [531, 1004], [483, 1005], [484, 1005], [485, 1005], [528, 1005], [529, 1005], [530, 1005], [482, 1006], [483, 1006], [484, 1006], [527, 1006], [528, 1006], [529, 1006], [482, 1007], [483, 1007], [484, 1007], [527, 1007], [528, 1007], [529, 1007], [481, 1008], [482, 1008], [483, 1008], [526, 1008], [527, 1008], [528, 1008], [481, 1009], [482, 1009], [483, 1009], [525, 1009], [526, 1009], [527, 1009], [528, 1009], [480, 1010], [481, 1010], [482, 1010], [525, 1010], [526, 1010], [527, 1010], [480, 1011], [481, 1011], [482, 1011], [524, 1011], [525, 1011], [526, 1011], [479, 1012], [480, 1012], [481, 1012], [524, 1012], [525, 1012], [526, 1012], [478, 1013], [479, 1013], [480, 1013], [481, 1013], [523, 1013], [524, 1013], [525, 1013], [478, 1014], [479, 1014], [480, 1014], [523, 1014], [524, 1014], [525, 1014], [477, 1015], [478, 1015], [479, 1015], [522, 1015], [523, 1015], [524, 1015], [477, 1016], [478, 1016], [479, 1016], [522, 1016], [523, 1016], [524, 1016], [476, 1017], [477, 1017], [478, 1017], [521, 1017], [522, 1017], [523, 1017], [475, 1018], [476, 1018], [477, 1018], [478, 1018], [521, 1018], [522, 1018], [523, 1018], [475, 1019], [476, 1019], [477, 1019], [520, 1019], [521, 1019], [522, 1019], [474, 1020], [475, 1020], [476, 1020], [519, 1020], [520, 1020], [521, 1020], [522, 1020], [474, 1021], [475, 1021], [476, 1021], [519, 1021], [520, 1021], [521, 1021], [473, 1022], [474, 1022], [475, 1022], [518, 1022], [519, 1022], [520, 1022], [473, 1023], [474, 1023], [475, 1023], [517, 1023], [518, 1023], [519, 1023], [520, 1023], [472, 1024], [473, 1024], [474, 1024], [517, 1024], [518, 1024], [519, 1024], [471, 1025], [472, 1025], [473, 1025], [474, 1025], [516, 1025], [517, 1025], [518, 1025], [471, 1026], [472, 1026], [473, 1026], [515, 1026], [516, 1026], [517, 1026], [518, 1026], [470, 1027], [471, 1027], [472, 1027], [515, 1027], [516, 1027], [517, 1027], [469, 1028], [470, 1028], [471, 1028], [472, 1028], [515, 1028], [516, 1028], [468, 1029], [469, 1029], [470, 1029], [471, 1029], [514, 1029], [515, 1029], [516, 1029], [467, 1030], [468, 1030], [469, 1030], [470, 1030], [514, 1030], [515, 1030], [516, 1030], [467, 1031], [468, 1031], [469, 1031], [513, 1031], [514, 1031], [515, 1031], [466, 1032], [467, 1032], [468, 1032], [512, 1032], [513, 1032], [514, 1032], [515, 1032], [465, 1033], [466, 1033], [467, 1033], [468, 1033], [512, 1033], [513, 1033], [514, 1033], [465, 1034], [466, 1034], [467, 1034], [511, 1034], [512, 1034], [513, 1034], [464, 1035], [465, 1035], [466, 1035], [511, 1035], [512, 1035], [513, 1035], [463, 1036], [464, 1036], [465, 1036], [466, 1036], [510, 1036], [511, 1036], [512, 1036], [463, 1037], [464, 1037], [465, 1037], [510, 1037], [511, 1037], [512, 1037], [462, 1038], [463, 1038], [464, 1038], [509, 1038], [510, 1038], [511, 1038], [462, 1039], [463, 1039], [464, 1039], [509, 1039], [510, 1039], [511, 1039], [461, 1040], [462, 1040], [463, 1040], [508, 1040], [509, 1040], [510, 1040], [460, 1041], [461, 1041], [462, 1041], [463, 1041], [507, 1041], [508, 1041], [509, 1041], [510, 1041], [459, 1042], [460, 1042], [461, 1042], [462, 1042], [506, 1042], [507, 1042], [508, 1042], [509, 1042], [459, 1043], [460, 1043], [461, 1043], [506, 1043], [507, 1043], [508, 1043], [458, 1044], [459, 1044], [460, 1044], [505, 1044], [506, 1044], [507, 1044], [458, 1045], [459, 1045], [460, 1045], [504, 1045], [505, 1045], [506, 1045], [507, 1045], [457, 1046], [458, 1046], [459, 1046], [504, 1046], [505, 1046], [506, 1046], [457, 1047], [458, 1047], [459, 1047], [503, 1047], [504, 1047], [505, 1047], [456, 1048], [457, 1048], [458, 1048], [503, 1048], [504, 1048], [505, 1048], [455, 1049], [456, 1049], [457, 1049], [458, 1049], [502, 1049], [503, 1049], [504, 1049], [455, 1050], [456, 1050], [457, 1050], [502, 1050], [503, 1050], [504, 1050], [454, 1051], [455, 1051], [456, 1051], [501, 1051], [502, 1051], [503, 1051], [453, 1052], [454, 1052], [455, 1052], [456, 1052], [501, 1052], [502, 1052], [503, 1052], [453, 1053], [454, 1053], [455, 1053], [500, 1053], [501, 1053], [502, 1053], [452, 1054], [453, 1054], [454, 1054], [499, 1054], [500, 1054], [501, 1054], [502, 1054], [452, 1055], [453, 1055], [454, 1055], [499, 1055], [500, 1055], [501, 1055], [451, 1056], [452, 1056], [453, 1056], [498, 1056], [499, 1056], [500, 1056], [451, 1057], [452, 1057], [453, 1057], [498, 1057], [499, 1057], [500, 1057], [450, 1058], [451, 1058], [452, 1058], [497, 1058], [498, 1058], [499, 1058], [450, 1059], [451, 1059], [452, 1059], [497, 1059], [498, 1059], [499, 1059], [449, 1060], [450, 1060], [451, 1060], [496, 1060], [497, 1060], [498, 1060], [448, 1061], [449, 1061], [450, 1061], [451, 1061], [496, 1061], [497, 1061], [498, 1061], [448, 1062], [449, 1062], [450, 1062], [495, 1062], [496, 1062], [497, 1062], [447, 1063], [448, 1063], [449, 1063], [495, 1063], [496, 1063], [497, 1063], [447, 1064], [448, 1064], [449, 1064], [494, 1064], [495, 1064], [496, 1064], [446, 1065], [447, 1065], [448, 1065], [494, 1065], [495, 1065], [496, 1065], [445, 1066], [446, 1066], [447, 1066], [448, 1066], [493, 1066], [494, 1066], [495, 1066], [445, 1067], [446, 1067], [447, 1067], [493, 1067], [494, 1067], [495, 1067], [444, 1068], [445, 1068], [446, 1068], [492, 1068], [493, 1068], [494, 1068], [444, 1069], [445, 1069], [446, 1069], [492, 1069], [493, 1069], [494, 1069], [443, 1070], [444, 1070], [445, 1070], [492, 1070], [493, 1070], [443, 1071], [444, 1071], [445, 1071], [491, 1071], [492, 1071], [493, 1071], [442, 1072], [443, 1072], [444, 1072], [491, 1072], [492, 1072], [493, 1072], [442, 1073], [443, 1073], [444, 1073], [490, 1073], [491, 1073], [492, 1073], [441, 1074], [442, 1074], [443, 1074], [489, 1074], [490, 1074], [491, 1074], [492, 1074], [440, 1075], [441, 1075], [442, 1075], [443, 1075], [489, 1075], [490, 1075], [491, 1075], [440, 1076], [441, 1076], [442, 1076], [488, 1076], [489, 1076], [490, 1076], [439, 1077], [440, 1077], [441, 1077], [488, 1077], [489, 1077], [490, 1077], [439, 1078], [440, 1078], [441, 1078], [488, 1078], [489, 1078], [439, 1079], [440, 1079], [488, 1079], [489, 1079]




Yellow line left - [159, 1042], [157, 1043], [158, 1043], [159, 1043], [156, 1044], [157, 1044], [158, 1044], [154, 1045], [155, 1045], [156, 1045], [152, 1046], [153, 1046], [154, 1046], [155, 1046], [156, 1046], [151, 1047], [152, 1047], [153, 1047], [154, 1047], [149, 1048], [150, 1048], [151, 1048], [152, 1048], [153, 1048], [147, 1049], [148, 1049], [149, 1049], [150, 1049], [146, 1050], [147, 1050], [148, 1050], [149, 1050]




Yellow line right - [309, 953], [307, 954], [308, 954], [309, 954], [307, 955], [308, 955], [307, 956], [308, 956], [302, 957], [303, 957], [307, 957], [308, 957], [301, 958], [302, 958], [303, 958], [304, 958], [306, 958], [307, 958], [308, 958], [299, 959], [300, 959], [301, 959], [302, 959], [303, 959], [304, 959], [305, 959], [306, 959], [307, 959], [308, 959], [297, 960], [298, 960], [299, 960], [300, 960], [303, 960], [304, 960], [305, 960], [306, 960], [307, 960], [295, 961], [296, 961], [297, 961], [298, 961], [299, 961], [303, 961], [305, 961], [294, 962], [295, 962], [296, 962], [297, 962], [298, 962], [303, 962], [304, 962], [305, 962], [292, 963], [293, 963], [294, 963], [295, 963], [296, 963], [297, 963], [298, 963], [290, 964], [291, 964], [294, 964], [295, 964], [296, 964], [287, 966], [285, 967], [286, 967], [284, 968], [285, 968], [282, 969], [283, 969], [280, 970], [281, 970], [283, 970], [279, 971], [280, 971], [281, 971], [282, 971], [283, 971], [277, 972], [278, 972], [279, 972], [280, 972], [277, 973], [278, 973], [279, 973], [276, 974], [277, 974], [278, 974], [279, 974], [275, 975], [276, 975], [277, 975], [278, 975], [279, 975], [275, 976], [276, 976], [277, 976], [275, 977], [276, 977], [277, 977], [274, 978], [275, 978], [276, 978], [277, 978], [273, 979], [274, 979], [275, 979], [276, 979], [273, 980], [274, 980], [275, 980], [272, 981], [273, 981], [274, 981], [275, 981], [272, 982], [273, 982], [274, 982], [275, 982], [272, 983], [273, 983], [274, 983], [275, 983], [270, 984], [271, 984], [272, 984], [273, 984], [274, 984], [263, 985], [264, 985], [265, 985], [266, 985], [267, 985], [268, 985], [269, 985], [270, 985], [271, 985], [272, 985], [273, 985], [262, 986], [263, 986], [264, 986], [265, 986], [266, 986], [267, 986], [268, 986], [269, 986], [270, 986], [271, 986], [262, 987], [263, 987], [264, 987], [267, 987], [268, 987], [269, 987], [270, 987], [271, 987], [259, 988], [260, 988], [261, 988], [262, 988], [263, 988], [259, 989], [260, 989], [261, 989], [262, 989], [263, 989], [258, 990], [259, 990], [260, 990], [258, 991], [259, 991], [260, 991], [257, 992], [258, 992], [259, 992], [260, 992], [257, 993], [258, 993], [259, 993], [260, 993], [257, 994], [258, 994], [257, 995], [258, 995], [259, 995], [252, 996], [253, 996], [254, 996], [255, 996], [256, 996], [257, 996], [258, 996], [259, 996], [251, 997], [252, 997], [253, 997], [254, 997], [255, 997], [256, 997], [257, 997], [258, 997], [259, 997], [250, 998], [251, 998], [252, 998], [253, 998], [255, 998], [256, 998], [257, 998], [249, 999], [250, 999], [251, 999], [252, 999], [253, 999], [254, 999], [255, 999], [256, 999], [257, 999], [249, 1000], [250, 1000], [251, 1000], [252, 1000], [253, 1000], [254, 1000], [248, 1001], [249, 1001], [250, 1001], [251, 1001], [252, 1001], [253, 1001], [254, 1001], [247, 1002], [248, 1002], [249, 1002], [250, 1002], [251, 1002], [252, 1002], [245, 1003], [246, 1003], [247, 1003], [248, 1003], [249, 1003], [240, 1004], [241, 1004], [242, 1004], [243, 1004], [244, 1004], [245, 1004], [246, 1004], [247, 1004], [248, 1004], [240, 1005], [241, 1005], [242, 1005], [243, 1005], [244, 1005], [245, 1005], [246, 1005], [239, 1006], [240, 1006], [241, 1006], [238, 1007], [239, 1007], [240, 1007], [241, 1007], [232, 1008], [233, 1008], [234, 1008], [235, 1008], [236, 1008], [237, 1008], [238, 1008], [239, 1008], [240, 1008], [230, 1009], [231, 1009], [232, 1009], [233, 1009], [234, 1009], [235, 1009], [236, 1009], [237, 1009], [238, 1009], [239, 1009], [229, 1010], [230, 1010], [231, 1010], [232, 1010], [233, 1010], [227, 1011], [228, 1011], [229, 1011], [230, 1011], [231, 1011], [226, 1012], [227, 1012], [228, 1012], [229, 1012], [230, 1012], [226, 1013], [227, 1013], [228, 1013], [226, 1014], [227, 1014], [224, 1015], [225, 1015], [226, 1015], [227, 1015], [224, 1016], [225, 1016], [226, 1016], [227, 1016], [222, 1017], [223, 1017], [224, 1017], [225, 1017], [226, 1017], [227, 1017], [221, 1018], [222, 1018], [223, 1018], [224, 1018], [225, 1018], [226, 1018], [221, 1019], [222, 1019], [223, 1019], [220, 1020], [221, 1020], [222, 1020], [220, 1021], [221, 1021], [222, 1021], [219, 1022], [220, 1022], [221, 1022], [217, 1023], [218, 1023], [219, 1023], [220, 1023], [221, 1023], [214, 1024], [215, 1024], [216, 1024], [217, 1024], [218, 1024], [219, 1024], [220, 1024], [210, 1025], [211, 1025], [212, 1025], [213, 1025], [214, 1025], [215, 1025], [216, 1025], [217, 1025], [218, 1025], [207, 1026], [208, 1026], [209, 1026], [210, 1026], [211, 1026], [212, 1026], [213, 1026], [214, 1026], [215, 1026], [207, 1027], [208, 1027], [209, 1027], [210, 1027], [211, 1027], [212, 1027], [213, 1027], [206, 1028], [207, 1028], [208, 1028], [206, 1029], [207, 1029], [208, 1029], [206, 1030], [207, 1030], [208, 1030], [206, 1031], [207, 1031], [208, 1031], [206, 1032], [207, 1032], [204, 1033], [205, 1033], [206, 1033], [207, 1033], [203, 1034], [204, 1034], [205, 1034], [206, 1034], [207, 1034], [202, 1035], [203, 1035], [204, 1035], [205, 1035], [201, 1036], [202, 1036], [203, 1036], [204, 1036], [199, 1037], [200, 1037], [201, 1037], [202, 1037], [203, 1037], [199, 1038], [200, 1038], [201, 1038], [202, 1038], [199, 1039], [200, 1039], [202, 1039], [197, 1040], [198, 1040], [199, 1040], [200, 1040], [201, 1040], [202, 1040], [197, 1041], [198, 1041], [199, 1041], [200, 1041], [197, 1042], [198, 1042], [199, 1042], [200, 1042], [192, 1043], [193, 1043], [194, 1043], [196, 1043], [197, 1043], [198, 1043], [199, 1043], [191, 1044], [192, 1044], [193, 1044], [194, 1044], [195, 1044], [196, 1044], [197, 1044], [198, 1044], [199, 1044], [190, 1045], [191, 1045], [192, 1045], [193, 1045], [194, 1045], [195, 1045], [196, 1045], [197, 1045], [190, 1046], [191, 1046], [192, 1046], [188, 1047], [189, 1047], [190, 1047], [191, 1047], [188, 1048], [189, 1048], [190, 1048], [191, 1048], [186, 1049], [187, 1049], [188, 1049], [189, 1049], [184, 1050], [185, 1050], [186, 1050], [187, 1050], [188, 1050], [189, 1050], [180, 1051], [181, 1051], [182, 1051], [183, 1051], [184, 1051], [185, 1051], [186, 1051], [187, 1051], [177, 1052], [178, 1052], [179, 1052], [180, 1052], [181, 1052], [182, 1052], [183, 1052], [184, 1052], [185, 1052], [176, 1053], [177, 1053], [178, 1053], [179, 1053], [180, 1053], [181, 1053], [174, 1054], [175, 1054], [176, 1054], [177, 1054], [178, 1054], [179, 1054], [180, 1054], [171, 1055], [172, 1055], [173, 1055], [174, 1055], [175, 1055], [176, 1055], [177, 1055], [170, 1056], [171, 1056], [172, 1056], [173, 1056], [174, 1056], [175, 1056], [170, 1057], [171, 1057], [172, 1057], [168, 1058], [169, 1058], [170, 1058], [171, 1058], [168, 1059], [169, 1059], [170, 1059], [171, 1059], [166, 1060], [167, 1060], [168, 1060], [169, 1060], [164, 1061], [165, 1061], [166, 1061], [167, 1061], [168, 1061], [169, 1061], [163, 1062], [164, 1062], [165, 1062], [166, 1062], [167, 1062], [161, 1063], [162, 1063], [163, 1063], [164, 1063], [165, 1063], [161, 1064], [162, 1064], [163, 1064], [164, 1064], [160, 1065], [161, 1065], [162, 1065], [160, 1066], [161, 1066], [162, 1066], [159, 1067], [160, 1067], [161, 1067], [162, 1067], [159, 1068], [160, 1068], [161, 1068], [162, 1068], [158, 1069], [159, 1069], [160, 1069], [161, 1069], [162, 1069], [157, 1070], [158, 1070], [159, 1070], [160, 1070], [156, 1071], [157, 1071], [158, 1071], [159, 1071], [155, 1072], [156, 1072], [157, 1072], [158, 1072], [153, 1073], [154, 1073], [155, 1073], [156, 1073], [157, 1073], [152, 1074], [153, 1074], [154, 1074], [155, 1074], [156, 1074], [126, 1075], [127, 1075], [128, 1075], [129, 1075], [130, 1075], [131, 1075], [132, 1075], [133, 1075], [134, 1075], [135, 1075], [152, 1075], [153, 1075], [154, 1075], [122, 1076], [123, 1076], [124, 1076], [125, 1076], [126, 1076], [127, 1076], [128, 1076], [129, 1076], [130, 1076], [131, 1076], [132, 1076], [133, 1076], [134, 1076], [135, 1076], [151, 1076], [152, 1076], [153, 1076], [121, 1077], [122, 1077], [123, 1077], [124, 1077], [125, 1077], [126, 1077], [127, 1077], [128, 1077], [129, 1077], [132, 1077], [133, 1077], [134, 1077], [135, 1077], [150, 1077], [151, 1077], [152, 1077], [153, 1077], [121, 1078], [122, 1078], [123, 1078], [124, 1078], [125, 1078], [126, 1078], [134, 1078], [135, 1078], [136, 1078], [137, 1078], [149, 1078], [150, 1078], [151, 1078], [152, 1078], [121, 1079], [122, 1079], [123, 1079], [134, 1079], [135, 1079], [136, 1079], [137, 1079], [149, 1079], [150, 1079], [151, 1079]




White line right - [1822, 55], [1823, 55], [1824, 55], [1821, 56], [1822, 56], [1821, 57], [1822, 57], [1823, 57], [1824, 57], [1811, 129], [1812, 129], [1813, 129], [1814, 129], [1811, 130], [1812, 130], [1813, 130], [1814, 130], [1811, 131], [1812, 131], [1813, 131], [1814, 131], [1811, 132], [1812, 132], [1813, 132], [1811, 133], [1812, 133], [1813, 133], [1809, 136], [1810, 136], [1811, 136], [1808, 137], [1809, 137], [1810, 137], [1811, 137], [1808, 138], [1809, 138], [1810, 138], [1811, 138], [1807, 139], [1808, 139], [1809, 139], [1810, 139], [1811, 139], [1807, 140], [1808, 140], [1809, 140], [1810, 140], [1811, 140], [1807, 141], [1808, 141], [1809, 141], [1810, 141], [1807, 142], [1808, 142], [1809, 142], [1810, 142], [1806, 143], [1807, 143], [1809, 143], [1810, 143], [1805, 144], [1806, 144], [1807, 144], [1808, 144], [1809, 144], [1805, 145], [1806, 145], [1807, 145], [1808, 145], [1809, 145], [1805, 146], [1806, 146], [1807, 146], [1808, 146], [1805, 147], [1806, 147], [1807, 147], [1808, 147], [1640, 163], [1641, 163], [1638, 164], [1639, 164], [1640, 164], [1641, 164], [1642, 164], [1643, 164], [1644, 164], [1645, 164], [1646, 164], [1637, 165], [1638, 165], [1639, 165], [1640, 165], [1641, 165], [1643, 165], [1644, 165], [1645, 165], [1646, 165], [1635, 166], [1636, 166], [1637, 166], [1638, 166], [1639, 166], [1640, 166], [1641, 166], [1642, 166], [1643, 166], [1644, 166], [1645, 166], [1646, 166], [1633, 167], [1634, 167], [1635, 167], [1636, 167], [1637, 167], [1642, 167], [1643, 167], [1644, 167], [1645, 167], [1646, 167], [1632, 168], [1633, 168], [1634, 168], [1635, 168], [1639, 168], [1640, 168], [1641, 168], [1642, 168], [1643, 168], [1644, 168], [1645, 168], [1646, 168], [1630, 169], [1631, 169], [1632, 169], [1633, 169], [1636, 169], [1637, 169], [1638, 169], [1639, 169], [1640, 169], [1641, 169], [1642, 169], [1643, 169], [1644, 169], [1645, 169], [1646, 169], [1630, 170], [1631, 170], [1632, 170], [1633, 170], [1634, 170], [1635, 170], [1636, 170], [1637, 170], [1638, 170], [1640, 170], [1641, 170], [1642, 170], [1643, 170], [1644, 170], [1645, 170], [1646, 170], [1627, 171], [1632, 171], [1633, 171], [1634, 171], [1635, 171], [1636, 171], [1637, 171], [1638, 171], [1639, 171], [1640, 171], [1641, 171], [1642, 171], [1643, 171], [1796, 171], [1797, 171], [1798, 171], [1799, 171], [1625, 172], [1626, 172], [1627, 172], [1635, 172], [1636, 172], [1637, 172], [1638, 172], [1639, 172], [1795, 172], [1796, 172], [1797, 172], [1798, 172], [1799, 172], [1624, 173], [1625, 173], [1626, 173], [1634, 173], [1635, 173], [1636, 173], [1637, 173], [1795, 173], [1796, 173], [1797, 173], [1798, 173], [1799, 173], [1623, 174], [1624, 174], [1625, 174], [1626, 174], [1634, 174], [1635, 174], [1636, 174], [1795, 174], [1796, 174], [1797, 174], [1798, 174], [1799, 174], [1622, 175], [1623, 175], [1624, 175], [1625, 175], [1634, 175], [1635, 175], [1796, 175], [1797, 175], [1798, 175], [1799, 175], [1622, 176], [1623, 176], [1624, 176], [1632, 176], [1633, 176], [1634, 176], [1635, 176], [1622, 177], [1623, 177], [1624, 177], [1629, 177], [1630, 177], [1631, 177], [1632, 177], [1633, 177], [1634, 177], [1635, 177], [1622, 178], [1623, 178], [1624, 178], [1625, 178], [1626, 178], [1627, 178], [1628, 178], [1629, 178], [1630, 178], [1631, 178], [1632, 178], [1633, 178], [1623, 179], [1624, 179], [1625, 179], [1626, 179], [1627, 179], [1628, 179], [1629, 179], [1630, 179], [1525, 231], [1526, 231], [1527, 231], [1528, 231], [1529, 231], [1530, 231], [1524, 232], [1525, 232], [1526, 232], [1527, 232], [1528, 232], [1529, 232], [1530, 232], [1531, 232], [1523, 233], [1524, 233], [1526, 233], [1527, 233], [1528, 233], [1529, 233], [1530, 233], [1531, 233], [1532, 233], [1523, 234], [1524, 234], [1525, 234], [1526, 234], [1527, 234], [1528, 234], [1529, 234], [1530, 234], [1531, 234], [1532, 234], [1523, 235], [1524, 235], [1526, 235], [1527, 235], [1528, 235], [1529, 235], [1530, 235], [1531, 235], [1532, 235], [1523, 236], [1524, 236], [1525, 236], [1526, 236], [1527, 236], [1528, 236], [1529, 236], [1530, 236], [1531, 236], [1532, 236], [1524, 237], [1525, 237], [1526, 237], [1527, 237], [1528, 237], [1529, 237], [1530, 237], [1531, 237], [1532, 237], [1526, 238], [1527, 238], [1528, 238], [1529, 238], [1530, 238], [1531, 238], [1634, 278], [1635, 278], [1636, 278], [1637, 278], [1638, 278], [1639, 278], [1640, 278], [1634, 279], [1635, 279], [1636, 279], [1637, 279], [1638, 279], [1639, 279], [1640, 279], [1641, 279], [1642, 279], [1643, 279], [1644, 279], [1634, 280], [1635, 280], [1636, 280], [1639, 280], [1640, 280], [1641, 280], [1642, 280], [1643, 280], [1644, 280], [1645, 280], [1646, 280], [1647, 280], [1634, 281], [1635, 281], [1636, 281], [1637, 281], [1638, 281], [1639, 281], [1640, 281], [1643, 281], [1644, 281], [1645, 281], [1646, 281], [1647, 281], [1648, 281], [1649, 281], [1650, 281], [1651, 281], [1635, 282], [1636, 282], [1637, 282], [1638, 282], [1639, 282], [1640, 282], [1641, 282], [1642, 282], [1643, 282], [1644, 282], [1646, 282], [1647, 282], [1648, 282], [1649, 282], [1650, 282], [1651, 282], [1652, 282], [1653, 282], [1654, 282], [1639, 283], [1640, 283], [1641, 283], [1642, 283], [1643, 283], [1644, 283], [1645, 283], [1646, 283], [1650, 283], [1651, 283], [1652, 283], [1653, 283], [1654, 283], [1655, 283], [1656, 283], [1657, 283], [1658, 283], [1643, 284], [1644, 284], [1645, 284], [1646, 284], [1647, 284], [1648, 284], [1653, 284], [1654, 284], [1655, 284], [1656, 284], [1657, 284], [1658, 284], [1659, 284], [1660, 284], [1661, 284], [1662, 284], [1645, 285], [1646, 285], [1647, 285], [1648, 285], [1649, 285], [1650, 285], [1651, 285], [1657, 285], [1658, 285], [1659, 285], [1660, 285], [1661, 285], [1662, 285], [1663, 285], [1664, 285], [1665, 285], [1647, 286], [1648, 286], [1649, 286], [1650, 286], [1651, 286], [1652, 286], [1653, 286], [1654, 286], [1661, 286], [1662, 286], [1663, 286], [1664, 286], [1665, 286], [1666, 286], [1667, 286], [1668, 286], [1669, 286], [1650, 287], [1651, 287], [1652, 287], [1653, 287], [1654, 287], [1655, 287], [1656, 287], [1657, 287], [1664, 287], [1665, 287], [1666, 287], [1667, 287], [1668, 287], [1669, 287], [1670, 287], [1671, 287], [1672, 287], [1653, 288], [1654, 288], [1655, 288], [1656, 288], [1657, 288], [1658, 288], [1659, 288], [1660, 288], [1668, 288], [1669, 288], [1670, 288], [1671, 288], [1672, 288], [1673, 288], [1674, 288], [1656, 289], [1657, 289], [1658, 289], [1659, 289], [1660, 289], [1661, 289], [1662, 289], [1663, 289], [1664, 289], [1671, 289], [1672, 289], [1673, 289], [1674, 289], [1675, 289], [1659, 290], [1660, 290], [1661, 290], [1662, 290], [1663, 290], [1664, 290], [1665, 290], [1666, 290], [1667, 290], [1668, 290], [1669, 290], [1673, 290], [1674, 290], [1675, 290], [1663, 291], [1664, 291], [1665, 291], [1666, 291], [1667, 291], [1668, 291], [1669, 291], [1670, 291], [1671, 291], [1672, 291], [1673, 291], [1674, 291], [1675, 291], [1668, 292], [1669, 292], [1670, 292], [1671, 292], [1672, 292], [1673, 292], [1674, 292], [1690, 296], [1691, 296], [1692, 296], [1693, 296], [1694, 296], [1690, 297], [1691, 297], [1692, 297], [1693, 297], [1694, 297], [1695, 297], [1696, 297], [1697, 297], [1698, 297], [1699, 297], [1700, 297], [1690, 298], [1691, 298], [1692, 298], [1693, 298], [1694, 298], [1695, 298], [1696, 298], [1697, 298], [1698, 298], [1699, 298], [1700, 298], [1701, 298], [1702, 298], [1703, 298], [1704, 298], [1705, 298], [1690, 299], [1691, 299], [1692, 299], [1693, 299], [1694, 299], [1695, 299], [1696, 299], [1699, 299], [1700, 299], [1701, 299], [1702, 299], [1703, 299], [1704, 299], [1705, 299], [1706, 299], [1707, 299], [1708, 299], [1709, 299], [1693, 300], [1694, 300], [1695, 300], [1696, 300], [1697, 300], [1698, 300], [1699, 300], [1704, 300], [1705, 300], [1706, 300], [1707, 300], [1708, 300], [1709, 300], [1710, 300], [1711, 300], [1712, 300], [1713, 300], [1695, 301], [1696, 301], [1697, 301], [1698, 301], [1699, 301], [1700, 301], [1701, 301], [1708, 301], [1709, 301], [1710, 301], [1711, 301], [1712, 301], [1713, 301], [1714, 301], [1715, 301], [1716, 301], [1698, 302], [1699, 302], [1700, 302], [1701, 302], [1702, 302], [1703, 302], [1712, 302], [1713, 302], [1714, 302], [1715, 302], [1716, 302], [1717, 302], [1718, 302], [1719, 302], [1700, 303], [1701, 303], [1702, 303], [1703, 303], [1704, 303], [1705, 303], [1706, 303], [1711, 303], [1712, 303], [1713, 303], [1715, 303], [1716, 303], [1717, 303], [1718, 303], [1719, 303], [1720, 303], [1721, 303], [1722, 303], [1723, 303], [1702, 304], [1703, 304], [1704, 304], [1705, 304], [1706, 304], [1707, 304], [1708, 304], [1709, 304], [1711, 304], [1713, 304], [1715, 304], [1716, 304], [1717, 304], [1718, 304], [1719, 304], [1720, 304], [1721, 304], [1722, 304], [1723, 304], [1724, 304], [1725, 304], [1726, 304], [1731, 304], [1732, 304], [1733, 304], [1734, 304], [1735, 304], [1736, 304], [1737, 304], [1738, 304], [1739, 304], [1740, 304], [1741, 304], [1705, 305], [1706, 305], [1707, 305], [1708, 305], [1709, 305], [1710, 305], [1711, 305], [1712, 305], [1713, 305], [1715, 305], [1717, 305], [1722, 305], [1723, 305], [1724, 305], [1725, 305], [1726, 305], [1727, 305], [1728, 305], [1729, 305], [1730, 305], [1731, 305], [1732, 305], [1733, 305], [1734, 305], [1735, 305], [1736, 305], [1737, 305], [1738, 305], [1739, 305], [1740, 305], [1741, 305], [1742, 305], [1743, 305], [1744, 305], [1745, 305], [1708, 306], [1709, 306], [1710, 306], [1711, 306], [1712, 306], [1713, 306], [1714, 306], [1716, 306], [1717, 306], [1725, 306], [1726, 306], [1727, 306], [1728, 306], [1729, 306], [1730, 306], [1731, 306], [1732, 306], [1740, 306], [1741, 306], [1742, 306], [1743, 306], [1744, 306], [1745, 306], [1746, 306], [1747, 306], [1711, 307], [1712, 307], [1713, 307], [1714, 307], [1715, 307], [1716, 307], [1717, 307], [1718, 307], [1719, 307], [1744, 307], [1745, 307], [1746, 307], [1747, 307], [1714, 308], [1715, 308], [1716, 308], [1717, 308], [1718, 308], [1719, 308], [1720, 308], [1721, 308], [1722, 308], [1723, 308], [1738, 308], [1739, 308], [1740, 308], [1741, 308], [1742, 308], [1743, 308], [1744, 308], [1745, 308], [1746, 308], [1747, 308], [1718, 309], [1719, 309], [1720, 309], [1721, 309], [1722, 309], [1723, 309], [1724, 309], [1725, 309], [1726, 309], [1727, 309], [1728, 309], [1737, 309], [1738, 309], [1739, 309], [1740, 309], [1741, 309], [1742, 309], [1743, 309], [1744, 309], [1745, 309], [1746, 309], [1747, 309], [1722, 310], [1723, 310], [1724, 310], [1725, 310], [1726, 310], [1727, 310], [1728, 310], [1729, 310], [1730, 310], [1731, 310], [1732, 310], [1733, 310], [1734, 310], [1735, 310], [1736, 310], [1737, 310], [1738, 310], [1739, 310], [1727, 311], [1728, 311], [1729, 311], [1730, 311], [1731, 311], [1732, 311], [1733, 311], [1734, 311], [1735, 311], [1736, 311], [1737, 311], [1738, 311], [1756, 317], [1757, 317], [1758, 317], [1759, 317], [1760, 317], [1754, 318], [1755, 318], [1756, 318], [1757, 318], [1758, 318], [1759, 318], [1760, 318], [1761, 318], [1762, 318], [1763, 318], [1764, 318], [1765, 318], [1766, 318], [1767, 318], [1754, 319], [1755, 319], [1756, 319], [1757, 319], [1759, 319], [1760, 319], [1761, 319], [1762, 319], [1763, 319], [1764, 319], [1765, 319], [1766, 319], [1767, 319], [1768, 319], [1769, 319], [1770, 319], [1771, 319], [1754, 320], [1755, 320], [1756, 320], [1757, 320], [1758, 320], [1766, 320], [1767, 320], [1768, 320], [1769, 320], [1770, 320], [1771, 320], [1772, 320], [1773, 320], [1774, 320], [1755, 321], [1756, 321], [1757, 321], [1758, 321], [1759, 321], [1760, 321], [1770, 321], [1771, 321], [1772, 321], [1773, 321], [1774, 321], [1775, 321], [1776, 321], [1777, 321], [1757, 322], [1758, 322], [1759, 322], [1760, 322], [1761, 322], [1762, 322], [1763, 322], [1764, 322], [1773, 322], [1774, 322], [1775, 322], [1776, 322], [1777, 322], [1778, 322], [1779, 322], [1780, 322], [1759, 323], [1760, 323], [1761, 323], [1762, 323], [1763, 323], [1764, 323], [1765, 323], [1766, 323], [1767, 323], [1776, 323], [1777, 323], [1778, 323], [1779, 323], [1780, 323], [1781, 323], [1782, 323], [1783, 323], [1784, 323], [1763, 324], [1764, 324], [1765, 324], [1766, 324], [1767, 324], [1768, 324], [1769, 324], [1770, 324], [1779, 324], [1780, 324], [1781, 324], [1782, 324], [1783, 324], [1784, 324], [1785, 324], [1786, 324], [1787, 324], [1766, 325], [1767, 325], [1768, 325], [1769, 325], [1770, 325], [1771, 325], [1772, 325], [1783, 325], [1784, 325], [1785, 325], [1786, 325], [1787, 325], [1788, 325], [1789, 325], [1790, 325], [1791, 325], [1769, 326], [1770, 326], [1771, 326], [1772, 326], [1773, 326], [1774, 326], [1775, 326], [1786, 326], [1787, 326], [1788, 326], [1789, 326], [1790, 326], [1791, 326], [1792, 326], [1793, 326], [1794, 326], [1771, 327], [1772, 327], [1773, 327], [1774, 327], [1775, 327], [1776, 327], [1777, 327], [1784, 327], [1785, 327], [1786, 327], [1787, 327], [1788, 327], [1790, 327], [1791, 327], [1792, 327], [1793, 327], [1794, 327], [1795, 327], [1796, 327], [1797, 327], [1774, 328], [1775, 328], [1776, 328], [1777, 328], [1778, 328], [1779, 328], [1780, 328], [1784, 328], [1785, 328], [1787, 328], [1788, 328], [1789, 328], [1790, 328], [1791, 328], [1793, 328], [1794, 328], [1795, 328], [1796, 328], [1797, 328], [1798, 328], [1799, 328], [1776, 329], [1777, 329], [1778, 329], [1779, 329], [1780, 329], [1781, 329], [1782, 329], [1783, 329], [1784, 329], [1785, 329], [1786, 329], [1787, 329], [1788, 329], [1789, 329], [1790, 329], [1791, 329], [1792, 329], [1793, 329], [1796, 329], [1797, 329], [1798, 329], [1799, 329], [1800, 329], [1801, 329], [1802, 329], [1779, 330], [1780, 330], [1781, 330], [1782, 330], [1783, 330], [1784, 330], [1785, 330], [1786, 330], [1787, 330], [1788, 330], [1789, 330], [1790, 330], [1791, 330], [1793, 330], [1798, 330], [1799, 330], [1800, 330], [1801, 330], [1802, 330], [1803, 330], [1804, 330], [1805, 330], [1782, 331], [1783, 331], [1784, 331], [1785, 331], [1786, 331], [1787, 331], [1788, 331], [1790, 331], [1791, 331], [1792, 331], [1793, 331], [1801, 331], [1802, 331], [1803, 331], [1804, 331], [1805, 331], [1806, 331], [1807, 331], [1785, 332], [1786, 332], [1787, 332], [1788, 332], [1789, 332], [1790, 332], [1791, 332], [1792, 332], [1793, 332], [1804, 332], [1805, 332], [1806, 332], [1807, 332], [1808, 332], [1809, 332], [1788, 333], [1789, 333], [1790, 333], [1791, 333], [1792, 333], [1793, 333], [1794, 333], [1795, 333], [1796, 333], [1797, 333], [1806, 333], [1807, 333], [1808, 333], [1809, 333], [1810, 333], [1811, 333], [1812, 333], [1813, 333], [1792, 334], [1793, 334], [1794, 334], [1795, 334], [1796, 334], [1797, 334], [1798, 334], [1799, 334], [1800, 334], [1808, 334], [1809, 334], [1810, 334], [1811, 334], [1812, 334], [1813, 334], [1814, 334], [1815, 334], [1816, 334], [1796, 335], [1797, 335], [1798, 335], [1799, 335], [1800, 335], [1801, 335], [1802, 335], [1803, 335], [1804, 335], [1812, 335], [1813, 335], [1814, 335], [1815, 335], [1816, 335], [1817, 335], [1818, 335], [1799, 336], [1800, 336], [1801, 336], [1802, 336], [1803, 336], [1804, 336], [1805, 336], [1806, 336], [1807, 336], [1808, 336], [1809, 336], [1815, 336], [1816, 336], [1817, 336], [1818, 336], [1819, 336], [1803, 337], [1804, 337], [1805, 337], [1806, 337], [1807, 337], [1808, 337], [1809, 337], [1810, 337], [1811, 337], [1812, 337], [1813, 337], [1814, 337], [1815, 337], [1816, 337], [1817, 337], [1818, 337], [1819, 337], [1808, 338], [1809, 338], [1810, 338], [1811, 338], [1812, 338], [1813, 338], [1814, 338], [1815, 338], [1816, 338], [1817, 338], [1818, 338], [1819, 338]


