White line left - [784, 671], [782, 672], [783, 672], [784, 672], [781, 673], [782, 673], [783, 673], [781, 674], [782, 674], [783, 674], [781, 675], [782, 675], [780, 676], [781, 676], [782, 676], [780, 677], [781, 677], [782, 677], [779, 678], [780, 678], [781, 678], [779, 679], [780, 679], [781, 679], [778, 680], [779, 680], [780, 680], [778, 681], [779, 681], [780, 681], [777, 682], [778, 682], [779, 682], [777, 683], [778, 683], [779, 683], [776, 684], [777, 684], [778, 684], [776, 685], [777, 685], [778, 685], [775, 686], [776, 686], [777, 686], [775, 687], [776, 687], [777, 687], [774, 688], [775, 688], [776, 688], [774, 689], [775, 689], [776, 689], [773, 690], [774, 690], [775, 690], [773, 691], [774, 691], [775, 691], [772, 692], [773, 692], [774, 692], [772, 693], [773, 693], [774, 693], [771, 694], [772, 694], [773, 694], [771, 695], [772, 695], [773, 695], [770, 696], [771, 696], [772, 696], [740, 697], [741, 697], [770, 697], [771, 697], [772, 697], [739, 698], [740, 698], [770, 698], [771, 698], [738, 699], [739, 699], [740, 699], [769, 699], [770, 699], [771, 699], [737, 700], [738, 700], [739, 700], [769, 700], [770, 700], [771, 700], [737, 701], [738, 701], [739, 701], [768, 701], [769, 701], [770, 701], [736, 702], [737, 702], [738, 702], [768, 702], [769, 702], [770, 702], [735, 703], [736, 703], [737, 703], [738, 703], [767, 703], [768, 703], [769, 703], [735, 704], [736, 704], [737, 704], [767, 704], [768, 704], [769, 704], [734, 705], [735, 705], [736, 705], [766, 705], [767, 705], [768, 705], [734, 706], [735, 706], [736, 706], [766, 706], [767, 706], [768, 706], [733, 707], [734, 707], [735, 707], [765, 707], [766, 707], [767, 707], [733, 708], [734, 708], [735, 708], [765, 708], [766, 708], [767, 708], [732, 709], [733, 709], [734, 709], [764, 709], [765, 709], [766, 709], [732, 710], [733, 710], [734, 710], [764, 710], [765, 710], [766, 710], [731, 711], [732, 711], [733, 711], [763, 711], [764, 711], [765, 711], [731, 712], [732, 712], [733, 712], [763, 712], [764, 712], [765, 712], [730, 713], [731, 713], [732, 713], [762, 713], [763, 713], [764, 713], [730, 714], [731, 714], [732, 714], [762, 714], [763, 714], [764, 714], [729, 715], [730, 715], [731, 715], [761, 715], [762, 715], [763, 715], [729, 716], [730, 716], [731, 716], [761, 716], [762, 716], [763, 716], [728, 717], [729, 717], [730, 717], [760, 717], [761, 717], [762, 717], [728, 718], [729, 718], [730, 718], [760, 718], [761, 718], [762, 718], [727, 719], [728, 719], [729, 719], [760, 719], [761, 719], [726, 720], [727, 720], [728, 720], [729, 720], [759, 720], [760, 720], [761, 720], [726, 721], [727, 721], [728, 721], [759, 721], [760, 721], [761, 721], [725, 722], [726, 722], [727, 722], [758, 722], [759, 722], [760, 722], [725, 723], [726, 723], [727, 723], [758, 723], [759, 723], [760, 723], [725, 724], [726, 724], [757, 724], [758, 724], [759, 724], [724, 725], [725, 725], [726, 725], [757, 725], [758, 725], [759, 725], [724, 726], [725, 726], [726, 726], [756, 726], [757, 726], [758, 726], [724, 727], [725, 727], [756, 727], [757, 727], [758, 727], [724, 728], [725, 728], [755, 728], [756, 728], [757, 728], [723, 729], [724, 729], [725, 729], [755, 729], [756, 729], [757, 729], [723, 730], [724, 730], [725, 730], [754, 730], [755, 730], [756, 730], [722, 731], [723, 731], [724, 731], [754, 731], [755, 731], [756, 731], [722, 732], [723, 732], [724, 732], [753, 732], [754, 732], [755, 732], [722, 733], [723, 733], [753, 733], [754, 733], [755, 733], [722, 734], [723, 734], [752, 734], [753, 734], [754, 734], [722, 735], [723, 735], [752, 735], [753, 735], [754, 735], [722, 736], [723, 736], [751, 736], [752, 736], [753, 736], [721, 737], [722, 737], [723, 737], [751, 737], [752, 737], [753, 737], [720, 738], [721, 738], [722, 738], [723, 738], [750, 738], [751, 738], [752, 738], [719, 739], [720, 739], [721, 739], [722, 739], [750, 739], [751, 739], [752, 739], [717, 740], [718, 740], [719, 740], [720, 740], [721, 740], [749, 740], [750, 740], [751, 740], [716, 741], [717, 741], [718, 741], [719, 741], [720, 741], [749, 741], [750, 741], [751, 741], [715, 742], [716, 742], [717, 742], [718, 742], [748, 742], [749, 742], [750, 742], [715, 743], [716, 743], [717, 743], [748, 743], [749, 743], [750, 743], [714, 744], [715, 744], [716, 744], [748, 744], [749, 744], [714, 745], [715, 745], [716, 745], [747, 745], [748, 745], [749, 745], [713, 746], [714, 746], [715, 746], [747, 746], [748, 746], [749, 746], [713, 747], [714, 747], [715, 747], [746, 747], [747, 747], [748, 747], [712, 748], [713, 748], [714, 748], [746, 748], [747, 748], [748, 748], [712, 749], [713, 749], [714, 749], [745, 749], [746, 749], [747, 749], [711, 750], [712, 750], [713, 750], [745, 750], [746, 750], [747, 750], [711, 751], [712, 751], [713, 751], [745, 751], [746, 751], [710, 752], [711, 752], [712, 752], [744, 752], [745, 752], [746, 752], [710, 753], [711, 753], [712, 753], [744, 753], [745, 753], [746, 753], [709, 754], [710, 754], [711, 754], [743, 754], [744, 754], [745, 754], [709, 755], [710, 755], [711, 755], [743, 755], [744, 755], [745, 755], [708, 756], [709, 756], [710, 756], [742, 756], [743, 756], [744, 756], [708, 757], [709, 757], [710, 757], [742, 757], [743, 757], [744, 757], [707, 758], [708, 758], [709, 758], [741, 758], [742, 758], [743, 758], [707, 759], [708, 759], [709, 759], [741, 759], [742, 759], [743, 759], [706, 760], [707, 760], [708, 760], [740, 760], [741, 760], [742, 760], [706, 761], [707, 761], [708, 761], [740, 761], [741, 761], [742, 761], [705, 762], [706, 762], [707, 762], [740, 762], [741, 762], [705, 763], [706, 763], [707, 763], [739, 763], [740, 763], [741, 763], [704, 764], [705, 764], [706, 764], [739, 764], [740, 764], [741, 764], [704, 765], [705, 765], [706, 765], [738, 765], [739, 765], [740, 765], [704, 766], [705, 766], [738, 766], [739, 766], [740, 766], [703, 767], [704, 767], [705, 767], [737, 767], [738, 767], [739, 767], [703, 768], [704, 768], [705, 768], [737, 768], [738, 768], [739, 768], [702, 769], [703, 769], [704, 769], [736, 769], [737, 769], [738, 769], [702, 770], [703, 770], [704, 770], [736, 770], [737, 770], [738, 770], [702, 771], [703, 771], [735, 771], [736, 771], [737, 771], [702, 772], [703, 772], [735, 772], [736, 772], [737, 772], [701, 773], [702, 773], [703, 773], [734, 773], [735, 773], [736, 773], [701, 774], [702, 774], [703, 774], [734, 774], [735, 774], [736, 774], [700, 775], [701, 775], [702, 775], [733, 775], [734, 775], [735, 775], [700, 776], [701, 776], [702, 776], [733, 776], [734, 776], [735, 776], [699, 777], [700, 777], [701, 777], [732, 777], [733, 777], [734, 777], [699, 778], [700, 778], [701, 778], [732, 778], [733, 778], [734, 778], [699, 779], [700, 779], [732, 779], [733, 779], [698, 780], [699, 780], [700, 780], [731, 780], [732, 780], [733, 780], [698, 781], [699, 781], [700, 781], [731, 781], [732, 781], [733, 781], [698, 782], [699, 782], [730, 782], [731, 782], [732, 782], [697, 783], [698, 783], [699, 783], [730, 783], [731, 783], [732, 783], [697, 784], [698, 784], [699, 784], [729, 784], [730, 784], [731, 784], [696, 785], [697, 785], [698, 785], [729, 785], [730, 785], [731, 785], [696, 786], [697, 786], [698, 786], [728, 786], [729, 786], [730, 786], [695, 787], [696, 787], [697, 787], [728, 787], [729, 787], [730, 787], [695, 788], [696, 788], [697, 788], [727, 788], [728, 788], [729, 788], [694, 789], [695, 789], [696, 789], [727, 789], [728, 789], [729, 789], [693, 790], [694, 790], [695, 790], [696, 790], [727, 790], [728, 790], [692, 791], [693, 791], [694, 791], [695, 791], [726, 791], [727, 791], [728, 791], [692, 792], [693, 792], [694, 792], [726, 792], [727, 792], [728, 792], [690, 793], [691, 793], [692, 793], [693, 793], [726, 793], [727, 793], [689, 794], [690, 794], [691, 794], [692, 794], [693, 794], [725, 794], [726, 794], [727, 794], [688, 795], [689, 795], [690, 795], [691, 795], [725, 795], [726, 795], [727, 795], [688, 796], [689, 796], [690, 796], [724, 796], [725, 796], [726, 796], [687, 797], [688, 797], [689, 797], [724, 797], [725, 797], [726, 797], [687, 798], [688, 798], [689, 798], [723, 798], [724, 798], [725, 798], [686, 799], [687, 799], [688, 799], [723, 799], [724, 799], [725, 799], [686, 800], [687, 800], [688, 800], [722, 800], [723, 800], [724, 800], [685, 801], [686, 801], [687, 801], [722, 801], [723, 801], [724, 801], [684, 802], [685, 802], [686, 802], [687, 802], [721, 802], [722, 802], [723, 802], [684, 803], [685, 803], [686, 803], [721, 803], [722, 803], [723, 803], [683, 804], [684, 804], [685, 804], [720, 804], [721, 804], [722, 804], [683, 805], [684, 805], [685, 805], [720, 805], [721, 805], [722, 805], [682, 806], [683, 806], [684, 806], [720, 806], [721, 806], [682, 807], [683, 807], [684, 807], [719, 807], [720, 807], [721, 807], [681, 808], [682, 808], [683, 808], [719, 808], [720, 808], [721, 808], [681, 809], [682, 809], [683, 809], [718, 809], [719, 809], [720, 809], [680, 810], [681, 810], [682, 810], [718, 810], [719, 810], [720, 810], [680, 811], [681, 811], [682, 811], [717, 811], [718, 811], [719, 811], [679, 812], [680, 812], [681, 812], [717, 812], [718, 812], [719, 812], [679, 813], [680, 813], [681, 813], [716, 813], [717, 813], [718, 813], [678, 814], [679, 814], [680, 814], [716, 814], [717, 814], [718, 814], [678, 815], [679, 815], [680, 815], [715, 815], [716, 815], [717, 815], [677, 816], [678, 816], [679, 816], [715, 816], [716, 816], [717, 816], [677, 817], [678, 817], [679, 817], [715, 817], [716, 817], [676, 818], [677, 818], [678, 818], [714, 818], [715, 818], [716, 818], [676, 819], [677, 819], [678, 819], [714, 819], [715, 819], [716, 819], [676, 820], [677, 820], [714, 820], [715, 820], [675, 821], [676, 821], [677, 821], [713, 821], [714, 821], [715, 821], [675, 822], [676, 822], [677, 822], [713, 822], [714, 822], [715, 822], [674, 823], [675, 823], [676, 823], [712, 823], [713, 823], [714, 823], [674, 824], [675, 824], [676, 824], [712, 824], [713, 824], [714, 824], [673, 825], [674, 825], [675, 825], [711, 825], [712, 825], [713, 825], [673, 826], [674, 826], [675, 826], [711, 826], [712, 826], [713, 826], [672, 827], [673, 827], [674, 827], [710, 827], [711, 827], [712, 827], [672, 828], [673, 828], [674, 828], [710, 828], [711, 828], [712, 828], [671, 829], [672, 829], [673, 829], [710, 829], [711, 829], [671, 830], [672, 830], [673, 830], [709, 830], [710, 830], [711, 830], [670, 831], [671, 831], [672, 831], [709, 831], [710, 831], [711, 831], [670, 832], [671, 832], [672, 832], [708, 832], [709, 832], [710, 832], [669, 833], [670, 833], [671, 833], [708, 833], [709, 833], [710, 833], [669, 834], [670, 834], [671, 834], [707, 834], [708, 834], [709, 834], [668, 835], [669, 835], [670, 835], [707, 835], [708, 835], [709, 835], [668, 836], [669, 836], [670, 836], [707, 836], [708, 836], [667, 837], [668, 837], [669, 837], [706, 837], [707, 837], [708, 837], [667, 838], [668, 838], [669, 838], [706, 838], [707, 838], [708, 838], [666, 839], [667, 839], [668, 839], [705, 839], [706, 839], [707, 839], [666, 840], [667, 840], [668, 840], [696, 840], [697, 840], [698, 840], [705, 840], [706, 840], [707, 840], [665, 841], [666, 841], [667, 841], [695, 841], [696, 841], [697, 841], [698, 841], [699, 841], [704, 841], [705, 841], [706, 841], [665, 842], [666, 842], [667, 842], [695, 842], [696, 842], [697, 842], [698, 842], [699, 842], [704, 842], [705, 842], [706, 842], [665, 843], [666, 843], [694, 843], [695, 843], [696, 843], [698, 843], [699, 843], [700, 843], [703, 843], [704, 843], [705, 843], [664, 844], [665, 844], [666, 844], [694, 844], [695, 844], [696, 844], [698, 844], [699, 844], [700, 844], [701, 844], [702, 844], [703, 844], [704, 844], [705, 844], [664, 845], [665, 845], [666, 845], [693, 845], [694, 845], [695, 845], [699, 845], [700, 845], [701, 845], [702, 845], [703, 845], [704, 845], [664, 846], [665, 846], [693, 846], [694, 846], [695, 846], [700, 846], [701, 846], [702, 846], [703, 846], [663, 847], [664, 847], [665, 847], [692, 847], [693, 847], [694, 847], [663, 848], [664, 848], [665, 848], [677, 848], [678, 848], [679, 848], [692, 848], [693, 848], [694, 848], [663, 849], [664, 849], [676, 849], [677, 849], [678, 849], [679, 849], [680, 849], [692, 849], [693, 849], [663, 850], [664, 850], [676, 850], [677, 850], [678, 850], [679, 850], [680, 850], [691, 850], [692, 850], [693, 850], [663, 851], [664, 851], [676, 851], [677, 851], [679, 851], [680, 851], [691, 851], [692, 851], [693, 851], [662, 852], [663, 852], [664, 852], [676, 852], [677, 852], [678, 852], [679, 852], [680, 852], [691, 852], [692, 852], [662, 853], [663, 853], [664, 853], [675, 853], [676, 853], [677, 853], [678, 853], [679, 853], [680, 853], [690, 853], [691, 853], [692, 853], [662, 854], [663, 854], [675, 854], [676, 854], [677, 854], [678, 854], [679, 854], [690, 854], [691, 854], [692, 854], [661, 855], [662, 855], [663, 855], [674, 855], [675, 855], [676, 855], [678, 855], [679, 855], [690, 855], [691, 855], [661, 856], [662, 856], [663, 856], [673, 856], [674, 856], [675, 856], [676, 856], [677, 856], [678, 856], [679, 856], [689, 856], [690, 856], [691, 856], [661, 857], [662, 857], [673, 857], [674, 857], [675, 857], [677, 857], [678, 857], [679, 857], [689, 857], [690, 857], [691, 857], [660, 858], [661, 858], [662, 858], [672, 858], [673, 858], [674, 858], [677, 858], [678, 858], [689, 858], [690, 858], [660, 859], [661, 859], [662, 859], [672, 859], [673, 859], [674, 859], [677, 859], [678, 859], [689, 859], [690, 859], [659, 860], [660, 860], [661, 860], [671, 860], [672, 860], [673, 860], [676, 860], [677, 860], [678, 860], [689, 860], [690, 860], [659, 861], [660, 861], [661, 861], [671, 861], [672, 861], [673, 861], [676, 861], [677, 861], [678, 861], [688, 861], [689, 861], [690, 861], [659, 862], [660, 862], [671, 862], [672, 862], [675, 862], [676, 862], [677, 862], [688, 862], [689, 862], [690, 862], [659, 863], [660, 863], [671, 863], [672, 863], [675, 863], [676, 863], [677, 863], [688, 863], [689, 863], [658, 864], [659, 864], [660, 864], [671, 864], [672, 864], [674, 864], [675, 864], [676, 864], [688, 864], [689, 864], [658, 865], [659, 865], [660, 865], [670, 865], [671, 865], [672, 865], [674, 865], [675, 865], [676, 865], [687, 865], [688, 865], [689, 865], [658, 866], [659, 866], [670, 866], [671, 866], [672, 866], [674, 866], [675, 866], [687, 866], [688, 866], [689, 866], [657, 867], [658, 867], [659, 867], [670, 867], [671, 867], [674, 867], [675, 867], [687, 867], [688, 867], [657, 868], [658, 868], [659, 868], [670, 868], [671, 868], [673, 868], [674, 868], [675, 868], [687, 868], [688, 868], [656, 869], [657, 869], [658, 869], [670, 869], [671, 869], [673, 869], [674, 869], [675, 869], [687, 869], [688, 869], [656, 870], [657, 870], [658, 870], [670, 870], [671, 870], [672, 870], [673, 870], [674, 870], [687, 870], [688, 870], [656, 871], [657, 871], [670, 871], [671, 871], [672, 871], [673, 871], [674, 871], [686, 871], [687, 871], [688, 871], [655, 872], [656, 872], [657, 872], [670, 872], [671, 872], [672, 872], [673, 872], [686, 872], [687, 872], [688, 872], [655, 873], [656, 873], [657, 873], [670, 873], [671, 873], [672, 873], [685, 873], [686, 873], [687, 873], [655, 874], [656, 874], [685, 874], [686, 874], [687, 874], [655, 875], [656, 875], [685, 875], [686, 875], [654, 876], [655, 876], [656, 876], [685, 876], [686, 876], [654, 877], [655, 877], [656, 877], [685, 877], [686, 877], [653, 878], [654, 878], [655, 878], [684, 878], [685, 878], [686, 878], [652, 879], [653, 879], [654, 879], [655, 879], [684, 879], [685, 879], [686, 879], [652, 880], [653, 880], [654, 880], [666, 880], [667, 880], [668, 880], [669, 880], [684, 880], [685, 880], [686, 880], [652, 881], [653, 881], [666, 881], [667, 881], [668, 881], [669, 881], [684, 881], [685, 881], [686, 881], [651, 882], [652, 882], [653, 882], [666, 882], [667, 882], [668, 882], [669, 882], [684, 882], [685, 882], [651, 883], [652, 883], [653, 883], [683, 883], [684, 883], [685, 883], [650, 884], [651, 884], [652, 884], [683, 884], [684, 884], [685, 884], [650, 885], [651, 885], [652, 885], [683, 885], [684, 885], [650, 886], [651, 886], [682, 886], [683, 886], [684, 886], [649, 887], [650, 887], [651, 887], [682, 887], [683, 887], [684, 887], [648, 888], [649, 888], [650, 888], [651, 888], [682, 888], [683, 888], [646, 889], [647, 889], [648, 889], [649, 889], [650, 889], [681, 889], [682, 889], [683, 889], [645, 890], [646, 890], [647, 890], [648, 890], [649, 890], [681, 890], [682, 890], [683, 890], [641, 891], [642, 891], [643, 891], [644, 891], [645, 891], [646, 891], [647, 891], [680, 891], [681, 891], [682, 891], [641, 892], [642, 892], [643, 892], [644, 892], [645, 892], [646, 892], [680, 892], [681, 892], [682, 892], [640, 893], [641, 893], [642, 893], [643, 893], [644, 893], [645, 893], [680, 893], [681, 893], [639, 894], [640, 894], [641, 894], [642, 894], [679, 894], [680, 894], [681, 894], [639, 895], [640, 895], [641, 895], [679, 895], [680, 895], [681, 895], [638, 896], [639, 896], [640, 896], [679, 896], [680, 896], [638, 897], [639, 897], [640, 897], [678, 897], [679, 897], [680, 897], [637, 898], [638, 898], [639, 898], [678, 898], [679, 898], [680, 898], [637, 899], [638, 899], [639, 899], [677, 899], [678, 899], [679, 899], [636, 900], [637, 900], [638, 900], [677, 900], [678, 900], [679, 900], [636, 901], [637, 901], [638, 901], [676, 901], [677, 901], [678, 901], [635, 902], [636, 902], [637, 902], [676, 902], [677, 902], [678, 902], [635, 903], [636, 903], [637, 903], [676, 903], [677, 903], [634, 904], [635, 904], [636, 904], [675, 904], [676, 904], [677, 904], [633, 905], [634, 905], [635, 905], [636, 905], [675, 905], [676, 905], [677, 905], [633, 906], [634, 906], [635, 906], [674, 906], [675, 906], [676, 906], [632, 907], [633, 907], [634, 907], [674, 907], [675, 907], [676, 907], [632, 908], [633, 908], [634, 908], [674, 908], [675, 908], [631, 909], [632, 909], [633, 909], [673, 909], [674, 909], [675, 909], [631, 910], [632, 910], [633, 910], [673, 910], [674, 910], [675, 910], [630, 911], [631, 911], [632, 911], [672, 911], [673, 911], [674, 911], [630, 912], [631, 912], [632, 912], [672, 912], [673, 912], [674, 912], [629, 913], [630, 913], [631, 913], [671, 913], [672, 913], [673, 913], [629, 914], [630, 914], [631, 914], [671, 914], [672, 914], [673, 914], [628, 915], [629, 915], [630, 915], [670, 915], [671, 915], [672, 915], [628, 916], [629, 916], [630, 916], [670, 916], [671, 916], [672, 916], [627, 917], [628, 917], [629, 917], [669, 917], [670, 917], [671, 917], [627, 918], [628, 918], [629, 918], [669, 918], [670, 918], [671, 918], [626, 919], [627, 919], [628, 919], [669, 919], [670, 919], [626, 920], [627, 920], [628, 920], [668, 920], [669, 920], [670, 920], [625, 921], [626, 921], [627, 921], [668, 921], [669, 921], [670, 921], [625, 922], [626, 922], [627, 922], [667, 922], [668, 922], [669, 922], [624, 923], [625, 923], [626, 923], [667, 923], [668, 923], [669, 923], [624, 924], [625, 924], [626, 924], [667, 924], [668, 924], [623, 925], [624, 925], [625, 925], [666, 925], [667, 925], [668, 925], [623, 926], [624, 926], [625, 926], [665, 926], [666, 926], [667, 926], [668, 926], [622, 927], [623, 927], [624, 927], [665, 927], [666, 927], [667, 927], [622, 928], [623, 928], [624, 928], [665, 928], [666, 928], [621, 929], [622, 929], [623, 929], [664, 929], [665, 929], [666, 929], [621, 930], [622, 930], [623, 930], [664, 930], [665, 930], [666, 930], [620, 931], [621, 931], [622, 931], [663, 931], [664, 931], [665, 931], [620, 932], [621, 932], [622, 932], [663, 932], [664, 932], [665, 932], [619, 933], [620, 933], [621, 933], [662, 933], [663, 933], [664, 933], [619, 934], [620, 934], [621, 934], [662, 934], [663, 934], [664, 934], [618, 935], [619, 935], [620, 935], [661, 935], [662, 935], [663, 935], [618, 936], [619, 936], [620, 936], [661, 936], [662, 936], [663, 936], [617, 937], [618, 937], [619, 937], [661, 937], [662, 937], [617, 938], [618, 938], [619, 938], [660, 938], [661, 938], [662, 938], [616, 939], [617, 939], [618, 939], [660, 939], [661, 939], [662, 939], [616, 940], [617, 940], [618, 940], [659, 940], [660, 940], [661, 940], [615, 941], [616, 941], [617, 941], [659, 941], [660, 941], [661, 941], [615, 942], [616, 942], [617, 942], [658, 942], [659, 942], [660, 942], [614, 943], [615, 943], [616, 943], [658, 943], [659, 943], [660, 943], [614, 944], [615, 944], [616, 944], [657, 944], [658, 944], [659, 944], [613, 945], [614, 945], [615, 945], [657, 945], [658, 945], [659, 945], [613, 946], [614, 946], [615, 946], [657, 946], [658, 946], [612, 947], [613, 947], [614, 947], [656, 947], [657, 947], [658, 947], [612, 948], [613, 948], [614, 948], [656, 948], [657, 948], [658, 948], [611, 949], [612, 949], [613, 949], [655, 949], [656, 949], [657, 949], [611, 950], [612, 950], [613, 950], [655, 950], [656, 950], [657, 950], [610, 951], [611, 951], [612, 951], [654, 951], [655, 951], [656, 951], [610, 952], [611, 952], [612, 952], [654, 952], [655, 952], [656, 952], [609, 953], [610, 953], [611, 953], [653, 953], [654, 953], [655, 953], [609, 954], [610, 954], [611, 954], [653, 954], [654, 954], [655, 954], [608, 955], [609, 955], [610, 955], [652, 955], [653, 955], [654, 955], [608, 956], [609, 956], [610, 956], [652, 956], [653, 956], [654, 956], [607, 957], [608, 957], [609, 957], [651, 957], [652, 957], [653, 957], [607, 958], [608, 958], [609, 958], [651, 958], [652, 958], [653, 958], [606, 959], [607, 959], [608, 959], [650, 959], [651, 959], [652, 959], [606, 960], [607, 960], [608, 960], [650, 960], [651, 960], [652, 960], [605, 961], [606, 961], [607, 961], [649, 961], [650, 961], [651, 961], [605, 962], [606, 962], [607, 962], [649, 962], [650, 962], [651, 962], [604, 963], [605, 963], [606, 963], [648, 963], [649, 963], [650, 963], [603, 964], [604, 964], [605, 964], [606, 964], [648, 964], [649, 964], [650, 964], [603, 965], [604, 965], [605, 965], [647, 965], [648, 965], [649, 965], [603, 966], [604, 966], [647, 966], [648, 966], [649, 966], [602, 967], [603, 967], [604, 967], [646, 967], [647, 967], [648, 967], [602, 968], [603, 968], [604, 968], [646, 968], [647, 968], [648, 968], [601, 969], [602, 969], [603, 969], [645, 969], [646, 969], [647, 969], [601, 970], [602, 970], [603, 970], [645, 970], [646, 970], [647, 970], [600, 971], [601, 971], [602, 971], [645, 971], [646, 971], [600, 972], [601, 972], [602, 972], [644, 972], [645, 972], [646, 972], [599, 973], [600, 973], [601, 973], [644, 973], [645, 973], [646, 973], [598, 974], [599, 974], [600, 974], [601, 974], [643, 974], [644, 974], [645, 974], [598, 975], [599, 975], [600, 975], [643, 975], [644, 975], [645, 975], [597, 976], [598, 976], [599, 976], [642, 976], [643, 976], [644, 976], [597, 977], [598, 977], [599, 977], [642, 977], [643, 977], [644, 977], [596, 978], [597, 978], [598, 978], [641, 978], [642, 978], [643, 978], [596, 979], [597, 979], [598, 979], [641, 979], [642, 979], [643, 979], [595, 980], [596, 980], [597, 980], [641, 980], [642, 980], [594, 981], [595, 981], [596, 981], [597, 981], [640, 981], [641, 981], [642, 981], [594, 982], [595, 982], [596, 982], [640, 982], [641, 982], [642, 982], [593, 983], [594, 983], [595, 983], [639, 983], [640, 983], [641, 983], [593, 984], [594, 984], [595, 984], [639, 984], [640, 984], [641, 984], [592, 985], [593, 985], [594, 985], [638, 985], [639, 985], [640, 985], [592, 986], [593, 986], [594, 986], [638, 986], [639, 986], [640, 986], [591, 987], [592, 987], [593, 987], [637, 987], [638, 987], [639, 987], [590, 988], [591, 988], [592, 988], [593, 988], [637, 988], [638, 988], [639, 988], [590, 989], [591, 989], [592, 989], [636, 989], [637, 989], [638, 989], [589, 990], [590, 990], [591, 990], [636, 990], [637, 990], [638, 990], [589, 991], [590, 991], [591, 991], [636, 991], [637, 991], [588, 992], [589, 992], [590, 992], [635, 992], [636, 992], [637, 992], [588, 993], [589, 993], [590, 993], [635, 993], [636, 993], [637, 993], [587, 994], [588, 994], [589, 994], [634, 994], [635, 994], [636, 994], [587, 995], [588, 995], [589, 995], [634, 995], [635, 995], [636, 995], [586, 996], [587, 996], [588, 996], [633, 996], [634, 996], [635, 996], [586, 997], [587, 997], [588, 997], [633, 997], [634, 997], [635, 997], [585, 998], [586, 998], [587, 998], [632, 998], [633, 998], [634, 998], [585, 999], [586, 999], [587, 999], [632, 999], [633, 999], [634, 999], [584, 1000], [585, 1000], [586, 1000], [631, 1000], [632, 1000], [633, 1000], [584, 1001], [585, 1001], [586, 1001], [631, 1001], [632, 1001], [633, 1001], [583, 1002], [584, 1002], [585, 1002], [631, 1002], [632, 1002], [583, 1003], [584, 1003], [585, 1003], [630, 1003], [631, 1003], [632, 1003], [582, 1004], [583, 1004], [584, 1004], [630, 1004], [631, 1004], [632, 1004], [582, 1005], [583, 1005], [584, 1005], [629, 1005], [630, 1005], [631, 1005], [581, 1006], [582, 1006], [583, 1006], [629, 1006], [630, 1006], [631, 1006], [581, 1007], [582, 1007], [583, 1007], [628, 1007], [629, 1007], [630, 1007], [580, 1008], [581, 1008], [582, 1008], [628, 1008], [629, 1008], [630, 1008], [580, 1009], [581, 1009], [582, 1009], [628, 1009], [629, 1009], [579, 1010], [580, 1010], [581, 1010], [627, 1010], [628, 1010], [629, 1010], [579, 1011], [580, 1011], [581, 1011], [627, 1011], [628, 1011], [629, 1011], [578, 1012], [579, 1012], [580, 1012], [626, 1012], [627, 1012], [628, 1012], [578, 1013], [579, 1013], [580, 1013], [626, 1013], [627, 1013], [628, 1013], [577, 1014], [578, 1014], [579, 1014], [625, 1014], [626, 1014], [627, 1014], [577, 1015], [578, 1015], [579, 1015], [625, 1015], [626, 1015], [627, 1015], [576, 1016], [577, 1016], [578, 1016], [625, 1016], [626, 1016], [576, 1017], [577, 1017], [578, 1017], [624, 1017], [625, 1017], [626, 1017], [575, 1018], [576, 1018], [577, 1018], [624, 1018], [625, 1018], [626, 1018], [575, 1019], [576, 1019], [577, 1019], [623, 1019], [624, 1019], [625, 1019], [574, 1020], [575, 1020], [576, 1020], [623, 1020], [624, 1020], [625, 1020], [573, 1021], [574, 1021], [575, 1021], [576, 1021], [623, 1021], [624, 1021], [573, 1022], [574, 1022], [575, 1022], [622, 1022], [623, 1022], [624, 1022], [573, 1023], [574, 1023], [622, 1023], [623, 1023], [624, 1023], [572, 1024], [573, 1024], [574, 1024], [621, 1024], [622, 1024], [623, 1024], [572, 1025], [573, 1025], [574, 1025], [621, 1025], [622, 1025], [623, 1025], [571, 1026], [572, 1026], [573, 1026], [620, 1026], [621, 1026], [622, 1026], [571, 1027], [572, 1027], [573, 1027], [620, 1027], [621, 1027], [622, 1027], [570, 1028], [571, 1028], [572, 1028], [620, 1028], [621, 1028], [570, 1029], [571, 1029], [572, 1029], [619, 1029], [620, 1029], [621, 1029], [569, 1030], [570, 1030], [571, 1030], [619, 1030], [620, 1030], [621, 1030], [569, 1031], [570, 1031], [571, 1031], [618, 1031], [619, 1031], [620, 1031], [568, 1032], [569, 1032], [570, 1032], [618, 1032], [619, 1032], [620, 1032], [568, 1033], [569, 1033], [570, 1033], [617, 1033], [618, 1033], [619, 1033], [567, 1034], [568, 1034], [569, 1034], [617, 1034], [618, 1034], [619, 1034], [567, 1035], [568, 1035], [569, 1035], [616, 1035], [617, 1035], [618, 1035], [566, 1036], [567, 1036], [568, 1036], [616, 1036], [617, 1036], [618, 1036], [566, 1037], [567, 1037], [568, 1037], [616, 1037], [617, 1037], [565, 1038], [566, 1038], [567, 1038], [615, 1038], [616, 1038], [617, 1038], [565, 1039], [566, 1039], [567, 1039], [615, 1039], [616, 1039], [617, 1039], [564, 1040], [565, 1040], [566, 1040], [614, 1040], [615, 1040], [616, 1040], [564, 1041], [565, 1041], [566, 1041], [614, 1041], [615, 1041], [616, 1041], [563, 1042], [564, 1042], [565, 1042], [613, 1042], [614, 1042], [615, 1042], [563, 1043], [564, 1043], [565, 1043], [613, 1043], [614, 1043], [615, 1043], [562, 1044], [563, 1044], [564, 1044], [613, 1044], [614, 1044], [562, 1045], [563, 1045], [564, 1045], [612, 1045], [613, 1045], [614, 1045], [561, 1046], [562, 1046], [563, 1046], [612, 1046], [613, 1046], [614, 1046], [561, 1047], [562, 1047], [563, 1047], [611, 1047], [612, 1047], [613, 1047], [560, 1048], [561, 1048], [562, 1048], [611, 1048], [612, 1048], [613, 1048], [560, 1049], [561, 1049], [562, 1049], [611, 1049], [612, 1049], [559, 1050], [560, 1050], [561, 1050], [610, 1050], [611, 1050], [612, 1050], [559, 1051], [560, 1051], [561, 1051], [610, 1051], [611, 1051], [612, 1051], [558, 1052], [559, 1052], [560, 1052], [609, 1052], [610, 1052], [611, 1052], [558, 1053], [559, 1053], [560, 1053], [609, 1053], [610, 1053], [611, 1053], [557, 1054], [558, 1054], [559, 1054], [608, 1054], [609, 1054], [610, 1054], [557, 1055], [558, 1055], [559, 1055], [608, 1055], [609, 1055], [610, 1055], [556, 1056], [557, 1056], [558, 1056], [607, 1056], [608, 1056], [609, 1056], [556, 1057], [557, 1057], [558, 1057], [607, 1057], [608, 1057], [609, 1057], [555, 1058], [556, 1058], [557, 1058], [606, 1058], [607, 1058], [608, 1058], [555, 1059], [556, 1059], [557, 1059], [606, 1059], [607, 1059], [608, 1059], [554, 1060], [555, 1060], [556, 1060], [606, 1060], [607, 1060], [553, 1061], [554, 1061], [555, 1061], [556, 1061], [605, 1061], [606, 1061], [607, 1061], [553, 1062], [554, 1062], [555, 1062], [605, 1062], [606, 1062], [607, 1062], [552, 1063], [553, 1063], [554, 1063], [604, 1063], [605, 1063], [606, 1063], [552, 1064], [553, 1064], [554, 1064], [604, 1064], [605, 1064], [606, 1064], [551, 1065], [552, 1065], [553, 1065], [603, 1065], [604, 1065], [605, 1065], [551, 1066], [552, 1066], [553, 1066], [603, 1066], [604, 1066], [605, 1066], [550, 1067], [551, 1067], [552, 1067], [602, 1067], [603, 1067], [604, 1067], [550, 1068], [551, 1068], [552, 1068], [602, 1068], [603, 1068], [604, 1068], [549, 1069], [550, 1069], [551, 1069], [601, 1069], [602, 1069], [603, 1069], [549, 1070], [550, 1070], [551, 1070], [601, 1070], [602, 1070], [603, 1070], [548, 1071], [549, 1071], [550, 1071], [601, 1071], [602, 1071], [548, 1072], [549, 1072], [550, 1072], [600, 1072], [601, 1072], [602, 1072], [547, 1073], [548, 1073], [549, 1073], [600, 1073], [601, 1073], [602, 1073], [547, 1074], [548, 1074], [549, 1074], [599, 1074], [600, 1074], [601, 1074], [546, 1075], [547, 1075], [548, 1075], [599, 1075], [600, 1075], [601, 1075], [546, 1076], [547, 1076], [548, 1076], [598, 1076], [599, 1076], [600, 1076], [545, 1077], [546, 1077], [547, 1077], [598, 1077], [599, 1077], [600, 1077], [545, 1078], [546, 1078], [547, 1078], [597, 1078], [598, 1078], [599, 1078], [545, 1079], [546, 1079], [597, 1079], [598, 1079], [599, 1079]




Yellow line left - [267, 1050], [268, 1050], [269, 1050], [270, 1050], [271, 1050], [266, 1051], [267, 1051], [268, 1051], [269, 1051], [270, 1051], [271, 1051], [272, 1051], [265, 1052], [266, 1052], [267, 1052], [268, 1052], [269, 1052], [270, 1052], [271, 1052], [272, 1052], [273, 1052], [264, 1053], [265, 1053], [266, 1053], [267, 1053], [271, 1053], [272, 1053], [273, 1053], [274, 1053], [264, 1054], [265, 1054], [266, 1054], [267, 1054], [272, 1054], [273, 1054], [274, 1054], [264, 1055], [265, 1055], [266, 1055], [267, 1055], [268, 1055], [269, 1055], [270, 1055], [271, 1055], [272, 1055], [273, 1055], [274, 1055], [266, 1056], [267, 1056], [268, 1056], [269, 1056], [270, 1056], [271, 1056], [272, 1056], [273, 1056], [274, 1056], [268, 1057], [269, 1057], [270, 1057], [271, 1057], [272, 1057], [273, 1057], [270, 1070], [271, 1070], [272, 1070], [269, 1071], [270, 1071], [271, 1071], [272, 1071], [275, 1071], [276, 1071], [277, 1071], [278, 1071], [279, 1071], [287, 1071], [288, 1071], [289, 1071], [290, 1071], [269, 1072], [270, 1072], [271, 1072], [272, 1072], [275, 1072], [279, 1072], [286, 1072], [287, 1072], [288, 1072], [289, 1072], [290, 1072], [291, 1072], [269, 1073], [270, 1073], [271, 1073], [275, 1073], [276, 1073], [277, 1073], [278, 1073], [279, 1073], [286, 1073], [287, 1073], [288, 1073], [289, 1073], [290, 1073], [291, 1073], [292, 1073], [280, 1074], [281, 1074], [282, 1074], [285, 1074], [286, 1074], [287, 1074], [288, 1074], [290, 1074], [291, 1074], [292, 1074], [293, 1074], [294, 1074], [295, 1074], [277, 1075], [278, 1075], [279, 1075], [280, 1075], [281, 1075], [282, 1075], [283, 1075], [284, 1075], [285, 1075], [286, 1075], [287, 1075], [288, 1075], [289, 1075], [290, 1075], [291, 1075], [292, 1075], [295, 1075], [277, 1076], [278, 1076], [279, 1076], [280, 1076], [281, 1076], [282, 1076], [283, 1076], [284, 1076], [285, 1076], [286, 1076], [287, 1076], [288, 1076], [289, 1076], [291, 1076], [292, 1076], [293, 1076], [294, 1076], [295, 1076], [275, 1077], [276, 1077], [277, 1077], [278, 1077], [279, 1077], [283, 1077], [284, 1077], [285, 1077], [286, 1077], [287, 1077], [288, 1077], [289, 1077], [290, 1077], [291, 1077], [292, 1077], [293, 1077], [294, 1077], [295, 1077], [275, 1078], [276, 1078], [277, 1078], [278, 1078], [279, 1078], [288, 1078], [289, 1078], [290, 1078], [293, 1078], [294, 1078], [295, 1078], [296, 1078], [297, 1078], [275, 1079], [276, 1079], [277, 1079], [279, 1079], [294, 1079], [295, 1079], [296, 1079], [297, 1079]




Yellow line right - [285, 1035], [286, 1035], [287, 1035], [285, 1036], [287, 1036], [284, 1037], [285, 1037], [286, 1037], [287, 1037], [284, 1038], [286, 1038], [284, 1039], [285, 1039], [286, 1039]




White line right - [1641, 192], [1642, 192], [1643, 192], [1639, 193], [1640, 193], [1641, 193], [1642, 193], [1643, 193], [1644, 193], [1645, 193], [1638, 194], [1639, 194], [1640, 194], [1641, 194], [1642, 194], [1643, 194], [1644, 194], [1645, 194], [1646, 194], [1637, 195], [1638, 195], [1639, 195], [1640, 195], [1641, 195], [1642, 195], [1643, 195], [1644, 195], [1645, 195], [1646, 195], [1637, 196], [1638, 196], [1639, 196], [1640, 196], [1641, 196], [1642, 196], [1643, 196], [1644, 196], [1645, 196], [1646, 196], [1637, 197], [1638, 197], [1639, 197], [1640, 197], [1641, 197], [1642, 197], [1643, 197], [1645, 197], [1646, 197], [1637, 198], [1638, 198], [1639, 198], [1640, 198], [1641, 198], [1642, 198], [1643, 198], [1644, 198], [1645, 198], [1646, 198], [1637, 199], [1638, 199], [1640, 199], [1641, 199], [1643, 199], [1644, 199], [1645, 199], [1637, 200], [1638, 200], [1639, 200], [1640, 200], [1641, 200], [1642, 200], [1643, 200], [1644, 200], [1592, 201], [1593, 201], [1594, 201], [1639, 201], [1640, 201], [1641, 201], [1642, 201], [1591, 202], [1592, 202], [1593, 202], [1594, 202], [1591, 203], [1592, 203], [1593, 203], [1594, 203], [1591, 204], [1592, 204], [1593, 204], [1561, 210], [1589, 210], [1590, 210], [1591, 210], [1559, 211], [1560, 211], [1561, 211], [1589, 211], [1590, 211], [1591, 211], [1558, 212], [1559, 212], [1560, 212], [1561, 212], [1589, 212], [1590, 212], [1591, 212], [1558, 213], [1559, 213], [1560, 213], [1561, 213], [1589, 213], [1590, 213], [1591, 213], [1558, 214], [1559, 214], [1560, 214], [1558, 215], [1559, 215], [1560, 215], [1557, 217], [1558, 217], [1559, 217], [1556, 218], [1557, 218], [1558, 218], [1559, 218], [1556, 219], [1557, 219], [1558, 219], [1559, 219], [1556, 220], [1557, 220], [1558, 220], [1559, 220], [1555, 221], [1556, 221], [1558, 221], [1559, 221], [1555, 222], [1556, 222], [1557, 222], [1558, 222], [1555, 223], [1556, 223], [1557, 223], [1558, 223], [1555, 224], [1556, 224], [1557, 224], [1558, 224], [1555, 225], [1556, 225], [1557, 225], [1558, 225], [1554, 226], [1555, 226], [1557, 226], [1558, 226], [1554, 227], [1555, 227], [1556, 227], [1557, 227], [1554, 228], [1555, 228], [1556, 228], [1557, 228], [1554, 229], [1555, 229], [1556, 229], [1557, 229], [1553, 230], [1554, 230], [1556, 230], [1557, 230], [1553, 231], [1554, 231], [1555, 231], [1556, 231], [1553, 232], [1554, 232], [1555, 232], [1556, 232], [1583, 232], [1584, 232], [1585, 232], [1553, 233], [1554, 233], [1555, 233], [1556, 233], [1583, 233], [1584, 233], [1585, 233], [1552, 234], [1553, 234], [1555, 234], [1556, 234], [1583, 234], [1585, 234], [1552, 235], [1553, 235], [1554, 235], [1555, 235], [1582, 235], [1583, 235], [1584, 235], [1585, 235], [1523, 236], [1524, 236], [1525, 236], [1552, 236], [1553, 236], [1554, 236], [1555, 236], [1582, 236], [1583, 236], [1584, 236], [1585, 236], [1523, 237], [1524, 237], [1525, 237], [1526, 237], [1551, 237], [1552, 237], [1553, 237], [1554, 237], [1555, 237], [1582, 237], [1583, 237], [1584, 237], [1585, 237], [1523, 238], [1524, 238], [1525, 238], [1526, 238], [1551, 238], [1552, 238], [1553, 238], [1554, 238], [1555, 238], [1582, 238], [1583, 238], [1584, 238], [1585, 238], [1522, 239], [1523, 239], [1524, 239], [1525, 239], [1526, 239], [1551, 239], [1552, 239], [1553, 239], [1554, 239], [1582, 239], [1583, 239], [1584, 239], [1522, 240], [1523, 240], [1524, 240], [1525, 240], [1526, 240], [1551, 240], [1552, 240], [1553, 240], [1554, 240], [1582, 240], [1583, 240], [1584, 240], [1522, 241], [1523, 241], [1524, 241], [1525, 241], [1526, 241], [1551, 241], [1552, 241], [1553, 241], [1554, 241], [1522, 242], [1523, 242], [1524, 242], [1525, 242], [1526, 242], [1550, 242], [1551, 242], [1553, 242], [1554, 242], [1522, 243], [1523, 243], [1524, 243], [1525, 243], [1550, 243], [1551, 243], [1552, 243], [1553, 243], [1550, 244], [1551, 244], [1552, 244], [1553, 244], [1550, 245], [1551, 245], [1552, 245], [1553, 245], [1550, 246], [1551, 246], [1552, 246], [1550, 247], [1551, 247], [1552, 247], [1636, 262], [1637, 262], [1638, 262], [1639, 262], [1640, 262], [1641, 262], [1642, 262], [1643, 262], [1635, 263], [1636, 263], [1637, 263], [1638, 263], [1639, 263], [1640, 263], [1641, 263], [1642, 263], [1643, 263], [1644, 263], [1634, 264], [1635, 264], [1636, 264], [1637, 264], [1638, 264], [1639, 264], [1640, 264], [1641, 264], [1642, 264], [1643, 264], [1644, 264], [1634, 265], [1635, 265], [1636, 265], [1637, 265], [1638, 265], [1639, 265], [1640, 265], [1641, 265], [1643, 265], [1644, 265], [1634, 266], [1635, 266], [1636, 266], [1637, 266], [1638, 266], [1639, 266], [1640, 266], [1641, 266], [1643, 266], [1644, 266], [1634, 267], [1635, 267], [1636, 267], [1637, 267], [1638, 267], [1639, 267], [1640, 267], [1642, 267], [1643, 267], [1644, 267], [1634, 268], [1635, 268], [1636, 268], [1637, 268], [1638, 268], [1639, 268], [1640, 268], [1641, 268], [1642, 268], [1643, 268], [1644, 268], [1635, 269], [1636, 269], [1637, 269], [1638, 269], [1639, 269], [1640, 269], [1641, 269], [1642, 269], [1643, 269], [1784, 324], [1785, 324], [1786, 324], [1787, 324], [1788, 324], [1789, 324], [1790, 324], [1791, 324], [1792, 324], [1793, 324], [1794, 324], [1795, 324], [1784, 325], [1785, 325], [1786, 325], [1787, 325], [1788, 325], [1789, 325], [1790, 325], [1791, 325], [1792, 325], [1793, 325], [1794, 325], [1795, 325], [1796, 325], [1797, 325], [1798, 325], [1799, 325], [1784, 326], [1785, 326], [1786, 326], [1787, 326], [1788, 326], [1789, 326], [1794, 326], [1795, 326], [1796, 326], [1797, 326], [1798, 326], [1799, 326], [1800, 326], [1801, 326], [1785, 327], [1786, 327], [1787, 327], [1788, 327], [1789, 327], [1790, 327], [1791, 327], [1792, 327], [1793, 327], [1798, 327], [1799, 327], [1800, 327], [1801, 327], [1802, 327], [1803, 327], [1804, 327], [1788, 328], [1789, 328], [1790, 328], [1791, 328], [1792, 328], [1793, 328], [1794, 328], [1795, 328], [1796, 328], [1800, 328], [1801, 328], [1802, 328], [1803, 328], [1804, 328], [1805, 328], [1806, 328], [1807, 328], [1792, 329], [1793, 329], [1794, 329], [1795, 329], [1796, 329], [1797, 329], [1798, 329], [1799, 329], [1800, 329], [1803, 329], [1804, 329], [1805, 329], [1806, 329], [1807, 329], [1808, 329], [1809, 329], [1810, 329], [1811, 329], [1812, 329], [1795, 330], [1796, 330], [1797, 330], [1798, 330], [1799, 330], [1800, 330], [1801, 330], [1802, 330], [1806, 330], [1807, 330], [1808, 330], [1809, 330], [1810, 330], [1811, 330], [1812, 330], [1813, 330], [1814, 330], [1815, 330], [1816, 330], [1799, 331], [1800, 331], [1801, 331], [1802, 331], [1803, 331], [1804, 331], [1805, 331], [1811, 331], [1812, 331], [1813, 331], [1814, 331], [1815, 331], [1816, 331], [1817, 331], [1818, 331], [1819, 331], [1801, 332], [1802, 332], [1803, 332], [1804, 332], [1805, 332], [1806, 332], [1807, 332], [1815, 332], [1816, 332], [1817, 332], [1818, 332], [1819, 332], [1820, 332], [1821, 332], [1822, 332], [1804, 333], [1805, 333], [1806, 333], [1807, 333], [1808, 333], [1809, 333], [1810, 333], [1818, 333], [1819, 333], [1820, 333], [1821, 333], [1822, 333], [1823, 333], [1824, 333], [1806, 334], [1807, 334], [1808, 334], [1809, 334], [1810, 334], [1811, 334], [1812, 334], [1813, 334], [1821, 334], [1822, 334], [1823, 334], [1824, 334], [1809, 335], [1810, 335], [1811, 335], [1812, 335], [1813, 335], [1814, 335], [1815, 335], [1816, 335], [1812, 336], [1813, 336], [1814, 336], [1815, 336], [1816, 336], [1817, 336], [1818, 336], [1819, 336], [1815, 337], [1816, 337], [1817, 337], [1818, 337], [1819, 337], [1820, 337], [1821, 337], [1822, 337], [1818, 338], [1819, 338], [1820, 338], [1821, 338], [1822, 338], [1823, 338], [1824, 338], [1821, 339], [1822, 339], [1823, 339], [1824, 339], [1824, 340]


