White line left - [474, 855], [472, 856], [473, 856], [474, 856], [471, 857], [472, 857], [473, 857], [471, 858], [472, 858], [473, 858], [470, 859], [471, 859], [472, 859], [470, 860], [471, 860], [472, 860], [469, 861], [470, 861], [471, 861], [469, 862], [470, 862], [471, 862], [468, 863], [469, 863], [470, 863], [468, 864], [469, 864], [470, 864], [467, 865], [468, 865], [469, 865], [467, 866], [468, 866], [469, 866], [466, 867], [467, 867], [468, 867], [466, 868], [467, 868], [468, 868], [466, 869], [467, 869], [465, 870], [466, 870], [467, 870], [464, 871], [465, 871], [466, 871], [467, 871], [464, 872], [465, 872], [466, 872], [463, 873], [464, 873], [465, 873], [463, 874], [464, 874], [465, 874], [462, 875], [463, 875], [464, 875], [462, 876], [463, 876], [464, 876], [461, 877], [462, 877], [463, 877], [460, 878], [461, 878], [462, 878], [463, 878], [460, 879], [461, 879], [462, 879], [459, 880], [460, 880], [461, 880], [459, 881], [460, 881], [461, 881], [458, 882], [459, 882], [460, 882], [458, 883], [459, 883], [460, 883], [457, 884], [458, 884], [459, 884], [457, 885], [458, 885], [459, 885], [456, 886], [457, 886], [458, 886], [456, 887], [457, 887], [458, 887], [455, 888], [456, 888], [457, 888], [417, 889], [455, 889], [456, 889], [457, 889], [415, 890], [416, 890], [454, 890], [455, 890], [456, 890], [413, 891], [414, 891], [415, 891], [416, 891], [454, 891], [455, 891], [456, 891], [413, 892], [414, 892], [415, 892], [453, 892], [454, 892], [455, 892], [412, 893], [413, 893], [414, 893], [453, 893], [454, 893], [455, 893], [412, 894], [413, 894], [414, 894], [452, 894], [453, 894], [454, 894], [411, 895], [412, 895], [413, 895], [452, 895], [453, 895], [454, 895], [410, 896], [411, 896], [412, 896], [413, 896], [451, 896], [452, 896], [453, 896], [410, 897], [411, 897], [412, 897], [451, 897], [452, 897], [453, 897], [409, 898], [410, 898], [411, 898], [450, 898], [451, 898], [452, 898], [409, 899], [410, 899], [411, 899], [450, 899], [451, 899], [452, 899], [408, 900], [409, 900], [410, 900], [449, 900], [450, 900], [451, 900], [408, 901], [409, 901], [410, 901], [449, 901], [450, 901], [451, 901], [407, 902], [408, 902], [409, 902], [448, 902], [449, 902], [450, 902], [406, 903], [407, 903], [408, 903], [409, 903], [448, 903], [449, 903], [450, 903], [406, 904], [407, 904], [408, 904], [447, 904], [448, 904], [449, 904], [405, 905], [406, 905], [407, 905], [447, 905], [448, 905], [449, 905], [405, 906], [406, 906], [407, 906], [446, 906], [447, 906], [448, 906], [404, 907], [405, 907], [406, 907], [446, 907], [447, 907], [448, 907], [403, 908], [404, 908], [405, 908], [406, 908], [445, 908], [446, 908], [447, 908], [403, 909], [404, 909], [405, 909], [445, 909], [446, 909], [447, 909], [402, 910], [403, 910], [404, 910], [444, 910], [445, 910], [446, 910], [402, 911], [403, 911], [404, 911], [444, 911], [445, 911], [446, 911], [401, 912], [402, 912], [403, 912], [443, 912], [444, 912], [445, 912], [401, 913], [402, 913], [403, 913], [443, 913], [444, 913], [445, 913], [400, 914], [401, 914], [402, 914], [442, 914], [443, 914], [444, 914], [400, 915], [401, 915], [402, 915], [442, 915], [443, 915], [444, 915], [399, 916], [400, 916], [401, 916], [441, 916], [442, 916], [443, 916], [399, 917], [400, 917], [401, 917], [440, 917], [441, 917], [442, 917], [443, 917], [398, 918], [399, 918], [400, 918], [440, 918], [441, 918], [442, 918], [398, 919], [399, 919], [400, 919], [440, 919], [441, 919], [398, 920], [399, 920], [439, 920], [440, 920], [441, 920], [397, 921], [398, 921], [399, 921], [439, 921], [440, 921], [441, 921], [397, 922], [398, 922], [399, 922], [438, 922], [439, 922], [440, 922], [396, 923], [397, 923], [398, 923], [438, 923], [439, 923], [440, 923], [396, 924], [397, 924], [398, 924], [437, 924], [438, 924], [439, 924], [395, 925], [396, 925], [397, 925], [436, 925], [437, 925], [438, 925], [439, 925], [395, 926], [396, 926], [397, 926], [436, 926], [437, 926], [438, 926], [395, 927], [396, 927], [436, 927], [437, 927], [394, 928], [395, 928], [396, 928], [435, 928], [436, 928], [437, 928], [393, 929], [394, 929], [395, 929], [396, 929], [434, 929], [435, 929], [436, 929], [437, 929], [393, 930], [394, 930], [395, 930], [434, 930], [435, 930], [436, 930], [393, 931], [394, 931], [433, 931], [434, 931], [435, 931], [392, 932], [393, 932], [394, 932], [433, 932], [434, 932], [435, 932], [391, 933], [392, 933], [393, 933], [394, 933], [433, 933], [434, 933], [390, 934], [391, 934], [392, 934], [393, 934], [432, 934], [433, 934], [434, 934], [390, 935], [391, 935], [392, 935], [432, 935], [433, 935], [434, 935], [389, 936], [390, 936], [391, 936], [431, 936], [432, 936], [433, 936], [388, 937], [389, 937], [390, 937], [391, 937], [431, 937], [432, 937], [433, 937], [387, 938], [388, 938], [389, 938], [390, 938], [430, 938], [431, 938], [432, 938], [387, 939], [388, 939], [389, 939], [430, 939], [431, 939], [432, 939], [386, 940], [387, 940], [388, 940], [429, 940], [430, 940], [431, 940], [386, 941], [387, 941], [388, 941], [428, 941], [429, 941], [430, 941], [431, 941], [385, 942], [386, 942], [387, 942], [428, 942], [429, 942], [430, 942], [384, 943], [385, 943], [386, 943], [387, 943], [427, 943], [428, 943], [429, 943], [384, 944], [385, 944], [386, 944], [427, 944], [428, 944], [429, 944], [383, 945], [384, 945], [385, 945], [426, 945], [427, 945], [428, 945], [382, 946], [383, 946], [384, 946], [385, 946], [426, 946], [427, 946], [428, 946], [381, 947], [382, 947], [383, 947], [384, 947], [425, 947], [426, 947], [427, 947], [381, 948], [382, 948], [383, 948], [425, 948], [426, 948], [427, 948], [381, 949], [382, 949], [424, 949], [425, 949], [426, 949], [380, 950], [381, 950], [382, 950], [423, 950], [424, 950], [425, 950], [426, 950], [380, 951], [381, 951], [382, 951], [423, 951], [424, 951], [425, 951], [379, 952], [380, 952], [381, 952], [422, 952], [423, 952], [424, 952], [379, 953], [380, 953], [381, 953], [422, 953], [423, 953], [424, 953], [379, 954], [380, 954], [422, 954], [423, 954], [378, 955], [379, 955], [380, 955], [421, 955], [422, 955], [423, 955], [378, 956], [379, 956], [380, 956], [421, 956], [422, 956], [423, 956], [377, 957], [378, 957], [379, 957], [420, 957], [421, 957], [422, 957], [377, 958], [378, 958], [379, 958], [420, 958], [421, 958], [422, 958], [376, 959], [377, 959], [378, 959], [419, 959], [420, 959], [421, 959], [376, 960], [377, 960], [378, 960], [419, 960], [420, 960], [421, 960], [376, 961], [377, 961], [419, 961], [420, 961], [375, 962], [376, 962], [377, 962], [418, 962], [419, 962], [420, 962], [374, 963], [375, 963], [376, 963], [377, 963], [418, 963], [419, 963], [420, 963], [373, 964], [374, 964], [375, 964], [376, 964], [417, 964], [418, 964], [419, 964], [372, 965], [373, 965], [374, 965], [375, 965], [417, 965], [418, 965], [419, 965], [372, 966], [373, 966], [374, 966], [416, 966], [417, 966], [418, 966], [372, 967], [373, 967], [416, 967], [417, 967], [418, 967], [371, 968], [372, 968], [373, 968], [415, 968], [416, 968], [417, 968], [370, 969], [371, 969], [372, 969], [373, 969], [415, 969], [416, 969], [417, 969], [369, 970], [370, 970], [371, 970], [372, 970], [414, 970], [415, 970], [416, 970], [369, 971], [370, 971], [371, 971], [414, 971], [415, 971], [416, 971], [368, 972], [369, 972], [370, 972], [413, 972], [414, 972], [415, 972], [367, 973], [368, 973], [369, 973], [370, 973], [413, 973], [414, 973], [415, 973], [367, 974], [368, 974], [369, 974], [412, 974], [413, 974], [414, 974], [366, 975], [367, 975], [368, 975], [412, 975], [413, 975], [414, 975], [365, 976], [366, 976], [367, 976], [368, 976], [411, 976], [412, 976], [413, 976], [365, 977], [366, 977], [367, 977], [411, 977], [412, 977], [413, 977], [364, 978], [365, 978], [366, 978], [410, 978], [411, 978], [412, 978], [364, 979], [365, 979], [366, 979], [410, 979], [411, 979], [412, 979], [363, 980], [364, 980], [365, 980], [409, 980], [410, 980], [411, 980], [362, 981], [363, 981], [364, 981], [365, 981], [408, 981], [409, 981], [410, 981], [411, 981], [362, 982], [363, 982], [364, 982], [408, 982], [409, 982], [410, 982], [361, 983], [362, 983], [363, 983], [407, 983], [408, 983], [409, 983], [361, 984], [362, 984], [363, 984], [406, 984], [407, 984], [408, 984], [409, 984], [360, 985], [361, 985], [362, 985], [406, 985], [407, 985], [408, 985], [360, 986], [361, 986], [362, 986], [405, 986], [406, 986], [407, 986], [359, 987], [360, 987], [361, 987], [404, 987], [405, 987], [406, 987], [407, 987], [359, 988], [360, 988], [361, 988], [404, 988], [405, 988], [406, 988], [358, 989], [359, 989], [360, 989], [403, 989], [404, 989], [405, 989], [357, 990], [358, 990], [359, 990], [360, 990], [403, 990], [404, 990], [405, 990], [357, 991], [358, 991], [359, 991], [402, 991], [403, 991], [404, 991], [356, 992], [357, 992], [358, 992], [402, 992], [403, 992], [404, 992], [356, 993], [357, 993], [358, 993], [401, 993], [402, 993], [403, 993], [355, 994], [356, 994], [357, 994], [363, 994], [364, 994], [365, 994], [366, 994], [367, 994], [401, 994], [402, 994], [403, 994], [355, 995], [356, 995], [357, 995], [362, 995], [363, 995], [364, 995], [365, 995], [366, 995], [367, 995], [368, 995], [400, 995], [401, 995], [402, 995], [354, 996], [355, 996], [356, 996], [360, 996], [361, 996], [362, 996], [363, 996], [364, 996], [366, 996], [367, 996], [368, 996], [369, 996], [400, 996], [401, 996], [402, 996], [353, 997], [354, 997], [355, 997], [356, 997], [359, 997], [360, 997], [361, 997], [362, 997], [363, 997], [367, 997], [368, 997], [369, 997], [400, 997], [401, 997], [353, 998], [354, 998], [355, 998], [358, 998], [359, 998], [360, 998], [361, 998], [366, 998], [367, 998], [368, 998], [369, 998], [399, 998], [400, 998], [401, 998], [352, 999], [353, 999], [354, 999], [357, 999], [358, 999], [359, 999], [360, 999], [365, 999], [366, 999], [367, 999], [368, 999], [399, 999], [400, 999], [401, 999], [352, 1000], [353, 1000], [354, 1000], [356, 1000], [357, 1000], [358, 1000], [359, 1000], [364, 1000], [365, 1000], [366, 1000], [367, 1000], [399, 1000], [400, 1000], [351, 1001], [352, 1001], [353, 1001], [356, 1001], [357, 1001], [358, 1001], [363, 1001], [364, 1001], [365, 1001], [366, 1001], [398, 1001], [399, 1001], [400, 1001], [350, 1002], [351, 1002], [352, 1002], [353, 1002], [356, 1002], [357, 1002], [362, 1002], [363, 1002], [364, 1002], [365, 1002], [398, 1002], [399, 1002], [400, 1002], [350, 1003], [351, 1003], [352, 1003], [355, 1003], [356, 1003], [357, 1003], [361, 1003], [362, 1003], [363, 1003], [364, 1003], [397, 1003], [398, 1003], [399, 1003], [349, 1004], [350, 1004], [351, 1004], [354, 1004], [355, 1004], [356, 1004], [357, 1004], [360, 1004], [361, 1004], [362, 1004], [363, 1004], [397, 1004], [398, 1004], [399, 1004], [349, 1005], [350, 1005], [351, 1005], [354, 1005], [355, 1005], [356, 1005], [359, 1005], [360, 1005], [361, 1005], [362, 1005], [396, 1005], [397, 1005], [398, 1005], [348, 1006], [349, 1006], [350, 1006], [353, 1006], [354, 1006], [355, 1006], [358, 1006], [359, 1006], [360, 1006], [361, 1006], [396, 1006], [397, 1006], [398, 1006], [347, 1007], [348, 1007], [349, 1007], [350, 1007], [353, 1007], [354, 1007], [355, 1007], [357, 1007], [358, 1007], [359, 1007], [360, 1007], [396, 1007], [397, 1007], [347, 1008], [348, 1008], [349, 1008], [352, 1008], [353, 1008], [354, 1008], [356, 1008], [357, 1008], [358, 1008], [359, 1008], [395, 1008], [396, 1008], [397, 1008], [346, 1009], [347, 1009], [348, 1009], [351, 1009], [352, 1009], [353, 1009], [354, 1009], [355, 1009], [356, 1009], [357, 1009], [358, 1009], [395, 1009], [396, 1009], [397, 1009], [346, 1010], [347, 1010], [348, 1010], [350, 1010], [351, 1010], [352, 1010], [353, 1010], [355, 1010], [356, 1010], [357, 1010], [394, 1010], [395, 1010], [396, 1010], [345, 1011], [346, 1011], [347, 1011], [350, 1011], [351, 1011], [352, 1011], [354, 1011], [355, 1011], [356, 1011], [394, 1011], [395, 1011], [396, 1011], [345, 1012], [346, 1012], [347, 1012], [350, 1012], [351, 1012], [353, 1012], [354, 1012], [355, 1012], [356, 1012], [394, 1012], [395, 1012], [344, 1013], [345, 1013], [346, 1013], [349, 1013], [350, 1013], [351, 1013], [352, 1013], [353, 1013], [354, 1013], [355, 1013], [393, 1013], [394, 1013], [395, 1013], [343, 1014], [344, 1014], [345, 1014], [346, 1014], [348, 1014], [349, 1014], [350, 1014], [352, 1014], [353, 1014], [354, 1014], [392, 1014], [393, 1014], [394, 1014], [395, 1014], [343, 1015], [344, 1015], [345, 1015], [348, 1015], [349, 1015], [351, 1015], [352, 1015], [353, 1015], [392, 1015], [393, 1015], [394, 1015], [342, 1016], [343, 1016], [344, 1016], [348, 1016], [349, 1016], [350, 1016], [351, 1016], [352, 1016], [391, 1016], [392, 1016], [393, 1016], [342, 1017], [343, 1017], [344, 1017], [348, 1017], [349, 1017], [350, 1017], [351, 1017], [391, 1017], [392, 1017], [393, 1017], [341, 1018], [342, 1018], [343, 1018], [390, 1018], [391, 1018], [392, 1018], [341, 1019], [342, 1019], [343, 1019], [390, 1019], [391, 1019], [392, 1019], [340, 1020], [341, 1020], [342, 1020], [389, 1020], [390, 1020], [391, 1020], [340, 1021], [341, 1021], [342, 1021], [389, 1021], [390, 1021], [391, 1021], [339, 1022], [340, 1022], [341, 1022], [388, 1022], [389, 1022], [390, 1022], [339, 1023], [340, 1023], [341, 1023], [388, 1023], [389, 1023], [390, 1023], [338, 1024], [339, 1024], [340, 1024], [387, 1024], [388, 1024], [389, 1024], [337, 1025], [338, 1025], [339, 1025], [340, 1025], [387, 1025], [388, 1025], [389, 1025], [337, 1026], [338, 1026], [339, 1026], [387, 1026], [388, 1026], [336, 1027], [337, 1027], [338, 1027], [386, 1027], [387, 1027], [388, 1027], [336, 1028], [337, 1028], [338, 1028], [386, 1028], [387, 1028], [388, 1028], [335, 1029], [336, 1029], [337, 1029], [385, 1029], [386, 1029], [387, 1029], [335, 1030], [336, 1030], [337, 1030], [385, 1030], [386, 1030], [387, 1030], [335, 1031], [336, 1031], [384, 1031], [385, 1031], [386, 1031], [334, 1032], [335, 1032], [336, 1032], [384, 1032], [385, 1032], [386, 1032], [334, 1033], [335, 1033], [336, 1033], [383, 1033], [384, 1033], [385, 1033], [334, 1034], [335, 1034], [382, 1034], [383, 1034], [384, 1034], [385, 1034], [334, 1035], [335, 1035], [382, 1035], [383, 1035], [384, 1035], [334, 1036], [335, 1036], [381, 1036], [382, 1036], [383, 1036], [333, 1037], [334, 1037], [335, 1037], [381, 1037], [382, 1037], [383, 1037], [333, 1038], [334, 1038], [335, 1038], [380, 1038], [381, 1038], [382, 1038], [332, 1039], [333, 1039], [334, 1039], [380, 1039], [381, 1039], [382, 1039], [332, 1040], [333, 1040], [334, 1040], [379, 1040], [380, 1040], [381, 1040], [332, 1041], [333, 1041], [379, 1041], [380, 1041], [381, 1041], [331, 1042], [332, 1042], [333, 1042], [378, 1042], [379, 1042], [380, 1042], [330, 1043], [331, 1043], [332, 1043], [333, 1043], [378, 1043], [379, 1043], [380, 1043], [330, 1044], [331, 1044], [332, 1044], [377, 1044], [378, 1044], [379, 1044], [329, 1045], [330, 1045], [331, 1045], [376, 1045], [377, 1045], [378, 1045], [379, 1045], [329, 1046], [330, 1046], [331, 1046], [376, 1046], [377, 1046], [378, 1046], [328, 1047], [329, 1047], [330, 1047], [375, 1047], [376, 1047], [377, 1047], [327, 1048], [328, 1048], [329, 1048], [330, 1048], [374, 1048], [375, 1048], [376, 1048], [377, 1048], [326, 1049], [327, 1049], [328, 1049], [329, 1049], [373, 1049], [374, 1049], [375, 1049], [376, 1049], [325, 1050], [326, 1050], [327, 1050], [328, 1050], [372, 1050], [373, 1050], [374, 1050], [375, 1050], [325, 1051], [326, 1051], [327, 1051], [371, 1051], [372, 1051], [373, 1051], [374, 1051], [325, 1052], [326, 1052], [370, 1052], [371, 1052], [372, 1052], [373, 1052], [325, 1053], [326, 1053], [369, 1053], [370, 1053], [371, 1053], [372, 1053], [322, 1054], [323, 1054], [324, 1054], [325, 1054], [326, 1054], [368, 1054], [369, 1054], [370, 1054], [371, 1054], [322, 1055], [323, 1055], [324, 1055], [325, 1055], [326, 1055], [368, 1055], [369, 1055], [370, 1055], [321, 1056], [322, 1056], [323, 1056], [368, 1056], [369, 1056], [320, 1057], [321, 1057], [322, 1057], [323, 1057], [367, 1057], [368, 1057], [369, 1057], [320, 1058], [321, 1058], [322, 1058], [366, 1058], [367, 1058], [368, 1058], [369, 1058], [319, 1059], [320, 1059], [321, 1059], [366, 1059], [367, 1059], [368, 1059], [319, 1060], [320, 1060], [321, 1060], [366, 1060], [367, 1060], [318, 1061], [319, 1061], [320, 1061], [366, 1061], [367, 1061], [317, 1062], [318, 1062], [319, 1062], [320, 1062], [366, 1062], [367, 1062], [317, 1063], [318, 1063], [319, 1063], [366, 1063], [367, 1063], [316, 1064], [317, 1064], [318, 1064], [366, 1064], [367, 1064], [316, 1065], [317, 1065], [318, 1065], [365, 1065], [366, 1065], [367, 1065], [315, 1066], [316, 1066], [317, 1066], [365, 1066], [366, 1066], [367, 1066], [315, 1067], [316, 1067], [317, 1067], [365, 1067], [366, 1067], [314, 1068], [315, 1068], [316, 1068], [364, 1068], [365, 1068], [366, 1068], [313, 1069], [314, 1069], [315, 1069], [316, 1069], [363, 1069], [364, 1069], [365, 1069], [366, 1069], [313, 1070], [314, 1070], [315, 1070], [363, 1070], [364, 1070], [365, 1070], [312, 1071], [313, 1071], [314, 1071], [362, 1071], [363, 1071], [364, 1071], [312, 1072], [313, 1072], [314, 1072], [362, 1072], [363, 1072], [364, 1072], [311, 1073], [312, 1073], [313, 1073], [361, 1073], [362, 1073], [363, 1073], [311, 1074], [312, 1074], [313, 1074], [361, 1074], [362, 1074], [363, 1074], [310, 1075], [311, 1075], [312, 1075], [361, 1075], [362, 1075], [309, 1076], [310, 1076], [311, 1076], [312, 1076], [360, 1076], [361, 1076], [362, 1076], [309, 1077], [310, 1077], [311, 1077], [360, 1077], [361, 1077], [362, 1077], [309, 1078], [310, 1078], [359, 1078], [360, 1078], [361, 1078], [309, 1079], [310, 1079], [359, 1079], [360, 1079], [361, 1079]




Yellow line left - [226, 1002], [227, 1002], [228, 1002], [226, 1003], [227, 1003], [228, 1003], [226, 1004], [227, 1004], [228, 1004], [224, 1005], [225, 1005], [226, 1005], [227, 1005], [224, 1006], [225, 1006], [226, 1006], [227, 1006], [224, 1007], [225, 1007], [224, 1008], [225, 1008], [223, 1009], [224, 1009], [225, 1009], [223, 1010], [224, 1010], [225, 1010], [223, 1011], [224, 1011], [221, 1012], [222, 1012], [223, 1012], [224, 1012], [221, 1013], [222, 1013], [223, 1013], [224, 1013], [220, 1014], [221, 1014], [222, 1014], [219, 1015], [220, 1015], [221, 1015], [222, 1015], [218, 1016], [219, 1016], [220, 1016], [221, 1016], [218, 1017], [219, 1017], [220, 1017], [216, 1018], [217, 1018], [218, 1018], [219, 1018], [216, 1019], [217, 1019], [218, 1019], [219, 1019], [215, 1020], [216, 1020], [217, 1020], [214, 1021], [215, 1021], [216, 1021], [217, 1021], [213, 1022], [214, 1022], [215, 1022], [216, 1022], [212, 1023], [213, 1023], [214, 1023], [215, 1023], [212, 1024], [213, 1024], [214, 1024], [212, 1025], [213, 1025], [211, 1026], [212, 1026], [213, 1026], [184, 1027], [211, 1027], [212, 1027], [213, 1027], [209, 1028], [210, 1028], [211, 1028], [212, 1028], [208, 1029], [209, 1029], [210, 1029], [211, 1029], [212, 1029], [207, 1030], [208, 1030], [209, 1030], [210, 1030], [178, 1031], [206, 1031], [207, 1031], [208, 1031], [209, 1031], [176, 1032], [205, 1032], [206, 1032], [207, 1032], [208, 1032], [174, 1033], [175, 1033], [204, 1033], [205, 1033], [206, 1033], [207, 1033], [172, 1034], [173, 1034], [174, 1034], [204, 1034], [205, 1034], [206, 1034], [171, 1035], [172, 1035], [173, 1035], [203, 1035], [204, 1035], [205, 1035], [169, 1036], [170, 1036], [171, 1036], [172, 1036], [203, 1036], [204, 1036], [205, 1036], [167, 1037], [168, 1037], [169, 1037], [202, 1037], [203, 1037], [204, 1037], [166, 1038], [167, 1038], [168, 1038], [200, 1038], [201, 1038], [202, 1038], [203, 1038], [204, 1038], [164, 1039], [165, 1039], [166, 1039], [167, 1039], [168, 1039], [200, 1039], [202, 1039], [203, 1039], [204, 1039], [163, 1040], [164, 1040], [165, 1040], [166, 1040], [167, 1040], [200, 1040], [201, 1040], [202, 1040], [203, 1040], [204, 1040], [161, 1041], [162, 1041], [163, 1041], [164, 1041], [165, 1041], [198, 1041], [199, 1041], [200, 1041], [201, 1041], [202, 1041], [203, 1041], [204, 1041], [159, 1042], [160, 1042], [161, 1042], [162, 1042], [163, 1042], [196, 1042], [197, 1042], [198, 1042], [199, 1042], [200, 1042], [201, 1042], [202, 1042], [203, 1042], [158, 1043], [159, 1043], [160, 1043], [195, 1043], [196, 1043], [197, 1043], [198, 1043], [199, 1043], [200, 1043], [201, 1043], [202, 1043], [195, 1044], [196, 1044], [197, 1044], [194, 1045], [195, 1045], [196, 1045], [193, 1046], [194, 1046], [195, 1046], [196, 1046], [192, 1047], [193, 1047], [194, 1047], [195, 1047], [192, 1048], [193, 1048], [194, 1048], [190, 1049], [191, 1049], [192, 1049], [193, 1049], [188, 1050], [189, 1050], [190, 1050], [191, 1050], [192, 1050], [193, 1050], [187, 1051], [188, 1051], [189, 1051], [190, 1051], [191, 1051], [186, 1052], [187, 1052], [188, 1052], [189, 1052], [186, 1053], [187, 1053], [188, 1053], [139, 1054], [140, 1054], [141, 1054], [142, 1054], [143, 1054], [144, 1054], [145, 1054], [146, 1054], [147, 1054], [148, 1054], [149, 1054], [150, 1054], [151, 1054], [185, 1054], [186, 1054], [187, 1054], [137, 1055], [138, 1055], [139, 1055], [140, 1055], [141, 1055], [142, 1055], [143, 1055], [144, 1055], [145, 1055], [146, 1055], [147, 1055], [148, 1055], [151, 1055], [185, 1055], [186, 1055], [187, 1055], [136, 1056], [137, 1056], [138, 1056], [139, 1056], [140, 1056], [141, 1056], [142, 1056], [143, 1056], [144, 1056], [145, 1056], [146, 1056], [147, 1056], [148, 1056], [151, 1056], [185, 1056], [186, 1056], [187, 1056], [143, 1057], [144, 1057], [145, 1057], [146, 1057], [147, 1057], [148, 1057], [149, 1057], [151, 1057], [185, 1057], [186, 1057], [187, 1057], [138, 1058], [139, 1058], [140, 1058], [141, 1058], [142, 1058], [143, 1058], [144, 1058], [145, 1058], [146, 1058], [147, 1058], [148, 1058], [149, 1058], [151, 1058], [152, 1058], [153, 1058], [154, 1058], [184, 1058], [185, 1058], [186, 1058], [137, 1059], [138, 1059], [139, 1059], [140, 1059], [141, 1059], [142, 1059], [143, 1059], [144, 1059], [145, 1059], [146, 1059], [147, 1059], [148, 1059], [149, 1059], [150, 1059], [151, 1059], [152, 1059], [153, 1059], [154, 1059], [184, 1059], [185, 1059], [186, 1059], [137, 1060], [138, 1060], [139, 1060], [140, 1060], [141, 1060], [142, 1060], [144, 1060], [145, 1060], [146, 1060], [147, 1060], [148, 1060], [149, 1060], [150, 1060], [151, 1060], [152, 1060], [153, 1060], [154, 1060], [180, 1060], [181, 1060], [182, 1060], [183, 1060], [184, 1060], [185, 1060], [137, 1061], [138, 1061], [139, 1061], [140, 1061], [141, 1061], [142, 1061], [146, 1061], [147, 1061], [148, 1061], [149, 1061], [150, 1061], [151, 1061], [152, 1061], [153, 1061], [180, 1061], [181, 1061], [182, 1061], [183, 1061], [184, 1061], [185, 1061], [136, 1062], [137, 1062], [138, 1062], [139, 1062], [140, 1062], [141, 1062], [142, 1062], [149, 1062], [150, 1062], [151, 1062], [152, 1062], [153, 1062], [178, 1062], [179, 1062], [180, 1062], [181, 1062], [182, 1062], [183, 1062], [184, 1062], [136, 1063], [137, 1063], [138, 1063], [139, 1063], [140, 1063], [149, 1063], [150, 1063], [151, 1063], [152, 1063], [153, 1063], [175, 1063], [176, 1063], [177, 1063], [178, 1063], [179, 1063], [180, 1063], [181, 1063], [133, 1064], [134, 1064], [135, 1064], [136, 1064], [137, 1064], [138, 1064], [139, 1064], [147, 1064], [148, 1064], [149, 1064], [150, 1064], [151, 1064], [152, 1064], [175, 1064], [176, 1064], [177, 1064], [178, 1064], [179, 1064], [132, 1065], [133, 1065], [134, 1065], [135, 1065], [136, 1065], [137, 1065], [138, 1065], [147, 1065], [148, 1065], [149, 1065], [150, 1065], [151, 1065], [152, 1065], [171, 1065], [172, 1065], [173, 1065], [174, 1065], [175, 1065], [176, 1065], [131, 1066], [132, 1066], [133, 1066], [134, 1066], [147, 1066], [148, 1066], [149, 1066], [150, 1066], [169, 1066], [170, 1066], [171, 1066], [172, 1066], [173, 1066], [174, 1066], [175, 1066], [176, 1066], [130, 1067], [131, 1067], [132, 1067], [133, 1067], [169, 1067], [170, 1067], [171, 1067], [172, 1067], [129, 1068], [130, 1068], [131, 1068], [132, 1068], [153, 1068], [154, 1068], [155, 1068], [156, 1068], [167, 1068], [168, 1068], [169, 1068], [170, 1068], [171, 1068], [128, 1069], [129, 1069], [130, 1069], [131, 1069], [153, 1069], [154, 1069], [155, 1069], [156, 1069], [157, 1069], [165, 1069], [166, 1069], [167, 1069], [168, 1069], [169, 1069], [170, 1069], [171, 1069], [126, 1070], [127, 1070], [128, 1070], [129, 1070], [130, 1070], [153, 1070], [154, 1070], [155, 1070], [156, 1070], [157, 1070], [158, 1070], [159, 1070], [163, 1070], [164, 1070], [165, 1070], [166, 1070], [167, 1070], [168, 1070], [125, 1071], [126, 1071], [127, 1071], [128, 1071], [129, 1071], [154, 1071], [155, 1071], [156, 1071], [157, 1071], [158, 1071], [159, 1071], [163, 1071], [164, 1071], [165, 1071], [166, 1071], [124, 1072], [125, 1072], [126, 1072], [127, 1072], [149, 1072], [150, 1072], [151, 1072], [152, 1072], [154, 1072], [155, 1072], [156, 1072], [157, 1072], [158, 1072], [159, 1072], [161, 1072], [162, 1072], [163, 1072], [164, 1072], [120, 1073], [121, 1073], [122, 1073], [124, 1073], [125, 1073], [126, 1073], [149, 1073], [150, 1073], [151, 1073], [152, 1073], [154, 1073], [155, 1073], [156, 1073], [157, 1073], [158, 1073], [161, 1073], [162, 1073], [163, 1073], [164, 1073], [120, 1074], [121, 1074], [122, 1074], [123, 1074], [124, 1074], [125, 1074], [149, 1074], [150, 1074], [151, 1074], [152, 1074], [154, 1074], [155, 1074], [156, 1074], [157, 1074], [161, 1074], [162, 1074], [163, 1074], [164, 1074], [120, 1075], [121, 1075], [122, 1075], [123, 1075], [124, 1075], [125, 1075], [149, 1075], [150, 1075], [151, 1075], [152, 1075], [154, 1075], [155, 1075], [156, 1075], [157, 1075], [162, 1075], [163, 1075], [164, 1075], [120, 1076], [121, 1076], [123, 1076], [124, 1076], [163, 1076], [164, 1076], [120, 1077], [121, 1077], [122, 1077], [123, 1077], [163, 1077], [164, 1077], [165, 1077], [121, 1078], [122, 1078], [123, 1078], [163, 1078], [164, 1078], [165, 1078], [121, 1079], [122, 1079], [164, 1079], [165, 1079]




Yellow line right - [1597, 195], [1598, 195], [1599, 195], [1600, 195], [1596, 196], [1597, 196], [1598, 196], [1599, 196], [1600, 196], [1601, 196], [1602, 196], [1596, 197], [1597, 197], [1598, 197], [1599, 197], [1600, 197], [1601, 197], [1602, 197], [1596, 198], [1597, 198], [1598, 198], [1600, 198], [1601, 198], [1602, 198], [1597, 199], [1598, 199], [1599, 199], [1600, 199], [1601, 199], [1602, 199], [1597, 200], [1598, 200], [1599, 200], [1600, 200], [1601, 200], [1602, 200], [1603, 200], [1604, 200], [1605, 200], [1606, 200], [1607, 200], [1608, 200], [1609, 200], [1610, 200], [1611, 200], [1602, 201], [1603, 201], [1604, 201], [1605, 201], [1606, 201], [1607, 201], [1608, 201], [1609, 201], [1610, 201], [1611, 201], [1612, 201], [1613, 201], [1614, 201], [1602, 202], [1603, 202], [1604, 202], [1605, 202], [1606, 202], [1607, 202], [1608, 202], [1609, 202], [1610, 202], [1611, 202], [1612, 202], [1613, 202], [1614, 202], [1602, 203], [1603, 203], [1604, 203], [1605, 203], [1612, 203], [1613, 203], [1614, 203], [1602, 204], [1603, 204], [1604, 204], [1605, 204], [1606, 204], [1607, 204], [1609, 204], [1610, 204], [1611, 204], [1612, 204], [1613, 204], [1614, 204], [1604, 205], [1605, 205], [1606, 205], [1607, 205], [1608, 205], [1609, 205], [1610, 205], [1611, 205], [1612, 205], [1613, 205], [1606, 206], [1607, 206], [1608, 206], [1609, 206], [1610, 206]




White line right - [1680, 187], [1681, 187], [1682, 187], [1683, 187], [1680, 188], [1681, 188], [1682, 188], [1683, 188], [1680, 189], [1681, 189], [1682, 189], [1683, 189], [1680, 190], [1681, 190], [1682, 190], [1683, 190], [1680, 191], [1681, 191], [1682, 191], [1683, 191], [1470, 264], [1471, 264], [1472, 264], [1473, 264], [1474, 264], [1468, 265], [1469, 265], [1470, 265], [1472, 265], [1473, 265], [1474, 265], [1475, 265], [1468, 266], [1469, 266], [1470, 266], [1471, 266], [1472, 266], [1473, 266], [1474, 266], [1475, 266], [1476, 266], [1477, 266], [1478, 266], [1472, 267], [1473, 267], [1474, 267], [1475, 267], [1477, 267], [1478, 267], [1479, 267], [1480, 267], [1481, 267], [1474, 268], [1475, 268], [1476, 268], [1477, 268], [1478, 268], [1480, 268], [1481, 268], [1482, 268], [1483, 268], [1484, 268], [1485, 268], [1486, 268], [1477, 269], [1478, 269], [1479, 269], [1480, 269], [1481, 269], [1482, 269], [1483, 269], [1484, 269], [1485, 269], [1486, 269], [1487, 269], [1488, 269], [1489, 269], [1482, 270], [1483, 270], [1484, 270], [1485, 270], [1487, 270], [1488, 270], [1489, 270], [1490, 270], [1484, 271], [1485, 271], [1486, 271], [1487, 271], [1488, 271], [1489, 271], [1490, 271], [1491, 271], [1492, 271], [1493, 271], [1486, 272], [1487, 272], [1488, 272], [1489, 272], [1490, 272], [1491, 272], [1492, 272], [1493, 272], [1490, 273], [1491, 273], [1492, 273], [1493, 273], [1508, 277], [1509, 277], [1510, 277], [1511, 277], [1512, 277], [1508, 278], [1509, 278], [1511, 278], [1512, 278], [1508, 279], [1509, 279], [1510, 279], [1511, 279], [1512, 279], [1517, 280], [1518, 280], [1519, 280], [1520, 280], [1521, 280], [1517, 281], [1518, 281], [1520, 281], [1521, 281], [1522, 281], [1523, 281], [1524, 281], [1525, 281], [1517, 282], [1518, 282], [1519, 282], [1520, 282], [1521, 282], [1522, 282], [1524, 282], [1525, 282], [1526, 282], [1527, 282], [1521, 283], [1522, 283], [1523, 283], [1524, 283], [1525, 283], [1526, 283], [1527, 283], [1528, 283], [1529, 283], [1524, 284], [1525, 284], [1526, 284], [1527, 284], [1529, 284], [1527, 285], [1528, 285], [1529, 285], [1728, 348], [1729, 348], [1730, 348], [1731, 348], [1732, 348], [1733, 348], [1734, 348], [1728, 349], [1729, 349], [1730, 349], [1731, 349], [1732, 349], [1733, 349], [1734, 349], [1735, 349], [1736, 349], [1737, 349], [1738, 349], [1728, 350], [1729, 350], [1730, 350], [1731, 350], [1732, 350], [1734, 350], [1735, 350], [1736, 350], [1737, 350], [1738, 350], [1739, 350], [1740, 350], [1730, 351], [1731, 351], [1732, 351], [1733, 351], [1734, 351], [1735, 351], [1737, 351], [1738, 351], [1739, 351], [1740, 351], [1741, 351], [1742, 351], [1732, 352], [1733, 352], [1734, 352], [1735, 352], [1736, 352], [1737, 352], [1738, 352], [1739, 352], [1740, 352], [1741, 352], [1742, 352], [1734, 353], [1735, 353], [1736, 353], [1737, 353], [1738, 353], [1739, 353], [1740, 353], [1741, 353], [1742, 353], [1338, 463], [1339, 463], [1340, 463], [1341, 463], [1342, 463], [1343, 463], [1344, 463], [1345, 463], [1346, 463], [1347, 463], [1348, 463], [1349, 463], [1350, 463], [1351, 463], [1352, 463], [1353, 463], [1354, 463], [1355, 463], [1338, 464], [1339, 464], [1340, 464], [1341, 464], [1342, 464], [1343, 464], [1344, 464], [1345, 464], [1346, 464], [1347, 464], [1348, 464], [1349, 464], [1350, 464], [1351, 464], [1352, 464], [1353, 464], [1354, 464], [1355, 464], [1338, 465], [1339, 465], [1340, 465], [1344, 465], [1345, 465], [1346, 465], [1347, 465], [1348, 465], [1349, 465], [1350, 465], [1351, 465], [1352, 465], [1353, 465], [1354, 465], [1355, 465], [1338, 466], [1339, 466], [1340, 466], [1341, 466], [1343, 466], [1344, 466], [1345, 466], [1346, 466], [1347, 466], [1348, 466], [1349, 466], [1350, 466], [1351, 466], [1352, 466], [1353, 466], [1354, 466], [1355, 466], [1339, 467], [1340, 467], [1341, 467], [1342, 467], [1343, 467], [1344, 467], [1345, 467], [1340, 468], [1341, 468], [1342, 468], [1343, 468], [1344, 468]


