White line left - 




Yellow line left - [1561, 210], [1559, 211], [1560, 211], [1561, 211], [1557, 212], [1558, 212], [1559, 212], [1560, 212], [1561, 212], [1557, 213], [1558, 213], [1559, 213], [1560, 213], [1561, 213], [1552, 215], [1551, 216], [1552, 216], [1557, 218], [1558, 218], [1559, 218], [1560, 218], [1561, 218], [1562, 218], [1563, 218], [1564, 218], [1554, 219], [1555, 219], [1556, 219], [1557, 219], [1558, 219], [1559, 219], [1560, 219], [1561, 219], [1562, 219], [1563, 219], [1564, 219], [1565, 219], [1566, 219], [1567, 219], [1553, 220], [1554, 220], [1555, 220], [1556, 220], [1557, 220], [1558, 220], [1563, 220], [1564, 220], [1565, 220], [1566, 220], [1567, 220], [1568, 220], [1552, 221], [1553, 221], [1554, 221], [1555, 221], [1566, 221], [1567, 221], [1568, 221], [1569, 221], [1552, 222], [1553, 222], [1554, 222], [1567, 222], [1568, 222], [1569, 222], [1570, 222], [1571, 222], [1552, 223], [1553, 223], [1568, 223], [1569, 223], [1570, 223], [1571, 223], [1572, 223], [1537, 224], [1538, 224], [1539, 224], [1552, 224], [1553, 224], [1570, 224], [1571, 224], [1572, 224], [1573, 224], [1536, 225], [1537, 225], [1538, 225], [1539, 225], [1540, 225], [1551, 225], [1552, 225], [1553, 225], [1571, 225], [1572, 225], [1573, 225], [1574, 225], [1538, 226], [1539, 226], [1540, 226], [1551, 226], [1552, 226], [1553, 226], [1572, 226], [1573, 226], [1574, 226], [1537, 227], [1538, 227], [1539, 227], [1540, 227], [1550, 227], [1551, 227], [1552, 227], [1571, 227], [1572, 227], [1573, 227], [1574, 227], [1535, 228], [1536, 228], [1537, 228], [1538, 228], [1539, 228], [1540, 228], [1549, 228], [1550, 228], [1551, 228], [1552, 228], [1569, 228], [1570, 228], [1571, 228], [1572, 228], [1573, 228], [1574, 228], [1529, 229], [1531, 229], [1532, 229], [1533, 229], [1534, 229], [1535, 229], [1536, 229], [1537, 229], [1538, 229], [1549, 229], [1550, 229], [1551, 229], [1552, 229], [1553, 229], [1568, 229], [1569, 229], [1570, 229], [1571, 229], [1572, 229], [1527, 230], [1528, 230], [1529, 230], [1530, 230], [1531, 230], [1532, 230], [1533, 230], [1534, 230], [1535, 230], [1536, 230], [1549, 230], [1550, 230], [1551, 230], [1552, 230], [1553, 230], [1554, 230], [1555, 230], [1556, 230], [1557, 230], [1566, 230], [1567, 230], [1568, 230], [1569, 230], [1570, 230], [1525, 231], [1526, 231], [1527, 231], [1528, 231], [1529, 231], [1530, 231], [1531, 231], [1532, 231], [1552, 231], [1553, 231], [1554, 231], [1555, 231], [1556, 231], [1557, 231], [1558, 231], [1559, 231], [1560, 231], [1561, 231], [1562, 231], [1566, 231], [1567, 231], [1568, 231], [1569, 231], [1524, 232], [1525, 232], [1526, 232], [1556, 232], [1557, 232], [1558, 232], [1559, 232], [1560, 232], [1561, 232], [1562, 232], [1563, 232], [1564, 232], [1565, 232], [1566, 232], [1567, 232], [1522, 233], [1523, 233], [1561, 233], [1562, 233], [1563, 233], [1564, 233], [1565, 233], [1566, 233], [1567, 233]




Yellow line right - [1598, 231], [1599, 231], [1600, 231], [1601, 231], [1602, 231], [1603, 231], [1604, 231], [1594, 232], [1595, 232], [1596, 232], [1597, 232], [1598, 232], [1599, 232], [1600, 232], [1601, 232], [1602, 232], [1603, 232], [1604, 232], [1593, 233], [1594, 233], [1595, 233], [1596, 233], [1597, 233], [1598, 233], [1599, 233], [1600, 233], [1601, 233], [1602, 233], [1603, 233], [1604, 233], [1593, 234], [1594, 234], [1595, 234], [1601, 234], [1602, 234], [1603, 234], [1604, 234], [1591, 235], [1592, 235], [1593, 235], [1594, 235], [1600, 235], [1601, 235], [1602, 235], [1603, 235], [1604, 235], [1589, 236], [1590, 236], [1591, 236], [1592, 236], [1593, 236], [1594, 236], [1598, 236], [1599, 236], [1600, 236], [1601, 236], [1602, 236], [1587, 237], [1588, 237], [1589, 237], [1590, 237], [1591, 237], [1592, 237], [1595, 237], [1596, 237], [1597, 237], [1598, 237], [1599, 237], [1600, 237], [1601, 237], [1587, 238], [1588, 238], [1589, 238], [1590, 238], [1593, 238], [1594, 238], [1595, 238], [1596, 238], [1597, 238], [1598, 238], [1599, 238], [1587, 239], [1588, 239], [1589, 239], [1590, 239], [1591, 239], [1592, 239], [1593, 239], [1594, 239], [1595, 239], [1596, 239], [1587, 240], [1588, 240], [1589, 240], [1590, 240], [1591, 240], [1592, 240], [1593, 240], [1594, 240], [1589, 246], [1590, 246], [1591, 246], [1592, 246], [1593, 246], [1594, 246], [1595, 246], [1589, 247], [1590, 247], [1591, 247], [1592, 247], [1593, 247], [1594, 247], [1595, 247], [1589, 248], [1590, 248], [1591, 248], [1592, 248], [1593, 248], [1594, 248], [1595, 248], [1590, 249], [1591, 249], [1592, 249], [1593, 249], [1594, 249]




White line right - [1692, 132], [1693, 132], [1694, 132], [1695, 132], [1696, 132], [1697, 132], [1698, 132], [1691, 133], [1692, 133], [1693, 133], [1694, 133], [1695, 133], [1696, 133], [1697, 133], [1698, 133], [1690, 134], [1691, 134], [1692, 134], [1693, 134], [1694, 134], [1695, 134], [1696, 134], [1697, 134], [1698, 134], [1690, 135], [1691, 135], [1693, 135], [1694, 135], [1696, 135], [1697, 135], [1698, 135], [1689, 136], [1690, 136], [1691, 136], [1692, 136], [1693, 136], [1694, 136], [1695, 136], [1696, 136], [1697, 136], [1698, 136], [1689, 137], [1690, 137], [1692, 137], [1693, 137], [1694, 137], [1695, 137], [1696, 137], [1697, 137], [1698, 137], [1688, 138], [1689, 138], [1690, 138], [1691, 138], [1692, 138], [1693, 138], [1694, 138], [1695, 138], [1696, 138], [1697, 138], [1688, 139], [1689, 139], [1690, 139], [1691, 139], [1692, 139], [1693, 139], [1694, 139], [1695, 139], [1696, 139], [1697, 139], [1688, 140], [1689, 140], [1690, 140], [1691, 140], [1693, 140], [1694, 140], [1695, 140], [1696, 140], [1697, 140], [1687, 141], [1688, 141], [1689, 141], [1690, 141], [1691, 141], [1693, 141], [1694, 141], [1695, 141], [1696, 141], [1687, 142], [1688, 142], [1690, 142], [1691, 142], [1693, 142], [1694, 142], [1695, 142], [1696, 142], [1686, 143], [1687, 143], [1688, 143], [1689, 143], [1690, 143], [1691, 143], [1692, 143], [1693, 143], [1695, 143], [1696, 143], [1686, 144], [1687, 144], [1689, 144], [1690, 144], [1692, 144], [1693, 144], [1694, 144], [1695, 144], [1686, 145], [1687, 145], [1688, 145], [1689, 145], [1690, 145], [1691, 145], [1692, 145], [1693, 145], [1694, 145], [1695, 145], [1685, 146], [1686, 146], [1687, 146], [1688, 146], [1689, 146], [1691, 146], [1692, 146], [1693, 146], [1694, 146], [1695, 146], [1685, 147], [1686, 147], [1687, 147], [1688, 147], [1689, 147], [1690, 147], [1691, 147], [1692, 147], [1693, 147], [1694, 147], [1685, 148], [1686, 148], [1687, 148], [1688, 148], [1689, 148], [1690, 148], [1691, 148], [1692, 148], [1693, 148], [1694, 148], [1684, 149], [1685, 149], [1686, 149], [1687, 149], [1688, 149], [1689, 149], [1690, 149], [1691, 149], [1692, 149], [1693, 149], [1684, 150], [1685, 150], [1686, 150], [1687, 150], [1689, 150], [1690, 150], [1691, 150], [1692, 150], [1693, 150], [1684, 151], [1685, 151], [1686, 151], [1687, 151], [1688, 151], [1689, 151], [1690, 151], [1691, 151], [1692, 151], [1693, 151], [1683, 152], [1684, 152], [1685, 152], [1686, 152], [1687, 152], [1688, 152], [1689, 152], [1691, 152], [1692, 152], [1683, 153], [1684, 153], [1686, 153], [1687, 153], [1688, 153], [1689, 153], [1690, 153], [1691, 153], [1692, 153], [1683, 154], [1684, 154], [1685, 154], [1686, 154], [1687, 154], [1688, 154], [1689, 154], [1690, 154], [1691, 154], [1692, 154], [1682, 155], [1683, 155], [1684, 155], [1685, 155], [1686, 155], [1687, 155], [1688, 155], [1689, 155], [1690, 155], [1691, 155], [1682, 156], [1683, 156], [1684, 156], [1685, 156], [1687, 156], [1688, 156], [1690, 156], [1691, 156], [1682, 157], [1683, 157], [1684, 157], [1685, 157], [1686, 157], [1687, 157], [1688, 157], [1689, 157], [1690, 157], [1682, 158], [1683, 158], [1684, 158], [1685, 158], [1686, 158], [1687, 158], [1688, 158], [1689, 158], [1690, 158], [1682, 159], [1683, 159], [1684, 159], [1685, 159], [1686, 159], [1687, 159], [1688, 159], [1689, 159], [1674, 183], [1675, 183], [1676, 183], [1677, 183], [1678, 183], [1673, 184], [1674, 184], [1675, 184], [1676, 184], [1677, 184], [1678, 184], [1679, 184], [1672, 185], [1673, 185], [1674, 185], [1676, 185], [1677, 185], [1678, 185], [1679, 185], [1671, 186], [1672, 186], [1673, 186], [1674, 186], [1675, 186], [1676, 186], [1677, 186], [1678, 186], [1679, 186], [1671, 187], [1672, 187], [1674, 187], [1675, 187], [1676, 187], [1677, 187], [1678, 187], [1679, 187], [1670, 188], [1671, 188], [1672, 188], [1673, 188], [1674, 188], [1675, 188], [1676, 188], [1678, 188], [1679, 188], [1670, 189], [1671, 189], [1672, 189], [1673, 189], [1674, 189], [1675, 189], [1676, 189], [1677, 189], [1678, 189], [1679, 189], [1670, 190], [1671, 190], [1672, 190], [1673, 190], [1674, 190], [1675, 190], [1676, 190], [1677, 190], [1678, 190], [1679, 190], [1669, 191], [1670, 191], [1671, 191], [1672, 191], [1673, 191], [1674, 191], [1675, 191], [1676, 191], [1677, 191], [1678, 191], [1669, 192], [1670, 192], [1671, 192], [1672, 192], [1673, 192], [1674, 192], [1675, 192], [1676, 192], [1677, 192], [1678, 192], [1669, 193], [1670, 193], [1671, 193], [1672, 193], [1673, 193], [1674, 193], [1675, 193], [1676, 193], [1677, 193], [1668, 194], [1669, 194], [1670, 194], [1671, 194], [1672, 194], [1673, 194], [1674, 194], [1675, 194], [1676, 194], [1677, 194], [1668, 195], [1669, 195], [1671, 195], [1672, 195], [1673, 195], [1674, 195], [1676, 195], [1677, 195], [1667, 196], [1668, 196], [1669, 196], [1670, 196], [1671, 196], [1672, 196], [1673, 196], [1674, 196], [1675, 196], [1676, 196], [1667, 197], [1668, 197], [1669, 197], [1670, 197], [1671, 197], [1672, 197], [1673, 197], [1674, 197], [1675, 197], [1676, 197], [1667, 198], [1668, 198], [1669, 198], [1670, 198], [1671, 198], [1672, 198], [1673, 198], [1674, 198], [1675, 198], [1676, 198], [1667, 199], [1668, 199], [1669, 199], [1670, 199], [1671, 199], [1672, 199], [1673, 199], [1674, 199], [1675, 199], [1666, 200], [1667, 200], [1668, 200], [1669, 200], [1670, 200], [1672, 200], [1673, 200], [1674, 200], [1675, 200], [1666, 201], [1667, 201], [1669, 201], [1670, 201], [1671, 201], [1672, 201], [1673, 201], [1674, 201], [1675, 201], [1665, 202], [1666, 202], [1667, 202], [1668, 202], [1669, 202], [1670, 202], [1671, 202], [1672, 202], [1673, 202], [1674, 202], [1665, 203], [1666, 203], [1668, 203], [1669, 203], [1670, 203], [1671, 203], [1672, 203], [1673, 203], [1674, 203], [1665, 204], [1666, 204], [1667, 204], [1668, 204], [1669, 204], [1670, 204], [1671, 204], [1672, 204], [1673, 204], [1674, 204], [1664, 205], [1665, 205], [1666, 205], [1667, 205], [1668, 205], [1669, 205], [1670, 205], [1671, 205], [1672, 205], [1673, 205], [1664, 206], [1665, 206], [1666, 206], [1667, 206], [1668, 206], [1669, 206], [1670, 206], [1672, 206], [1673, 206], [1664, 207], [1665, 207], [1666, 207], [1667, 207], [1668, 207], [1669, 207], [1670, 207], [1671, 207], [1672, 207], [1673, 207], [1664, 208], [1665, 208], [1667, 208], [1668, 208], [1669, 208], [1670, 208], [1671, 208], [1672, 208], [1664, 209], [1665, 209], [1666, 209], [1667, 209], [1668, 209], [1669, 209], [1670, 209], [1671, 209], [1665, 210], [1666, 210], [1667, 210], [1668, 210], [1470, 264], [1471, 264], [1472, 264], [1473, 264], [1470, 265], [1471, 265], [1472, 265], [1473, 265], [1474, 265], [1475, 265], [1476, 265], [1472, 266], [1473, 266], [1474, 266], [1475, 266], [1476, 266], [1477, 266], [1478, 266], [1479, 266], [1480, 266], [1481, 266], [1482, 266], [1483, 266], [1484, 266], [1485, 266], [1486, 266], [1487, 266], [1465, 267], [1466, 267], [1475, 267], [1476, 267], [1477, 267], [1478, 267], [1479, 267], [1480, 267], [1481, 267], [1482, 267], [1483, 267], [1484, 267], [1485, 267], [1486, 267], [1487, 267], [1488, 267], [1463, 268], [1464, 268], [1465, 268], [1466, 268], [1467, 268], [1468, 268], [1477, 268], [1478, 268], [1479, 268], [1480, 268], [1481, 268], [1482, 268], [1483, 268], [1484, 268], [1485, 268], [1487, 268], [1488, 268], [1489, 268], [1465, 269], [1466, 269], [1467, 269], [1468, 269], [1469, 269], [1470, 269], [1471, 269], [1476, 269], [1477, 269], [1478, 269], [1479, 269], [1480, 269], [1481, 269], [1482, 269], [1483, 269], [1484, 269], [1485, 269], [1486, 269], [1487, 269], [1488, 269], [1489, 269], [1467, 270], [1468, 270], [1469, 270], [1470, 270], [1471, 270], [1472, 270], [1473, 270], [1474, 270], [1476, 270], [1477, 270], [1478, 270], [1479, 270], [1485, 270], [1486, 270], [1488, 270], [1489, 270], [1470, 271], [1471, 271], [1472, 271], [1473, 271], [1474, 271], [1475, 271], [1477, 271], [1478, 271], [1479, 271], [1480, 271], [1481, 271], [1482, 271], [1485, 271], [1486, 271], [1488, 271], [1489, 271], [1490, 271], [1491, 271], [1473, 272], [1474, 272], [1475, 272], [1476, 272], [1477, 272], [1478, 272], [1479, 272], [1480, 272], [1481, 272], [1482, 272], [1483, 272], [1484, 272], [1485, 272], [1486, 272], [1487, 272], [1488, 272], [1489, 272], [1490, 272], [1491, 272], [1492, 272], [1493, 272], [1494, 272], [1475, 273], [1476, 273], [1477, 273], [1478, 273], [1479, 273], [1480, 273], [1482, 273], [1483, 273], [1484, 273], [1485, 273], [1486, 273], [1487, 273], [1488, 273], [1489, 273], [1490, 273], [1491, 273], [1492, 273], [1493, 273], [1494, 273], [1495, 273], [1496, 273], [1497, 273], [1478, 274], [1479, 274], [1480, 274], [1481, 274], [1482, 274], [1483, 274], [1484, 274], [1485, 274], [1486, 274], [1487, 274], [1488, 274], [1489, 274], [1490, 274], [1491, 274], [1492, 274], [1494, 274], [1495, 274], [1496, 274], [1497, 274], [1498, 274], [1499, 274], [1480, 275], [1481, 275], [1482, 275], [1483, 275], [1484, 275], [1485, 275], [1486, 275], [1487, 275], [1488, 275], [1489, 275], [1490, 275], [1492, 275], [1493, 275], [1494, 275], [1495, 275], [1497, 275], [1498, 275], [1499, 275], [1500, 275], [1501, 275], [1483, 276], [1484, 276], [1485, 276], [1486, 276], [1487, 276], [1488, 276], [1490, 276], [1491, 276], [1492, 276], [1493, 276], [1494, 276], [1495, 276], [1496, 276], [1497, 276], [1499, 276], [1500, 276], [1501, 276], [1502, 276], [1503, 276], [1504, 276], [1486, 277], [1487, 277], [1488, 277], [1489, 277], [1490, 277], [1491, 277], [1492, 277], [1493, 277], [1494, 277], [1495, 277], [1497, 277], [1498, 277], [1499, 277], [1500, 277], [1501, 277], [1502, 277], [1503, 277], [1504, 277], [1505, 277], [1506, 277], [1507, 277], [1488, 278], [1489, 278], [1490, 278], [1491, 278], [1492, 278], [1493, 278], [1495, 278], [1496, 278], [1497, 278], [1498, 278], [1499, 278], [1500, 278], [1501, 278], [1502, 278], [1504, 278], [1505, 278], [1506, 278], [1507, 278], [1508, 278], [1509, 278], [1510, 278], [1490, 279], [1491, 279], [1492, 279], [1493, 279], [1494, 279], [1495, 279], [1496, 279], [1497, 279], [1498, 279], [1499, 279], [1500, 279], [1501, 279], [1502, 279], [1503, 279], [1504, 279], [1505, 279], [1506, 279], [1507, 279], [1508, 279], [1509, 279], [1510, 279], [1511, 279], [1512, 279], [1493, 280], [1494, 280], [1495, 280], [1496, 280], [1497, 280], [1498, 280], [1499, 280], [1500, 280], [1501, 280], [1502, 280], [1503, 280], [1504, 280], [1505, 280], [1506, 280], [1507, 280], [1508, 280], [1509, 280], [1510, 280], [1511, 280], [1512, 280], [1513, 280], [1514, 280], [1515, 280], [1496, 281], [1497, 281], [1498, 281], [1499, 281], [1500, 281], [1501, 281], [1502, 281], [1503, 281], [1504, 281], [1505, 281], [1506, 281], [1507, 281], [1508, 281], [1509, 281], [1510, 281], [1512, 281], [1513, 281], [1514, 281], [1515, 281], [1516, 281], [1517, 281], [1518, 281], [1499, 282], [1500, 282], [1501, 282], [1502, 282], [1503, 282], [1504, 282], [1506, 282], [1507, 282], [1508, 282], [1509, 282], [1510, 282], [1511, 282], [1512, 282], [1513, 282], [1515, 282], [1516, 282], [1517, 282], [1518, 282], [1519, 282], [1520, 282], [1502, 283], [1503, 283], [1504, 283], [1505, 283], [1506, 283], [1507, 283], [1508, 283], [1509, 283], [1510, 283], [1511, 283], [1512, 283], [1513, 283], [1514, 283], [1515, 283], [1516, 283], [1517, 283], [1518, 283], [1519, 283], [1520, 283], [1521, 283], [1522, 283], [1504, 284], [1505, 284], [1506, 284], [1507, 284], [1508, 284], [1509, 284], [1510, 284], [1511, 284], [1512, 284], [1513, 284], [1515, 284], [1516, 284], [1517, 284], [1518, 284], [1519, 284], [1520, 284], [1521, 284], [1522, 284], [1523, 284], [1524, 284], [1507, 285], [1508, 285], [1509, 285], [1510, 285], [1511, 285], [1512, 285], [1513, 285], [1514, 285], [1515, 285], [1516, 285], [1517, 285], [1518, 285], [1519, 285], [1520, 285], [1521, 285], [1523, 285], [1524, 285], [1525, 285], [1526, 285], [1527, 285], [1509, 286], [1510, 286], [1511, 286], [1512, 286], [1513, 286], [1514, 286], [1516, 286], [1517, 286], [1518, 286], [1519, 286], [1520, 286], [1521, 286], [1522, 286], [1523, 286], [1525, 286], [1526, 286], [1527, 286], [1528, 286], [1529, 286], [1512, 287], [1513, 287], [1514, 287], [1515, 287], [1516, 287], [1517, 287], [1518, 287], [1519, 287], [1520, 287], [1521, 287], [1522, 287], [1523, 287], [1524, 287], [1525, 287], [1526, 287], [1528, 287], [1529, 287], [1530, 287], [1531, 287], [1532, 287], [1515, 288], [1516, 288], [1517, 288], [1518, 288], [1519, 288], [1521, 288], [1522, 288], [1523, 288], [1524, 288], [1525, 288], [1526, 288], [1527, 288], [1528, 288], [1529, 288], [1530, 288], [1531, 288], [1532, 288], [1533, 288], [1534, 288], [1517, 289], [1518, 289], [1519, 289], [1520, 289], [1521, 289], [1522, 289], [1524, 289], [1525, 289], [1526, 289], [1527, 289], [1528, 289], [1529, 289], [1530, 289], [1531, 289], [1533, 289], [1534, 289], [1535, 289], [1536, 289], [1537, 289], [1520, 290], [1521, 290], [1522, 290], [1523, 290], [1524, 290], [1525, 290], [1526, 290], [1527, 290], [1528, 290], [1529, 290], [1531, 290], [1532, 290], [1533, 290], [1534, 290], [1535, 290], [1536, 290], [1537, 290], [1538, 290], [1539, 290], [1540, 290], [1523, 291], [1524, 291], [1525, 291], [1526, 291], [1527, 291], [1529, 291], [1530, 291], [1531, 291], [1532, 291], [1534, 291], [1535, 291], [1536, 291], [1538, 291], [1539, 291], [1540, 291], [1541, 291], [1542, 291], [1543, 291], [1526, 292], [1527, 292], [1528, 292], [1529, 292], [1530, 292], [1531, 292], [1532, 292], [1533, 292], [1534, 292], [1535, 292], [1536, 292], [1537, 292], [1538, 292], [1539, 292], [1541, 292], [1542, 292], [1543, 292], [1544, 292], [1545, 292], [1528, 293], [1529, 293], [1530, 293], [1531, 293], [1532, 293], [1533, 293], [1534, 293], [1535, 293], [1536, 293], [1537, 293], [1539, 293], [1540, 293], [1541, 293], [1542, 293], [1544, 293], [1545, 293], [1546, 293], [1547, 293], [1548, 293], [1531, 294], [1532, 294], [1533, 294], [1534, 294], [1535, 294], [1537, 294], [1538, 294], [1539, 294], [1540, 294], [1541, 294], [1542, 294], [1543, 294], [1544, 294], [1546, 294], [1547, 294], [1548, 294], [1549, 294], [1550, 294], [1551, 294], [1533, 295], [1534, 295], [1535, 295], [1536, 295], [1537, 295], [1538, 295], [1540, 295], [1541, 295], [1542, 295], [1543, 295], [1544, 295], [1545, 295], [1546, 295], [1547, 295], [1548, 295], [1549, 295], [1550, 295], [1551, 295], [1552, 295], [1553, 295], [1536, 296], [1537, 296], [1538, 296], [1539, 296], [1540, 296], [1542, 296], [1543, 296], [1544, 296], [1545, 296], [1546, 296], [1547, 296], [1548, 296], [1549, 296], [1550, 296], [1552, 296], [1553, 296], [1554, 296], [1555, 296], [1556, 296], [1539, 297], [1540, 297], [1541, 297], [1542, 297], [1543, 297], [1545, 297], [1546, 297], [1547, 297], [1549, 297], [1550, 297], [1551, 297], [1552, 297], [1553, 297], [1554, 297], [1555, 297], [1556, 297], [1557, 297], [1558, 297], [1559, 297], [1541, 298], [1542, 298], [1543, 298], [1544, 298], [1545, 298], [1546, 298], [1547, 298], [1548, 298], [1549, 298], [1550, 298], [1552, 298], [1553, 298], [1554, 298], [1555, 298], [1556, 298], [1557, 298], [1558, 298], [1559, 298], [1560, 298], [1561, 298], [1544, 299], [1545, 299], [1546, 299], [1547, 299], [1548, 299], [1550, 299], [1551, 299], [1552, 299], [1553, 299], [1554, 299], [1555, 299], [1556, 299], [1557, 299], [1558, 299], [1560, 299], [1561, 299], [1562, 299], [1563, 299], [1564, 299], [1547, 300], [1548, 300], [1549, 300], [1550, 300], [1552, 300], [1553, 300], [1554, 300], [1555, 300], [1556, 300], [1558, 300], [1559, 300], [1560, 300], [1562, 300], [1563, 300], [1564, 300], [1565, 300], [1566, 300], [1567, 300], [1549, 301], [1550, 301], [1551, 301], [1552, 301], [1553, 301], [1554, 301], [1555, 301], [1556, 301], [1557, 301], [1558, 301], [1560, 301], [1561, 301], [1562, 301], [1563, 301], [1565, 301], [1566, 301], [1567, 301], [1568, 301], [1569, 301], [1570, 301], [1551, 302], [1552, 302], [1553, 302], [1554, 302], [1555, 302], [1556, 302], [1558, 302], [1559, 302], [1560, 302], [1561, 302], [1562, 302], [1563, 302], [1564, 302], [1565, 302], [1566, 302], [1568, 302], [1569, 302], [1570, 302], [1571, 302], [1572, 302], [1554, 303], [1555, 303], [1556, 303], [1557, 303], [1558, 303], [1560, 303], [1561, 303], [1562, 303], [1563, 303], [1565, 303], [1566, 303], [1567, 303], [1568, 303], [1569, 303], [1570, 303], [1571, 303], [1572, 303], [1573, 303], [1574, 303], [1575, 303], [1557, 304], [1558, 304], [1559, 304], [1560, 304], [1561, 304], [1563, 304], [1564, 304], [1565, 304], [1566, 304], [1568, 304], [1569, 304], [1570, 304], [1571, 304], [1573, 304], [1574, 304], [1575, 304], [1576, 304], [1577, 304], [1559, 305], [1560, 305], [1561, 305], [1562, 305], [1563, 305], [1564, 305], [1565, 305], [1566, 305], [1567, 305], [1568, 305], [1569, 305], [1570, 305], [1571, 305], [1572, 305], [1573, 305], [1574, 305], [1575, 305], [1576, 305], [1577, 305], [1578, 305], [1579, 305], [1580, 305], [1581, 305], [1562, 306], [1563, 306], [1564, 306], [1565, 306], [1566, 306], [1568, 306], [1569, 306], [1570, 306], [1571, 306], [1572, 306], [1573, 306], [1574, 306], [1575, 306], [1576, 306], [1578, 306], [1579, 306], [1580, 306], [1581, 306], [1582, 306], [1583, 306], [1584, 306], [1565, 307], [1566, 307], [1567, 307], [1568, 307], [1569, 307], [1571, 307], [1572, 307], [1573, 307], [1574, 307], [1576, 307], [1577, 307], [1578, 307], [1579, 307], [1580, 307], [1581, 307], [1582, 307], [1583, 307], [1584, 307], [1585, 307], [1586, 307], [1587, 307], [1567, 308], [1568, 308], [1569, 308], [1570, 308], [1571, 308], [1572, 308], [1574, 308], [1575, 308], [1576, 308], [1577, 308], [1578, 308], [1579, 308], [1580, 308], [1581, 308], [1582, 308], [1583, 308], [1585, 308], [1586, 308], [1587, 308], [1588, 308], [1589, 308], [1570, 309], [1571, 309], [1572, 309], [1573, 309], [1574, 309], [1575, 309], [1577, 309], [1578, 309], [1579, 309], [1581, 309], [1582, 309], [1583, 309], [1584, 309], [1585, 309], [1586, 309], [1587, 309], [1588, 309], [1589, 309], [1590, 309], [1591, 309], [1573, 310], [1574, 310], [1575, 310], [1576, 310], [1577, 310], [1579, 310], [1580, 310], [1581, 310], [1582, 310], [1583, 310], [1584, 310], [1585, 310], [1586, 310], [1587, 310], [1588, 310], [1590, 310], [1591, 310], [1592, 310], [1593, 310], [1594, 310], [1576, 311], [1577, 311], [1578, 311], [1579, 311], [1580, 311], [1581, 311], [1582, 311], [1583, 311], [1584, 311], [1585, 311], [1586, 311], [1587, 311], [1588, 311], [1589, 311], [1590, 311], [1592, 311], [1593, 311], [1594, 311], [1595, 311], [1596, 311], [1578, 312], [1579, 312], [1580, 312], [1581, 312], [1582, 312], [1584, 312], [1585, 312], [1586, 312], [1587, 312], [1589, 312], [1590, 312], [1591, 312], [1592, 312], [1593, 312], [1595, 312], [1596, 312], [1597, 312], [1598, 312], [1599, 312], [1581, 313], [1582, 313], [1583, 313], [1584, 313], [1586, 313], [1587, 313], [1588, 313], [1589, 313], [1590, 313], [1592, 313], [1593, 313], [1594, 313], [1595, 313], [1597, 313], [1598, 313], [1599, 313], [1600, 313], [1601, 313], [1583, 314], [1584, 314], [1585, 314], [1586, 314], [1587, 314], [1588, 314], [1589, 314], [1590, 314], [1591, 314], [1592, 314], [1593, 314], [1595, 314], [1596, 314], [1597, 314], [1599, 314], [1600, 314], [1601, 314], [1602, 314], [1603, 314], [1604, 314], [1585, 315], [1586, 315], [1587, 315], [1588, 315], [1589, 315], [1590, 315], [1592, 315], [1593, 315], [1594, 315], [1595, 315], [1597, 315], [1598, 315], [1599, 315], [1600, 315], [1601, 315], [1602, 315], [1603, 315], [1604, 315], [1605, 315], [1606, 315], [1588, 316], [1589, 316], [1590, 316], [1591, 316], [1592, 316], [1593, 316], [1595, 316], [1596, 316], [1597, 316], [1599, 316], [1600, 316], [1601, 316], [1602, 316], [1603, 316], [1604, 316], [1605, 316], [1606, 316], [1607, 316], [1608, 316], [1591, 317], [1592, 317], [1593, 317], [1594, 317], [1595, 317], [1597, 317], [1598, 317], [1599, 317], [1600, 317], [1602, 317], [1603, 317], [1604, 317], [1605, 317], [1607, 317], [1608, 317], [1609, 317], [1610, 317], [1611, 317], [1594, 318], [1595, 318], [1596, 318], [1597, 318], [1598, 318], [1600, 318], [1601, 318], [1602, 318], [1603, 318], [1604, 318], [1605, 318], [1606, 318], [1607, 318], [1609, 318], [1610, 318], [1611, 318], [1612, 318], [1613, 318], [1614, 318], [1596, 319], [1597, 319], [1598, 319], [1599, 319], [1600, 319], [1601, 319], [1602, 319], [1603, 319], [1604, 319], [1605, 319], [1606, 319], [1607, 319], [1608, 319], [1609, 319], [1610, 319], [1612, 319], [1613, 319], [1614, 319], [1615, 319], [1616, 319], [1617, 319], [1599, 320], [1600, 320], [1601, 320], [1602, 320], [1603, 320], [1604, 320], [1605, 320], [1606, 320], [1607, 320], [1608, 320], [1609, 320], [1610, 320], [1611, 320], [1612, 320], [1613, 320], [1614, 320], [1615, 320], [1616, 320], [1617, 320], [1618, 320], [1619, 320], [1601, 321], [1602, 321], [1603, 321], [1604, 321], [1605, 321], [1606, 321], [1608, 321], [1609, 321], [1610, 321], [1611, 321], [1612, 321], [1613, 321], [1614, 321], [1615, 321], [1616, 321], [1618, 321], [1619, 321], [1620, 321], [1621, 321], [1622, 321], [1605, 322], [1606, 322], [1607, 322], [1608, 322], [1609, 322], [1610, 322], [1611, 322], [1612, 322], [1613, 322], [1614, 322], [1615, 322], [1616, 322], [1617, 322], [1618, 322], [1620, 322], [1621, 322], [1622, 322], [1623, 322], [1624, 322], [1607, 323], [1608, 323], [1609, 323], [1610, 323], [1611, 323], [1613, 323], [1614, 323], [1615, 323], [1616, 323], [1618, 323], [1619, 323], [1620, 323], [1621, 323], [1623, 323], [1624, 323], [1625, 323], [1626, 323], [1627, 323], [1610, 324], [1611, 324], [1612, 324], [1613, 324], [1614, 324], [1615, 324], [1616, 324], [1617, 324], [1618, 324], [1620, 324], [1621, 324], [1622, 324], [1623, 324], [1624, 324], [1625, 324], [1626, 324], [1627, 324], [1628, 324], [1629, 324], [1612, 325], [1613, 325], [1614, 325], [1615, 325], [1616, 325], [1618, 325], [1619, 325], [1620, 325], [1621, 325], [1623, 325], [1624, 325], [1625, 325], [1626, 325], [1628, 325], [1629, 325], [1630, 325], [1631, 325], [1632, 325], [1633, 325], [1615, 326], [1616, 326], [1617, 326], [1618, 326], [1619, 326], [1620, 326], [1621, 326], [1622, 326], [1623, 326], [1624, 326], [1626, 326], [1627, 326], [1628, 326], [1629, 326], [1631, 326], [1632, 326], [1633, 326], [1634, 326], [1635, 326], [1617, 327], [1618, 327], [1619, 327], [1620, 327], [1621, 327], [1623, 327], [1624, 327], [1625, 327], [1626, 327], [1627, 327], [1628, 327], [1629, 327], [1630, 327], [1631, 327], [1632, 327], [1634, 327], [1635, 327], [1636, 327], [1637, 327], [1638, 327], [1620, 328], [1621, 328], [1622, 328], [1623, 328], [1624, 328], [1625, 328], [1626, 328], [1627, 328], [1628, 328], [1629, 328], [1630, 328], [1631, 328], [1632, 328], [1633, 328], [1634, 328], [1635, 328], [1636, 328], [1637, 328], [1638, 328], [1639, 328], [1640, 328], [1641, 328], [1622, 329], [1623, 329], [1624, 329], [1625, 329], [1626, 329], [1627, 329], [1629, 329], [1630, 329], [1631, 329], [1632, 329], [1634, 329], [1635, 329], [1636, 329], [1637, 329], [1638, 329], [1639, 329], [1640, 329], [1641, 329], [1642, 329], [1643, 329], [1626, 330], [1627, 330], [1628, 330], [1629, 330], [1630, 330], [1631, 330], [1632, 330], [1633, 330], [1634, 330], [1635, 330], [1636, 330], [1637, 330], [1638, 330], [1639, 330], [1640, 330], [1641, 330], [1642, 330], [1643, 330], [1644, 330], [1645, 330], [1628, 331], [1629, 331], [1630, 331], [1631, 331], [1632, 331], [1634, 331], [1635, 331], [1636, 331], [1637, 331], [1638, 331], [1639, 331], [1640, 331], [1641, 331], [1642, 331], [1643, 331], [1644, 331], [1645, 331], [1646, 331], [1647, 331], [1648, 331], [1649, 331], [1631, 332], [1632, 332], [1633, 332], [1634, 332], [1635, 332], [1636, 332], [1637, 332], [1638, 332], [1639, 332], [1640, 332], [1641, 332], [1643, 332], [1644, 332], [1645, 332], [1647, 332], [1648, 332], [1649, 332], [1650, 332], [1651, 332], [1633, 333], [1634, 333], [1635, 333], [1636, 333], [1637, 333], [1639, 333], [1640, 333], [1641, 333], [1642, 333], [1643, 333], [1644, 333], [1645, 333], [1646, 333], [1647, 333], [1648, 333], [1650, 333], [1651, 333], [1652, 333], [1653, 333], [1636, 334], [1637, 334], [1638, 334], [1639, 334], [1640, 334], [1641, 334], [1642, 334], [1643, 334], [1644, 334], [1645, 334], [1647, 334], [1648, 334], [1649, 334], [1650, 334], [1652, 334], [1653, 334], [1654, 334], [1655, 334], [1656, 334], [1638, 335], [1639, 335], [1640, 335], [1641, 335], [1642, 335], [1643, 335], [1644, 335], [1645, 335], [1646, 335], [1647, 335], [1648, 335], [1649, 335], [1650, 335], [1651, 335], [1652, 335], [1653, 335], [1654, 335], [1655, 335], [1656, 335], [1657, 335], [1658, 335], [1659, 335], [1641, 336], [1642, 336], [1643, 336], [1644, 336], [1645, 336], [1646, 336], [1647, 336], [1648, 336], [1649, 336], [1650, 336], [1651, 336], [1652, 336], [1653, 336], [1654, 336], [1655, 336], [1656, 336], [1657, 336], [1658, 336], [1659, 336], [1660, 336], [1661, 336], [1662, 336], [1644, 337], [1645, 337], [1646, 337], [1647, 337], [1648, 337], [1649, 337], [1650, 337], [1651, 337], [1652, 337], [1653, 337], [1655, 337], [1656, 337], [1657, 337], [1658, 337], [1659, 337], [1660, 337], [1661, 337], [1662, 337], [1663, 337], [1664, 337], [1646, 338], [1647, 338], [1648, 338], [1649, 338], [1650, 338], [1651, 338], [1652, 338], [1653, 338], [1654, 338], [1655, 338], [1656, 338], [1657, 338], [1658, 338], [1659, 338], [1660, 338], [1661, 338], [1662, 338], [1663, 338], [1664, 338], [1665, 338], [1666, 338], [1649, 339], [1650, 339], [1651, 339], [1652, 339], [1653, 339], [1655, 339], [1656, 339], [1657, 339], [1658, 339], [1659, 339], [1660, 339], [1661, 339], [1662, 339], [1663, 339], [1664, 339], [1665, 339], [1666, 339], [1667, 339], [1668, 339], [1669, 339], [1670, 339], [1651, 340], [1652, 340], [1653, 340], [1654, 340], [1655, 340], [1656, 340], [1657, 340], [1658, 340], [1659, 340], [1660, 340], [1661, 340], [1663, 340], [1664, 340], [1665, 340], [1666, 340], [1668, 340], [1669, 340], [1670, 340], [1671, 340], [1672, 340], [1654, 341], [1655, 341], [1656, 341], [1657, 341], [1658, 341], [1659, 341], [1660, 341], [1661, 341], [1662, 341], [1663, 341], [1664, 341], [1666, 341], [1667, 341], [1668, 341], [1669, 341], [1671, 341], [1672, 341], [1673, 341], [1674, 341], [1675, 341], [1657, 342], [1658, 342], [1659, 342], [1660, 342], [1661, 342], [1663, 342], [1664, 342], [1665, 342], [1666, 342], [1667, 342], [1668, 342], [1669, 342], [1670, 342], [1671, 342], [1672, 342], [1673, 342], [1674, 342], [1675, 342], [1676, 342], [1677, 342], [1678, 342], [1660, 343], [1661, 343], [1662, 343], [1663, 343], [1664, 343], [1666, 343], [1667, 343], [1668, 343], [1669, 343], [1671, 343], [1672, 343], [1673, 343], [1674, 343], [1675, 343], [1676, 343], [1677, 343], [1678, 343], [1679, 343], [1680, 343], [1663, 344], [1664, 344], [1665, 344], [1666, 344], [1667, 344], [1668, 344], [1669, 344], [1670, 344], [1671, 344], [1672, 344], [1673, 344], [1674, 344], [1675, 344], [1676, 344], [1677, 344], [1678, 344], [1679, 344], [1680, 344], [1681, 344], [1682, 344], [1683, 344], [1665, 345], [1666, 345], [1667, 345], [1668, 345], [1669, 345], [1671, 345], [1672, 345], [1673, 345], [1674, 345], [1675, 345], [1676, 345], [1677, 345], [1678, 345], [1679, 345], [1680, 345], [1682, 345], [1683, 345], [1684, 345], [1685, 345], [1686, 345], [1668, 346], [1669, 346], [1670, 346], [1671, 346], [1672, 346], [1673, 346], [1674, 346], [1675, 346], [1676, 346], [1677, 346], [1679, 346], [1680, 346], [1681, 346], [1682, 346], [1683, 346], [1684, 346], [1685, 346], [1686, 346], [1687, 346], [1688, 346], [1670, 347], [1671, 347], [1672, 347], [1673, 347], [1674, 347], [1676, 347], [1677, 347], [1678, 347], [1679, 347], [1680, 347], [1682, 347], [1683, 347], [1684, 347], [1685, 347], [1687, 347], [1688, 347], [1689, 347], [1690, 347], [1691, 347], [1673, 348], [1674, 348], [1675, 348], [1676, 348], [1678, 348], [1679, 348], [1680, 348], [1681, 348], [1682, 348], [1684, 348], [1685, 348], [1686, 348], [1687, 348], [1688, 348], [1689, 348], [1690, 348], [1691, 348], [1692, 348], [1693, 348], [1675, 349], [1676, 349], [1677, 349], [1678, 349], [1679, 349], [1680, 349], [1681, 349], [1682, 349], [1683, 349], [1684, 349], [1686, 349], [1687, 349], [1688, 349], [1689, 349], [1690, 349], [1692, 349], [1693, 349], [1694, 349], [1695, 349], [1677, 350], [1678, 350], [1679, 350], [1680, 350], [1681, 350], [1683, 350], [1684, 350], [1685, 350], [1686, 350], [1687, 350], [1689, 350], [1690, 350], [1691, 350], [1692, 350], [1693, 350], [1694, 350], [1695, 350], [1696, 350], [1697, 350], [1698, 350], [1679, 351], [1680, 351], [1681, 351], [1682, 351], [1683, 351], [1685, 351], [1686, 351], [1687, 351], [1688, 351], [1689, 351], [1690, 351], [1691, 351], [1692, 351], [1693, 351], [1694, 351], [1695, 351], [1696, 351], [1697, 351], [1698, 351], [1699, 351], [1700, 351], [1682, 352], [1683, 352], [1684, 352], [1685, 352], [1686, 352], [1688, 352], [1689, 352], [1690, 352], [1691, 352], [1692, 352], [1694, 352], [1695, 352], [1696, 352], [1697, 352], [1698, 352], [1699, 352], [1700, 352], [1701, 352], [1702, 352], [1684, 353], [1685, 353], [1686, 353], [1687, 353], [1688, 353], [1689, 353], [1691, 353], [1692, 353], [1693, 353], [1694, 353], [1695, 353], [1696, 353], [1697, 353], [1698, 353], [1699, 353], [1700, 353], [1701, 353], [1702, 353], [1703, 353], [1704, 353], [1705, 353], [1687, 354], [1688, 354], [1689, 354], [1690, 354], [1691, 354], [1692, 354], [1693, 354], [1694, 354], [1695, 354], [1696, 354], [1697, 354], [1698, 354], [1699, 354], [1700, 354], [1701, 354], [1703, 354], [1704, 354], [1705, 354], [1706, 354], [1707, 354], [1708, 354], [1690, 355], [1691, 355], [1692, 355], [1693, 355], [1694, 355], [1695, 355], [1696, 355], [1697, 355], [1698, 355], [1699, 355], [1700, 355], [1702, 355], [1703, 355], [1704, 355], [1705, 355], [1706, 355], [1707, 355], [1708, 355], [1709, 355], [1710, 355], [1693, 356], [1694, 356], [1695, 356], [1696, 356], [1697, 356], [1698, 356], [1699, 356], [1700, 356], [1701, 356], [1702, 356], [1704, 356], [1705, 356], [1706, 356], [1707, 356], [1709, 356], [1710, 356], [1711, 356], [1712, 356], [1713, 356], [1696, 357], [1697, 357], [1698, 357], [1699, 357], [1700, 357], [1701, 357], [1702, 357], [1703, 357], [1704, 357], [1706, 357], [1707, 357], [1708, 357], [1709, 357], [1710, 357], [1711, 357], [1712, 357], [1713, 357], [1714, 357], [1715, 357], [1716, 357], [1699, 358], [1700, 358], [1701, 358], [1702, 358], [1703, 358], [1705, 358], [1706, 358], [1707, 358], [1708, 358], [1709, 358], [1710, 358], [1711, 358], [1712, 358], [1714, 358], [1715, 358], [1716, 358], [1717, 358], [1718, 358], [1701, 359], [1702, 359], [1703, 359], [1704, 359], [1705, 359], [1707, 359], [1708, 359], [1709, 359], [1710, 359], [1711, 359], [1712, 359], [1713, 359], [1714, 359], [1716, 359], [1717, 359], [1718, 359], [1719, 359], [1720, 359], [1721, 359], [1704, 360], [1705, 360], [1706, 360], [1707, 360], [1708, 360], [1710, 360], [1711, 360], [1712, 360], [1713, 360], [1714, 360], [1715, 360], [1716, 360], [1717, 360], [1718, 360], [1719, 360], [1720, 360], [1721, 360], [1722, 360], [1723, 360], [1706, 361], [1707, 361], [1708, 361], [1709, 361], [1710, 361], [1711, 361], [1713, 361], [1714, 361], [1715, 361], [1716, 361], [1717, 361], [1718, 361], [1719, 361], [1720, 361], [1721, 361], [1722, 361], [1723, 361], [1724, 361], [1725, 361], [1709, 362], [1710, 362], [1711, 362], [1712, 362], [1713, 362], [1714, 362], [1716, 362], [1717, 362], [1718, 362], [1719, 362], [1722, 362], [1723, 362], [1724, 362], [1725, 362], [1726, 362], [1727, 362], [1728, 362], [1712, 363], [1713, 363], [1714, 363], [1715, 363], [1716, 363], [1717, 363], [1718, 363], [1719, 363], [1724, 363], [1725, 363], [1726, 363], [1727, 363], [1728, 363], [1729, 363], [1730, 363], [1731, 363], [1714, 364], [1715, 364], [1716, 364], [1717, 364], [1718, 364], [1719, 364], [1720, 364], [1721, 364], [1726, 364], [1727, 364], [1729, 364], [1730, 364], [1731, 364], [1732, 364], [1733, 364], [1717, 365], [1718, 365], [1719, 365], [1720, 365], [1721, 365], [1722, 365], [1723, 365], [1724, 365], [1726, 365], [1727, 365], [1728, 365], [1729, 365], [1730, 365], [1731, 365], [1732, 365], [1733, 365], [1734, 365], [1735, 365], [1736, 365], [1720, 366], [1721, 366], [1722, 366], [1723, 366], [1724, 366], [1725, 366], [1727, 366], [1728, 366], [1729, 366], [1730, 366], [1731, 366], [1732, 366], [1734, 366], [1735, 366], [1736, 366], [1737, 366], [1738, 366], [1739, 366], [1723, 367], [1724, 367], [1725, 367], [1726, 367], [1727, 367], [1729, 367], [1730, 367], [1731, 367], [1733, 367], [1734, 367], [1735, 367], [1736, 367], [1737, 367], [1738, 367], [1739, 367], [1740, 367], [1741, 367], [1725, 368], [1726, 368], [1727, 368], [1728, 368], [1729, 368], [1730, 368], [1731, 368], [1732, 368], [1733, 368], [1734, 368], [1735, 368], [1736, 368], [1737, 368], [1738, 368], [1739, 368], [1740, 368], [1741, 368], [1742, 368], [1743, 368], [1744, 368], [1728, 369], [1729, 369], [1730, 369], [1731, 369], [1732, 369], [1733, 369], [1734, 369], [1735, 369], [1736, 369], [1737, 369], [1738, 369], [1739, 369], [1740, 369], [1741, 369], [1742, 369], [1743, 369], [1744, 369], [1745, 369], [1746, 369], [1747, 369], [1730, 370], [1731, 370], [1732, 370], [1733, 370], [1734, 370], [1735, 370], [1736, 370], [1737, 370], [1738, 370], [1739, 370], [1741, 370], [1742, 370], [1743, 370], [1744, 370], [1746, 370], [1747, 370], [1748, 370], [1749, 370], [1750, 370], [1733, 371], [1734, 371], [1735, 371], [1736, 371], [1737, 371], [1739, 371], [1740, 371], [1741, 371], [1742, 371], [1743, 371], [1744, 371], [1745, 371], [1746, 371], [1747, 371], [1748, 371], [1749, 371], [1750, 371], [1751, 371], [1752, 371], [1735, 372], [1736, 372], [1737, 372], [1738, 372], [1739, 372], [1741, 372], [1742, 372], [1743, 372], [1744, 372], [1745, 372], [1746, 372], [1747, 372], [1748, 372], [1749, 372], [1751, 372], [1752, 372], [1753, 372], [1754, 372], [1755, 372], [1286, 373], [1287, 373], [1288, 373], [1738, 373], [1739, 373], [1740, 373], [1741, 373], [1742, 373], [1743, 373], [1744, 373], [1745, 373], [1746, 373], [1747, 373], [1749, 373], [1750, 373], [1751, 373], [1753, 373], [1754, 373], [1755, 373], [1756, 373], [1757, 373], [1284, 374], [1285, 374], [1287, 374], [1288, 374], [1289, 374], [1740, 374], [1741, 374], [1742, 374], [1743, 374], [1744, 374], [1745, 374], [1746, 374], [1747, 374], [1748, 374], [1749, 374], [1750, 374], [1752, 374], [1753, 374], [1754, 374], [1756, 374], [1757, 374], [1758, 374], [1759, 374], [1284, 375], [1285, 375], [1286, 375], [1288, 375], [1289, 375], [1290, 375], [1743, 375], [1744, 375], [1745, 375], [1746, 375], [1747, 375], [1748, 375], [1749, 375], [1750, 375], [1751, 375], [1752, 375], [1754, 375], [1755, 375], [1756, 375], [1758, 375], [1759, 375], [1760, 375], [1761, 375], [1762, 375], [1763, 375], [1285, 376], [1286, 376], [1287, 376], [1289, 376], [1290, 376], [1291, 376], [1746, 376], [1747, 376], [1748, 376], [1749, 376], [1750, 376], [1751, 376], [1752, 376], [1753, 376], [1754, 376], [1755, 376], [1756, 376], [1757, 376], [1758, 376], [1759, 376], [1762, 376], [1763, 376], [1764, 376], [1765, 376], [1766, 376], [1286, 377], [1287, 377], [1288, 377], [1290, 377], [1291, 377], [1292, 377], [1749, 377], [1750, 377], [1751, 377], [1752, 377], [1753, 377], [1755, 377], [1756, 377], [1757, 377], [1758, 377], [1759, 377], [1760, 377], [1761, 377], [1762, 377], [1763, 377], [1765, 377], [1766, 377], [1767, 377], [1768, 377], [1769, 377], [1287, 378], [1288, 378], [1289, 378], [1291, 378], [1292, 378], [1293, 378], [1751, 378], [1752, 378], [1753, 378], [1754, 378], [1755, 378], [1757, 378], [1758, 378], [1759, 378], [1760, 378], [1761, 378], [1762, 378], [1763, 378], [1764, 378], [1765, 378], [1766, 378], [1767, 378], [1768, 378], [1769, 378], [1770, 378], [1771, 378], [1276, 379], [1277, 379], [1288, 379], [1289, 379], [1290, 379], [1291, 379], [1292, 379], [1293, 379], [1294, 379], [1754, 379], [1755, 379], [1756, 379], [1757, 379], [1758, 379], [1759, 379], [1760, 379], [1761, 379], [1762, 379], [1763, 379], [1764, 379], [1765, 379], [1766, 379], [1767, 379], [1768, 379], [1770, 379], [1771, 379], [1772, 379], [1773, 379], [1274, 380], [1275, 380], [1276, 380], [1277, 380], [1278, 380], [1289, 380], [1290, 380], [1291, 380], [1292, 380], [1293, 380], [1294, 380], [1295, 380], [1756, 380], [1757, 380], [1758, 380], [1759, 380], [1760, 380], [1762, 380], [1763, 380], [1764, 380], [1765, 380], [1766, 380], [1768, 380], [1769, 380], [1770, 380], [1771, 380], [1772, 380], [1773, 380], [1774, 380], [1775, 380], [1274, 381], [1275, 381], [1276, 381], [1277, 381], [1278, 381], [1291, 381], [1292, 381], [1294, 381], [1295, 381], [1296, 381], [1759, 381], [1760, 381], [1761, 381], [1762, 381], [1763, 381], [1765, 381], [1766, 381], [1767, 381], [1768, 381], [1769, 381], [1770, 381], [1771, 381], [1772, 381], [1773, 381], [1774, 381], [1775, 381], [1776, 381], [1777, 381], [1778, 381], [1779, 381], [1275, 382], [1276, 382], [1278, 382], [1279, 382], [1291, 382], [1292, 382], [1293, 382], [1295, 382], [1296, 382], [1761, 382], [1762, 382], [1763, 382], [1764, 382], [1765, 382], [1766, 382], [1768, 382], [1769, 382], [1770, 382], [1771, 382], [1773, 382], [1774, 382], [1776, 382], [1777, 382], [1778, 382], [1779, 382], [1780, 382], [1781, 382], [1276, 383], [1277, 383], [1278, 383], [1279, 383], [1280, 383], [1292, 383], [1293, 383], [1294, 383], [1295, 383], [1296, 383], [1297, 383], [1764, 383], [1765, 383], [1766, 383], [1767, 383], [1768, 383], [1769, 383], [1771, 383], [1772, 383], [1773, 383], [1775, 383], [1776, 383], [1777, 383], [1778, 383], [1779, 383], [1780, 383], [1781, 383], [1782, 383], [1783, 383], [1276, 384], [1277, 384], [1278, 384], [1279, 384], [1280, 384], [1281, 384], [1293, 384], [1294, 384], [1295, 384], [1296, 384], [1297, 384], [1298, 384], [1767, 384], [1768, 384], [1769, 384], [1770, 384], [1771, 384], [1773, 384], [1774, 384], [1775, 384], [1776, 384], [1777, 384], [1778, 384], [1779, 384], [1780, 384], [1781, 384], [1782, 384], [1783, 384], [1784, 384], [1785, 384], [1786, 384], [1277, 385], [1278, 385], [1279, 385], [1280, 385], [1281, 385], [1282, 385], [1294, 385], [1295, 385], [1296, 385], [1297, 385], [1298, 385], [1299, 385], [1770, 385], [1771, 385], [1772, 385], [1773, 385], [1774, 385], [1776, 385], [1777, 385], [1778, 385], [1779, 385], [1780, 385], [1781, 385], [1782, 385], [1783, 385], [1784, 385], [1785, 385], [1786, 385], [1787, 385], [1788, 385], [1789, 385], [1278, 386], [1279, 386], [1280, 386], [1281, 386], [1282, 386], [1283, 386], [1295, 386], [1296, 386], [1297, 386], [1298, 386], [1299, 386], [1300, 386], [1772, 386], [1773, 386], [1774, 386], [1775, 386], [1776, 386], [1777, 386], [1778, 386], [1779, 386], [1780, 386], [1781, 386], [1785, 386], [1786, 386], [1787, 386], [1788, 386], [1789, 386], [1790, 386], [1791, 386], [1279, 387], [1280, 387], [1281, 387], [1282, 387], [1283, 387], [1284, 387], [1296, 387], [1297, 387], [1298, 387], [1299, 387], [1300, 387], [1301, 387], [1775, 387], [1776, 387], [1777, 387], [1778, 387], [1780, 387], [1781, 387], [1788, 387], [1789, 387], [1790, 387], [1791, 387], [1792, 387], [1793, 387], [1794, 387], [1280, 388], [1281, 388], [1282, 388], [1283, 388], [1284, 388], [1297, 388], [1298, 388], [1299, 388], [1300, 388], [1301, 388], [1302, 388], [1777, 388], [1778, 388], [1779, 388], [1780, 388], [1781, 388], [1782, 388], [1783, 388], [1790, 388], [1791, 388], [1792, 388], [1793, 388], [1794, 388], [1795, 388], [1796, 388], [1281, 389], [1282, 389], [1283, 389], [1284, 389], [1285, 389], [1298, 389], [1299, 389], [1300, 389], [1301, 389], [1302, 389], [1303, 389], [1779, 389], [1780, 389], [1781, 389], [1782, 389], [1783, 389], [1784, 389], [1785, 389], [1786, 389], [1787, 389], [1793, 389], [1794, 389], [1795, 389], [1796, 389], [1797, 389], [1798, 389], [1799, 389], [1282, 390], [1283, 390], [1285, 390], [1286, 390], [1287, 390], [1299, 390], [1300, 390], [1301, 390], [1302, 390], [1303, 390], [1304, 390], [1782, 390], [1783, 390], [1784, 390], [1785, 390], [1786, 390], [1787, 390], [1788, 390], [1789, 390], [1795, 390], [1796, 390], [1797, 390], [1798, 390], [1799, 390], [1800, 390], [1801, 390], [1283, 391], [1284, 391], [1285, 391], [1286, 391], [1287, 391], [1300, 391], [1301, 391], [1302, 391], [1303, 391], [1304, 391], [1786, 391], [1787, 391], [1788, 391], [1789, 391], [1790, 391], [1791, 391], [1792, 391], [1798, 391], [1799, 391], [1800, 391], [1801, 391], [1802, 391], [1803, 391], [1804, 391], [1284, 392], [1285, 392], [1286, 392], [1287, 392], [1288, 392], [1301, 392], [1302, 392], [1303, 392], [1304, 392], [1305, 392], [1788, 392], [1789, 392], [1790, 392], [1791, 392], [1792, 392], [1793, 392], [1794, 392], [1800, 392], [1801, 392], [1802, 392], [1803, 392], [1804, 392], [1805, 392], [1806, 392], [1285, 393], [1286, 393], [1287, 393], [1288, 393], [1289, 393], [1302, 393], [1303, 393], [1305, 393], [1306, 393], [1791, 393], [1792, 393], [1793, 393], [1794, 393], [1795, 393], [1796, 393], [1797, 393], [1803, 393], [1804, 393], [1805, 393], [1806, 393], [1807, 393], [1808, 393], [1809, 393], [1286, 394], [1287, 394], [1288, 394], [1289, 394], [1290, 394], [1303, 394], [1304, 394], [1306, 394], [1307, 394], [1793, 394], [1794, 394], [1795, 394], [1796, 394], [1797, 394], [1798, 394], [1799, 394], [1800, 394], [1805, 394], [1806, 394], [1807, 394], [1808, 394], [1809, 394], [1810, 394], [1811, 394], [1812, 394], [1286, 395], [1287, 395], [1288, 395], [1289, 395], [1290, 395], [1291, 395], [1304, 395], [1305, 395], [1307, 395], [1308, 395], [1796, 395], [1797, 395], [1798, 395], [1799, 395], [1800, 395], [1801, 395], [1802, 395], [1808, 395], [1809, 395], [1810, 395], [1811, 395], [1812, 395], [1813, 395], [1814, 395], [1815, 395], [1287, 396], [1288, 396], [1289, 396], [1290, 396], [1291, 396], [1292, 396], [1305, 396], [1306, 396], [1308, 396], [1309, 396], [1799, 396], [1800, 396], [1801, 396], [1802, 396], [1803, 396], [1804, 396], [1805, 396], [1811, 396], [1812, 396], [1813, 396], [1814, 396], [1815, 396], [1816, 396], [1817, 396], [1288, 397], [1289, 397], [1290, 397], [1291, 397], [1292, 397], [1293, 397], [1306, 397], [1307, 397], [1309, 397], [1310, 397], [1801, 397], [1802, 397], [1803, 397], [1804, 397], [1805, 397], [1806, 397], [1807, 397], [1808, 397], [1814, 397], [1815, 397], [1816, 397], [1817, 397], [1818, 397], [1819, 397], [1820, 397], [1289, 398], [1290, 398], [1291, 398], [1292, 398], [1293, 398], [1294, 398], [1307, 398], [1308, 398], [1309, 398], [1310, 398], [1311, 398], [1804, 398], [1805, 398], [1806, 398], [1807, 398], [1808, 398], [1809, 398], [1810, 398], [1811, 398], [1816, 398], [1817, 398], [1818, 398], [1819, 398], [1820, 398], [1821, 398], [1822, 398], [1823, 398], [1290, 399], [1291, 399], [1292, 399], [1293, 399], [1294, 399], [1295, 399], [1308, 399], [1309, 399], [1310, 399], [1311, 399], [1312, 399], [1807, 399], [1808, 399], [1809, 399], [1810, 399], [1811, 399], [1812, 399], [1813, 399], [1814, 399], [1819, 399], [1820, 399], [1821, 399], [1822, 399], [1823, 399], [1824, 399], [1291, 400], [1292, 400], [1293, 400], [1294, 400], [1295, 400], [1308, 400], [1309, 400], [1310, 400], [1311, 400], [1312, 400], [1313, 400], [1810, 400], [1811, 400], [1812, 400], [1813, 400], [1814, 400], [1815, 400], [1816, 400], [1822, 400], [1823, 400], [1824, 400], [1292, 401], [1293, 401], [1294, 401], [1295, 401], [1296, 401], [1309, 401], [1310, 401], [1311, 401], [1312, 401], [1313, 401], [1314, 401], [1813, 401], [1814, 401], [1815, 401], [1816, 401], [1817, 401], [1818, 401], [1819, 401], [1824, 401], [1293, 402], [1294, 402], [1295, 402], [1296, 402], [1297, 402], [1310, 402], [1311, 402], [1312, 402], [1313, 402], [1314, 402], [1315, 402], [1815, 402], [1816, 402], [1817, 402], [1818, 402], [1819, 402], [1820, 402], [1821, 402], [1294, 403], [1295, 403], [1296, 403], [1297, 403], [1298, 403], [1311, 403], [1312, 403], [1313, 403], [1314, 403], [1315, 403], [1316, 403], [1818, 403], [1819, 403], [1820, 403], [1821, 403], [1822, 403], [1823, 403], [1824, 403], [1294, 404], [1295, 404], [1296, 404], [1297, 404], [1298, 404], [1299, 404], [1312, 404], [1313, 404], [1314, 404], [1315, 404], [1316, 404], [1317, 404], [1820, 404], [1821, 404], [1822, 404], [1823, 404], [1824, 404], [1295, 405], [1296, 405], [1297, 405], [1298, 405], [1299, 405], [1300, 405], [1313, 405], [1314, 405], [1315, 405], [1316, 405], [1317, 405], [1318, 405], [1823, 405], [1824, 405], [1296, 406], [1297, 406], [1298, 406], [1299, 406], [1300, 406], [1314, 406], [1315, 406], [1316, 406], [1317, 406], [1318, 406], [1319, 406], [1297, 407], [1298, 407], [1299, 407], [1300, 407], [1301, 407], [1315, 407], [1316, 407], [1317, 407], [1318, 407], [1319, 407], [1320, 407], [1298, 408], [1299, 408], [1301, 408], [1302, 408], [1316, 408], [1317, 408], [1318, 408], [1319, 408], [1320, 408], [1321, 408], [1299, 409], [1300, 409], [1302, 409], [1303, 409], [1317, 409], [1318, 409], [1319, 409], [1320, 409], [1321, 409], [1322, 409], [1300, 410], [1301, 410], [1303, 410], [1304, 410], [1318, 410], [1319, 410], [1320, 410], [1321, 410], [1322, 410], [1301, 411], [1302, 411], [1304, 411], [1305, 411], [1319, 411], [1320, 411], [1321, 411], [1322, 411], [1323, 411], [1302, 412], [1303, 412], [1304, 412], [1305, 412], [1306, 412], [1319, 412], [1320, 412], [1321, 412], [1322, 412], [1323, 412], [1324, 412], [1303, 413], [1304, 413], [1305, 413], [1306, 413], [1307, 413], [1320, 413], [1321, 413], [1322, 413], [1323, 413], [1324, 413], [1325, 413], [1303, 414], [1304, 414], [1305, 414], [1306, 414], [1307, 414], [1308, 414], [1321, 414], [1322, 414], [1323, 414], [1324, 414], [1325, 414], [1326, 414], [1304, 415], [1305, 415], [1306, 415], [1307, 415], [1308, 415], [1309, 415], [1322, 415], [1323, 415], [1324, 415], [1325, 415], [1326, 415], [1327, 415], [1305, 416], [1306, 416], [1307, 416], [1308, 416], [1309, 416], [1323, 416], [1324, 416], [1325, 416], [1326, 416], [1327, 416], [1328, 416], [1306, 417], [1307, 417], [1308, 417], [1309, 417], [1310, 417], [1324, 417], [1325, 417], [1326, 417], [1327, 417], [1328, 417], [1329, 417], [1307, 418], [1308, 418], [1310, 418], [1311, 418], [1325, 418], [1326, 418], [1327, 418], [1328, 418], [1329, 418], [1330, 418], [1308, 419], [1309, 419], [1311, 419], [1312, 419], [1326, 419], [1327, 419], [1328, 419], [1329, 419], [1330, 419], [1331, 419], [1309, 420], [1310, 420], [1312, 420], [1313, 420], [1327, 420], [1328, 420], [1329, 420], [1330, 420], [1331, 420], [1310, 421], [1311, 421], [1312, 421], [1313, 421], [1314, 421], [1328, 421], [1329, 421], [1330, 421], [1331, 421], [1332, 421], [1311, 422], [1312, 422], [1313, 422], [1314, 422], [1315, 422], [1329, 422], [1330, 422], [1332, 422], [1333, 422], [1334, 422], [1311, 423], [1312, 423], [1313, 423], [1314, 423], [1315, 423], [1330, 423], [1331, 423], [1332, 423], [1333, 423], [1334, 423], [1312, 424], [1313, 424], [1314, 424], [1315, 424], [1316, 424], [1331, 424], [1332, 424], [1333, 424], [1334, 424], [1335, 424], [1313, 425], [1314, 425], [1316, 425], [1317, 425], [1332, 425], [1333, 425], [1334, 425], [1335, 425], [1336, 425], [1314, 426], [1315, 426], [1317, 426], [1318, 426], [1333, 426], [1334, 426], [1335, 426], [1336, 426], [1337, 426], [1315, 427], [1316, 427], [1318, 427], [1319, 427], [1333, 427], [1334, 427], [1335, 427], [1336, 427], [1337, 427], [1338, 427], [1316, 428], [1317, 428], [1318, 428], [1319, 428], [1320, 428], [1334, 428], [1335, 428], [1336, 428], [1337, 428], [1338, 428], [1339, 428], [1317, 429], [1318, 429], [1319, 429], [1320, 429], [1321, 429], [1335, 429], [1336, 429], [1337, 429], [1338, 429], [1339, 429], [1340, 429], [1317, 430], [1318, 430], [1319, 430], [1320, 430], [1321, 430], [1322, 430], [1336, 430], [1337, 430], [1338, 430], [1339, 430], [1340, 430], [1341, 430], [1318, 431], [1319, 431], [1320, 431], [1321, 431], [1322, 431], [1323, 431], [1337, 431], [1338, 431], [1339, 431], [1340, 431], [1341, 431], [1342, 431], [1319, 432], [1320, 432], [1321, 432], [1322, 432], [1323, 432], [1324, 432], [1338, 432], [1339, 432], [1340, 432], [1341, 432], [1342, 432], [1343, 432], [1320, 433], [1321, 433], [1322, 433], [1323, 433], [1324, 433], [1339, 433], [1340, 433], [1341, 433], [1342, 433], [1343, 433], [1344, 433], [1321, 434], [1322, 434], [1323, 434], [1324, 434], [1325, 434], [1340, 434], [1341, 434], [1342, 434], [1343, 434], [1344, 434], [1322, 435], [1323, 435], [1325, 435], [1326, 435], [1341, 435], [1342, 435], [1343, 435], [1344, 435], [1345, 435], [1323, 436], [1324, 436], [1326, 436], [1327, 436], [1341, 436], [1342, 436], [1343, 436], [1344, 436], [1345, 436], [1346, 436], [1324, 437], [1325, 437], [1326, 437], [1327, 437], [1328, 437], [1342, 437], [1343, 437], [1344, 437], [1345, 437], [1346, 437], [1347, 437], [1325, 438], [1326, 438], [1327, 438], [1328, 438], [1343, 438], [1344, 438], [1345, 438], [1346, 438], [1347, 438], [1348, 438], [1325, 439], [1326, 439], [1327, 439], [1328, 439], [1329, 439], [1344, 439], [1345, 439], [1346, 439], [1347, 439], [1348, 439], [1349, 439], [1326, 440], [1327, 440], [1329, 440], [1330, 440], [1345, 440], [1346, 440], [1347, 440], [1348, 440], [1349, 440], [1350, 440], [1327, 441], [1328, 441], [1330, 441], [1331, 441], [1346, 441], [1347, 441], [1348, 441], [1349, 441], [1350, 441], [1351, 441], [1328, 442], [1329, 442], [1331, 442], [1332, 442], [1347, 442], [1348, 442], [1349, 442], [1350, 442], [1351, 442], [1352, 442], [1329, 443], [1330, 443], [1331, 443], [1332, 443], [1333, 443], [1348, 443], [1349, 443], [1350, 443], [1351, 443], [1352, 443], [1353, 443], [1330, 444], [1331, 444], [1332, 444], [1333, 444], [1334, 444], [1349, 444], [1350, 444], [1351, 444], [1352, 444], [1353, 444], [1354, 444], [1330, 445], [1331, 445], [1332, 445], [1333, 445], [1334, 445], [1350, 445], [1351, 445], [1352, 445], [1353, 445], [1354, 445], [1355, 445], [1331, 446], [1332, 446], [1333, 446], [1334, 446], [1335, 446], [1351, 446], [1352, 446], [1353, 446], [1354, 446], [1355, 446], [1332, 447], [1333, 447], [1335, 447], [1336, 447], [1352, 447], [1353, 447], [1354, 447], [1355, 447], [1356, 447], [1333, 448], [1334, 448], [1336, 448], [1337, 448], [1353, 448], [1354, 448], [1355, 448], [1356, 448], [1357, 448], [1334, 449], [1335, 449], [1337, 449], [1338, 449], [1354, 449], [1355, 449], [1356, 449], [1357, 449], [1358, 449], [1335, 450], [1336, 450], [1338, 450], [1339, 450], [1354, 450], [1355, 450], [1356, 450], [1358, 450], [1359, 450], [1336, 451], [1337, 451], [1338, 451], [1339, 451], [1340, 451], [1356, 451], [1357, 451], [1358, 451], [1359, 451], [1360, 451], [1337, 452], [1338, 452], [1339, 452], [1340, 452], [1341, 452], [1357, 452], [1358, 452], [1359, 452], [1360, 452], [1361, 452], [1337, 453], [1338, 453], [1339, 453], [1340, 453], [1341, 453], [1342, 453], [1357, 453], [1358, 453], [1359, 453], [1360, 453], [1361, 453], [1362, 453], [1338, 454], [1339, 454], [1340, 454], [1341, 454], [1342, 454], [1358, 454], [1359, 454], [1360, 454], [1361, 454], [1362, 454], [1363, 454], [1339, 455], [1340, 455], [1341, 455], [1342, 455], [1343, 455], [1359, 455], [1360, 455], [1361, 455], [1362, 455], [1363, 455], [1364, 455], [1340, 456], [1341, 456], [1343, 456], [1344, 456], [1345, 456], [1360, 456], [1361, 456], [1362, 456], [1363, 456], [1364, 456], [1341, 457], [1342, 457], [1343, 457], [1344, 457], [1345, 457], [1361, 457], [1362, 457], [1364, 457], [1365, 457], [1342, 458], [1343, 458], [1344, 458], [1345, 458], [1346, 458], [1362, 458], [1363, 458], [1364, 458], [1365, 458], [1366, 458], [1343, 459], [1344, 459], [1345, 459], [1346, 459], [1347, 459], [1362, 459], [1363, 459], [1364, 459], [1365, 459], [1366, 459], [1367, 459], [1344, 460], [1345, 460], [1346, 460], [1347, 460], [1348, 460], [1363, 460], [1364, 460], [1365, 460], [1366, 460], [1367, 460], [1368, 460], [1344, 461], [1345, 461], [1346, 461], [1347, 461], [1348, 461], [1349, 461], [1364, 461], [1365, 461], [1366, 461], [1367, 461], [1368, 461], [1369, 461], [1345, 462], [1346, 462], [1347, 462], [1348, 462], [1349, 462], [1365, 462], [1366, 462], [1367, 462], [1368, 462], [1369, 462], [1370, 462], [1346, 463], [1347, 463], [1348, 463], [1349, 463], [1350, 463], [1366, 463], [1367, 463], [1368, 463], [1369, 463], [1370, 463], [1371, 463], [1347, 464], [1348, 464], [1350, 464], [1351, 464], [1367, 464], [1368, 464], [1369, 464], [1370, 464], [1371, 464], [1372, 464], [1348, 465], [1349, 465], [1351, 465], [1352, 465], [1368, 465], [1369, 465], [1370, 465], [1371, 465], [1372, 465], [1373, 465], [1349, 466], [1350, 466], [1351, 466], [1352, 466], [1353, 466], [1369, 466], [1370, 466], [1371, 466], [1372, 466], [1373, 466], [1374, 466], [1350, 467], [1351, 467], [1352, 467], [1353, 467], [1370, 467], [1371, 467], [1372, 467], [1373, 467], [1374, 467], [1375, 467], [1350, 468], [1351, 468], [1352, 468], [1353, 468], [1354, 468], [1371, 468], [1372, 468], [1373, 468], [1374, 468], [1375, 468], [1351, 469], [1352, 469], [1354, 469], [1355, 469], [1372, 469], [1373, 469], [1374, 469], [1375, 469], [1376, 469], [1352, 470], [1353, 470], [1355, 470], [1356, 470], [1373, 470], [1374, 470], [1376, 470], [1377, 470], [1353, 471], [1354, 471], [1356, 471], [1357, 471], [1374, 471], [1375, 471], [1376, 471], [1377, 471], [1378, 471], [1354, 472], [1355, 472], [1357, 472], [1358, 472], [1359, 472], [1360, 472], [1361, 472], [1362, 472], [1363, 472], [1364, 472], [1365, 472], [1366, 472], [1367, 472], [1368, 472], [1369, 472], [1370, 472], [1371, 472], [1375, 472], [1376, 472], [1377, 472], [1378, 472], [1355, 473], [1356, 473], [1357, 473], [1359, 473], [1360, 473], [1361, 473], [1362, 473], [1363, 473], [1364, 473], [1365, 473], [1366, 473], [1367, 473], [1368, 473], [1369, 473], [1370, 473], [1371, 473], [1372, 473], [1373, 473], [1374, 473], [1375, 473], [1376, 473], [1377, 473], [1378, 473], [1356, 474], [1357, 474], [1358, 474], [1359, 474], [1360, 474], [1361, 474], [1362, 474], [1363, 474], [1364, 474], [1365, 474], [1366, 474], [1367, 474], [1368, 474], [1369, 474], [1370, 474], [1371, 474], [1376, 474], [1377, 474], [1378, 474], [1359, 475], [1360, 475], [1361, 475], [1362, 475], [1363, 475], [1364, 475], [1365, 475], [1366, 475], [1367, 475], [1368, 475], [1369, 475], [1370, 475], [1371, 475], [1372, 475], [1373, 475], [1374, 475], [1375, 475], [1376, 475], [1377, 475], [1378, 475], [1492, 627], [1493, 627], [1494, 627], [1495, 627], [1496, 627], [1497, 627], [1498, 627], [1499, 627], [1500, 627], [1501, 627], [1502, 627], [1503, 627], [1504, 627], [1505, 627], [1506, 627], [1507, 627], [1508, 627], [1509, 627], [1510, 627], [1511, 627], [1512, 627], [1513, 627], [1514, 627], [1492, 628], [1493, 628], [1494, 628], [1495, 628], [1496, 628], [1497, 628], [1498, 628], [1499, 628], [1500, 628], [1501, 628], [1502, 628], [1503, 628], [1504, 628], [1505, 628], [1506, 628], [1507, 628], [1508, 628], [1509, 628], [1510, 628], [1511, 628], [1512, 628], [1513, 628], [1514, 628], [1515, 628], [1516, 628], [1517, 628], [1492, 629], [1493, 629], [1513, 629], [1514, 629], [1515, 629], [1516, 629], [1517, 629], [1518, 629], [1492, 630], [1493, 630], [1516, 630], [1517, 630], [1518, 630], [1519, 630], [1492, 631], [1493, 631], [1494, 631], [1497, 631], [1498, 631], [1499, 631], [1500, 631], [1501, 631], [1517, 631], [1518, 631], [1519, 631], [1520, 631], [1492, 632], [1493, 632], [1494, 632], [1497, 632], [1498, 632], [1499, 632], [1500, 632], [1501, 632], [1502, 632], [1503, 632], [1518, 632], [1519, 632], [1520, 632], [1521, 632], [1493, 633], [1494, 633], [1495, 633], [1497, 633], [1498, 633], [1500, 633], [1501, 633], [1502, 633], [1503, 633], [1504, 633], [1505, 633], [1519, 633], [1520, 633], [1521, 633], [1493, 634], [1494, 634], [1495, 634], [1496, 634], [1497, 634], [1498, 634], [1501, 634], [1502, 634], [1503, 634], [1504, 634], [1505, 634], [1520, 634], [1521, 634], [1522, 634], [1494, 635], [1495, 635], [1496, 635], [1497, 635], [1498, 635], [1499, 635], [1500, 635], [1501, 635], [1502, 635], [1503, 635], [1504, 635], [1505, 635], [1520, 635], [1521, 635], [1522, 635], [1495, 636], [1496, 636], [1497, 636], [1499, 636], [1500, 636], [1501, 636], [1502, 636], [1503, 636], [1504, 636], [1505, 636], [1521, 636], [1522, 636], [1496, 637], [1497, 637], [1498, 637], [1499, 637], [1500, 637], [1501, 637], [1521, 637], [1522, 637], [1498, 638], [1499, 638], [1500, 638], [1501, 638], [1502, 638], [1503, 638], [1521, 638], [1522, 638], [1500, 639], [1501, 639], [1502, 639], [1503, 639], [1504, 639], [1505, 639], [1506, 639], [1507, 639], [1508, 639], [1509, 639], [1510, 639], [1511, 639], [1512, 639], [1513, 639], [1514, 639], [1515, 639], [1516, 639], [1517, 639], [1518, 639], [1519, 639], [1520, 639], [1521, 639], [1522, 639], [1502, 640], [1503, 640], [1504, 640], [1505, 640], [1506, 640], [1507, 640], [1508, 640], [1509, 640], [1510, 640], [1511, 640], [1512, 640], [1513, 640], [1514, 640], [1515, 640], [1516, 640], [1517, 640], [1518, 640], [1519, 640], [1520, 640], [1521, 640], [1522, 640], [1518, 641], [1519, 641], [1520, 641], [1808, 973], [1809, 973], [1810, 973], [1811, 973], [1812, 973], [1813, 973], [1814, 973], [1815, 973], [1816, 973], [1807, 974], [1808, 974], [1809, 974], [1810, 974], [1811, 974], [1812, 974], [1813, 974], [1814, 974], [1815, 974], [1816, 974], [1817, 974], [1818, 974], [1819, 974], [1820, 974], [1821, 974], [1807, 975], [1808, 975], [1809, 975], [1815, 975], [1816, 975], [1817, 975], [1818, 975], [1819, 975], [1820, 975], [1821, 975], [1822, 975], [1823, 975], [1807, 976], [1808, 976], [1820, 976], [1821, 976], [1822, 976], [1823, 976], [1824, 976], [1807, 977], [1808, 977], [1809, 977], [1822, 977], [1823, 977], [1824, 977], [1807, 978], [1808, 978], [1809, 978], [1808, 979], [1809, 979], [1810, 979], [1808, 980], [1809, 980], [1810, 980], [1811, 980], [1809, 981], [1810, 981], [1811, 981], [1812, 981], [1810, 982], [1811, 982], [1812, 982], [1811, 983], [1812, 983], [1813, 983], [1811, 984], [1812, 984], [1813, 984], [1814, 984], [1812, 985], [1813, 985], [1814, 985], [1815, 985], [1813, 986], [1814, 986], [1815, 986], [1816, 986], [1814, 987], [1815, 987], [1816, 987], [1817, 987], [1815, 988], [1816, 988], [1817, 988], [1818, 988], [1816, 989], [1817, 989], [1818, 989], [1819, 989], [1820, 989], [1817, 990], [1818, 990], [1819, 990], [1820, 990], [1819, 991], [1820, 991], [1821, 991], [1819, 992], [1820, 992], [1821, 992], [1822, 992], [1823, 992], [1820, 993], [1821, 993], [1822, 993], [1823, 993], [1824, 993], [1822, 994], [1823, 994], [1824, 994], [1823, 995], [1824, 995], [1824, 996]


