White line left - 




Yellow line left - [558, 870], [559, 870], [560, 870], [558, 871], [560, 871], [558, 872], [559, 872], [560, 872], [552, 877], [553, 877], [554, 877], [555, 877], [556, 877], [552, 878], [553, 878], [554, 878], [555, 878], [556, 878], [557, 878], [551, 879], [552, 879], [553, 879], [555, 879], [556, 879], [557, 879], [558, 879], [551, 880], [552, 880], [553, 880], [556, 880], [557, 880], [558, 880], [551, 881], [552, 881], [557, 881], [558, 881], [559, 881], [551, 882], [552, 882], [553, 882], [557, 882], [558, 882], [559, 882], [551, 883], [552, 883], [553, 883], [556, 883], [557, 883], [558, 883], [559, 883], [552, 884], [553, 884], [555, 884], [556, 884], [557, 884], [558, 884], [552, 885], [553, 885], [554, 885], [555, 885], [556, 885], [557, 885], [552, 886], [553, 886], [554, 886], [555, 886], [556, 886]




Yellow line right - [1002, 816], [1003, 816], [1004, 816], [1005, 816], [1006, 816], [1002, 817], [1003, 817], [1004, 817], [1005, 817], [1006, 817], [1002, 818], [1003, 818], [1005, 818], [1006, 818], [1002, 819], [1003, 819], [1005, 819], [1006, 819], [1002, 820], [1003, 820], [1005, 820], [1006, 820], [1002, 821], [1003, 821], [1004, 821], [1005, 821], [1006, 821], [1002, 822], [1003, 822], [1004, 822], [1005, 822], [1006, 822], [1003, 823], [1004, 823], [1005, 823], [1006, 823], [1003, 824], [1004, 824], [1005, 824], [1006, 824], [1004, 825], [1005, 825], [1006, 825], [1007, 830], [1008, 830], [1009, 830], [1005, 831], [1006, 831], [1007, 831], [1008, 831], [1009, 831], [1005, 832], [1006, 832], [1007, 832], [1008, 832], [1009, 832], [1005, 833], [1006, 833], [1007, 833], [1008, 833], [1005, 834], [1006, 834], [1007, 834], [1008, 834], [1006, 835], [1007, 835], [1008, 835]




White line right - [1436, 284], [1437, 284], [1438, 284], [1439, 284], [1435, 285], [1436, 285], [1437, 285], [1438, 285], [1439, 285], [1440, 285], [1441, 285], [1442, 285], [1438, 286], [1439, 286], [1440, 286], [1441, 286], [1442, 286], [1443, 286], [1444, 286], [1431, 287], [1432, 287], [1433, 287], [1434, 287], [1438, 287], [1439, 287], [1440, 287], [1441, 287], [1442, 287], [1443, 287], [1444, 287], [1445, 287], [1446, 287], [1447, 287], [1431, 288], [1432, 288], [1433, 288], [1434, 288], [1435, 288], [1436, 288], [1437, 288], [1438, 288], [1440, 288], [1443, 288], [1444, 288], [1445, 288], [1446, 288], [1447, 288], [1448, 288], [1449, 288], [1433, 289], [1434, 289], [1435, 289], [1436, 289], [1437, 289], [1438, 289], [1439, 289], [1440, 289], [1446, 289], [1447, 289], [1448, 289], [1449, 289], [1450, 289], [1451, 289], [1452, 289], [1436, 290], [1437, 290], [1438, 290], [1439, 290], [1440, 290], [1441, 290], [1442, 290], [1448, 290], [1449, 290], [1450, 290], [1451, 290], [1452, 290], [1453, 290], [1454, 290], [1455, 290], [1439, 291], [1440, 291], [1441, 291], [1442, 291], [1443, 291], [1444, 291], [1445, 291], [1451, 291], [1452, 291], [1453, 291], [1454, 291], [1455, 291], [1456, 291], [1457, 291], [1441, 292], [1442, 292], [1443, 292], [1444, 292], [1445, 292], [1446, 292], [1447, 292], [1448, 292], [1454, 292], [1455, 292], [1456, 292], [1457, 292], [1458, 292], [1459, 292], [1460, 292], [1444, 293], [1445, 293], [1446, 293], [1447, 293], [1448, 293], [1449, 293], [1450, 293], [1456, 293], [1457, 293], [1458, 293], [1459, 293], [1460, 293], [1461, 293], [1462, 293], [1447, 294], [1448, 294], [1449, 294], [1450, 294], [1451, 294], [1452, 294], [1453, 294], [1459, 294], [1460, 294], [1461, 294], [1462, 294], [1463, 294], [1464, 294], [1465, 294], [1449, 295], [1450, 295], [1451, 295], [1452, 295], [1453, 295], [1454, 295], [1455, 295], [1461, 295], [1462, 295], [1463, 295], [1464, 295], [1465, 295], [1466, 295], [1467, 295], [1468, 295], [1452, 296], [1453, 296], [1454, 296], [1455, 296], [1456, 296], [1457, 296], [1458, 296], [1464, 296], [1465, 296], [1466, 296], [1467, 296], [1468, 296], [1469, 296], [1470, 296], [1454, 297], [1455, 297], [1456, 297], [1457, 297], [1458, 297], [1459, 297], [1460, 297], [1461, 297], [1467, 297], [1468, 297], [1469, 297], [1470, 297], [1471, 297], [1472, 297], [1473, 297], [1457, 298], [1458, 298], [1459, 298], [1460, 298], [1461, 298], [1462, 298], [1463, 298], [1464, 298], [1469, 298], [1470, 298], [1471, 298], [1472, 298], [1473, 298], [1474, 298], [1475, 298], [1476, 298], [1460, 299], [1461, 299], [1462, 299], [1463, 299], [1464, 299], [1465, 299], [1466, 299], [1472, 299], [1473, 299], [1474, 299], [1475, 299], [1476, 299], [1477, 299], [1478, 299], [1463, 300], [1464, 300], [1465, 300], [1466, 300], [1467, 300], [1468, 300], [1469, 300], [1475, 300], [1476, 300], [1477, 300], [1478, 300], [1479, 300], [1480, 300], [1481, 300], [1465, 301], [1466, 301], [1467, 301], [1468, 301], [1469, 301], [1470, 301], [1471, 301], [1477, 301], [1478, 301], [1479, 301], [1480, 301], [1481, 301], [1482, 301], [1483, 301], [1484, 301], [1468, 302], [1469, 302], [1470, 302], [1471, 302], [1472, 302], [1473, 302], [1474, 302], [1480, 302], [1481, 302], [1482, 302], [1483, 302], [1484, 302], [1485, 302], [1486, 302], [1487, 302], [1470, 303], [1471, 303], [1472, 303], [1473, 303], [1474, 303], [1475, 303], [1476, 303], [1477, 303], [1483, 303], [1484, 303], [1485, 303], [1486, 303], [1487, 303], [1488, 303], [1489, 303], [1490, 303], [1473, 304], [1474, 304], [1475, 304], [1476, 304], [1477, 304], [1478, 304], [1479, 304], [1486, 304], [1487, 304], [1488, 304], [1489, 304], [1490, 304], [1491, 304], [1492, 304], [1476, 305], [1477, 305], [1478, 305], [1479, 305], [1480, 305], [1481, 305], [1482, 305], [1489, 305], [1490, 305], [1491, 305], [1492, 305], [1493, 305], [1494, 305], [1495, 305], [1478, 306], [1479, 306], [1480, 306], [1481, 306], [1482, 306], [1483, 306], [1484, 306], [1491, 306], [1492, 306], [1493, 306], [1494, 306], [1495, 306], [1496, 306], [1497, 306], [1481, 307], [1482, 307], [1483, 307], [1484, 307], [1485, 307], [1486, 307], [1487, 307], [1494, 307], [1495, 307], [1496, 307], [1497, 307], [1498, 307], [1499, 307], [1500, 307], [1483, 308], [1484, 308], [1485, 308], [1486, 308], [1487, 308], [1488, 308], [1489, 308], [1496, 308], [1497, 308], [1498, 308], [1499, 308], [1500, 308], [1501, 308], [1502, 308], [1486, 309], [1487, 309], [1488, 309], [1489, 309], [1490, 309], [1491, 309], [1492, 309], [1499, 309], [1500, 309], [1501, 309], [1502, 309], [1503, 309], [1504, 309], [1505, 309], [1488, 310], [1489, 310], [1490, 310], [1491, 310], [1492, 310], [1493, 310], [1494, 310], [1495, 310], [1501, 310], [1502, 310], [1503, 310], [1504, 310], [1505, 310], [1506, 310], [1507, 310], [1508, 310], [1491, 311], [1492, 311], [1493, 311], [1494, 311], [1495, 311], [1496, 311], [1497, 311], [1504, 311], [1505, 311], [1506, 311], [1507, 311], [1508, 311], [1509, 311], [1510, 311], [1511, 311], [1494, 312], [1495, 312], [1496, 312], [1497, 312], [1498, 312], [1499, 312], [1500, 312], [1507, 312], [1508, 312], [1509, 312], [1510, 312], [1511, 312], [1512, 312], [1513, 312], [1496, 313], [1497, 313], [1498, 313], [1499, 313], [1500, 313], [1501, 313], [1502, 313], [1503, 313], [1510, 313], [1511, 313], [1512, 313], [1513, 313], [1514, 313], [1515, 313], [1516, 313], [1499, 314], [1500, 314], [1501, 314], [1502, 314], [1503, 314], [1504, 314], [1505, 314], [1506, 314], [1512, 314], [1513, 314], [1514, 314], [1515, 314], [1516, 314], [1517, 314], [1518, 314], [1519, 314], [1502, 315], [1503, 315], [1504, 315], [1505, 315], [1506, 315], [1507, 315], [1508, 315], [1515, 315], [1516, 315], [1517, 315], [1518, 315], [1519, 315], [1520, 315], [1521, 315], [1505, 316], [1506, 316], [1507, 316], [1508, 316], [1509, 316], [1510, 316], [1511, 316], [1518, 316], [1519, 316], [1520, 316], [1521, 316], [1522, 316], [1523, 316], [1524, 316], [1507, 317], [1508, 317], [1509, 317], [1510, 317], [1511, 317], [1512, 317], [1513, 317], [1520, 317], [1521, 317], [1522, 317], [1523, 317], [1524, 317], [1525, 317], [1526, 317], [1527, 317], [1510, 318], [1511, 318], [1512, 318], [1513, 318], [1514, 318], [1515, 318], [1516, 318], [1523, 318], [1524, 318], [1525, 318], [1526, 318], [1527, 318], [1528, 318], [1529, 318], [1512, 319], [1513, 319], [1514, 319], [1515, 319], [1516, 319], [1517, 319], [1518, 319], [1519, 319], [1526, 319], [1527, 319], [1528, 319], [1529, 319], [1530, 319], [1531, 319], [1532, 319], [1515, 320], [1516, 320], [1517, 320], [1518, 320], [1519, 320], [1520, 320], [1521, 320], [1525, 320], [1526, 320], [1527, 320], [1528, 320], [1529, 320], [1530, 320], [1531, 320], [1532, 320], [1533, 320], [1534, 320], [1518, 321], [1519, 321], [1520, 321], [1521, 321], [1522, 321], [1523, 321], [1524, 321], [1525, 321], [1527, 321], [1531, 321], [1532, 321], [1533, 321], [1534, 321], [1535, 321], [1536, 321], [1537, 321], [1520, 322], [1521, 322], [1522, 322], [1523, 322], [1524, 322], [1525, 322], [1526, 322], [1527, 322], [1533, 322], [1534, 322], [1535, 322], [1536, 322], [1537, 322], [1538, 322], [1539, 322], [1540, 322], [1523, 323], [1524, 323], [1525, 323], [1526, 323], [1527, 323], [1528, 323], [1529, 323], [1536, 323], [1537, 323], [1538, 323], [1539, 323], [1540, 323], [1541, 323], [1542, 323], [1543, 323], [1525, 324], [1526, 324], [1527, 324], [1528, 324], [1529, 324], [1530, 324], [1531, 324], [1532, 324], [1539, 324], [1540, 324], [1541, 324], [1542, 324], [1543, 324], [1544, 324], [1545, 324], [1546, 324], [1528, 325], [1529, 325], [1530, 325], [1531, 325], [1532, 325], [1533, 325], [1534, 325], [1542, 325], [1543, 325], [1544, 325], [1545, 325], [1546, 325], [1547, 325], [1548, 325], [1549, 325], [1531, 326], [1532, 326], [1533, 326], [1534, 326], [1535, 326], [1536, 326], [1537, 326], [1545, 326], [1546, 326], [1547, 326], [1548, 326], [1549, 326], [1550, 326], [1551, 326], [1533, 327], [1534, 327], [1535, 327], [1536, 327], [1537, 327], [1538, 327], [1539, 327], [1540, 327], [1545, 327], [1546, 327], [1547, 327], [1549, 327], [1550, 327], [1551, 327], [1552, 327], [1553, 327], [1554, 327], [1536, 328], [1537, 328], [1538, 328], [1539, 328], [1540, 328], [1541, 328], [1542, 328], [1545, 328], [1546, 328], [1547, 328], [1548, 328], [1549, 328], [1550, 328], [1551, 328], [1552, 328], [1553, 328], [1554, 328], [1555, 328], [1556, 328], [1539, 329], [1540, 329], [1541, 329], [1542, 329], [1543, 329], [1544, 329], [1546, 329], [1547, 329], [1549, 329], [1550, 329], [1551, 329], [1552, 329], [1554, 329], [1555, 329], [1556, 329], [1557, 329], [1558, 329], [1559, 329], [1541, 330], [1542, 330], [1543, 330], [1544, 330], [1545, 330], [1546, 330], [1548, 330], [1549, 330], [1550, 330], [1551, 330], [1552, 330], [1553, 330], [1555, 330], [1556, 330], [1557, 330], [1558, 330], [1559, 330], [1560, 330], [1561, 330], [1562, 330], [1544, 331], [1545, 331], [1546, 331], [1547, 331], [1548, 331], [1550, 331], [1551, 331], [1552, 331], [1553, 331], [1558, 331], [1559, 331], [1560, 331], [1561, 331], [1562, 331], [1563, 331], [1564, 331], [1547, 332], [1548, 332], [1549, 332], [1550, 332], [1551, 332], [1552, 332], [1553, 332], [1558, 332], [1559, 332], [1560, 332], [1562, 332], [1563, 332], [1564, 332], [1565, 332], [1566, 332], [1567, 332], [1549, 333], [1550, 333], [1551, 333], [1552, 333], [1553, 333], [1554, 333], [1555, 333], [1556, 333], [1558, 333], [1559, 333], [1560, 333], [1561, 333], [1562, 333], [1564, 333], [1565, 333], [1566, 333], [1567, 333], [1568, 333], [1569, 333], [1570, 333], [1552, 334], [1553, 334], [1554, 334], [1555, 334], [1556, 334], [1557, 334], [1559, 334], [1560, 334], [1561, 334], [1563, 334], [1566, 334], [1567, 334], [1568, 334], [1569, 334], [1570, 334], [1571, 334], [1572, 334], [1555, 335], [1556, 335], [1557, 335], [1558, 335], [1559, 335], [1560, 335], [1562, 335], [1563, 335], [1569, 335], [1570, 335], [1571, 335], [1572, 335], [1573, 335], [1574, 335], [1575, 335], [1557, 336], [1558, 336], [1559, 336], [1560, 336], [1561, 336], [1562, 336], [1563, 336], [1564, 336], [1571, 336], [1572, 336], [1573, 336], [1574, 336], [1575, 336], [1576, 336], [1577, 336], [1578, 336], [1560, 337], [1561, 337], [1562, 337], [1563, 337], [1564, 337], [1565, 337], [1566, 337], [1574, 337], [1575, 337], [1576, 337], [1577, 337], [1578, 337], [1579, 337], [1580, 337], [1581, 337], [1563, 338], [1564, 338], [1565, 338], [1566, 338], [1567, 338], [1568, 338], [1569, 338], [1577, 338], [1578, 338], [1579, 338], [1580, 338], [1581, 338], [1582, 338], [1583, 338], [1584, 338], [1565, 339], [1566, 339], [1567, 339], [1568, 339], [1569, 339], [1570, 339], [1571, 339], [1572, 339], [1580, 339], [1581, 339], [1582, 339], [1583, 339], [1584, 339], [1585, 339], [1586, 339], [1587, 339], [1568, 340], [1569, 340], [1570, 340], [1571, 340], [1572, 340], [1573, 340], [1574, 340], [1575, 340], [1583, 340], [1584, 340], [1585, 340], [1586, 340], [1587, 340], [1588, 340], [1589, 340], [1571, 341], [1572, 341], [1573, 341], [1574, 341], [1575, 341], [1576, 341], [1577, 341], [1586, 341], [1587, 341], [1588, 341], [1589, 341], [1590, 341], [1591, 341], [1592, 341], [1574, 342], [1575, 342], [1576, 342], [1577, 342], [1578, 342], [1579, 342], [1580, 342], [1586, 342], [1587, 342], [1589, 342], [1590, 342], [1591, 342], [1592, 342], [1593, 342], [1594, 342], [1595, 342], [1576, 343], [1577, 343], [1578, 343], [1579, 343], [1580, 343], [1581, 343], [1582, 343], [1586, 343], [1588, 343], [1591, 343], [1592, 343], [1593, 343], [1594, 343], [1595, 343], [1596, 343], [1597, 343], [1579, 344], [1580, 344], [1581, 344], [1582, 344], [1583, 344], [1584, 344], [1585, 344], [1586, 344], [1587, 344], [1588, 344], [1594, 344], [1595, 344], [1596, 344], [1597, 344], [1598, 344], [1599, 344], [1600, 344], [1581, 345], [1582, 345], [1583, 345], [1584, 345], [1585, 345], [1586, 345], [1587, 345], [1588, 345], [1596, 345], [1597, 345], [1598, 345], [1599, 345], [1600, 345], [1601, 345], [1602, 345], [1584, 346], [1585, 346], [1586, 346], [1587, 346], [1588, 346], [1589, 346], [1590, 346], [1591, 346], [1599, 346], [1600, 346], [1601, 346], [1602, 346], [1603, 346], [1604, 346], [1605, 346], [1606, 346], [1587, 347], [1588, 347], [1589, 347], [1590, 347], [1591, 347], [1592, 347], [1593, 347], [1601, 347], [1602, 347], [1603, 347], [1604, 347], [1605, 347], [1606, 347], [1607, 347], [1608, 347], [1590, 348], [1591, 348], [1592, 348], [1593, 348], [1594, 348], [1595, 348], [1596, 348], [1605, 348], [1606, 348], [1607, 348], [1608, 348], [1609, 348], [1610, 348], [1611, 348], [1592, 349], [1593, 349], [1594, 349], [1595, 349], [1596, 349], [1597, 349], [1598, 349], [1599, 349], [1607, 349], [1608, 349], [1609, 349], [1610, 349], [1611, 349], [1612, 349], [1613, 349], [1614, 349], [1595, 350], [1596, 350], [1597, 350], [1598, 350], [1599, 350], [1600, 350], [1601, 350], [1602, 350], [1610, 350], [1611, 350], [1612, 350], [1613, 350], [1614, 350], [1615, 350], [1616, 350], [1617, 350], [1598, 351], [1599, 351], [1600, 351], [1601, 351], [1602, 351], [1603, 351], [1604, 351], [1605, 351], [1613, 351], [1614, 351], [1615, 351], [1616, 351], [1617, 351], [1618, 351], [1619, 351], [1601, 352], [1602, 352], [1603, 352], [1604, 352], [1605, 352], [1606, 352], [1607, 352], [1616, 352], [1617, 352], [1618, 352], [1619, 352], [1620, 352], [1621, 352], [1622, 352], [1604, 353], [1605, 353], [1606, 353], [1607, 353], [1608, 353], [1609, 353], [1610, 353], [1618, 353], [1619, 353], [1620, 353], [1621, 353], [1622, 353], [1623, 353], [1624, 353], [1606, 354], [1607, 354], [1608, 354], [1609, 354], [1610, 354], [1611, 354], [1612, 354], [1621, 354], [1622, 354], [1623, 354], [1624, 354], [1625, 354], [1626, 354], [1627, 354], [1609, 355], [1610, 355], [1611, 355], [1612, 355], [1613, 355], [1614, 355], [1615, 355], [1623, 355], [1624, 355], [1625, 355], [1626, 355], [1627, 355], [1628, 355], [1629, 355], [1630, 355], [1611, 356], [1612, 356], [1613, 356], [1614, 356], [1615, 356], [1616, 356], [1617, 356], [1626, 356], [1627, 356], [1628, 356], [1629, 356], [1630, 356], [1631, 356], [1632, 356], [1633, 356], [1614, 357], [1615, 357], [1616, 357], [1617, 357], [1618, 357], [1619, 357], [1620, 357], [1621, 357], [1629, 357], [1630, 357], [1631, 357], [1632, 357], [1633, 357], [1634, 357], [1635, 357], [1636, 357], [1616, 358], [1617, 358], [1618, 358], [1619, 358], [1620, 358], [1621, 358], [1622, 358], [1623, 358], [1632, 358], [1633, 358], [1634, 358], [1635, 358], [1636, 358], [1637, 358], [1638, 358], [1620, 359], [1621, 359], [1622, 359], [1623, 359], [1624, 359], [1625, 359], [1626, 359], [1635, 359], [1636, 359], [1637, 359], [1638, 359], [1639, 359], [1640, 359], [1641, 359], [1622, 360], [1623, 360], [1624, 360], [1625, 360], [1626, 360], [1627, 360], [1628, 360], [1629, 360], [1637, 360], [1638, 360], [1639, 360], [1640, 360], [1641, 360], [1642, 360], [1643, 360], [1625, 361], [1626, 361], [1627, 361], [1628, 361], [1629, 361], [1630, 361], [1631, 361], [1640, 361], [1641, 361], [1642, 361], [1643, 361], [1644, 361], [1645, 361], [1646, 361], [1628, 362], [1629, 362], [1630, 362], [1631, 362], [1632, 362], [1633, 362], [1634, 362], [1642, 362], [1643, 362], [1644, 362], [1645, 362], [1646, 362], [1647, 362], [1648, 362], [1649, 362], [1630, 363], [1631, 363], [1632, 363], [1633, 363], [1634, 363], [1635, 363], [1636, 363], [1637, 363], [1645, 363], [1646, 363], [1647, 363], [1648, 363], [1649, 363], [1650, 363], [1651, 363], [1633, 364], [1634, 364], [1635, 364], [1636, 364], [1637, 364], [1638, 364], [1639, 364], [1640, 364], [1648, 364], [1649, 364], [1650, 364], [1651, 364], [1652, 364], [1653, 364], [1654, 364], [1655, 364], [1636, 365], [1637, 365], [1638, 365], [1639, 365], [1640, 365], [1641, 365], [1642, 365], [1643, 365], [1650, 365], [1651, 365], [1652, 365], [1653, 365], [1654, 365], [1655, 365], [1656, 365], [1657, 365], [1639, 366], [1640, 366], [1641, 366], [1642, 366], [1643, 366], [1644, 366], [1645, 366], [1654, 366], [1655, 366], [1656, 366], [1657, 366], [1658, 366], [1659, 366], [1660, 366], [1642, 367], [1643, 367], [1644, 367], [1645, 367], [1646, 367], [1647, 367], [1648, 367], [1656, 367], [1657, 367], [1658, 367], [1659, 367], [1660, 367], [1661, 367], [1662, 367], [1644, 368], [1645, 368], [1646, 368], [1647, 368], [1648, 368], [1649, 368], [1650, 368], [1659, 368], [1660, 368], [1661, 368], [1662, 368], [1663, 368], [1664, 368], [1665, 368], [1666, 368], [1647, 369], [1648, 369], [1649, 369], [1650, 369], [1651, 369], [1652, 369], [1653, 369], [1661, 369], [1662, 369], [1663, 369], [1664, 369], [1665, 369], [1666, 369], [1667, 369], [1668, 369], [1649, 370], [1650, 370], [1651, 370], [1652, 370], [1653, 370], [1654, 370], [1655, 370], [1665, 370], [1666, 370], [1667, 370], [1668, 370], [1669, 370], [1670, 370], [1671, 370], [1652, 371], [1653, 371], [1654, 371], [1655, 371], [1656, 371], [1657, 371], [1658, 371], [1659, 371], [1667, 371], [1668, 371], [1669, 371], [1670, 371], [1671, 371], [1672, 371], [1673, 371], [1674, 371], [1654, 372], [1655, 372], [1656, 372], [1657, 372], [1658, 372], [1659, 372], [1660, 372], [1661, 372], [1670, 372], [1671, 372], [1672, 372], [1673, 372], [1674, 372], [1675, 372], [1676, 372], [1658, 373], [1659, 373], [1660, 373], [1661, 373], [1662, 373], [1663, 373], [1664, 373], [1673, 373], [1674, 373], [1675, 373], [1676, 373], [1677, 373], [1678, 373], [1679, 373], [1660, 374], [1661, 374], [1662, 374], [1663, 374], [1664, 374], [1665, 374], [1666, 374], [1675, 374], [1676, 374], [1677, 374], [1678, 374], [1679, 374], [1680, 374], [1681, 374], [1682, 374], [1663, 375], [1664, 375], [1665, 375], [1666, 375], [1667, 375], [1668, 375], [1669, 375], [1678, 375], [1679, 375], [1680, 375], [1681, 375], [1682, 375], [1683, 375], [1684, 375], [1685, 375], [1665, 376], [1666, 376], [1667, 376], [1668, 376], [1669, 376], [1670, 376], [1671, 376], [1672, 376], [1681, 376], [1682, 376], [1683, 376], [1684, 376], [1685, 376], [1686, 376], [1687, 376], [1688, 376], [1668, 377], [1669, 377], [1670, 377], [1671, 377], [1672, 377], [1673, 377], [1674, 377], [1684, 377], [1685, 377], [1686, 377], [1687, 377], [1688, 377], [1689, 377], [1690, 377], [1671, 378], [1672, 378], [1673, 378], [1674, 378], [1675, 378], [1676, 378], [1677, 378], [1687, 378], [1688, 378], [1689, 378], [1690, 378], [1691, 378], [1692, 378], [1693, 378], [1673, 379], [1674, 379], [1675, 379], [1676, 379], [1677, 379], [1678, 379], [1679, 379], [1680, 379], [1689, 379], [1690, 379], [1691, 379], [1692, 379], [1693, 379], [1694, 379], [1695, 379], [1696, 379], [1676, 380], [1677, 380], [1678, 380], [1679, 380], [1680, 380], [1681, 380], [1682, 380], [1683, 380], [1692, 380], [1693, 380], [1694, 380], [1695, 380], [1696, 380], [1697, 380], [1698, 380], [1699, 380], [1679, 381], [1680, 381], [1681, 381], [1682, 381], [1683, 381], [1684, 381], [1685, 381], [1686, 381], [1695, 381], [1696, 381], [1697, 381], [1698, 381], [1699, 381], [1700, 381], [1701, 381], [1682, 382], [1683, 382], [1684, 382], [1685, 382], [1686, 382], [1687, 382], [1688, 382], [1698, 382], [1699, 382], [1700, 382], [1701, 382], [1702, 382], [1703, 382], [1704, 382], [1685, 383], [1686, 383], [1687, 383], [1688, 383], [1689, 383], [1690, 383], [1691, 383], [1700, 383], [1701, 383], [1702, 383], [1703, 383], [1704, 383], [1705, 383], [1706, 383], [1707, 383], [1687, 384], [1688, 384], [1689, 384], [1690, 384], [1691, 384], [1692, 384], [1693, 384], [1703, 384], [1704, 384], [1705, 384], [1706, 384], [1707, 384], [1708, 384], [1709, 384], [1690, 385], [1691, 385], [1692, 385], [1693, 385], [1694, 385], [1695, 385], [1696, 385], [1706, 385], [1707, 385], [1708, 385], [1709, 385], [1710, 385], [1711, 385], [1712, 385], [1692, 386], [1693, 386], [1694, 386], [1695, 386], [1696, 386], [1697, 386], [1698, 386], [1699, 386], [1708, 386], [1709, 386], [1710, 386], [1711, 386], [1712, 386], [1713, 386], [1714, 386], [1715, 386], [1695, 387], [1696, 387], [1697, 387], [1698, 387], [1699, 387], [1700, 387], [1701, 387], [1702, 387], [1711, 387], [1712, 387], [1713, 387], [1714, 387], [1715, 387], [1716, 387], [1717, 387], [1718, 387], [1698, 388], [1699, 388], [1700, 388], [1701, 388], [1702, 388], [1703, 388], [1704, 388], [1714, 388], [1715, 388], [1716, 388], [1717, 388], [1718, 388], [1719, 388], [1720, 388], [1721, 388], [1701, 389], [1702, 389], [1703, 389], [1704, 389], [1705, 389], [1706, 389], [1717, 389], [1718, 389], [1719, 389], [1720, 389], [1721, 389], [1722, 389], [1723, 389], [1703, 390], [1704, 390], [1705, 390], [1706, 390], [1707, 390], [1708, 390], [1709, 390], [1720, 390], [1721, 390], [1722, 390], [1723, 390], [1724, 390], [1725, 390], [1726, 390], [1705, 391], [1706, 391], [1707, 391], [1708, 391], [1709, 391], [1710, 391], [1711, 391], [1722, 391], [1723, 391], [1724, 391], [1725, 391], [1726, 391], [1727, 391], [1728, 391], [1729, 391], [1708, 392], [1709, 392], [1710, 392], [1711, 392], [1712, 392], [1713, 392], [1714, 392], [1725, 392], [1726, 392], [1727, 392], [1728, 392], [1729, 392], [1730, 392], [1731, 392], [1732, 392], [1710, 393], [1711, 393], [1712, 393], [1713, 393], [1714, 393], [1715, 393], [1716, 393], [1717, 393], [1728, 393], [1729, 393], [1730, 393], [1731, 393], [1732, 393], [1733, 393], [1734, 393], [1713, 394], [1714, 394], [1715, 394], [1716, 394], [1717, 394], [1718, 394], [1719, 394], [1720, 394], [1731, 394], [1732, 394], [1733, 394], [1734, 394], [1735, 394], [1736, 394], [1737, 394], [1716, 395], [1717, 395], [1718, 395], [1719, 395], [1720, 395], [1721, 395], [1722, 395], [1723, 395], [1733, 395], [1734, 395], [1735, 395], [1736, 395], [1737, 395], [1738, 395], [1739, 395], [1740, 395], [1719, 396], [1720, 396], [1721, 396], [1722, 396], [1723, 396], [1724, 396], [1725, 396], [1726, 396], [1736, 396], [1737, 396], [1738, 396], [1739, 396], [1740, 396], [1741, 396], [1742, 396], [1743, 396], [1722, 397], [1723, 397], [1724, 397], [1725, 397], [1726, 397], [1727, 397], [1728, 397], [1739, 397], [1740, 397], [1741, 397], [1742, 397], [1743, 397], [1744, 397], [1745, 397], [1725, 398], [1726, 398], [1727, 398], [1728, 398], [1729, 398], [1730, 398], [1731, 398], [1742, 398], [1743, 398], [1744, 398], [1745, 398], [1746, 398], [1747, 398], [1748, 398], [1727, 399], [1728, 399], [1729, 399], [1730, 399], [1731, 399], [1732, 399], [1733, 399], [1734, 399], [1741, 399], [1742, 399], [1743, 399], [1744, 399], [1745, 399], [1746, 399], [1747, 399], [1748, 399], [1749, 399], [1750, 399], [1751, 399], [1730, 400], [1731, 400], [1732, 400], [1733, 400], [1734, 400], [1735, 400], [1736, 400], [1741, 400], [1743, 400], [1744, 400], [1745, 400], [1746, 400], [1748, 400], [1749, 400], [1750, 400], [1751, 400], [1752, 400], [1753, 400], [1754, 400], [1733, 401], [1734, 401], [1735, 401], [1736, 401], [1737, 401], [1738, 401], [1739, 401], [1741, 401], [1742, 401], [1743, 401], [1744, 401], [1745, 401], [1746, 401], [1747, 401], [1748, 401], [1749, 401], [1751, 401], [1752, 401], [1753, 401], [1754, 401], [1755, 401], [1756, 401], [1735, 402], [1736, 402], [1737, 402], [1738, 402], [1739, 402], [1740, 402], [1741, 402], [1742, 402], [1743, 402], [1744, 402], [1745, 402], [1746, 402], [1747, 402], [1748, 402], [1749, 402], [1750, 402], [1751, 402], [1752, 402], [1753, 402], [1754, 402], [1755, 402], [1756, 402], [1757, 402], [1758, 402], [1759, 402], [1738, 403], [1739, 403], [1740, 403], [1741, 403], [1742, 403], [1743, 403], [1745, 403], [1746, 403], [1747, 403], [1748, 403], [1749, 403], [1750, 403], [1751, 403], [1752, 403], [1753, 403], [1754, 403], [1755, 403], [1756, 403], [1757, 403], [1758, 403], [1759, 403], [1760, 403], [1761, 403], [1741, 404], [1742, 404], [1743, 404], [1744, 404], [1745, 404], [1746, 404], [1747, 404], [1748, 404], [1749, 404], [1750, 404], [1751, 404], [1752, 404], [1753, 404], [1754, 404], [1755, 404], [1756, 404], [1758, 404], [1759, 404], [1760, 404], [1761, 404], [1762, 404], [1763, 404], [1764, 404], [1743, 405], [1744, 405], [1745, 405], [1746, 405], [1747, 405], [1748, 405], [1749, 405], [1751, 405], [1752, 405], [1753, 405], [1754, 405], [1755, 405], [1756, 405], [1757, 405], [1758, 405], [1759, 405], [1760, 405], [1761, 405], [1762, 405], [1763, 405], [1764, 405], [1765, 405], [1766, 405], [1767, 405], [1746, 406], [1747, 406], [1748, 406], [1749, 406], [1750, 406], [1751, 406], [1752, 406], [1753, 406], [1754, 406], [1755, 406], [1756, 406], [1757, 406], [1758, 406], [1759, 406], [1760, 406], [1761, 406], [1763, 406], [1764, 406], [1765, 406], [1766, 406], [1767, 406], [1768, 406], [1769, 406], [1770, 406], [1748, 407], [1749, 407], [1750, 407], [1751, 407], [1752, 407], [1753, 407], [1754, 407], [1755, 407], [1756, 407], [1757, 407], [1758, 407], [1759, 407], [1761, 407], [1766, 407], [1767, 407], [1768, 407], [1769, 407], [1770, 407], [1771, 407], [1772, 407], [1773, 407], [1751, 408], [1752, 408], [1753, 408], [1754, 408], [1755, 408], [1756, 408], [1757, 408], [1758, 408], [1759, 408], [1760, 408], [1761, 408], [1769, 408], [1770, 408], [1771, 408], [1772, 408], [1773, 408], [1774, 408], [1775, 408], [1754, 409], [1755, 409], [1756, 409], [1757, 409], [1758, 409], [1759, 409], [1760, 409], [1766, 409], [1767, 409], [1768, 409], [1769, 409], [1770, 409], [1772, 409], [1773, 409], [1774, 409], [1775, 409], [1776, 409], [1777, 409], [1778, 409], [1757, 410], [1758, 410], [1759, 410], [1760, 410], [1761, 410], [1762, 410], [1763, 410], [1766, 410], [1767, 410], [1769, 410], [1770, 410], [1771, 410], [1772, 410], [1773, 410], [1775, 410], [1776, 410], [1777, 410], [1778, 410], [1779, 410], [1780, 410], [1759, 411], [1760, 411], [1761, 411], [1762, 411], [1763, 411], [1764, 411], [1765, 411], [1767, 411], [1768, 411], [1769, 411], [1770, 411], [1771, 411], [1772, 411], [1773, 411], [1774, 411], [1775, 411], [1776, 411], [1777, 411], [1778, 411], [1779, 411], [1780, 411], [1781, 411], [1782, 411], [1783, 411], [1762, 412], [1763, 412], [1764, 412], [1765, 412], [1766, 412], [1767, 412], [1768, 412], [1769, 412], [1770, 412], [1771, 412], [1772, 412], [1773, 412], [1774, 412], [1775, 412], [1776, 412], [1777, 412], [1779, 412], [1780, 412], [1781, 412], [1782, 412], [1783, 412], [1784, 412], [1785, 412], [1786, 412], [1765, 413], [1766, 413], [1767, 413], [1768, 413], [1769, 413], [1770, 413], [1771, 413], [1773, 413], [1774, 413], [1775, 413], [1776, 413], [1777, 413], [1782, 413], [1783, 413], [1784, 413], [1785, 413], [1786, 413], [1787, 413], [1788, 413], [1789, 413], [1768, 414], [1769, 414], [1770, 414], [1771, 414], [1772, 414], [1773, 414], [1774, 414], [1775, 414], [1776, 414], [1777, 414], [1785, 414], [1786, 414], [1787, 414], [1788, 414], [1789, 414], [1790, 414], [1791, 414], [1792, 414], [1771, 415], [1772, 415], [1773, 415], [1774, 415], [1775, 415], [1776, 415], [1777, 415], [1788, 415], [1789, 415], [1790, 415], [1791, 415], [1792, 415], [1793, 415], [1794, 415], [1795, 415], [1773, 416], [1774, 416], [1775, 416], [1776, 416], [1777, 416], [1778, 416], [1779, 416], [1780, 416], [1791, 416], [1792, 416], [1793, 416], [1794, 416], [1795, 416], [1796, 416], [1797, 416], [1776, 417], [1777, 417], [1778, 417], [1779, 417], [1780, 417], [1781, 417], [1782, 417], [1783, 417], [1794, 417], [1795, 417], [1796, 417], [1797, 417], [1798, 417], [1799, 417], [1800, 417], [1779, 418], [1780, 418], [1781, 418], [1782, 418], [1783, 418], [1784, 418], [1785, 418], [1796, 418], [1797, 418], [1798, 418], [1799, 418], [1800, 418], [1801, 418], [1802, 418], [1803, 418], [1782, 419], [1783, 419], [1784, 419], [1785, 419], [1786, 419], [1787, 419], [1788, 419], [1799, 419], [1800, 419], [1801, 419], [1802, 419], [1803, 419], [1804, 419], [1805, 419], [1806, 419], [1207, 420], [1208, 420], [1209, 420], [1784, 420], [1785, 420], [1786, 420], [1787, 420], [1788, 420], [1789, 420], [1790, 420], [1791, 420], [1802, 420], [1803, 420], [1804, 420], [1805, 420], [1806, 420], [1807, 420], [1808, 420], [1809, 420], [1810, 420], [1205, 421], [1206, 421], [1207, 421], [1208, 421], [1209, 421], [1210, 421], [1787, 421], [1788, 421], [1789, 421], [1790, 421], [1791, 421], [1792, 421], [1793, 421], [1805, 421], [1806, 421], [1807, 421], [1808, 421], [1809, 421], [1810, 421], [1811, 421], [1812, 421], [1813, 421], [1814, 421], [1815, 421], [1816, 421], [1207, 422], [1208, 422], [1209, 422], [1210, 422], [1211, 422], [1790, 422], [1791, 422], [1792, 422], [1793, 422], [1794, 422], [1795, 422], [1796, 422], [1797, 422], [1809, 422], [1810, 422], [1811, 422], [1812, 422], [1813, 422], [1814, 422], [1815, 422], [1816, 422], [1817, 422], [1818, 422], [1819, 422], [1207, 423], [1208, 423], [1209, 423], [1210, 423], [1211, 423], [1212, 423], [1792, 423], [1793, 423], [1794, 423], [1795, 423], [1796, 423], [1797, 423], [1798, 423], [1799, 423], [1806, 423], [1807, 423], [1808, 423], [1809, 423], [1810, 423], [1811, 423], [1812, 423], [1815, 423], [1816, 423], [1817, 423], [1818, 423], [1819, 423], [1820, 423], [1821, 423], [1822, 423], [1208, 424], [1209, 424], [1210, 424], [1211, 424], [1212, 424], [1213, 424], [1796, 424], [1797, 424], [1798, 424], [1799, 424], [1800, 424], [1801, 424], [1802, 424], [1806, 424], [1807, 424], [1808, 424], [1809, 424], [1810, 424], [1811, 424], [1812, 424], [1813, 424], [1814, 424], [1815, 424], [1818, 424], [1819, 424], [1820, 424], [1821, 424], [1822, 424], [1823, 424], [1824, 424], [1209, 425], [1210, 425], [1211, 425], [1212, 425], [1213, 425], [1214, 425], [1798, 425], [1799, 425], [1800, 425], [1801, 425], [1802, 425], [1803, 425], [1804, 425], [1806, 425], [1807, 425], [1808, 425], [1809, 425], [1810, 425], [1811, 425], [1812, 425], [1813, 425], [1814, 425], [1815, 425], [1816, 425], [1817, 425], [1821, 425], [1822, 425], [1823, 425], [1824, 425], [1210, 426], [1211, 426], [1212, 426], [1213, 426], [1214, 426], [1215, 426], [1801, 426], [1802, 426], [1803, 426], [1804, 426], [1805, 426], [1806, 426], [1808, 426], [1809, 426], [1810, 426], [1811, 426], [1812, 426], [1814, 426], [1815, 426], [1816, 426], [1817, 426], [1818, 426], [1819, 426], [1823, 426], [1824, 426], [1195, 427], [1211, 427], [1212, 427], [1213, 427], [1214, 427], [1215, 427], [1803, 427], [1804, 427], [1805, 427], [1806, 427], [1807, 427], [1808, 427], [1810, 427], [1811, 427], [1812, 427], [1813, 427], [1814, 427], [1815, 427], [1816, 427], [1817, 427], [1818, 427], [1819, 427], [1820, 427], [1821, 427], [1822, 427], [1824, 427], [1194, 428], [1195, 428], [1212, 428], [1213, 428], [1214, 428], [1215, 428], [1216, 428], [1806, 428], [1807, 428], [1808, 428], [1809, 428], [1810, 428], [1811, 428], [1812, 428], [1813, 428], [1814, 428], [1815, 428], [1816, 428], [1817, 428], [1818, 428], [1819, 428], [1820, 428], [1821, 428], [1822, 428], [1823, 428], [1824, 428], [1192, 429], [1193, 429], [1195, 429], [1196, 429], [1213, 429], [1214, 429], [1216, 429], [1217, 429], [1808, 429], [1809, 429], [1810, 429], [1811, 429], [1812, 429], [1813, 429], [1815, 429], [1816, 429], [1817, 429], [1818, 429], [1819, 429], [1820, 429], [1821, 429], [1822, 429], [1823, 429], [1824, 429], [1193, 430], [1194, 430], [1195, 430], [1196, 430], [1197, 430], [1214, 430], [1215, 430], [1217, 430], [1218, 430], [1811, 430], [1812, 430], [1813, 430], [1814, 430], [1815, 430], [1816, 430], [1817, 430], [1818, 430], [1819, 430], [1820, 430], [1821, 430], [1822, 430], [1823, 430], [1824, 430], [1193, 431], [1194, 431], [1195, 431], [1196, 431], [1197, 431], [1198, 431], [1215, 431], [1216, 431], [1218, 431], [1219, 431], [1813, 431], [1814, 431], [1815, 431], [1816, 431], [1817, 431], [1818, 431], [1819, 431], [1820, 431], [1821, 431], [1822, 431], [1823, 431], [1824, 431], [1194, 432], [1195, 432], [1196, 432], [1197, 432], [1198, 432], [1199, 432], [1216, 432], [1217, 432], [1219, 432], [1220, 432], [1816, 432], [1817, 432], [1818, 432], [1819, 432], [1820, 432], [1821, 432], [1823, 432], [1824, 432], [1195, 433], [1196, 433], [1197, 433], [1198, 433], [1199, 433], [1200, 433], [1217, 433], [1218, 433], [1220, 433], [1221, 433], [1819, 433], [1820, 433], [1821, 433], [1822, 433], [1823, 433], [1824, 433], [1196, 434], [1197, 434], [1198, 434], [1199, 434], [1200, 434], [1201, 434], [1218, 434], [1219, 434], [1221, 434], [1222, 434], [1821, 434], [1822, 434], [1823, 434], [1824, 434], [1197, 435], [1198, 435], [1199, 435], [1200, 435], [1201, 435], [1202, 435], [1219, 435], [1220, 435], [1222, 435], [1223, 435], [1824, 435], [1198, 436], [1199, 436], [1200, 436], [1201, 436], [1202, 436], [1203, 436], [1220, 436], [1221, 436], [1223, 436], [1224, 436], [1199, 437], [1200, 437], [1201, 437], [1202, 437], [1203, 437], [1204, 437], [1221, 437], [1222, 437], [1224, 437], [1225, 437], [1200, 438], [1201, 438], [1202, 438], [1203, 438], [1204, 438], [1205, 438], [1222, 438], [1223, 438], [1225, 438], [1226, 438], [1201, 439], [1202, 439], [1203, 439], [1204, 439], [1205, 439], [1206, 439], [1223, 439], [1224, 439], [1226, 439], [1227, 439], [1202, 440], [1203, 440], [1204, 440], [1205, 440], [1206, 440], [1224, 440], [1225, 440], [1227, 440], [1228, 440], [1203, 441], [1204, 441], [1206, 441], [1207, 441], [1225, 441], [1226, 441], [1228, 441], [1229, 441], [1204, 442], [1205, 442], [1206, 442], [1207, 442], [1208, 442], [1226, 442], [1227, 442], [1228, 442], [1229, 442], [1230, 442], [1204, 443], [1205, 443], [1206, 443], [1207, 443], [1208, 443], [1209, 443], [1227, 443], [1228, 443], [1229, 443], [1230, 443], [1231, 443], [1205, 444], [1206, 444], [1207, 444], [1208, 444], [1209, 444], [1210, 444], [1227, 444], [1228, 444], [1229, 444], [1230, 444], [1231, 444], [1232, 444], [1206, 445], [1207, 445], [1208, 445], [1209, 445], [1210, 445], [1211, 445], [1228, 445], [1229, 445], [1230, 445], [1231, 445], [1232, 445], [1233, 445], [1207, 446], [1208, 446], [1209, 446], [1210, 446], [1211, 446], [1212, 446], [1229, 446], [1230, 446], [1231, 446], [1232, 446], [1233, 446], [1234, 446], [1208, 447], [1209, 447], [1210, 447], [1211, 447], [1212, 447], [1213, 447], [1230, 447], [1231, 447], [1232, 447], [1233, 447], [1234, 447], [1235, 447], [1209, 448], [1210, 448], [1211, 448], [1212, 448], [1213, 448], [1214, 448], [1231, 448], [1232, 448], [1233, 448], [1234, 448], [1235, 448], [1236, 448], [1210, 449], [1211, 449], [1212, 449], [1213, 449], [1214, 449], [1215, 449], [1232, 449], [1233, 449], [1234, 449], [1235, 449], [1236, 449], [1211, 450], [1212, 450], [1214, 450], [1215, 450], [1216, 450], [1233, 450], [1234, 450], [1235, 450], [1236, 450], [1237, 450], [1211, 451], [1212, 451], [1213, 451], [1215, 451], [1216, 451], [1217, 451], [1234, 451], [1235, 451], [1237, 451], [1238, 451], [1212, 452], [1213, 452], [1214, 452], [1216, 452], [1217, 452], [1235, 452], [1236, 452], [1238, 452], [1239, 452], [1213, 453], [1214, 453], [1215, 453], [1216, 453], [1217, 453], [1218, 453], [1236, 453], [1237, 453], [1238, 453], [1239, 453], [1240, 453], [1214, 454], [1215, 454], [1216, 454], [1217, 454], [1218, 454], [1219, 454], [1237, 454], [1238, 454], [1239, 454], [1240, 454], [1241, 454], [1215, 455], [1216, 455], [1217, 455], [1218, 455], [1219, 455], [1220, 455], [1237, 455], [1238, 455], [1239, 455], [1240, 455], [1241, 455], [1242, 455], [1216, 456], [1217, 456], [1218, 456], [1219, 456], [1220, 456], [1221, 456], [1238, 456], [1239, 456], [1240, 456], [1241, 456], [1242, 456], [1243, 456], [1217, 457], [1218, 457], [1219, 457], [1220, 457], [1221, 457], [1222, 457], [1239, 457], [1240, 457], [1241, 457], [1242, 457], [1243, 457], [1244, 457], [1218, 458], [1219, 458], [1220, 458], [1221, 458], [1222, 458], [1223, 458], [1240, 458], [1241, 458], [1242, 458], [1243, 458], [1244, 458], [1245, 458], [1219, 459], [1220, 459], [1221, 459], [1222, 459], [1223, 459], [1241, 459], [1242, 459], [1243, 459], [1244, 459], [1245, 459], [1246, 459], [1220, 460], [1221, 460], [1223, 460], [1224, 460], [1242, 460], [1243, 460], [1244, 460], [1245, 460], [1246, 460], [1247, 460], [1221, 461], [1222, 461], [1223, 461], [1224, 461], [1225, 461], [1243, 461], [1244, 461], [1245, 461], [1246, 461], [1247, 461], [1248, 461], [1221, 462], [1222, 462], [1223, 462], [1224, 462], [1225, 462], [1226, 462], [1244, 462], [1245, 462], [1246, 462], [1247, 462], [1248, 462], [1249, 462], [1222, 463], [1223, 463], [1224, 463], [1225, 463], [1226, 463], [1227, 463], [1245, 463], [1246, 463], [1247, 463], [1248, 463], [1249, 463], [1250, 463], [1223, 464], [1224, 464], [1225, 464], [1226, 464], [1227, 464], [1228, 464], [1246, 464], [1247, 464], [1248, 464], [1249, 464], [1250, 464], [1251, 464], [1224, 465], [1225, 465], [1226, 465], [1227, 465], [1228, 465], [1229, 465], [1247, 465], [1248, 465], [1249, 465], [1250, 465], [1251, 465], [1252, 465], [1225, 466], [1226, 466], [1227, 466], [1228, 466], [1229, 466], [1230, 466], [1248, 466], [1249, 466], [1250, 466], [1251, 466], [1252, 466], [1253, 466], [1226, 467], [1227, 467], [1228, 467], [1229, 467], [1230, 467], [1231, 467], [1249, 467], [1250, 467], [1251, 467], [1252, 467], [1253, 467], [1254, 467], [1227, 468], [1228, 468], [1229, 468], [1230, 468], [1231, 468], [1232, 468], [1250, 468], [1251, 468], [1252, 468], [1253, 468], [1254, 468], [1228, 469], [1229, 469], [1230, 469], [1231, 469], [1232, 469], [1251, 469], [1252, 469], [1253, 469], [1254, 469], [1255, 469], [1229, 470], [1230, 470], [1232, 470], [1233, 470], [1252, 470], [1253, 470], [1255, 470], [1256, 470], [1230, 471], [1231, 471], [1232, 471], [1233, 471], [1234, 471], [1253, 471], [1254, 471], [1256, 471], [1257, 471], [1230, 472], [1231, 472], [1232, 472], [1233, 472], [1234, 472], [1235, 472], [1254, 472], [1255, 472], [1257, 472], [1258, 472], [1231, 473], [1232, 473], [1233, 473], [1234, 473], [1235, 473], [1236, 473], [1255, 473], [1256, 473], [1258, 473], [1259, 473], [1232, 474], [1233, 474], [1234, 474], [1235, 474], [1236, 474], [1237, 474], [1256, 474], [1257, 474], [1259, 474], [1260, 474], [1233, 475], [1234, 475], [1235, 475], [1236, 475], [1237, 475], [1257, 475], [1258, 475], [1260, 475], [1261, 475], [1234, 476], [1235, 476], [1236, 476], [1237, 476], [1238, 476], [1258, 476], [1259, 476], [1261, 476], [1262, 476], [1234, 477], [1235, 477], [1236, 477], [1237, 477], [1238, 477], [1239, 477], [1259, 477], [1260, 477], [1262, 477], [1263, 477], [1236, 478], [1237, 478], [1238, 478], [1239, 478], [1240, 478], [1260, 478], [1261, 478], [1262, 478], [1263, 478], [1264, 478], [1236, 479], [1237, 479], [1238, 479], [1239, 479], [1240, 479], [1241, 479], [1261, 479], [1262, 479], [1263, 479], [1264, 479], [1265, 479], [1237, 480], [1238, 480], [1239, 480], [1240, 480], [1241, 480], [1242, 480], [1261, 480], [1262, 480], [1263, 480], [1265, 480], [1266, 480], [1238, 481], [1239, 481], [1240, 481], [1241, 481], [1242, 481], [1243, 481], [1263, 481], [1264, 481], [1266, 481], [1267, 481], [1239, 482], [1240, 482], [1241, 482], [1242, 482], [1243, 482], [1264, 482], [1265, 482], [1266, 482], [1267, 482], [1268, 482], [1240, 483], [1241, 483], [1242, 483], [1243, 483], [1244, 483], [1265, 483], [1266, 483], [1267, 483], [1268, 483], [1269, 483], [1241, 484], [1242, 484], [1244, 484], [1245, 484], [1265, 484], [1266, 484], [1267, 484], [1268, 484], [1269, 484], [1270, 484], [1242, 485], [1243, 485], [1244, 485], [1245, 485], [1246, 485], [1266, 485], [1267, 485], [1268, 485], [1269, 485], [1270, 485], [1243, 486], [1244, 486], [1245, 486], [1246, 486], [1247, 486], [1267, 486], [1268, 486], [1269, 486], [1270, 486], [1271, 486], [1243, 487], [1244, 487], [1245, 487], [1246, 487], [1247, 487], [1248, 487], [1268, 487], [1269, 487], [1271, 487], [1272, 487], [1244, 488], [1245, 488], [1246, 488], [1247, 488], [1248, 488], [1249, 488], [1269, 488], [1270, 488], [1271, 488], [1272, 488], [1273, 488], [1245, 489], [1246, 489], [1247, 489], [1248, 489], [1249, 489], [1250, 489], [1270, 489], [1271, 489], [1272, 489], [1273, 489], [1246, 490], [1247, 490], [1248, 490], [1249, 490], [1250, 490], [1270, 490], [1271, 490], [1272, 490], [1273, 490], [1247, 491], [1248, 491], [1249, 491], [1250, 491], [1251, 491], [1252, 491], [1253, 491], [1254, 491], [1271, 491], [1272, 491], [1273, 491], [1274, 491], [1248, 492], [1249, 492], [1250, 492], [1251, 492], [1252, 492], [1253, 492], [1254, 492], [1255, 492], [1256, 492], [1257, 492], [1258, 492], [1259, 492], [1260, 492], [1261, 492], [1262, 492], [1263, 492], [1264, 492], [1265, 492], [1266, 492], [1267, 492], [1268, 492], [1269, 492], [1270, 492], [1271, 492], [1272, 492], [1273, 492], [1274, 492], [1249, 493], [1250, 493], [1252, 493], [1253, 493], [1254, 493], [1255, 493], [1256, 493], [1257, 493], [1258, 493], [1259, 493], [1260, 493], [1261, 493], [1262, 493], [1263, 493], [1264, 493], [1265, 493], [1266, 493], [1267, 493], [1268, 493], [1269, 493], [1270, 493], [1271, 493], [1272, 493], [1273, 493], [1274, 493], [1275, 493], [1249, 494], [1250, 494], [1251, 494], [1252, 494], [1270, 494], [1271, 494], [1272, 494], [1273, 494], [1274, 494], [1275, 494], [1250, 495], [1251, 495], [1252, 495], [1253, 495], [1254, 495], [1274, 495], [1275, 495], [1251, 496], [1252, 496], [1253, 496], [1254, 496], [1255, 496], [1256, 496], [1257, 496], [1258, 496], [1259, 496], [1260, 496], [1261, 496], [1262, 496], [1263, 496], [1264, 496], [1265, 496], [1266, 496], [1267, 496], [1268, 496], [1269, 496], [1270, 496], [1271, 496], [1272, 496], [1273, 496], [1274, 496], [1275, 496], [1253, 497], [1254, 497], [1255, 497], [1256, 497], [1257, 497], [1258, 497], [1259, 497], [1260, 497], [1261, 497], [1262, 497], [1263, 497], [1264, 497], [1265, 497], [1266, 497], [1267, 497], [1268, 497], [1269, 497], [1270, 497], [1271, 497], [1272, 497], [1273, 497], [1274, 497], [1275, 497], [1408, 666], [1409, 666], [1410, 666], [1411, 666], [1412, 666], [1413, 666], [1414, 666], [1415, 666], [1416, 666], [1417, 666], [1418, 666], [1419, 666], [1420, 666], [1421, 666], [1422, 666], [1423, 666], [1424, 666], [1425, 666], [1426, 666], [1427, 666], [1428, 666], [1429, 666], [1430, 666], [1431, 666], [1408, 667], [1409, 667], [1410, 667], [1411, 667], [1412, 667], [1413, 667], [1414, 667], [1415, 667], [1416, 667], [1417, 667], [1418, 667], [1419, 667], [1420, 667], [1421, 667], [1422, 667], [1423, 667], [1424, 667], [1425, 667], [1426, 667], [1427, 667], [1428, 667], [1429, 667], [1430, 667], [1431, 667], [1432, 667], [1433, 667], [1408, 668], [1409, 668], [1417, 668], [1418, 668], [1419, 668], [1420, 668], [1430, 668], [1431, 668], [1432, 668], [1433, 668], [1434, 668], [1408, 669], [1409, 669], [1410, 669], [1432, 669], [1433, 669], [1434, 669], [1435, 669], [1408, 670], [1409, 670], [1410, 670], [1433, 670], [1434, 670], [1435, 670], [1436, 670], [1409, 671], [1410, 671], [1411, 671], [1434, 671], [1435, 671], [1436, 671], [1437, 671], [1409, 672], [1410, 672], [1411, 672], [1412, 672], [1435, 672], [1436, 672], [1437, 672], [1410, 673], [1411, 673], [1412, 673], [1413, 673], [1436, 673], [1437, 673], [1438, 673], [1411, 674], [1412, 674], [1413, 674], [1436, 674], [1437, 674], [1438, 674], [1439, 674], [1412, 675], [1413, 675], [1414, 675], [1437, 675], [1438, 675], [1439, 675], [1412, 676], [1413, 676], [1414, 676], [1415, 676], [1438, 676], [1439, 676], [1413, 677], [1414, 677], [1415, 677], [1416, 677], [1438, 677], [1439, 677], [1440, 677], [1414, 678], [1415, 678], [1416, 678], [1417, 678], [1438, 678], [1439, 678], [1440, 678], [1415, 679], [1416, 679], [1417, 679], [1418, 679], [1439, 679], [1440, 679], [1416, 680], [1417, 680], [1418, 680], [1419, 680], [1428, 680], [1429, 680], [1430, 680], [1431, 680], [1432, 680], [1433, 680], [1434, 680], [1435, 680], [1436, 680], [1439, 680], [1440, 680], [1417, 681], [1418, 681], [1419, 681], [1420, 681], [1426, 681], [1427, 681], [1428, 681], [1429, 681], [1430, 681], [1431, 681], [1432, 681], [1433, 681], [1434, 681], [1435, 681], [1436, 681], [1437, 681], [1438, 681], [1439, 681], [1440, 681], [1418, 682], [1419, 682], [1420, 682], [1421, 682], [1422, 682], [1423, 682], [1424, 682], [1425, 682], [1426, 682], [1427, 682], [1428, 682], [1429, 682], [1435, 682], [1436, 682], [1437, 682], [1438, 682], [1439, 682], [1440, 682], [1419, 683], [1420, 683], [1421, 683], [1422, 683], [1423, 683], [1424, 683], [1425, 683], [1426, 683], [1427, 683]


