White line left - 




Yellow line left - [1595, 266], [1596, 266], [1597, 266], [1598, 266], [1599, 266], [1595, 267], [1599, 267], [1595, 268], [1596, 268], [1597, 268], [1598, 268], [1599, 268]




Yellow line right - [1638, 272], [1639, 272], [1640, 272], [1641, 272], [1642, 272], [1643, 272], [1644, 272], [1645, 272], [1646, 272], [1647, 272], [1648, 272], [1649, 272], [1650, 272], [1651, 272], [1652, 272], [1653, 272], [1638, 273], [1639, 273], [1640, 273], [1641, 273], [1642, 273], [1643, 273], [1644, 273], [1645, 273], [1646, 273], [1647, 273], [1648, 273], [1649, 273], [1650, 273], [1651, 273], [1652, 273], [1653, 273], [1654, 273], [1634, 274], [1635, 274], [1636, 274], [1637, 274], [1638, 274], [1639, 274], [1640, 274], [1644, 274], [1645, 274], [1646, 274], [1647, 274], [1648, 274], [1649, 274], [1650, 274], [1651, 274], [1653, 274], [1654, 274], [1633, 275], [1634, 275], [1635, 275], [1636, 275], [1637, 275], [1638, 275], [1639, 275], [1640, 275], [1644, 275], [1645, 275], [1647, 275], [1648, 275], [1649, 275], [1650, 275], [1651, 275], [1652, 275], [1653, 275], [1654, 275], [1632, 276], [1633, 276], [1634, 276], [1635, 276], [1636, 276], [1637, 276], [1638, 276], [1644, 276], [1645, 276], [1647, 276], [1648, 276], [1649, 276], [1650, 276], [1651, 276], [1652, 276], [1653, 276], [1631, 277], [1632, 277], [1633, 277], [1634, 277], [1635, 277], [1636, 277], [1639, 277], [1640, 277], [1641, 277], [1644, 277], [1645, 277], [1646, 277], [1647, 277], [1648, 277], [1649, 277], [1650, 277], [1631, 278], [1632, 278], [1633, 278], [1634, 278], [1635, 278], [1636, 278], [1637, 278], [1638, 278], [1639, 278], [1640, 278], [1641, 278], [1642, 278], [1643, 278], [1644, 278], [1645, 278], [1646, 278], [1647, 278], [1648, 278], [1649, 278], [1650, 278], [1631, 279], [1632, 279], [1633, 279], [1634, 279], [1635, 279], [1636, 279], [1637, 279], [1638, 279], [1639, 279], [1640, 279], [1641, 279], [1643, 279], [1644, 279], [1645, 279], [1646, 279], [1647, 279], [1648, 279], [1649, 279], [1650, 279], [1636, 280], [1637, 280], [1638, 280], [1639, 280], [1640, 280], [1641, 280], [1642, 280], [1643, 280], [1644, 280], [1645, 280], [1646, 280], [1647, 280], [1639, 281], [1640, 281], [1641, 281], [1642, 281], [1643, 281], [1644, 281]




White line right - [1823, 122], [1824, 122], [1822, 123], [1823, 123], [1824, 123], [1821, 124], [1822, 124], [1823, 124], [1824, 124], [1821, 125], [1822, 125], [1823, 125], [1820, 126], [1821, 126], [1822, 126], [1820, 127], [1821, 127], [1822, 127], [1820, 128], [1821, 128], [1820, 129], [1821, 129], [1819, 130], [1820, 130], [1821, 130], [1818, 131], [1819, 131], [1820, 131], [1821, 131], [1818, 132], [1819, 132], [1820, 132], [1824, 132], [1817, 133], [1818, 133], [1819, 133], [1824, 133], [1817, 134], [1818, 134], [1819, 134], [1824, 134], [1817, 135], [1818, 135], [1823, 135], [1824, 135], [1817, 136], [1818, 136], [1823, 136], [1824, 136], [1816, 137], [1817, 137], [1818, 137], [1822, 137], [1823, 137], [1824, 137], [1816, 138], [1817, 138], [1818, 138], [1822, 138], [1823, 138], [1824, 138], [1816, 139], [1817, 139], [1822, 139], [1823, 139], [1815, 140], [1816, 140], [1817, 140], [1821, 140], [1822, 140], [1823, 140], [1815, 141], [1816, 141], [1817, 141], [1821, 141], [1822, 141], [1823, 141], [1815, 142], [1816, 142], [1821, 142], [1822, 142], [1814, 143], [1815, 143], [1816, 143], [1820, 143], [1821, 143], [1822, 143], [1814, 144], [1815, 144], [1816, 144], [1820, 144], [1821, 144], [1822, 144], [1814, 145], [1815, 145], [1820, 145], [1821, 145], [1813, 146], [1814, 146], [1815, 146], [1819, 146], [1820, 146], [1821, 146], [1813, 147], [1814, 147], [1815, 147], [1819, 147], [1820, 147], [1821, 147], [1812, 148], [1813, 148], [1814, 148], [1818, 148], [1819, 148], [1820, 148], [1812, 149], [1813, 149], [1814, 149], [1818, 149], [1819, 149], [1820, 149], [1812, 150], [1813, 150], [1817, 150], [1818, 150], [1819, 150], [1812, 151], [1813, 151], [1817, 151], [1818, 151], [1819, 151], [1811, 152], [1812, 152], [1813, 152], [1817, 152], [1818, 152], [1811, 153], [1812, 153], [1813, 153], [1817, 153], [1818, 153], [1811, 154], [1812, 154], [1816, 154], [1817, 154], [1818, 154], [1810, 155], [1811, 155], [1812, 155], [1816, 155], [1817, 155], [1818, 155], [1810, 156], [1811, 156], [1812, 156], [1816, 156], [1817, 156], [1810, 157], [1811, 157], [1812, 157], [1813, 157], [1814, 157], [1815, 157], [1816, 157], [1817, 157], [1810, 158], [1811, 158], [1812, 158], [1813, 158], [1814, 158], [1815, 158], [1816, 158], [1817, 158], [1812, 159], [1813, 159], [1814, 159], [1815, 159], [1794, 202], [1795, 202], [1796, 202], [1797, 202], [1798, 202], [1799, 202], [1800, 202], [1793, 203], [1794, 203], [1795, 203], [1796, 203], [1797, 203], [1798, 203], [1799, 203], [1800, 203], [1793, 204], [1794, 204], [1795, 204], [1798, 204], [1799, 204], [1800, 204], [1793, 205], [1794, 205], [1797, 205], [1798, 205], [1799, 205], [1792, 206], [1793, 206], [1794, 206], [1797, 206], [1798, 206], [1799, 206], [1792, 207], [1793, 207], [1794, 207], [1796, 207], [1797, 207], [1798, 207], [1792, 208], [1793, 208], [1796, 208], [1797, 208], [1798, 208], [1791, 209], [1792, 209], [1793, 209], [1796, 209], [1797, 209], [1791, 210], [1792, 210], [1793, 210], [1795, 210], [1796, 210], [1797, 210], [1791, 211], [1792, 211], [1795, 211], [1796, 211], [1797, 211], [1791, 212], [1792, 212], [1795, 212], [1796, 212], [1790, 213], [1791, 213], [1792, 213], [1795, 213], [1796, 213], [1790, 214], [1791, 214], [1792, 214], [1794, 214], [1795, 214], [1796, 214], [1790, 215], [1791, 215], [1794, 215], [1795, 215], [1796, 215], [1790, 216], [1791, 216], [1794, 216], [1795, 216], [1789, 217], [1790, 217], [1791, 217], [1793, 217], [1794, 217], [1795, 217], [1789, 218], [1790, 218], [1791, 218], [1793, 218], [1794, 218], [1795, 218], [1789, 219], [1790, 219], [1791, 219], [1792, 219], [1793, 219], [1794, 219], [1789, 220], [1790, 220], [1791, 220], [1792, 220], [1793, 220], [1794, 220], [1788, 221], [1789, 221], [1790, 221], [1791, 221], [1792, 221], [1793, 221], [1787, 222], [1788, 222], [1789, 222], [1790, 222], [1791, 222], [1792, 222], [1793, 222], [1787, 223], [1788, 223], [1789, 223], [1791, 223], [1792, 223], [1786, 224], [1787, 224], [1788, 224], [1791, 224], [1792, 224], [1786, 225], [1787, 225], [1788, 225], [1791, 225], [1792, 225], [1786, 226], [1787, 226], [1790, 226], [1791, 226], [1792, 226], [1785, 227], [1786, 227], [1787, 227], [1790, 227], [1791, 227], [1792, 227], [1785, 228], [1786, 228], [1787, 228], [1790, 228], [1791, 228], [1785, 229], [1786, 229], [1789, 229], [1790, 229], [1791, 229], [1785, 230], [1786, 230], [1788, 230], [1789, 230], [1790, 230], [1791, 230], [1784, 231], [1785, 231], [1786, 231], [1788, 231], [1789, 231], [1790, 231], [1784, 232], [1785, 232], [1786, 232], [1787, 232], [1788, 232], [1789, 232], [1784, 233], [1785, 233], [1786, 233], [1787, 233], [1788, 233], [1789, 233], [1784, 234], [1785, 234], [1786, 234], [1787, 234], [1788, 234], [1488, 253], [1489, 253], [1490, 253], [1488, 254], [1489, 254], [1490, 254], [1491, 254], [1492, 254], [1485, 255], [1486, 255], [1487, 255], [1488, 255], [1490, 255], [1491, 255], [1492, 255], [1493, 255], [1494, 255], [1495, 255], [1486, 256], [1487, 256], [1488, 256], [1489, 256], [1490, 256], [1491, 256], [1492, 256], [1493, 256], [1494, 256], [1495, 256], [1496, 256], [1497, 256], [1488, 257], [1489, 257], [1490, 257], [1491, 257], [1492, 257], [1493, 257], [1494, 257], [1495, 257], [1496, 257], [1497, 257], [1498, 257], [1499, 257], [1491, 258], [1492, 258], [1493, 258], [1494, 258], [1495, 258], [1496, 258], [1497, 258], [1498, 258], [1499, 258], [1500, 258], [1501, 258], [1502, 258], [1494, 259], [1495, 259], [1496, 259], [1497, 259], [1498, 259], [1500, 259], [1501, 259], [1502, 259], [1503, 259], [1504, 259], [1505, 259], [1496, 260], [1497, 260], [1498, 260], [1499, 260], [1500, 260], [1501, 260], [1502, 260], [1503, 260], [1504, 260], [1505, 260], [1506, 260], [1507, 260], [1508, 260], [1499, 261], [1500, 261], [1501, 261], [1502, 261], [1503, 261], [1504, 261], [1505, 261], [1506, 261], [1507, 261], [1508, 261], [1509, 261], [1510, 261], [1501, 262], [1502, 262], [1503, 262], [1504, 262], [1505, 262], [1506, 262], [1507, 262], [1508, 262], [1509, 262], [1510, 262], [1511, 262], [1504, 263], [1505, 263], [1506, 263], [1507, 263], [1508, 263], [1509, 263], [1510, 263], [1511, 263], [1512, 263], [1513, 263], [1514, 263], [1507, 264], [1508, 264], [1509, 264], [1510, 264], [1511, 264], [1512, 264], [1513, 264], [1514, 264], [1515, 264], [1516, 264], [1510, 265], [1511, 265], [1512, 265], [1513, 265], [1514, 265], [1515, 265], [1516, 265], [1512, 266], [1513, 266], [1514, 266], [1515, 266], [1516, 266], [1719, 340], [1720, 340], [1721, 340], [1722, 340], [1723, 340], [1724, 340], [1725, 340], [1726, 340], [1727, 340], [1728, 340], [1719, 341], [1720, 341], [1721, 341], [1722, 341], [1723, 341], [1724, 341], [1725, 341], [1726, 341], [1727, 341], [1728, 341], [1729, 341], [1730, 341], [1731, 341], [1719, 342], [1720, 342], [1721, 342], [1722, 342], [1723, 342], [1724, 342], [1725, 342], [1726, 342], [1727, 342], [1728, 342], [1731, 342], [1721, 343], [1722, 343], [1723, 343], [1724, 343], [1725, 343], [1726, 343], [1727, 343], [1728, 343], [1729, 343], [1730, 343], [1731, 343], [1247, 396], [1246, 397], [1247, 397], [1248, 397], [1244, 398], [1245, 398], [1246, 398], [1247, 398], [1248, 398], [1245, 399], [1246, 399], [1247, 399], [1248, 399], [1249, 399], [1245, 400], [1246, 400], [1247, 400], [1248, 400], [1249, 400], [1250, 400], [1246, 401], [1247, 401], [1248, 401], [1249, 401], [1250, 401], [1251, 401], [1247, 402], [1248, 402], [1249, 402], [1250, 402], [1251, 402], [1248, 403], [1249, 403], [1251, 403], [1252, 403], [1249, 404], [1250, 404], [1251, 404], [1252, 404], [1253, 404], [1232, 405], [1233, 405], [1234, 405], [1249, 405], [1250, 405], [1251, 405], [1252, 405], [1253, 405], [1254, 405], [1231, 406], [1233, 406], [1234, 406], [1235, 406], [1250, 406], [1251, 406], [1252, 406], [1253, 406], [1254, 406], [1230, 407], [1231, 407], [1232, 407], [1234, 407], [1235, 407], [1236, 407], [1251, 407], [1252, 407], [1253, 407], [1254, 407], [1255, 407], [1231, 408], [1232, 408], [1233, 408], [1235, 408], [1236, 408], [1237, 408], [1251, 408], [1252, 408], [1253, 408], [1254, 408], [1255, 408], [1256, 408], [1232, 409], [1233, 409], [1234, 409], [1236, 409], [1237, 409], [1252, 409], [1253, 409], [1254, 409], [1255, 409], [1256, 409], [1233, 410], [1234, 410], [1235, 410], [1236, 410], [1237, 410], [1238, 410], [1253, 410], [1254, 410], [1256, 410], [1257, 410], [1234, 411], [1235, 411], [1236, 411], [1237, 411], [1238, 411], [1239, 411], [1254, 411], [1255, 411], [1256, 411], [1257, 411], [1258, 411], [1235, 412], [1236, 412], [1238, 412], [1239, 412], [1254, 412], [1255, 412], [1256, 412], [1257, 412], [1258, 412], [1235, 413], [1236, 413], [1237, 413], [1238, 413], [1239, 413], [1240, 413], [1255, 413], [1256, 413], [1257, 413], [1258, 413], [1259, 413], [1236, 414], [1237, 414], [1238, 414], [1239, 414], [1240, 414], [1241, 414], [1255, 414], [1256, 414], [1257, 414], [1258, 414], [1259, 414], [1260, 414], [1237, 415], [1238, 415], [1239, 415], [1240, 415], [1241, 415], [1242, 415], [1256, 415], [1257, 415], [1258, 415], [1259, 415], [1260, 415], [1238, 416], [1239, 416], [1240, 416], [1241, 416], [1242, 416], [1243, 416], [1257, 416], [1258, 416], [1259, 416], [1260, 416], [1261, 416], [1239, 417], [1240, 417], [1241, 417], [1242, 417], [1243, 417], [1244, 417], [1257, 417], [1258, 417], [1259, 417], [1260, 417], [1261, 417], [1262, 417], [1240, 418], [1241, 418], [1243, 418], [1244, 418], [1245, 418], [1258, 418], [1259, 418], [1261, 418], [1262, 418], [1263, 418], [1240, 419], [1241, 419], [1242, 419], [1244, 419], [1245, 419], [1246, 419], [1258, 419], [1259, 419], [1260, 419], [1262, 419], [1263, 419], [1241, 420], [1242, 420], [1243, 420], [1245, 420], [1246, 420], [1247, 420], [1259, 420], [1260, 420], [1261, 420], [1262, 420], [1263, 420], [1264, 420], [1242, 421], [1243, 421], [1244, 421], [1245, 421], [1246, 421], [1247, 421], [1248, 421], [1260, 421], [1261, 421], [1262, 421], [1263, 421], [1264, 421], [1265, 421], [1243, 422], [1244, 422], [1245, 422], [1246, 422], [1247, 422], [1248, 422], [1260, 422], [1261, 422], [1262, 422], [1263, 422], [1264, 422], [1265, 422], [1266, 422], [1243, 423], [1244, 423], [1245, 423], [1247, 423], [1248, 423], [1262, 423], [1263, 423], [1264, 423], [1265, 423], [1266, 423], [1244, 424], [1245, 424], [1246, 424], [1247, 424], [1248, 424], [1263, 424], [1264, 424], [1266, 424], [1267, 424], [1244, 425], [1245, 425], [1246, 425], [1247, 425], [1248, 425], [1249, 425], [1264, 425], [1265, 425], [1266, 425], [1267, 425], [1268, 425], [1245, 426], [1246, 426], [1247, 426], [1248, 426], [1249, 426], [1264, 426], [1265, 426], [1266, 426], [1267, 426], [1268, 426], [1269, 426], [1246, 427], [1247, 427], [1248, 427], [1249, 427], [1250, 427], [1265, 427], [1266, 427], [1267, 427], [1268, 427], [1269, 427], [1246, 428], [1247, 428], [1248, 428], [1249, 428], [1250, 428], [1251, 428], [1266, 428], [1267, 428], [1268, 428], [1269, 428], [1270, 428], [1247, 429], [1248, 429], [1249, 429], [1250, 429], [1251, 429], [1266, 429], [1267, 429], [1268, 429], [1269, 429], [1270, 429], [1271, 429], [1248, 430], [1249, 430], [1251, 430], [1252, 430], [1267, 430], [1268, 430], [1269, 430], [1270, 430], [1271, 430], [1249, 431], [1250, 431], [1251, 431], [1252, 431], [1253, 431], [1268, 431], [1269, 431], [1270, 431], [1271, 431], [1272, 431], [1249, 432], [1250, 432], [1251, 432], [1252, 432], [1253, 432], [1254, 432], [1268, 432], [1269, 432], [1270, 432], [1271, 432], [1272, 432], [1273, 432], [1250, 433], [1251, 433], [1252, 433], [1253, 433], [1254, 433], [1255, 433], [1269, 433], [1270, 433], [1271, 433], [1272, 433], [1273, 433], [1274, 433], [1251, 434], [1252, 434], [1254, 434], [1255, 434], [1270, 434], [1271, 434], [1273, 434], [1274, 434], [1251, 435], [1252, 435], [1253, 435], [1254, 435], [1255, 435], [1256, 435], [1270, 435], [1271, 435], [1272, 435], [1273, 435], [1274, 435], [1275, 435], [1252, 436], [1253, 436], [1254, 436], [1255, 436], [1256, 436], [1257, 436], [1271, 436], [1272, 436], [1273, 436], [1274, 436], [1275, 436], [1276, 436], [1253, 437], [1254, 437], [1256, 437], [1257, 437], [1272, 437], [1273, 437], [1274, 437], [1275, 437], [1276, 437], [1253, 438], [1254, 438], [1255, 438], [1256, 438], [1257, 438], [1258, 438], [1273, 438], [1274, 438], [1275, 438], [1276, 438], [1277, 438], [1254, 439], [1255, 439], [1256, 439], [1257, 439], [1258, 439], [1273, 439], [1274, 439], [1275, 439], [1276, 439], [1277, 439], [1278, 439], [1255, 440], [1256, 440], [1257, 440], [1258, 440], [1259, 440], [1274, 440], [1275, 440], [1276, 440], [1277, 440], [1278, 440], [1279, 440], [1255, 441], [1256, 441], [1257, 441], [1258, 441], [1259, 441], [1260, 441], [1275, 441], [1276, 441], [1277, 441], [1278, 441], [1279, 441], [1280, 441], [1256, 442], [1257, 442], [1258, 442], [1259, 442], [1260, 442], [1261, 442], [1276, 442], [1277, 442], [1278, 442], [1279, 442], [1280, 442], [1257, 443], [1258, 443], [1260, 443], [1261, 443], [1277, 443], [1278, 443], [1280, 443], [1281, 443], [1257, 444], [1258, 444], [1259, 444], [1260, 444], [1261, 444], [1262, 444], [1278, 444], [1279, 444], [1280, 444], [1281, 444], [1282, 444], [1258, 445], [1259, 445], [1260, 445], [1261, 445], [1262, 445], [1278, 445], [1279, 445], [1280, 445], [1281, 445], [1282, 445], [1283, 445], [1259, 446], [1260, 446], [1262, 446], [1263, 446], [1279, 446], [1280, 446], [1281, 446], [1282, 446], [1283, 446], [1260, 447], [1261, 447], [1262, 447], [1263, 447], [1264, 447], [1280, 447], [1281, 447], [1282, 447], [1283, 447], [1284, 447], [1260, 448], [1261, 448], [1262, 448], [1263, 448], [1264, 448], [1265, 448], [1280, 448], [1281, 448], [1282, 448], [1283, 448], [1284, 448], [1285, 448], [1261, 449], [1262, 449], [1263, 449], [1264, 449], [1265, 449], [1266, 449], [1281, 449], [1282, 449], [1283, 449], [1284, 449], [1285, 449], [1262, 450], [1263, 450], [1265, 450], [1266, 450], [1282, 450], [1283, 450], [1285, 450], [1286, 450], [1262, 451], [1263, 451], [1264, 451], [1265, 451], [1266, 451], [1267, 451], [1283, 451], [1284, 451], [1285, 451], [1286, 451], [1287, 451], [1263, 452], [1264, 452], [1265, 452], [1266, 452], [1267, 452], [1268, 452], [1283, 452], [1284, 452], [1285, 452], [1286, 452], [1287, 452], [1288, 452], [1264, 453], [1265, 453], [1267, 453], [1268, 453], [1284, 453], [1285, 453], [1287, 453], [1288, 453], [1264, 454], [1265, 454], [1266, 454], [1267, 454], [1268, 454], [1269, 454], [1284, 454], [1285, 454], [1286, 454], [1287, 454], [1288, 454], [1289, 454], [1265, 455], [1266, 455], [1267, 455], [1268, 455], [1269, 455], [1285, 455], [1286, 455], [1287, 455], [1288, 455], [1289, 455], [1290, 455], [1266, 456], [1267, 456], [1268, 456], [1269, 456], [1270, 456], [1286, 456], [1287, 456], [1288, 456], [1289, 456], [1290, 456], [1291, 456], [1266, 457], [1267, 457], [1268, 457], [1269, 457], [1270, 457], [1271, 457], [1287, 457], [1288, 457], [1290, 457], [1291, 457], [1292, 457], [1267, 458], [1268, 458], [1269, 458], [1270, 458], [1271, 458], [1287, 458], [1288, 458], [1289, 458], [1291, 458], [1292, 458], [1268, 459], [1269, 459], [1270, 459], [1271, 459], [1272, 459], [1288, 459], [1289, 459], [1290, 459], [1291, 459], [1292, 459], [1293, 459], [1268, 460], [1269, 460], [1270, 460], [1271, 460], [1272, 460], [1273, 460], [1289, 460], [1290, 460], [1292, 460], [1293, 460], [1294, 460], [1269, 461], [1270, 461], [1271, 461], [1272, 461], [1273, 461], [1274, 461], [1289, 461], [1290, 461], [1291, 461], [1293, 461], [1294, 461], [1270, 462], [1271, 462], [1272, 462], [1273, 462], [1274, 462], [1275, 462], [1290, 462], [1291, 462], [1292, 462], [1293, 462], [1294, 462], [1295, 462], [1271, 463], [1272, 463], [1274, 463], [1275, 463], [1276, 463], [1277, 463], [1291, 463], [1292, 463], [1293, 463], [1294, 463], [1295, 463], [1296, 463], [1271, 464], [1272, 464], [1273, 464], [1274, 464], [1275, 464], [1276, 464], [1277, 464], [1278, 464], [1291, 464], [1292, 464], [1293, 464], [1294, 464], [1295, 464], [1296, 464], [1272, 465], [1273, 465], [1274, 465], [1276, 465], [1277, 465], [1278, 465], [1290, 465], [1291, 465], [1292, 465], [1293, 465], [1295, 465], [1296, 465], [1297, 465], [1272, 466], [1273, 466], [1274, 466], [1275, 466], [1277, 466], [1278, 466], [1289, 466], [1290, 466], [1291, 466], [1292, 466], [1293, 466], [1294, 466], [1296, 466], [1297, 466], [1298, 466], [1273, 467], [1274, 467], [1275, 467], [1277, 467], [1278, 467], [1289, 467], [1290, 467], [1291, 467], [1292, 467], [1293, 467], [1294, 467], [1295, 467], [1296, 467], [1297, 467], [1298, 467], [1299, 467], [1274, 468], [1275, 468], [1276, 468], [1277, 468], [1278, 468], [1289, 468], [1290, 468], [1291, 468], [1292, 468], [1293, 468], [1294, 468], [1295, 468], [1296, 468], [1298, 468], [1299, 468], [1274, 469], [1275, 469], [1276, 469], [1277, 469], [1278, 469], [1294, 469], [1295, 469], [1296, 469], [1297, 469], [1298, 469], [1299, 469], [1300, 469], [1275, 470], [1276, 470], [1278, 470], [1279, 470], [1296, 470], [1297, 470], [1298, 470], [1299, 470], [1300, 470], [1301, 470], [1276, 471], [1277, 471], [1278, 471], [1279, 471], [1280, 471], [1297, 471], [1298, 471], [1300, 471], [1301, 471], [1302, 471], [1276, 472], [1277, 472], [1278, 472], [1279, 472], [1280, 472], [1281, 472], [1297, 472], [1298, 472], [1299, 472], [1301, 472], [1302, 472], [1277, 473], [1278, 473], [1279, 473], [1280, 473], [1281, 473], [1298, 473], [1299, 473], [1300, 473], [1301, 473], [1302, 473], [1303, 473], [1278, 474], [1279, 474], [1281, 474], [1282, 474], [1289, 474], [1290, 474], [1291, 474], [1292, 474], [1299, 474], [1300, 474], [1302, 474], [1303, 474], [1304, 474], [1279, 475], [1280, 475], [1281, 475], [1282, 475], [1283, 475], [1289, 475], [1290, 475], [1291, 475], [1292, 475], [1293, 475], [1294, 475], [1295, 475], [1296, 475], [1297, 475], [1299, 475], [1300, 475], [1301, 475], [1303, 475], [1304, 475], [1305, 475], [1279, 476], [1280, 476], [1281, 476], [1282, 476], [1283, 476], [1284, 476], [1289, 476], [1290, 476], [1291, 476], [1293, 476], [1294, 476], [1295, 476], [1296, 476], [1297, 476], [1300, 476], [1301, 476], [1302, 476], [1304, 476], [1305, 476], [1306, 476], [1280, 477], [1281, 477], [1282, 477], [1283, 477], [1284, 477], [1290, 477], [1291, 477], [1292, 477], [1293, 477], [1294, 477], [1295, 477], [1296, 477], [1297, 477], [1301, 477], [1302, 477], [1303, 477], [1305, 477], [1306, 477], [1281, 478], [1282, 478], [1283, 478], [1284, 478], [1285, 478], [1292, 478], [1293, 478], [1294, 478], [1295, 478], [1296, 478], [1297, 478], [1302, 478], [1303, 478], [1304, 478], [1305, 478], [1306, 478], [1307, 478], [1281, 479], [1282, 479], [1283, 479], [1284, 479], [1285, 479], [1303, 479], [1304, 479], [1305, 479], [1306, 479], [1307, 479], [1308, 479], [1282, 480], [1283, 480], [1285, 480], [1286, 480], [1287, 480], [1304, 480], [1305, 480], [1307, 480], [1308, 480], [1309, 480], [1283, 481], [1284, 481], [1285, 481], [1286, 481], [1287, 481], [1304, 481], [1305, 481], [1306, 481], [1308, 481], [1309, 481], [1283, 482], [1284, 482], [1285, 482], [1286, 482], [1287, 482], [1288, 482], [1289, 482], [1290, 482], [1291, 482], [1292, 482], [1305, 482], [1306, 482], [1307, 482], [1308, 482], [1309, 482], [1310, 482], [1284, 483], [1285, 483], [1286, 483], [1287, 483], [1288, 483], [1289, 483], [1290, 483], [1291, 483], [1292, 483], [1293, 483], [1294, 483], [1295, 483], [1296, 483], [1297, 483], [1298, 483], [1299, 483], [1300, 483], [1301, 483], [1306, 483], [1307, 483], [1308, 483], [1309, 483], [1310, 483], [1285, 484], [1286, 484], [1287, 484], [1291, 484], [1292, 484], [1293, 484], [1294, 484], [1295, 484], [1296, 484], [1297, 484], [1298, 484], [1299, 484], [1300, 484], [1301, 484], [1302, 484], [1307, 484], [1308, 484], [1309, 484], [1310, 484], [1311, 484], [1285, 485], [1286, 485], [1287, 485], [1288, 485], [1291, 485], [1292, 485], [1293, 485], [1294, 485], [1295, 485], [1296, 485], [1300, 485], [1301, 485], [1302, 485], [1303, 485], [1304, 485], [1307, 485], [1308, 485], [1309, 485], [1310, 485], [1311, 485], [1312, 485], [1286, 486], [1287, 486], [1288, 486], [1291, 486], [1292, 486], [1293, 486], [1294, 486], [1295, 486], [1296, 486], [1297, 486], [1301, 486], [1302, 486], [1303, 486], [1304, 486], [1307, 486], [1308, 486], [1309, 486], [1310, 486], [1311, 486], [1312, 486], [1287, 487], [1288, 487], [1289, 487], [1291, 487], [1292, 487], [1293, 487], [1294, 487], [1295, 487], [1296, 487], [1297, 487], [1298, 487], [1299, 487], [1300, 487], [1301, 487], [1302, 487], [1303, 487], [1304, 487], [1307, 487], [1308, 487], [1309, 487], [1310, 487], [1311, 487], [1312, 487], [1313, 487], [1287, 488], [1288, 488], [1289, 488], [1290, 488], [1291, 488], [1292, 488], [1296, 488], [1297, 488], [1298, 488], [1299, 488], [1300, 488], [1301, 488], [1302, 488], [1303, 488], [1304, 488], [1308, 488], [1309, 488], [1310, 488], [1312, 488], [1313, 488], [1314, 488], [1288, 489], [1289, 489], [1290, 489], [1291, 489], [1292, 489], [1309, 489], [1310, 489], [1311, 489], [1313, 489], [1314, 489], [1315, 489], [1289, 490], [1290, 490], [1291, 490], [1292, 490], [1293, 490], [1310, 490], [1311, 490], [1312, 490], [1313, 490], [1314, 490], [1315, 490], [1289, 491], [1290, 491], [1291, 491], [1292, 491], [1293, 491], [1294, 491], [1311, 491], [1312, 491], [1314, 491], [1315, 491], [1316, 491], [1290, 492], [1291, 492], [1292, 492], [1293, 492], [1294, 492], [1311, 492], [1312, 492], [1313, 492], [1314, 492], [1315, 492], [1316, 492], [1317, 492], [1291, 493], [1292, 493], [1293, 493], [1294, 493], [1295, 493], [1308, 493], [1309, 493], [1310, 493], [1311, 493], [1312, 493], [1313, 493], [1315, 493], [1316, 493], [1317, 493], [1291, 494], [1292, 494], [1293, 494], [1294, 494], [1295, 494], [1296, 494], [1308, 494], [1309, 494], [1310, 494], [1311, 494], [1312, 494], [1313, 494], [1316, 494], [1317, 494], [1318, 494], [1292, 495], [1293, 495], [1295, 495], [1296, 495], [1308, 495], [1309, 495], [1310, 495], [1311, 495], [1312, 495], [1313, 495], [1316, 495], [1317, 495], [1318, 495], [1319, 495], [1292, 496], [1293, 496], [1294, 496], [1295, 496], [1296, 496], [1297, 496], [1308, 496], [1309, 496], [1310, 496], [1311, 496], [1312, 496], [1313, 496], [1317, 496], [1318, 496], [1319, 496], [1320, 496], [1293, 497], [1294, 497], [1295, 497], [1296, 497], [1297, 497], [1298, 497], [1306, 497], [1307, 497], [1308, 497], [1309, 497], [1310, 497], [1318, 497], [1319, 497], [1320, 497], [1294, 498], [1295, 498], [1296, 498], [1297, 498], [1298, 498], [1299, 498], [1305, 498], [1306, 498], [1307, 498], [1308, 498], [1309, 498], [1315, 498], [1316, 498], [1317, 498], [1319, 498], [1320, 498], [1321, 498], [1295, 499], [1296, 499], [1298, 499], [1299, 499], [1300, 499], [1304, 499], [1305, 499], [1306, 499], [1307, 499], [1314, 499], [1315, 499], [1316, 499], [1317, 499], [1318, 499], [1320, 499], [1321, 499], [1322, 499], [1295, 500], [1296, 500], [1297, 500], [1299, 500], [1300, 500], [1301, 500], [1304, 500], [1305, 500], [1306, 500], [1314, 500], [1315, 500], [1316, 500], [1317, 500], [1318, 500], [1319, 500], [1320, 500], [1321, 500], [1322, 500], [1296, 501], [1297, 501], [1298, 501], [1299, 501], [1300, 501], [1301, 501], [1302, 501], [1303, 501], [1304, 501], [1305, 501], [1314, 501], [1315, 501], [1316, 501], [1317, 501], [1318, 501], [1319, 501], [1320, 501], [1321, 501], [1322, 501], [1323, 501], [1297, 502], [1298, 502], [1299, 502], [1300, 502], [1301, 502], [1302, 502], [1303, 502], [1304, 502], [1305, 502], [1315, 502], [1316, 502], [1317, 502], [1318, 502], [1319, 502], [1320, 502], [1322, 502], [1323, 502], [1324, 502], [1297, 503], [1298, 503], [1299, 503], [1315, 503], [1316, 503], [1319, 503], [1320, 503], [1321, 503], [1322, 503], [1323, 503], [1324, 503], [1298, 504], [1299, 504], [1300, 504], [1303, 504], [1304, 504], [1305, 504], [1306, 504], [1307, 504], [1308, 504], [1309, 504], [1310, 504], [1311, 504], [1312, 504], [1315, 504], [1316, 504], [1320, 504], [1321, 504], [1322, 504], [1323, 504], [1324, 504], [1325, 504], [1298, 505], [1299, 505], [1300, 505], [1302, 505], [1303, 505], [1304, 505], [1305, 505], [1306, 505], [1307, 505], [1308, 505], [1309, 505], [1310, 505], [1311, 505], [1312, 505], [1313, 505], [1315, 505], [1316, 505], [1317, 505], [1320, 505], [1321, 505], [1322, 505], [1324, 505], [1325, 505], [1326, 505], [1299, 506], [1300, 506], [1301, 506], [1302, 506], [1303, 506], [1304, 506], [1306, 506], [1307, 506], [1308, 506], [1309, 506], [1310, 506], [1311, 506], [1312, 506], [1313, 506], [1314, 506], [1315, 506], [1316, 506], [1317, 506], [1321, 506], [1322, 506], [1323, 506], [1324, 506], [1325, 506], [1326, 506], [1299, 507], [1300, 507], [1301, 507], [1303, 507], [1304, 507], [1312, 507], [1313, 507], [1314, 507], [1316, 507], [1317, 507], [1318, 507], [1319, 507], [1320, 507], [1321, 507], [1322, 507], [1323, 507], [1324, 507], [1325, 507], [1326, 507], [1327, 507], [1300, 508], [1301, 508], [1302, 508], [1303, 508], [1304, 508], [1313, 508], [1314, 508], [1316, 508], [1317, 508], [1318, 508], [1319, 508], [1320, 508], [1321, 508], [1323, 508], [1324, 508], [1326, 508], [1327, 508], [1328, 508], [1301, 509], [1302, 509], [1303, 509], [1304, 509], [1305, 509], [1312, 509], [1313, 509], [1314, 509], [1320, 509], [1321, 509], [1322, 509], [1323, 509], [1324, 509], [1325, 509], [1326, 509], [1327, 509], [1328, 509], [1329, 509], [1301, 510], [1302, 510], [1303, 510], [1304, 510], [1305, 510], [1306, 510], [1312, 510], [1313, 510], [1314, 510], [1321, 510], [1322, 510], [1323, 510], [1324, 510], [1325, 510], [1327, 510], [1328, 510], [1329, 510], [1302, 511], [1303, 511], [1304, 511], [1305, 511], [1306, 511], [1307, 511], [1312, 511], [1313, 511], [1314, 511], [1321, 511], [1322, 511], [1323, 511], [1324, 511], [1328, 511], [1329, 511], [1330, 511], [1303, 512], [1304, 512], [1306, 512], [1307, 512], [1308, 512], [1313, 512], [1314, 512], [1321, 512], [1322, 512], [1323, 512], [1324, 512], [1328, 512], [1329, 512], [1330, 512], [1331, 512], [1303, 513], [1304, 513], [1305, 513], [1307, 513], [1308, 513], [1313, 513], [1314, 513], [1321, 513], [1323, 513], [1329, 513], [1330, 513], [1331, 513], [1332, 513], [1304, 514], [1305, 514], [1306, 514], [1307, 514], [1308, 514], [1309, 514], [1313, 514], [1314, 514], [1315, 514], [1321, 514], [1322, 514], [1323, 514], [1324, 514], [1326, 514], [1327, 514], [1328, 514], [1329, 514], [1330, 514], [1331, 514], [1332, 514], [1305, 515], [1306, 515], [1307, 515], [1308, 515], [1309, 515], [1310, 515], [1313, 515], [1314, 515], [1315, 515], [1316, 515], [1321, 515], [1322, 515], [1323, 515], [1324, 515], [1325, 515], [1326, 515], [1327, 515], [1328, 515], [1329, 515], [1330, 515], [1331, 515], [1332, 515], [1333, 515], [1306, 516], [1307, 516], [1309, 516], [1310, 516], [1314, 516], [1315, 516], [1316, 516], [1317, 516], [1318, 516], [1322, 516], [1323, 516], [1324, 516], [1325, 516], [1326, 516], [1327, 516], [1328, 516], [1329, 516], [1330, 516], [1332, 516], [1333, 516], [1334, 516], [1306, 517], [1307, 517], [1308, 517], [1309, 517], [1310, 517], [1311, 517], [1315, 517], [1316, 517], [1317, 517], [1318, 517], [1319, 517], [1320, 517], [1321, 517], [1322, 517], [1323, 517], [1325, 517], [1326, 517], [1329, 517], [1330, 517], [1331, 517], [1332, 517], [1333, 517], [1334, 517], [1335, 517], [1307, 518], [1308, 518], [1309, 518], [1310, 518], [1311, 518], [1317, 518], [1318, 518], [1319, 518], [1320, 518], [1321, 518], [1322, 518], [1323, 518], [1324, 518], [1325, 518], [1326, 518], [1327, 518], [1328, 518], [1330, 518], [1331, 518], [1333, 518], [1334, 518], [1335, 518], [1308, 519], [1309, 519], [1310, 519], [1311, 519], [1312, 519], [1313, 519], [1320, 519], [1321, 519], [1322, 519], [1323, 519], [1325, 519], [1326, 519], [1327, 519], [1328, 519], [1329, 519], [1330, 519], [1331, 519], [1334, 519], [1335, 519], [1336, 519], [1308, 520], [1309, 520], [1310, 520], [1311, 520], [1312, 520], [1313, 520], [1320, 520], [1321, 520], [1322, 520], [1323, 520], [1324, 520], [1325, 520], [1327, 520], [1328, 520], [1329, 520], [1330, 520], [1331, 520], [1334, 520], [1335, 520], [1336, 520], [1337, 520], [1309, 521], [1310, 521], [1311, 521], [1312, 521], [1313, 521], [1314, 521], [1322, 521], [1323, 521], [1324, 521], [1325, 521], [1327, 521], [1328, 521], [1329, 521], [1330, 521], [1331, 521], [1335, 521], [1336, 521], [1337, 521], [1338, 521], [1310, 522], [1311, 522], [1313, 522], [1314, 522], [1315, 522], [1322, 522], [1323, 522], [1324, 522], [1327, 522], [1328, 522], [1329, 522], [1330, 522], [1331, 522], [1336, 522], [1337, 522], [1338, 522], [1310, 523], [1311, 523], [1312, 523], [1314, 523], [1315, 523], [1316, 523], [1317, 523], [1321, 523], [1322, 523], [1323, 523], [1337, 523], [1338, 523], [1339, 523], [1311, 524], [1312, 524], [1313, 524], [1314, 524], [1315, 524], [1316, 524], [1317, 524], [1318, 524], [1321, 524], [1322, 524], [1323, 524], [1337, 524], [1338, 524], [1339, 524], [1340, 524], [1312, 525], [1313, 525], [1314, 525], [1316, 525], [1317, 525], [1318, 525], [1319, 525], [1320, 525], [1321, 525], [1322, 525], [1338, 525], [1339, 525], [1340, 525], [1312, 526], [1313, 526], [1314, 526], [1315, 526], [1317, 526], [1318, 526], [1319, 526], [1320, 526], [1321, 526], [1322, 526], [1334, 526], [1335, 526], [1336, 526], [1339, 526], [1340, 526], [1341, 526], [1313, 527], [1314, 527], [1315, 527], [1332, 527], [1333, 527], [1334, 527], [1335, 527], [1336, 527], [1337, 527], [1339, 527], [1340, 527], [1341, 527], [1342, 527], [1314, 528], [1315, 528], [1316, 528], [1332, 528], [1333, 528], [1334, 528], [1335, 528], [1336, 528], [1337, 528], [1338, 528], [1340, 528], [1341, 528], [1342, 528], [1343, 528], [1314, 529], [1315, 529], [1316, 529], [1332, 529], [1333, 529], [1334, 529], [1336, 529], [1337, 529], [1338, 529], [1341, 529], [1342, 529], [1343, 529], [1315, 530], [1316, 530], [1317, 530], [1332, 530], [1333, 530], [1334, 530], [1335, 530], [1337, 530], [1338, 530], [1342, 530], [1343, 530], [1344, 530], [1315, 531], [1316, 531], [1317, 531], [1318, 531], [1333, 531], [1334, 531], [1335, 531], [1337, 531], [1338, 531], [1342, 531], [1343, 531], [1344, 531], [1345, 531], [1316, 532], [1317, 532], [1318, 532], [1319, 532], [1334, 532], [1335, 532], [1337, 532], [1338, 532], [1343, 532], [1344, 532], [1345, 532], [1317, 533], [1318, 533], [1319, 533], [1334, 533], [1335, 533], [1336, 533], [1337, 533], [1338, 533], [1344, 533], [1345, 533], [1346, 533], [1318, 534], [1319, 534], [1320, 534], [1334, 534], [1335, 534], [1336, 534], [1337, 534], [1338, 534], [1344, 534], [1345, 534], [1346, 534], [1318, 535], [1319, 535], [1320, 535], [1321, 535], [1335, 535], [1336, 535], [1337, 535], [1345, 535], [1346, 535], [1347, 535], [1319, 536], [1320, 536], [1321, 536], [1345, 536], [1346, 536], [1347, 536], [1348, 536], [1320, 537], [1321, 537], [1322, 537], [1346, 537], [1347, 537], [1348, 537], [1349, 537], [1320, 538], [1321, 538], [1322, 538], [1323, 538], [1347, 538], [1348, 538], [1349, 538], [1321, 539], [1322, 539], [1323, 539], [1348, 539], [1349, 539], [1350, 539], [1322, 540], [1323, 540], [1324, 540], [1348, 540], [1349, 540], [1350, 540], [1351, 540], [1322, 541], [1323, 541], [1324, 541], [1325, 541], [1349, 541], [1350, 541], [1351, 541], [1352, 541], [1323, 542], [1324, 542], [1325, 542], [1350, 542], [1351, 542], [1352, 542], [1324, 543], [1325, 543], [1326, 543], [1343, 543], [1344, 543], [1345, 543], [1351, 543], [1352, 543], [1353, 543], [1324, 544], [1325, 544], [1326, 544], [1327, 544], [1343, 544], [1344, 544], [1345, 544], [1346, 544], [1347, 544], [1348, 544], [1351, 544], [1352, 544], [1353, 544], [1325, 545], [1326, 545], [1327, 545], [1343, 545], [1344, 545], [1345, 545], [1346, 545], [1347, 545], [1348, 545], [1352, 545], [1353, 545], [1354, 545], [1326, 546], [1327, 546], [1328, 546], [1344, 546], [1345, 546], [1346, 546], [1347, 546], [1348, 546], [1352, 546], [1353, 546], [1354, 546], [1355, 546], [1326, 547], [1327, 547], [1328, 547], [1344, 547], [1345, 547], [1346, 547], [1347, 547], [1348, 547], [1353, 547], [1354, 547], [1355, 547], [1356, 547], [1327, 548], [1328, 548], [1329, 548], [1354, 548], [1355, 548], [1356, 548], [1327, 549], [1328, 549], [1329, 549], [1330, 549], [1355, 549], [1356, 549], [1357, 549], [1328, 550], [1329, 550], [1330, 550], [1355, 550], [1356, 550], [1357, 550], [1329, 551], [1330, 551], [1331, 551], [1356, 551], [1357, 551], [1358, 551], [1329, 552], [1330, 552], [1331, 552], [1332, 552], [1356, 552], [1357, 552], [1358, 552], [1359, 552], [1330, 553], [1331, 553], [1332, 553], [1333, 553], [1357, 553], [1358, 553], [1359, 553], [1360, 553], [1331, 554], [1332, 554], [1333, 554], [1358, 554], [1359, 554], [1360, 554], [1361, 554], [1332, 555], [1333, 555], [1334, 555], [1359, 555], [1360, 555], [1361, 555], [1332, 556], [1333, 556], [1334, 556], [1335, 556], [1360, 556], [1361, 556], [1362, 556], [1333, 557], [1334, 557], [1335, 557], [1360, 557], [1361, 557], [1362, 557], [1363, 557], [1334, 558], [1335, 558], [1336, 558], [1361, 558], [1362, 558], [1363, 558], [1334, 559], [1335, 559], [1336, 559], [1337, 559], [1362, 559], [1363, 559], [1364, 559], [1335, 560], [1336, 560], [1337, 560], [1338, 560], [1362, 560], [1363, 560], [1364, 560], [1365, 560], [1336, 561], [1337, 561], [1338, 561], [1363, 561], [1364, 561], [1365, 561], [1337, 562], [1338, 562], [1339, 562], [1364, 562], [1365, 562], [1366, 562], [1337, 563], [1338, 563], [1339, 563], [1340, 563], [1364, 563], [1365, 563], [1366, 563], [1367, 563], [1338, 564], [1339, 564], [1340, 564], [1365, 564], [1366, 564], [1367, 564], [1368, 564], [1339, 565], [1340, 565], [1341, 565], [1366, 565], [1367, 565], [1368, 565], [1339, 566], [1340, 566], [1341, 566], [1367, 566], [1368, 566], [1369, 566], [1340, 567], [1341, 567], [1342, 567], [1367, 567], [1368, 567], [1369, 567], [1370, 567], [1340, 568], [1341, 568], [1342, 568], [1343, 568], [1348, 568], [1349, 568], [1350, 568], [1351, 568], [1368, 568], [1369, 568], [1370, 568], [1371, 568], [1341, 569], [1342, 569], [1343, 569], [1347, 569], [1348, 569], [1349, 569], [1350, 569], [1351, 569], [1352, 569], [1353, 569], [1369, 569], [1370, 569], [1371, 569], [1342, 570], [1343, 570], [1344, 570], [1347, 570], [1348, 570], [1349, 570], [1350, 570], [1351, 570], [1352, 570], [1353, 570], [1354, 570], [1370, 570], [1371, 570], [1372, 570], [1342, 571], [1343, 571], [1344, 571], [1347, 571], [1348, 571], [1352, 571], [1353, 571], [1354, 571], [1370, 571], [1371, 571], [1372, 571], [1373, 571], [1343, 572], [1344, 572], [1345, 572], [1347, 572], [1348, 572], [1349, 572], [1353, 572], [1354, 572], [1355, 572], [1371, 572], [1372, 572], [1373, 572], [1343, 573], [1344, 573], [1345, 573], [1346, 573], [1347, 573], [1348, 573], [1349, 573], [1350, 573], [1353, 573], [1354, 573], [1355, 573], [1372, 573], [1373, 573], [1374, 573], [1344, 574], [1345, 574], [1346, 574], [1347, 574], [1348, 574], [1349, 574], [1350, 574], [1354, 574], [1355, 574], [1356, 574], [1357, 574], [1372, 574], [1373, 574], [1374, 574], [1375, 574], [1345, 575], [1346, 575], [1347, 575], [1349, 575], [1350, 575], [1351, 575], [1352, 575], [1354, 575], [1355, 575], [1356, 575], [1357, 575], [1373, 575], [1374, 575], [1375, 575], [1346, 576], [1347, 576], [1348, 576], [1349, 576], [1350, 576], [1351, 576], [1352, 576], [1353, 576], [1356, 576], [1357, 576], [1374, 576], [1375, 576], [1376, 576], [1346, 577], [1347, 577], [1348, 577], [1351, 577], [1352, 577], [1353, 577], [1356, 577], [1357, 577], [1374, 577], [1375, 577], [1376, 577], [1377, 577], [1347, 578], [1348, 578], [1349, 578], [1351, 578], [1352, 578], [1353, 578], [1356, 578], [1357, 578], [1375, 578], [1376, 578], [1377, 578], [1378, 578], [1347, 579], [1348, 579], [1349, 579], [1350, 579], [1351, 579], [1352, 579], [1353, 579], [1356, 579], [1357, 579], [1376, 579], [1377, 579], [1378, 579], [1379, 579], [1348, 580], [1349, 580], [1350, 580], [1352, 580], [1353, 580], [1354, 580], [1355, 580], [1356, 580], [1357, 580], [1358, 580], [1359, 580], [1377, 580], [1378, 580], [1379, 580], [1349, 581], [1350, 581], [1351, 581], [1352, 581], [1353, 581], [1354, 581], [1356, 581], [1357, 581], [1358, 581], [1359, 581], [1360, 581], [1361, 581], [1378, 581], [1379, 581], [1380, 581], [1349, 582], [1350, 582], [1351, 582], [1352, 582], [1353, 582], [1354, 582], [1355, 582], [1356, 582], [1358, 582], [1359, 582], [1360, 582], [1361, 582], [1362, 582], [1363, 582], [1378, 582], [1379, 582], [1380, 582], [1350, 583], [1351, 583], [1352, 583], [1353, 583], [1354, 583], [1355, 583], [1360, 583], [1361, 583], [1362, 583], [1363, 583], [1364, 583], [1379, 583], [1380, 583], [1381, 583], [1350, 584], [1351, 584], [1352, 584], [1354, 584], [1355, 584], [1362, 584], [1363, 584], [1364, 584], [1365, 584], [1379, 584], [1380, 584], [1381, 584], [1382, 584], [1351, 585], [1352, 585], [1353, 585], [1354, 585], [1355, 585], [1356, 585], [1363, 585], [1364, 585], [1365, 585], [1380, 585], [1381, 585], [1382, 585], [1352, 586], [1353, 586], [1355, 586], [1356, 586], [1364, 586], [1365, 586], [1366, 586], [1373, 586], [1374, 586], [1375, 586], [1381, 586], [1382, 586], [1383, 586], [1352, 587], [1353, 587], [1354, 587], [1355, 587], [1356, 587], [1357, 587], [1364, 587], [1365, 587], [1366, 587], [1372, 587], [1373, 587], [1374, 587], [1375, 587], [1381, 587], [1382, 587], [1383, 587], [1384, 587], [1353, 588], [1354, 588], [1355, 588], [1356, 588], [1357, 588], [1358, 588], [1365, 588], [1366, 588], [1367, 588], [1372, 588], [1373, 588], [1374, 588], [1375, 588], [1376, 588], [1382, 588], [1383, 588], [1384, 588], [1354, 589], [1355, 589], [1356, 589], [1357, 589], [1358, 589], [1365, 589], [1366, 589], [1367, 589], [1368, 589], [1372, 589], [1373, 589], [1375, 589], [1376, 589], [1383, 589], [1384, 589], [1385, 589], [1355, 590], [1356, 590], [1357, 590], [1358, 590], [1359, 590], [1360, 590], [1366, 590], [1367, 590], [1368, 590], [1372, 590], [1373, 590], [1374, 590], [1375, 590], [1376, 590], [1383, 590], [1384, 590], [1385, 590], [1386, 590], [1355, 591], [1356, 591], [1357, 591], [1358, 591], [1359, 591], [1360, 591], [1361, 591], [1362, 591], [1363, 591], [1364, 591], [1365, 591], [1367, 591], [1368, 591], [1369, 591], [1370, 591], [1373, 591], [1374, 591], [1375, 591], [1376, 591], [1384, 591], [1385, 591], [1386, 591], [1387, 591], [1356, 592], [1357, 592], [1358, 592], [1359, 592], [1360, 592], [1361, 592], [1362, 592], [1363, 592], [1364, 592], [1365, 592], [1367, 592], [1368, 592], [1369, 592], [1370, 592], [1371, 592], [1385, 592], [1386, 592], [1387, 592], [1388, 592], [1356, 593], [1357, 593], [1358, 593], [1359, 593], [1363, 593], [1364, 593], [1365, 593], [1369, 593], [1370, 593], [1371, 593], [1372, 593], [1386, 593], [1387, 593], [1388, 593], [1357, 594], [1358, 594], [1359, 594], [1363, 594], [1364, 594], [1365, 594], [1370, 594], [1371, 594], [1372, 594], [1373, 594], [1374, 594], [1387, 594], [1388, 594], [1389, 594], [1358, 595], [1359, 595], [1360, 595], [1363, 595], [1364, 595], [1365, 595], [1371, 595], [1372, 595], [1373, 595], [1374, 595], [1375, 595], [1387, 595], [1388, 595], [1389, 595], [1358, 596], [1359, 596], [1360, 596], [1361, 596], [1363, 596], [1364, 596], [1365, 596], [1366, 596], [1373, 596], [1374, 596], [1375, 596], [1376, 596], [1388, 596], [1389, 596], [1390, 596], [1359, 597], [1360, 597], [1361, 597], [1363, 597], [1364, 597], [1365, 597], [1366, 597], [1373, 597], [1374, 597], [1375, 597], [1376, 597], [1377, 597], [1388, 597], [1389, 597], [1390, 597], [1391, 597], [1360, 598], [1361, 598], [1362, 598], [1364, 598], [1365, 598], [1366, 598], [1373, 598], [1374, 598], [1375, 598], [1376, 598], [1377, 598], [1389, 598], [1390, 598], [1391, 598], [1392, 598], [1360, 599], [1361, 599], [1362, 599], [1363, 599], [1364, 599], [1365, 599], [1366, 599], [1367, 599], [1375, 599], [1376, 599], [1377, 599], [1390, 599], [1391, 599], [1392, 599], [1361, 600], [1362, 600], [1363, 600], [1364, 600], [1365, 600], [1366, 600], [1367, 600], [1368, 600], [1369, 600], [1370, 600], [1371, 600], [1372, 600], [1373, 600], [1374, 600], [1375, 600], [1376, 600], [1377, 600], [1382, 600], [1383, 600], [1384, 600], [1385, 600], [1386, 600], [1387, 600], [1391, 600], [1392, 600], [1393, 600], [1362, 601], [1363, 601], [1364, 601], [1366, 601], [1367, 601], [1368, 601], [1369, 601], [1370, 601], [1371, 601], [1372, 601], [1373, 601], [1374, 601], [1375, 601], [1376, 601], [1382, 601], [1383, 601], [1384, 601], [1385, 601], [1386, 601], [1387, 601], [1391, 601], [1392, 601], [1393, 601], [1394, 601], [1363, 602], [1364, 602], [1365, 602], [1372, 602], [1373, 602], [1374, 602], [1375, 602], [1376, 602], [1377, 602], [1382, 602], [1383, 602], [1384, 602], [1386, 602], [1387, 602], [1388, 602], [1392, 602], [1393, 602], [1394, 602], [1395, 602], [1363, 603], [1364, 603], [1365, 603], [1366, 603], [1372, 603], [1373, 603], [1374, 603], [1375, 603], [1376, 603], [1377, 603], [1378, 603], [1382, 603], [1383, 603], [1384, 603], [1385, 603], [1386, 603], [1387, 603], [1388, 603], [1393, 603], [1394, 603], [1395, 603], [1364, 604], [1365, 604], [1366, 604], [1371, 604], [1372, 604], [1373, 604], [1374, 604], [1376, 604], [1377, 604], [1378, 604], [1379, 604], [1383, 604], [1384, 604], [1385, 604], [1386, 604], [1387, 604], [1388, 604], [1394, 604], [1395, 604], [1396, 604], [1365, 605], [1366, 605], [1367, 605], [1371, 605], [1372, 605], [1373, 605], [1377, 605], [1378, 605], [1379, 605], [1380, 605], [1384, 605], [1385, 605], [1386, 605], [1387, 605], [1388, 605], [1394, 605], [1395, 605], [1396, 605], [1397, 605], [1365, 606], [1366, 606], [1367, 606], [1368, 606], [1371, 606], [1372, 606], [1373, 606], [1378, 606], [1379, 606], [1380, 606], [1381, 606], [1384, 606], [1385, 606], [1386, 606], [1387, 606], [1390, 606], [1391, 606], [1392, 606], [1395, 606], [1396, 606], [1397, 606], [1398, 606], [1366, 607], [1367, 607], [1368, 607], [1371, 607], [1372, 607], [1373, 607], [1374, 607], [1379, 607], [1380, 607], [1381, 607], [1385, 607], [1386, 607], [1387, 607], [1390, 607], [1391, 607], [1392, 607], [1396, 607], [1397, 607], [1398, 607], [1367, 608], [1368, 608], [1369, 608], [1372, 608], [1373, 608], [1374, 608], [1375, 608], [1380, 608], [1381, 608], [1382, 608], [1387, 608], [1388, 608], [1389, 608], [1390, 608], [1391, 608], [1392, 608], [1397, 608], [1398, 608], [1399, 608], [1367, 609], [1368, 609], [1369, 609], [1370, 609], [1373, 609], [1374, 609], [1375, 609], [1380, 609], [1381, 609], [1382, 609], [1383, 609], [1384, 609], [1387, 609], [1388, 609], [1389, 609], [1390, 609], [1391, 609], [1392, 609], [1397, 609], [1398, 609], [1399, 609], [1400, 609], [1368, 610], [1369, 610], [1370, 610], [1374, 610], [1375, 610], [1376, 610], [1381, 610], [1382, 610], [1383, 610], [1384, 610], [1387, 610], [1388, 610], [1390, 610], [1391, 610], [1398, 610], [1399, 610], [1400, 610], [1369, 611], [1370, 611], [1371, 611], [1374, 611], [1375, 611], [1376, 611], [1377, 611], [1383, 611], [1384, 611], [1385, 611], [1387, 611], [1388, 611], [1389, 611], [1390, 611], [1391, 611], [1399, 611], [1400, 611], [1401, 611], [1369, 612], [1370, 612], [1371, 612], [1372, 612], [1375, 612], [1376, 612], [1377, 612], [1378, 612], [1383, 612], [1384, 612], [1385, 612], [1388, 612], [1389, 612], [1390, 612], [1391, 612], [1399, 612], [1400, 612], [1401, 612], [1370, 613], [1371, 613], [1372, 613], [1376, 613], [1377, 613], [1378, 613], [1379, 613], [1380, 613], [1381, 613], [1382, 613], [1383, 613], [1384, 613], [1385, 613], [1389, 613], [1391, 613], [1400, 613], [1401, 613], [1402, 613], [1371, 614], [1372, 614], [1373, 614], [1377, 614], [1378, 614], [1379, 614], [1380, 614], [1381, 614], [1382, 614], [1383, 614], [1384, 614], [1389, 614], [1390, 614], [1391, 614], [1400, 614], [1401, 614], [1402, 614], [1403, 614], [1371, 615], [1372, 615], [1373, 615], [1374, 615], [1381, 615], [1382, 615], [1383, 615], [1389, 615], [1390, 615], [1391, 615], [1401, 615], [1402, 615], [1403, 615], [1404, 615], [1372, 616], [1373, 616], [1374, 616], [1384, 616], [1385, 616], [1386, 616], [1387, 616], [1402, 616], [1403, 616], [1404, 616], [1405, 616], [1373, 617], [1374, 617], [1375, 617], [1384, 617], [1385, 617], [1386, 617], [1387, 617], [1388, 617], [1403, 617], [1404, 617], [1405, 617], [1373, 618], [1374, 618], [1375, 618], [1376, 618], [1384, 618], [1385, 618], [1386, 618], [1387, 618], [1388, 618], [1404, 618], [1405, 618], [1406, 618], [1374, 619], [1375, 619], [1376, 619], [1384, 619], [1385, 619], [1386, 619], [1387, 619], [1388, 619], [1389, 619], [1404, 619], [1405, 619], [1406, 619], [1407, 619], [1375, 620], [1376, 620], [1377, 620], [1384, 620], [1385, 620], [1386, 620], [1388, 620], [1389, 620], [1405, 620], [1406, 620], [1407, 620], [1375, 621], [1376, 621], [1377, 621], [1378, 621], [1385, 621], [1386, 621], [1387, 621], [1388, 621], [1389, 621], [1406, 621], [1407, 621], [1408, 621], [1376, 622], [1377, 622], [1378, 622], [1379, 622], [1386, 622], [1387, 622], [1388, 622], [1389, 622], [1406, 622], [1407, 622], [1408, 622], [1409, 622], [1377, 623], [1378, 623], [1379, 623], [1407, 623], [1408, 623], [1409, 623], [1410, 623], [1378, 624], [1379, 624], [1380, 624], [1408, 624], [1409, 624], [1410, 624], [1378, 625], [1379, 625], [1380, 625], [1409, 625], [1410, 625], [1411, 625], [1379, 626], [1380, 626], [1381, 626], [1409, 626], [1410, 626], [1411, 626], [1379, 627], [1380, 627], [1381, 627], [1382, 627], [1410, 627], [1411, 627], [1412, 627], [1380, 628], [1381, 628], [1382, 628], [1410, 628], [1411, 628], [1412, 628], [1413, 628], [1381, 629], [1382, 629], [1383, 629], [1411, 629], [1412, 629], [1413, 629], [1381, 630], [1382, 630], [1383, 630], [1384, 630], [1412, 630], [1413, 630], [1414, 630], [1382, 631], [1383, 631], [1384, 631], [1412, 631], [1413, 631], [1414, 631], [1415, 631], [1383, 632], [1384, 632], [1385, 632], [1413, 632], [1414, 632], [1415, 632], [1383, 633], [1384, 633], [1385, 633], [1414, 633], [1415, 633], [1416, 633], [1384, 634], [1385, 634], [1386, 634], [1414, 634], [1415, 634], [1416, 634], [1417, 634], [1384, 635], [1385, 635], [1386, 635], [1387, 635], [1415, 635], [1416, 635], [1417, 635], [1385, 636], [1386, 636], [1387, 636], [1416, 636], [1417, 636], [1418, 636], [1386, 637], [1387, 637], [1388, 637], [1416, 637], [1417, 637], [1418, 637], [1419, 637], [1386, 638], [1387, 638], [1388, 638], [1389, 638], [1417, 638], [1418, 638], [1419, 638], [1420, 638], [1387, 639], [1388, 639], [1389, 639], [1418, 639], [1419, 639], [1420, 639], [1388, 640], [1389, 640], [1390, 640], [1419, 640], [1420, 640], [1421, 640], [1388, 641], [1389, 641], [1390, 641], [1391, 641], [1419, 641], [1420, 641], [1421, 641], [1422, 641], [1389, 642], [1390, 642], [1391, 642], [1420, 642], [1421, 642], [1422, 642], [1390, 643], [1391, 643], [1392, 643], [1421, 643], [1422, 643], [1423, 643], [1390, 644], [1391, 644], [1392, 644], [1421, 644], [1422, 644], [1423, 644], [1424, 644], [1391, 645], [1392, 645], [1393, 645], [1422, 645], [1423, 645], [1424, 645], [1391, 646], [1392, 646], [1393, 646], [1394, 646], [1423, 646], [1424, 646], [1425, 646], [1392, 647], [1393, 647], [1394, 647], [1423, 647], [1424, 647], [1425, 647], [1426, 647], [1393, 648], [1394, 648], [1395, 648], [1424, 648], [1425, 648], [1426, 648], [1427, 648], [1393, 649], [1394, 649], [1395, 649], [1396, 649], [1425, 649], [1426, 649], [1427, 649], [1394, 650], [1395, 650], [1396, 650], [1397, 650], [1426, 650], [1427, 650], [1428, 650], [1395, 651], [1396, 651], [1397, 651], [1426, 651], [1427, 651], [1428, 651], [1429, 651], [1396, 652], [1397, 652], [1398, 652], [1427, 652], [1428, 652], [1429, 652], [1396, 653], [1397, 653], [1398, 653], [1428, 653], [1429, 653], [1430, 653], [1397, 654], [1398, 654], [1399, 654], [1428, 654], [1429, 654], [1430, 654], [1431, 654], [1397, 655], [1398, 655], [1399, 655], [1429, 655], [1430, 655], [1431, 655], [1398, 656], [1399, 656], [1400, 656], [1430, 656], [1431, 656], [1432, 656], [1398, 657], [1399, 657], [1400, 657], [1401, 657], [1430, 657], [1431, 657], [1432, 657], [1433, 657], [1399, 658], [1400, 658], [1401, 658], [1431, 658], [1432, 658], [1433, 658], [1434, 658], [1400, 659], [1401, 659], [1402, 659], [1432, 659], [1433, 659], [1434, 659], [1400, 660], [1401, 660], [1402, 660], [1403, 660], [1433, 660], [1434, 660], [1435, 660], [1401, 661], [1402, 661], [1403, 661], [1433, 661], [1434, 661], [1435, 661], [1436, 661], [1402, 662], [1403, 662], [1404, 662], [1434, 662], [1435, 662], [1436, 662], [1437, 662], [1402, 663], [1403, 663], [1404, 663], [1405, 663], [1435, 663], [1436, 663], [1437, 663], [1403, 664], [1404, 664], [1405, 664], [1436, 664], [1437, 664], [1438, 664], [1404, 665], [1405, 665], [1406, 665], [1436, 665], [1437, 665], [1438, 665], [1439, 665], [1404, 666], [1405, 666], [1406, 666], [1407, 666], [1437, 666], [1438, 666], [1439, 666], [1405, 667], [1406, 667], [1407, 667], [1408, 667], [1438, 667], [1439, 667], [1440, 667], [1406, 668], [1407, 668], [1408, 668], [1438, 668], [1439, 668], [1440, 668], [1407, 669], [1408, 669], [1409, 669], [1439, 669], [1440, 669], [1441, 669], [1407, 670], [1408, 670], [1409, 670], [1439, 670], [1440, 670], [1441, 670], [1442, 670], [1408, 671], [1409, 671], [1410, 671], [1440, 671], [1441, 671], [1442, 671], [1443, 671], [1408, 672], [1409, 672], [1410, 672], [1411, 672], [1441, 672], [1442, 672], [1443, 672], [1409, 673], [1410, 673], [1411, 673], [1442, 673], [1443, 673], [1444, 673], [1410, 674], [1411, 674], [1412, 674], [1442, 674], [1443, 674], [1444, 674], [1445, 674], [1410, 675], [1411, 675], [1412, 675], [1413, 675], [1443, 675], [1444, 675], [1445, 675], [1411, 676], [1412, 676], [1413, 676], [1444, 676], [1445, 676], [1446, 676], [1412, 677], [1413, 677], [1414, 677], [1444, 677], [1445, 677], [1446, 677], [1447, 677], [1412, 678], [1413, 678], [1414, 678], [1415, 678], [1445, 678], [1446, 678], [1447, 678], [1413, 679], [1414, 679], [1415, 679], [1416, 679], [1446, 679], [1447, 679], [1448, 679], [1414, 680], [1415, 680], [1416, 680], [1446, 680], [1447, 680], [1448, 680], [1449, 680], [1415, 681], [1416, 681], [1417, 681], [1447, 681], [1448, 681], [1449, 681], [1450, 681], [1415, 682], [1416, 682], [1417, 682], [1418, 682], [1448, 682], [1449, 682], [1450, 682], [1416, 683], [1417, 683], [1418, 683], [1419, 683], [1435, 683], [1436, 683], [1437, 683], [1438, 683], [1439, 683], [1449, 683], [1450, 683], [1451, 683], [1417, 684], [1418, 684], [1419, 684], [1435, 684], [1436, 684], [1437, 684], [1438, 684], [1439, 684], [1440, 684], [1449, 684], [1450, 684], [1451, 684], [1452, 684], [1418, 685], [1419, 685], [1435, 685], [1436, 685], [1437, 685], [1438, 685], [1439, 685], [1440, 685], [1450, 685], [1451, 685], [1452, 685], [1453, 685], [1418, 686], [1419, 686], [1420, 686], [1436, 686], [1437, 686], [1438, 686], [1439, 686], [1440, 686], [1451, 686], [1452, 686], [1453, 686], [1418, 687], [1419, 687], [1420, 687], [1421, 687], [1452, 687], [1453, 687], [1454, 687], [1419, 688], [1420, 688], [1421, 688], [1422, 688], [1452, 688], [1453, 688], [1454, 688], [1455, 688], [1420, 689], [1421, 689], [1422, 689], [1453, 689], [1454, 689], [1455, 689], [1456, 689], [1421, 690], [1422, 690], [1423, 690], [1454, 690], [1455, 690], [1456, 690], [1421, 691], [1422, 691], [1423, 691], [1455, 691], [1456, 691], [1457, 691], [1422, 692], [1423, 692], [1424, 692], [1455, 692], [1456, 692], [1457, 692], [1458, 692], [1422, 693], [1423, 693], [1424, 693], [1425, 693], [1456, 693], [1457, 693], [1458, 693], [1423, 694], [1424, 694], [1425, 694], [1457, 694], [1458, 694], [1459, 694], [1424, 695], [1425, 695], [1426, 695], [1457, 695], [1458, 695], [1459, 695], [1460, 695], [1424, 696], [1425, 696], [1426, 696], [1427, 696], [1458, 696], [1459, 696], [1460, 696], [1461, 696], [1425, 697], [1426, 697], [1427, 697], [1428, 697], [1459, 697], [1460, 697], [1461, 697], [1426, 698], [1427, 698], [1428, 698], [1460, 698], [1461, 698], [1462, 698], [1427, 699], [1428, 699], [1460, 699], [1461, 699], [1462, 699], [1463, 699], [1427, 700], [1428, 700], [1429, 700], [1461, 700], [1462, 700], [1463, 700], [1464, 700], [1427, 701], [1428, 701], [1429, 701], [1430, 701], [1462, 701], [1463, 701], [1464, 701], [1428, 702], [1429, 702], [1430, 702], [1431, 702], [1463, 702], [1464, 702], [1465, 702], [1429, 703], [1430, 703], [1431, 703], [1463, 703], [1464, 703], [1465, 703], [1466, 703], [1430, 704], [1431, 704], [1432, 704], [1464, 704], [1465, 704], [1466, 704], [1467, 704], [1430, 705], [1431, 705], [1432, 705], [1433, 705], [1465, 705], [1466, 705], [1467, 705], [1431, 706], [1432, 706], [1433, 706], [1434, 706], [1466, 706], [1467, 706], [1468, 706], [1432, 707], [1433, 707], [1434, 707], [1466, 707], [1467, 707], [1468, 707], [1433, 708], [1434, 708], [1435, 708], [1467, 708], [1468, 708], [1469, 708], [1433, 709], [1434, 709], [1435, 709], [1467, 709], [1468, 709], [1469, 709], [1470, 709], [1434, 710], [1435, 710], [1436, 710], [1468, 710], [1469, 710], [1470, 710], [1434, 711], [1435, 711], [1436, 711], [1469, 711], [1470, 711], [1471, 711], [1435, 712], [1436, 712], [1437, 712], [1469, 712], [1470, 712], [1471, 712], [1472, 712], [1435, 713], [1436, 713], [1437, 713], [1438, 713], [1470, 713], [1471, 713], [1472, 713], [1436, 714], [1437, 714], [1438, 714], [1471, 714], [1472, 714], [1473, 714], [1437, 715], [1438, 715], [1439, 715], [1471, 715], [1472, 715], [1473, 715], [1474, 715], [1437, 716], [1438, 716], [1439, 716], [1440, 716], [1472, 716], [1473, 716], [1474, 716], [1438, 717], [1439, 717], [1440, 717], [1473, 717], [1474, 717], [1475, 717], [1439, 718], [1440, 718], [1441, 718], [1473, 718], [1474, 718], [1475, 718], [1476, 718], [1439, 719], [1440, 719], [1441, 719], [1442, 719], [1474, 719], [1475, 719], [1476, 719], [1477, 719], [1440, 720], [1441, 720], [1442, 720], [1475, 720], [1476, 720], [1477, 720], [1441, 721], [1442, 721], [1443, 721], [1476, 721], [1477, 721], [1478, 721], [1441, 722], [1442, 722], [1443, 722], [1444, 722], [1476, 722], [1477, 722], [1478, 722], [1479, 722], [1442, 723], [1443, 723], [1444, 723], [1477, 723], [1478, 723], [1479, 723], [1480, 723], [1443, 724], [1444, 724], [1445, 724], [1478, 724], [1479, 724], [1480, 724], [1443, 725], [1444, 725], [1445, 725], [1446, 725], [1479, 725], [1480, 725], [1481, 725], [1444, 726], [1445, 726], [1446, 726], [1479, 726], [1480, 726], [1481, 726], [1482, 726], [1445, 727], [1446, 727], [1447, 727], [1480, 727], [1481, 727], [1482, 727], [1445, 728], [1446, 728], [1447, 728], [1448, 728], [1481, 728], [1482, 728], [1483, 728], [1446, 729], [1447, 729], [1448, 729], [1481, 729], [1482, 729], [1483, 729], [1484, 729], [1447, 730], [1448, 730], [1449, 730], [1482, 730], [1483, 730], [1484, 730], [1485, 730], [1447, 731], [1448, 731], [1449, 731], [1450, 731], [1483, 731], [1484, 731], [1485, 731], [1448, 732], [1449, 732], [1450, 732], [1484, 732], [1485, 732], [1486, 732], [1449, 733], [1450, 733], [1451, 733], [1484, 733], [1485, 733], [1486, 733], [1487, 733], [1449, 734], [1450, 734], [1451, 734], [1452, 734], [1485, 734], [1486, 734], [1487, 734], [1488, 734], [1450, 735], [1451, 735], [1452, 735], [1486, 735], [1487, 735], [1488, 735], [1451, 736], [1452, 736], [1453, 736], [1487, 736], [1488, 736], [1489, 736], [1451, 737], [1452, 737], [1453, 737], [1454, 737], [1487, 737], [1488, 737], [1489, 737], [1490, 737], [1452, 738], [1453, 738], [1454, 738], [1488, 738], [1489, 738], [1490, 738], [1453, 739], [1454, 739], [1455, 739], [1489, 739], [1490, 739], [1491, 739], [1453, 740], [1454, 740], [1455, 740], [1456, 740], [1489, 740], [1490, 740], [1491, 740], [1492, 740], [1454, 741], [1455, 741], [1456, 741], [1490, 741], [1491, 741], [1492, 741], [1493, 741], [1455, 742], [1456, 742], [1457, 742], [1491, 742], [1492, 742], [1493, 742], [1455, 743], [1456, 743], [1457, 743], [1458, 743], [1492, 743], [1493, 743], [1494, 743], [1456, 744], [1457, 744], [1458, 744], [1492, 744], [1493, 744], [1494, 744], [1495, 744], [1457, 745], [1458, 745], [1459, 745], [1493, 745], [1494, 745], [1495, 745], [1496, 745], [1457, 746], [1458, 746], [1459, 746], [1494, 746], [1495, 746], [1496, 746], [1458, 747], [1459, 747], [1460, 747], [1495, 747], [1496, 747], [1497, 747], [1458, 748], [1459, 748], [1460, 748], [1461, 748], [1495, 748], [1496, 748], [1497, 748], [1498, 748], [1459, 749], [1460, 749], [1461, 749], [1462, 749], [1496, 749], [1497, 749], [1498, 749], [1499, 749], [1460, 750], [1461, 750], [1462, 750], [1497, 750], [1498, 750], [1499, 750], [1461, 751], [1462, 751], [1463, 751], [1498, 751], [1499, 751], [1500, 751], [1461, 752], [1462, 752], [1463, 752], [1464, 752], [1498, 752], [1499, 752], [1500, 752], [1501, 752], [1462, 753], [1463, 753], [1464, 753], [1465, 753], [1499, 753], [1500, 753], [1501, 753], [1463, 754], [1464, 754], [1465, 754], [1500, 754], [1501, 754], [1502, 754], [1464, 755], [1465, 755], [1466, 755], [1500, 755], [1501, 755], [1502, 755], [1503, 755], [1464, 756], [1465, 756], [1466, 756], [1467, 756], [1501, 756], [1502, 756], [1503, 756], [1465, 757], [1466, 757], [1467, 757], [1502, 757], [1503, 757], [1504, 757], [1466, 758], [1467, 758], [1468, 758], [1502, 758], [1503, 758], [1504, 758], [1505, 758], [1466, 759], [1467, 759], [1468, 759], [1469, 759], [1503, 759], [1504, 759], [1505, 759], [1506, 759], [1467, 760], [1468, 760], [1469, 760], [1504, 760], [1505, 760], [1506, 760], [1468, 761], [1469, 761], [1470, 761], [1505, 761], [1506, 761], [1507, 761], [1468, 762], [1469, 762], [1470, 762], [1505, 762], [1506, 762], [1507, 762], [1508, 762], [1469, 763], [1470, 763], [1471, 763], [1506, 763], [1507, 763], [1508, 763], [1469, 764], [1470, 764], [1471, 764], [1472, 764], [1507, 764], [1508, 764], [1509, 764], [1470, 765], [1471, 765], [1472, 765], [1473, 765], [1507, 765], [1508, 765], [1509, 765], [1510, 765], [1471, 766], [1472, 766], [1473, 766], [1508, 766], [1509, 766], [1510, 766], [1511, 766], [1472, 767], [1473, 767], [1474, 767], [1509, 767], [1510, 767], [1511, 767], [1472, 768], [1473, 768], [1474, 768], [1510, 768], [1511, 768], [1512, 768], [1473, 769], [1474, 769], [1475, 769], [1510, 769], [1511, 769], [1512, 769], [1513, 769], [1473, 770], [1474, 770], [1475, 770], [1476, 770], [1511, 770], [1512, 770], [1513, 770], [1514, 770], [1474, 771], [1475, 771], [1476, 771], [1477, 771], [1512, 771], [1513, 771], [1514, 771], [1475, 772], [1476, 772], [1477, 772], [1478, 772], [1513, 772], [1514, 772], [1515, 772], [1476, 773], [1477, 773], [1478, 773], [1513, 773], [1514, 773], [1515, 773], [1477, 774], [1478, 774], [1479, 774], [1514, 774], [1515, 774], [1516, 774], [1477, 775], [1478, 775], [1479, 775], [1514, 775], [1515, 775], [1516, 775], [1517, 775], [1478, 776], [1479, 776], [1480, 776], [1515, 776], [1516, 776], [1517, 776], [1518, 776], [1478, 777], [1479, 777], [1480, 777], [1481, 777], [1516, 777], [1517, 777], [1518, 777], [1479, 778], [1480, 778], [1481, 778], [1482, 778], [1517, 778], [1518, 778], [1519, 778], [1480, 779], [1481, 779], [1482, 779], [1483, 779], [1517, 779], [1518, 779], [1519, 779], [1520, 779], [1481, 780], [1482, 780], [1483, 780], [1518, 780], [1519, 780], [1520, 780], [1521, 780], [1482, 781], [1483, 781], [1484, 781], [1519, 781], [1520, 781], [1521, 781], [1482, 782], [1483, 782], [1484, 782], [1520, 782], [1521, 782], [1522, 782], [1483, 783], [1484, 783], [1485, 783], [1520, 783], [1521, 783], [1522, 783], [1523, 783], [1483, 784], [1484, 784], [1485, 784], [1521, 784], [1522, 784], [1523, 784], [1524, 784], [1484, 785], [1485, 785], [1486, 785], [1522, 785], [1523, 785], [1524, 785], [1484, 786], [1485, 786], [1486, 786], [1487, 786], [1523, 786], [1524, 786], [1525, 786], [1485, 787], [1486, 787], [1487, 787], [1523, 787], [1524, 787], [1525, 787], [1526, 787], [1486, 788], [1487, 788], [1488, 788], [1524, 788], [1525, 788], [1526, 788], [1486, 789], [1487, 789], [1488, 789], [1489, 789], [1525, 789], [1526, 789], [1527, 789], [1487, 790], [1488, 790], [1489, 790], [1525, 790], [1526, 790], [1527, 790], [1528, 790], [1488, 791], [1489, 791], [1490, 791], [1526, 791], [1527, 791], [1528, 791], [1529, 791], [1488, 792], [1489, 792], [1490, 792], [1491, 792], [1527, 792], [1528, 792], [1529, 792], [1489, 793], [1490, 793], [1491, 793], [1492, 793], [1528, 793], [1529, 793], [1530, 793], [1490, 794], [1491, 794], [1492, 794], [1528, 794], [1529, 794], [1530, 794], [1491, 795], [1492, 795], [1493, 795], [1529, 795], [1530, 795], [1531, 795], [1491, 796], [1492, 796], [1493, 796], [1529, 796], [1530, 796], [1531, 796], [1532, 796], [1492, 797], [1493, 797], [1494, 797], [1530, 797], [1531, 797], [1532, 797], [1533, 797], [1492, 798], [1493, 798], [1494, 798], [1495, 798], [1531, 798], [1532, 798], [1533, 798], [1493, 799], [1494, 799], [1495, 799], [1496, 799], [1532, 799], [1533, 799], [1534, 799], [1494, 800], [1495, 800], [1496, 800], [1532, 800], [1533, 800], [1534, 800], [1535, 800], [1495, 801], [1496, 801], [1497, 801], [1533, 801], [1534, 801], [1535, 801], [1536, 801], [1495, 802], [1496, 802], [1497, 802], [1498, 802], [1534, 802], [1535, 802], [1536, 802], [1496, 803], [1497, 803], [1498, 803], [1535, 803], [1536, 803], [1537, 803], [1497, 804], [1498, 804], [1499, 804], [1535, 804], [1536, 804], [1537, 804], [1538, 804], [1497, 805], [1498, 805], [1499, 805], [1500, 805], [1536, 805], [1537, 805], [1538, 805], [1539, 805], [1498, 806], [1499, 806], [1500, 806], [1537, 806], [1538, 806], [1539, 806], [1499, 807], [1500, 807], [1501, 807], [1538, 807], [1539, 807], [1540, 807], [1499, 808], [1500, 808], [1501, 808], [1538, 808], [1539, 808], [1540, 808], [1541, 808], [1500, 809], [1501, 809], [1502, 809], [1539, 809], [1540, 809], [1541, 809], [1500, 810], [1501, 810], [1502, 810], [1540, 810], [1541, 810], [1542, 810], [1501, 811], [1502, 811], [1503, 811], [1540, 811], [1541, 811], [1542, 811], [1543, 811], [1501, 812], [1502, 812], [1503, 812], [1504, 812], [1541, 812], [1542, 812], [1543, 812], [1544, 812], [1502, 813], [1503, 813], [1504, 813], [1505, 813], [1542, 813], [1543, 813], [1544, 813], [1503, 814], [1504, 814], [1505, 814], [1543, 814], [1544, 814], [1545, 814], [1504, 815], [1505, 815], [1506, 815], [1543, 815], [1544, 815], [1545, 815], [1546, 815], [1504, 816], [1505, 816], [1506, 816], [1507, 816], [1544, 816], [1545, 816], [1546, 816], [1505, 817], [1506, 817], [1507, 817], [1545, 817], [1546, 817], [1547, 817], [1506, 818], [1507, 818], [1508, 818], [1545, 818], [1546, 818], [1547, 818], [1548, 818], [1506, 819], [1507, 819], [1508, 819], [1509, 819], [1546, 819], [1547, 819], [1548, 819], [1549, 819], [1507, 820], [1508, 820], [1509, 820], [1510, 820], [1547, 820], [1548, 820], [1549, 820], [1550, 820], [1508, 821], [1509, 821], [1510, 821], [1548, 821], [1549, 821], [1550, 821], [1509, 822], [1510, 822], [1511, 822], [1549, 822], [1550, 822], [1551, 822], [1509, 823], [1510, 823], [1511, 823], [1512, 823], [1549, 823], [1550, 823], [1551, 823], [1552, 823], [1510, 824], [1511, 824], [1512, 824], [1513, 824], [1550, 824], [1551, 824], [1552, 824], [1511, 825], [1512, 825], [1513, 825], [1551, 825], [1552, 825], [1553, 825], [1512, 826], [1513, 826], [1514, 826], [1551, 826], [1552, 826], [1553, 826], [1554, 826], [1512, 827], [1513, 827], [1514, 827], [1552, 827], [1553, 827], [1554, 827], [1513, 828], [1514, 828], [1515, 828], [1553, 828], [1554, 828], [1555, 828], [1513, 829], [1514, 829], [1515, 829], [1516, 829], [1553, 829], [1554, 829], [1555, 829], [1556, 829], [1514, 830], [1515, 830], [1516, 830], [1517, 830], [1554, 830], [1555, 830], [1556, 830], [1515, 831], [1516, 831], [1517, 831], [1555, 831], [1556, 831], [1557, 831], [1516, 832], [1517, 832], [1518, 832], [1519, 832], [1555, 832], [1556, 832], [1557, 832], [1558, 832], [1516, 833], [1517, 833], [1518, 833], [1519, 833], [1556, 833], [1557, 833], [1558, 833], [1559, 833], [1518, 834], [1519, 834], [1520, 834], [1557, 834], [1558, 834], [1559, 834], [1560, 834], [1518, 835], [1519, 835], [1520, 835], [1521, 835], [1558, 835], [1559, 835], [1560, 835], [1561, 835], [1519, 836], [1520, 836], [1521, 836], [1559, 836], [1560, 836], [1561, 836], [1562, 836], [1520, 837], [1521, 837], [1522, 837], [1560, 837], [1561, 837], [1562, 837], [1520, 838], [1521, 838], [1522, 838], [1523, 838], [1561, 838], [1562, 838], [1563, 838], [1521, 839], [1522, 839], [1523, 839], [1524, 839], [1561, 839], [1562, 839], [1563, 839], [1564, 839], [1522, 840], [1523, 840], [1524, 840], [1562, 840], [1563, 840], [1564, 840], [1523, 841], [1524, 841], [1525, 841], [1563, 841], [1564, 841], [1565, 841], [1523, 842], [1524, 842], [1525, 842], [1526, 842], [1563, 842], [1564, 842], [1565, 842], [1566, 842], [1524, 843], [1525, 843], [1526, 843], [1527, 843], [1564, 843], [1565, 843], [1566, 843], [1567, 843], [1525, 844], [1526, 844], [1527, 844], [1528, 844], [1565, 844], [1566, 844], [1567, 844], [1526, 845], [1527, 845], [1528, 845], [1566, 845], [1567, 845], [1568, 845], [1527, 846], [1528, 846], [1529, 846], [1566, 846], [1567, 846], [1568, 846], [1569, 846], [1527, 847], [1528, 847], [1529, 847], [1567, 847], [1568, 847], [1569, 847], [1570, 847], [1528, 848], [1529, 848], [1530, 848], [1568, 848], [1569, 848], [1570, 848], [1528, 849], [1529, 849], [1530, 849], [1569, 849], [1570, 849], [1571, 849], [1529, 850], [1530, 850], [1569, 850], [1570, 850], [1571, 850], [1572, 850], [1529, 851], [1530, 851], [1531, 851], [1570, 851], [1571, 851], [1572, 851], [1573, 851], [1529, 852], [1530, 852], [1531, 852], [1532, 852], [1571, 852], [1572, 852], [1573, 852], [1574, 852], [1530, 853], [1531, 853], [1532, 853], [1572, 853], [1573, 853], [1574, 853], [1531, 854], [1532, 854], [1533, 854], [1573, 854], [1574, 854], [1575, 854], [1531, 855], [1532, 855], [1533, 855], [1573, 855], [1574, 855], [1575, 855], [1576, 855], [1532, 856], [1533, 856], [1534, 856], [1574, 856], [1575, 856], [1576, 856], [1532, 857], [1533, 857], [1534, 857], [1535, 857], [1575, 857], [1576, 857], [1577, 857], [1533, 858], [1534, 858], [1535, 858], [1575, 858], [1576, 858], [1577, 858], [1578, 858], [1534, 859], [1535, 859], [1536, 859], [1576, 859], [1577, 859], [1578, 859], [1534, 860], [1535, 860], [1536, 860], [1537, 860], [1577, 860], [1578, 860], [1579, 860], [1535, 861], [1536, 861], [1537, 861], [1577, 861], [1578, 861], [1579, 861], [1580, 861], [1536, 862], [1537, 862], [1538, 862], [1578, 862], [1579, 862], [1580, 862], [1581, 862], [1536, 863], [1537, 863], [1538, 863], [1539, 863], [1579, 863], [1580, 863], [1581, 863], [1537, 864], [1538, 864], [1539, 864], [1580, 864], [1581, 864], [1582, 864], [1538, 865], [1539, 865], [1540, 865], [1580, 865], [1581, 865], [1582, 865], [1583, 865], [1538, 866], [1539, 866], [1540, 866], [1541, 866], [1581, 866], [1582, 866], [1583, 866], [1584, 866], [1539, 867], [1540, 867], [1541, 867], [1582, 867], [1583, 867], [1584, 867], [1540, 868], [1541, 868], [1542, 868], [1583, 868], [1584, 868], [1585, 868], [1540, 869], [1541, 869], [1542, 869], [1543, 869], [1583, 869], [1584, 869], [1585, 869], [1586, 869], [1541, 870], [1542, 870], [1543, 870], [1584, 870], [1585, 870], [1586, 870], [1587, 870], [1542, 871], [1543, 871], [1544, 871], [1585, 871], [1586, 871], [1587, 871], [1588, 871], [1542, 872], [1543, 872], [1544, 872], [1545, 872], [1586, 872], [1587, 872], [1588, 872], [1543, 873], [1544, 873], [1545, 873], [1587, 873], [1588, 873], [1589, 873], [1544, 874], [1545, 874], [1546, 874], [1587, 874], [1588, 874], [1589, 874], [1590, 874], [1544, 875], [1545, 875], [1546, 875], [1547, 875], [1588, 875], [1589, 875], [1590, 875], [1545, 876], [1546, 876], [1547, 876], [1548, 876], [1589, 876], [1590, 876], [1591, 876], [1546, 877], [1547, 877], [1548, 877], [1589, 877], [1590, 877], [1591, 877], [1592, 877], [1547, 878], [1548, 878], [1549, 878], [1590, 878], [1591, 878], [1592, 878], [1593, 878], [1547, 879], [1548, 879], [1549, 879], [1550, 879], [1591, 879], [1592, 879], [1593, 879], [1548, 880], [1549, 880], [1550, 880], [1592, 880], [1593, 880], [1594, 880], [1549, 881], [1550, 881], [1551, 881], [1592, 881], [1593, 881], [1594, 881], [1595, 881], [1549, 882], [1550, 882], [1551, 882], [1593, 882], [1594, 882], [1595, 882], [1550, 883], [1551, 883], [1552, 883], [1594, 883], [1595, 883], [1596, 883], [1550, 884], [1551, 884], [1552, 884], [1553, 884], [1594, 884], [1595, 884], [1596, 884], [1597, 884], [1551, 885], [1552, 885], [1553, 885], [1554, 885], [1595, 885], [1596, 885], [1597, 885], [1552, 886], [1553, 886], [1554, 886], [1596, 886], [1597, 886], [1598, 886], [1553, 887], [1554, 887], [1555, 887], [1596, 887], [1597, 887], [1598, 887], [1599, 887], [1553, 888], [1554, 888], [1555, 888], [1556, 888], [1597, 888], [1598, 888], [1599, 888], [1600, 888], [1554, 889], [1555, 889], [1556, 889], [1598, 889], [1599, 889], [1600, 889], [1555, 890], [1556, 890], [1557, 890], [1599, 890], [1600, 890], [1601, 890], [1555, 891], [1556, 891], [1557, 891], [1599, 891], [1600, 891], [1601, 891], [1556, 892], [1557, 892], [1558, 892], [1600, 892], [1601, 892], [1602, 892], [1556, 893], [1557, 893], [1558, 893], [1600, 893], [1601, 893], [1602, 893], [1603, 893], [1557, 894], [1558, 894], [1559, 894], [1601, 894], [1602, 894], [1603, 894], [1604, 894], [1557, 895], [1558, 895], [1559, 895], [1560, 895], [1602, 895], [1603, 895], [1604, 895], [1558, 896], [1559, 896], [1560, 896], [1561, 896], [1603, 896], [1604, 896], [1605, 896], [1559, 897], [1560, 897], [1561, 897], [1603, 897], [1604, 897], [1605, 897], [1606, 897], [1560, 898], [1561, 898], [1562, 898], [1604, 898], [1605, 898], [1606, 898], [1607, 898], [1560, 899], [1561, 899], [1562, 899], [1563, 899], [1605, 899], [1606, 899], [1607, 899], [1608, 899], [1561, 900], [1562, 900], [1563, 900], [1606, 900], [1607, 900], [1608, 900], [1562, 901], [1563, 901], [1564, 901], [1607, 901], [1608, 901], [1609, 901], [1562, 902], [1563, 902], [1564, 902], [1565, 902], [1607, 902], [1608, 902], [1609, 902], [1610, 902], [1563, 903], [1564, 903], [1565, 903], [1608, 903], [1609, 903], [1610, 903], [1611, 903], [1564, 904], [1565, 904], [1566, 904], [1609, 904], [1610, 904], [1611, 904], [1564, 905], [1565, 905], [1566, 905], [1567, 905], [1610, 905], [1611, 905], [1612, 905], [1565, 906], [1566, 906], [1567, 906], [1568, 906], [1610, 906], [1611, 906], [1612, 906], [1566, 907], [1567, 907], [1568, 907], [1611, 907], [1612, 907], [1613, 907], [1567, 908], [1568, 908], [1569, 908], [1611, 908], [1612, 908], [1613, 908], [1614, 908], [1567, 909], [1568, 909], [1569, 909], [1570, 909], [1612, 909], [1613, 909], [1614, 909], [1568, 910], [1569, 910], [1570, 910], [1613, 910], [1614, 910], [1615, 910], [1569, 911], [1570, 911], [1571, 911], [1613, 911], [1614, 911], [1615, 911], [1616, 911], [1569, 912], [1570, 912], [1571, 912], [1572, 912], [1614, 912], [1615, 912], [1616, 912], [1617, 912], [1570, 913], [1571, 913], [1572, 913], [1573, 913], [1615, 913], [1616, 913], [1617, 913], [1571, 914], [1572, 914], [1573, 914], [1616, 914], [1617, 914], [1618, 914], [1572, 915], [1573, 915], [1574, 915], [1616, 915], [1617, 915], [1618, 915], [1619, 915], [1572, 916], [1573, 916], [1574, 916], [1575, 916], [1617, 916], [1618, 916], [1619, 916], [1620, 916], [1573, 917], [1574, 917], [1575, 917], [1576, 917], [1618, 917], [1619, 917], [1620, 917], [1574, 918], [1575, 918], [1576, 918], [1619, 918], [1620, 918], [1621, 918], [1575, 919], [1576, 919], [1577, 919], [1619, 919], [1620, 919], [1621, 919], [1622, 919], [1575, 920], [1576, 920], [1577, 920], [1578, 920], [1620, 920], [1621, 920], [1622, 920], [1576, 921], [1577, 921], [1578, 921], [1579, 921], [1621, 921], [1622, 921], [1623, 921], [1577, 922], [1578, 922], [1579, 922], [1580, 922], [1621, 922], [1622, 922], [1623, 922], [1624, 922], [1578, 923], [1579, 923], [1580, 923], [1622, 923], [1623, 923], [1624, 923], [1579, 924], [1580, 924], [1581, 924], [1623, 924], [1624, 924], [1625, 924], [1579, 925], [1580, 925], [1581, 925], [1582, 925], [1623, 925], [1624, 925], [1625, 925], [1580, 926], [1581, 926], [1582, 926], [1624, 926], [1625, 926], [1626, 926], [1581, 927], [1582, 927], [1624, 927], [1625, 927], [1626, 927], [1627, 927], [1581, 928], [1582, 928], [1583, 928], [1625, 928], [1626, 928], [1627, 928], [1581, 929], [1582, 929], [1583, 929], [1626, 929], [1627, 929], [1628, 929], [1582, 930], [1583, 930], [1626, 930], [1627, 930], [1628, 930], [1629, 930], [1582, 931], [1583, 931], [1584, 931], [1627, 931], [1628, 931], [1629, 931], [1630, 931], [1582, 932], [1583, 932], [1584, 932], [1628, 932], [1629, 932], [1630, 932], [1631, 932], [1583, 933], [1584, 933], [1585, 933], [1629, 933], [1630, 933], [1631, 933], [1583, 934], [1584, 934], [1585, 934], [1586, 934], [1630, 934], [1631, 934], [1632, 934], [1584, 935], [1585, 935], [1586, 935], [1630, 935], [1631, 935], [1632, 935], [1633, 935], [1585, 936], [1586, 936], [1587, 936], [1631, 936], [1632, 936], [1633, 936], [1585, 937], [1586, 937], [1587, 937], [1632, 937], [1633, 937], [1634, 937], [1586, 938], [1587, 938], [1588, 938], [1632, 938], [1633, 938], [1634, 938], [1635, 938], [1586, 939], [1587, 939], [1588, 939], [1589, 939], [1633, 939], [1634, 939], [1635, 939], [1636, 939], [1587, 940], [1588, 940], [1589, 940], [1634, 940], [1635, 940], [1636, 940], [1637, 940], [1588, 941], [1589, 941], [1590, 941], [1635, 941], [1636, 941], [1637, 941], [1588, 942], [1589, 942], [1590, 942], [1591, 942], [1636, 942], [1637, 942], [1638, 942], [1589, 943], [1590, 943], [1591, 943], [1636, 943], [1637, 943], [1638, 943], [1639, 943], [1590, 944], [1591, 944], [1592, 944], [1637, 944], [1638, 944], [1639, 944], [1590, 945], [1591, 945], [1592, 945], [1593, 945], [1638, 945], [1639, 945], [1640, 945], [1591, 946], [1592, 946], [1593, 946], [1594, 946], [1638, 946], [1639, 946], [1640, 946], [1592, 947], [1593, 947], [1594, 947], [1639, 947], [1640, 947], [1641, 947], [1593, 948], [1594, 948], [1595, 948], [1639, 948], [1640, 948], [1641, 948], [1642, 948], [1593, 949], [1594, 949], [1595, 949], [1596, 949], [1640, 949], [1641, 949], [1642, 949], [1643, 949], [1594, 950], [1595, 950], [1596, 950], [1597, 950], [1641, 950], [1642, 950], [1643, 950], [1644, 950], [1595, 951], [1596, 951], [1597, 951], [1642, 951], [1643, 951], [1644, 951], [1645, 951], [1596, 952], [1597, 952], [1598, 952], [1643, 952], [1644, 952], [1645, 952], [1596, 953], [1597, 953], [1598, 953], [1599, 953], [1644, 953], [1645, 953], [1646, 953], [1597, 954], [1598, 954], [1599, 954], [1644, 954], [1645, 954], [1646, 954], [1647, 954], [1598, 955], [1599, 955], [1600, 955], [1645, 955], [1646, 955], [1647, 955], [1598, 956], [1599, 956], [1600, 956], [1601, 956], [1646, 956], [1647, 956], [1648, 956], [1599, 957], [1600, 957], [1601, 957], [1602, 957], [1646, 957], [1647, 957], [1648, 957], [1649, 957], [1600, 958], [1601, 958], [1602, 958], [1647, 958], [1648, 958], [1649, 958], [1650, 958], [1601, 959], [1602, 959], [1603, 959], [1648, 959], [1649, 959], [1650, 959], [1601, 960], [1602, 960], [1603, 960], [1604, 960], [1649, 960], [1650, 960], [1651, 960], [1602, 961], [1603, 961], [1604, 961], [1605, 961], [1649, 961], [1650, 961], [1651, 961], [1652, 961], [1603, 962], [1604, 962], [1605, 962], [1650, 962], [1651, 962], [1652, 962], [1653, 962], [1604, 963], [1605, 963], [1606, 963], [1651, 963], [1652, 963], [1653, 963], [1654, 963], [1604, 964], [1605, 964], [1606, 964], [1607, 964], [1652, 964], [1653, 964], [1654, 964], [1605, 965], [1606, 965], [1607, 965], [1653, 965], [1654, 965], [1655, 965], [1606, 966], [1607, 966], [1608, 966], [1653, 966], [1654, 966], [1655, 966], [1656, 966], [1606, 967], [1607, 967], [1608, 967], [1609, 967], [1654, 967], [1655, 967], [1656, 967], [1657, 967], [1607, 968], [1608, 968], [1609, 968], [1655, 968], [1656, 968], [1657, 968], [1608, 969], [1609, 969], [1610, 969], [1656, 969], [1657, 969], [1658, 969], [1608, 970], [1609, 970], [1610, 970], [1656, 970], [1657, 970], [1658, 970], [1659, 970], [1609, 971], [1610, 971], [1611, 971], [1657, 971], [1658, 971], [1659, 971], [1660, 971], [1609, 972], [1610, 972], [1611, 972], [1612, 972], [1658, 972], [1659, 972], [1660, 972], [1610, 973], [1611, 973], [1612, 973], [1659, 973], [1660, 973], [1661, 973], [1611, 974], [1612, 974], [1613, 974], [1659, 974], [1660, 974], [1661, 974], [1662, 974], [1611, 975], [1612, 975], [1613, 975], [1614, 975], [1660, 975], [1661, 975], [1662, 975], [1612, 976], [1613, 976], [1614, 976], [1661, 976], [1662, 976], [1663, 976], [1613, 977], [1614, 977], [1615, 977], [1661, 977], [1662, 977], [1663, 977], [1664, 977], [1613, 978], [1614, 978], [1615, 978], [1616, 978], [1662, 978], [1663, 978], [1664, 978], [1614, 979], [1615, 979], [1616, 979], [1617, 979], [1663, 979], [1664, 979], [1665, 979], [1615, 980], [1616, 980], [1617, 980], [1663, 980], [1664, 980], [1665, 980], [1666, 980], [1616, 981], [1617, 981], [1618, 981], [1664, 981], [1665, 981], [1666, 981], [1667, 981], [1616, 982], [1617, 982], [1618, 982], [1619, 982], [1665, 982], [1666, 982], [1667, 982], [1617, 983], [1618, 983], [1619, 983], [1620, 983], [1666, 983], [1667, 983], [1668, 983], [1618, 984], [1619, 984], [1620, 984], [1621, 984], [1666, 984], [1667, 984], [1668, 984], [1669, 984], [1619, 985], [1620, 985], [1621, 985], [1667, 985], [1668, 985], [1669, 985], [1670, 985], [1620, 986], [1621, 986], [1622, 986], [1668, 986], [1669, 986], [1670, 986], [1620, 987], [1621, 987], [1622, 987], [1669, 987], [1670, 987], [1671, 987], [1621, 988], [1622, 988], [1623, 988], [1669, 988], [1670, 988], [1671, 988], [1672, 988], [1621, 989], [1622, 989], [1623, 989], [1624, 989], [1670, 989], [1671, 989], [1672, 989], [1673, 989], [1622, 990], [1623, 990], [1624, 990], [1625, 990], [1671, 990], [1672, 990], [1673, 990], [1674, 990], [1623, 991], [1624, 991], [1625, 991], [1672, 991], [1673, 991], [1674, 991], [1624, 992], [1625, 992], [1626, 992], [1673, 992], [1674, 992], [1675, 992], [1624, 993], [1625, 993], [1626, 993], [1627, 993], [1673, 993], [1674, 993], [1675, 993], [1676, 993], [1625, 994], [1626, 994], [1627, 994], [1674, 994], [1675, 994], [1676, 994], [1677, 994], [1626, 995], [1627, 995], [1628, 995], [1675, 995], [1676, 995], [1677, 995], [1626, 996], [1627, 996], [1628, 996], [1676, 996], [1677, 996], [1678, 996], [1627, 997], [1628, 997], [1629, 997], [1676, 997], [1677, 997], [1678, 997], [1679, 997], [1627, 998], [1628, 998], [1629, 998], [1630, 998], [1677, 998], [1678, 998], [1679, 998], [1628, 999], [1629, 999], [1630, 999], [1631, 999], [1678, 999], [1679, 999], [1680, 999], [1629, 1000], [1630, 1000], [1631, 1000], [1678, 1000], [1679, 1000], [1680, 1000], [1681, 1000], [1630, 1001], [1631, 1001], [1632, 1001], [1679, 1001], [1680, 1001], [1681, 1001], [1630, 1002], [1631, 1002], [1632, 1002], [1633, 1002], [1680, 1002], [1681, 1002], [1682, 1002], [1631, 1003], [1632, 1003], [1633, 1003], [1634, 1003], [1680, 1003], [1681, 1003], [1682, 1003], [1683, 1003], [1632, 1004], [1633, 1004], [1634, 1004], [1681, 1004], [1682, 1004], [1683, 1004], [1684, 1004], [1633, 1005], [1634, 1005], [1635, 1005], [1682, 1005], [1683, 1005], [1684, 1005], [1685, 1005], [1633, 1006], [1634, 1006], [1635, 1006], [1683, 1006], [1684, 1006], [1685, 1006], [1634, 1007], [1635, 1007], [1636, 1007], [1684, 1007], [1685, 1007], [1686, 1007], [1634, 1008], [1635, 1008], [1636, 1008], [1637, 1008], [1684, 1008], [1685, 1008], [1686, 1008], [1687, 1008], [1635, 1009], [1636, 1009], [1637, 1009], [1685, 1009], [1686, 1009], [1687, 1009], [1636, 1010], [1637, 1010], [1638, 1010], [1686, 1010], [1687, 1010], [1688, 1010], [1636, 1011], [1637, 1011], [1638, 1011], [1686, 1011], [1687, 1011], [1688, 1011], [1689, 1011], [1637, 1012], [1638, 1012], [1639, 1012], [1687, 1012], [1688, 1012], [1689, 1012], [1690, 1012], [1637, 1013], [1638, 1013], [1639, 1013], [1688, 1013], [1689, 1013], [1690, 1013], [1638, 1014], [1639, 1014], [1640, 1014], [1689, 1014], [1690, 1014], [1691, 1014], [1638, 1015], [1639, 1015], [1640, 1015], [1641, 1015], [1689, 1015], [1690, 1015], [1691, 1015], [1692, 1015], [1639, 1016], [1640, 1016], [1641, 1016], [1642, 1016], [1690, 1016], [1691, 1016], [1692, 1016], [1640, 1017], [1641, 1017], [1642, 1017], [1643, 1017], [1691, 1017], [1692, 1017], [1693, 1017], [1641, 1018], [1642, 1018], [1643, 1018], [1644, 1018], [1691, 1018], [1692, 1018], [1693, 1018], [1694, 1018], [1642, 1019], [1643, 1019], [1644, 1019], [1645, 1019], [1692, 1019], [1693, 1019], [1694, 1019], [1695, 1019], [1643, 1020], [1644, 1020], [1645, 1020], [1646, 1020], [1693, 1020], [1694, 1020], [1695, 1020], [1644, 1021], [1645, 1021], [1646, 1021], [1694, 1021], [1695, 1021], [1696, 1021], [1645, 1022], [1646, 1022], [1647, 1022], [1694, 1022], [1695, 1022], [1696, 1022], [1697, 1022], [1645, 1023], [1646, 1023], [1647, 1023], [1648, 1023], [1695, 1023], [1696, 1023], [1697, 1023], [1646, 1024], [1647, 1024], [1648, 1024], [1696, 1024], [1697, 1024], [1698, 1024], [1647, 1025], [1648, 1025], [1649, 1025], [1696, 1025], [1697, 1025], [1698, 1025], [1699, 1025], [1647, 1026], [1648, 1026], [1649, 1026], [1650, 1026], [1697, 1026], [1698, 1026], [1699, 1026], [1700, 1026], [1648, 1027], [1649, 1027], [1650, 1027], [1651, 1027], [1698, 1027], [1699, 1027], [1700, 1027], [1701, 1027], [1649, 1028], [1650, 1028], [1651, 1028], [1652, 1028], [1699, 1028], [1700, 1028], [1701, 1028], [1650, 1029], [1651, 1029], [1652, 1029], [1653, 1029], [1655, 1029], [1656, 1029], [1657, 1029], [1700, 1029], [1701, 1029], [1702, 1029], [1651, 1030], [1652, 1030], [1653, 1030], [1654, 1030], [1655, 1030], [1656, 1030], [1657, 1030], [1658, 1030], [1659, 1030], [1660, 1030], [1700, 1030], [1701, 1030], [1702, 1030], [1703, 1030], [1652, 1031], [1653, 1031], [1654, 1031], [1655, 1031], [1656, 1031], [1657, 1031], [1658, 1031], [1659, 1031], [1660, 1031], [1661, 1031], [1701, 1031], [1702, 1031], [1703, 1031], [1655, 1032], [1656, 1032], [1657, 1032], [1659, 1032], [1660, 1032], [1661, 1032], [1662, 1032], [1663, 1032], [1702, 1032], [1703, 1032], [1704, 1032], [1655, 1033], [1656, 1033], [1657, 1033], [1658, 1033], [1660, 1033], [1661, 1033], [1662, 1033], [1663, 1033], [1664, 1033], [1702, 1033], [1703, 1033], [1704, 1033], [1705, 1033], [1655, 1034], [1656, 1034], [1657, 1034], [1658, 1034], [1662, 1034], [1663, 1034], [1664, 1034], [1703, 1034], [1704, 1034], [1705, 1034], [1706, 1034], [1655, 1035], [1656, 1035], [1657, 1035], [1658, 1035], [1663, 1035], [1664, 1035], [1665, 1035], [1704, 1035], [1705, 1035], [1706, 1035], [1657, 1036], [1658, 1036], [1659, 1036], [1663, 1036], [1664, 1036], [1665, 1036], [1705, 1036], [1706, 1036], [1707, 1036], [1657, 1037], [1659, 1037], [1664, 1037], [1665, 1037], [1666, 1037], [1667, 1037], [1705, 1037], [1706, 1037], [1707, 1037], [1708, 1037], [1657, 1038], [1658, 1038], [1659, 1038], [1664, 1038], [1665, 1038], [1666, 1038], [1667, 1038], [1706, 1038], [1707, 1038], [1708, 1038], [1709, 1038], [1666, 1039], [1667, 1039], [1668, 1039], [1669, 1039], [1707, 1039], [1708, 1039], [1709, 1039], [1666, 1040], [1667, 1040], [1668, 1040], [1669, 1040], [1670, 1040], [1708, 1040], [1709, 1040], [1710, 1040], [1661, 1041], [1662, 1041], [1663, 1041], [1664, 1041], [1668, 1041], [1669, 1041], [1670, 1041], [1708, 1041], [1709, 1041], [1710, 1041], [1711, 1041], [1661, 1042], [1662, 1042], [1663, 1042], [1664, 1042], [1665, 1042], [1669, 1042], [1670, 1042], [1709, 1042], [1710, 1042], [1711, 1042], [1712, 1042], [1661, 1043], [1662, 1043], [1663, 1043], [1664, 1043], [1665, 1043], [1666, 1043], [1667, 1043], [1668, 1043], [1669, 1043], [1670, 1043], [1710, 1043], [1711, 1043], [1712, 1043], [1713, 1043], [1662, 1044], [1663, 1044], [1664, 1044], [1665, 1044], [1666, 1044], [1667, 1044], [1668, 1044], [1669, 1044], [1670, 1044], [1711, 1044], [1712, 1044], [1713, 1044], [1714, 1044], [1665, 1045], [1666, 1045], [1667, 1045], [1712, 1045], [1713, 1045], [1714, 1045], [1665, 1046], [1666, 1046], [1667, 1046], [1713, 1046], [1714, 1046], [1715, 1046], [1666, 1047], [1667, 1047], [1668, 1047], [1713, 1047], [1714, 1047], [1715, 1047], [1716, 1047], [1666, 1048], [1667, 1048], [1668, 1048], [1714, 1048], [1715, 1048], [1716, 1048], [1717, 1048], [1667, 1049], [1668, 1049], [1715, 1049], [1716, 1049], [1717, 1049], [1667, 1050], [1668, 1050], [1716, 1050], [1717, 1050], [1718, 1050], [1667, 1051], [1668, 1051], [1716, 1051], [1717, 1051], [1718, 1051], [1719, 1051], [1667, 1052], [1668, 1052], [1669, 1052], [1717, 1052], [1718, 1052], [1719, 1052], [1720, 1052], [1667, 1053], [1668, 1053], [1669, 1053], [1718, 1053], [1719, 1053], [1720, 1053], [1668, 1054], [1669, 1054], [1670, 1054], [1719, 1054], [1720, 1054], [1721, 1054], [1668, 1055], [1669, 1055], [1670, 1055], [1671, 1055], [1719, 1055], [1720, 1055], [1721, 1055], [1722, 1055], [1669, 1056], [1670, 1056], [1671, 1056], [1672, 1056], [1720, 1056], [1721, 1056], [1722, 1056], [1723, 1056], [1670, 1057], [1671, 1057], [1672, 1057], [1673, 1057], [1721, 1057], [1722, 1057], [1723, 1057], [1724, 1057], [1671, 1058], [1672, 1058], [1673, 1058], [1674, 1058], [1722, 1058], [1723, 1058], [1724, 1058], [1672, 1059], [1673, 1059], [1674, 1059], [1723, 1059], [1724, 1059], [1725, 1059], [1673, 1060], [1674, 1060], [1723, 1060], [1724, 1060], [1725, 1060], [1726, 1060], [1673, 1061], [1674, 1061], [1724, 1061], [1725, 1061], [1726, 1061], [1673, 1062], [1674, 1062], [1675, 1062], [1725, 1062], [1726, 1062], [1727, 1062], [1673, 1063], [1674, 1063], [1675, 1063], [1676, 1063], [1725, 1063], [1726, 1063], [1727, 1063], [1674, 1064], [1675, 1064], [1676, 1064], [1726, 1064], [1727, 1064], [1728, 1064], [1675, 1065], [1676, 1065], [1677, 1065], [1726, 1065], [1727, 1065], [1728, 1065], [1729, 1065], [1675, 1066], [1676, 1066], [1677, 1066], [1678, 1066], [1727, 1066], [1728, 1066], [1729, 1066], [1730, 1066], [1676, 1067], [1677, 1067], [1678, 1067], [1728, 1067], [1729, 1067], [1730, 1067], [1731, 1067], [1677, 1068], [1678, 1068], [1679, 1068], [1729, 1068], [1730, 1068], [1731, 1068], [1677, 1069], [1678, 1069], [1679, 1069], [1680, 1069], [1730, 1069], [1731, 1069], [1732, 1069], [1678, 1070], [1679, 1070], [1680, 1070], [1730, 1070], [1731, 1070], [1732, 1070], [1733, 1070], [1679, 1071], [1680, 1071], [1681, 1071], [1731, 1071], [1732, 1071], [1733, 1071], [1734, 1071], [1679, 1072], [1680, 1072], [1681, 1072], [1682, 1072], [1732, 1072], [1733, 1072], [1734, 1072], [1680, 1073], [1681, 1073], [1682, 1073], [1733, 1073], [1734, 1073], [1735, 1073], [1681, 1074], [1682, 1074], [1683, 1074], [1733, 1074], [1734, 1074], [1735, 1074], [1736, 1074], [1681, 1075], [1682, 1075], [1683, 1075], [1684, 1075], [1734, 1075], [1735, 1075], [1736, 1075], [1682, 1076], [1683, 1076], [1684, 1076], [1685, 1076], [1735, 1076], [1736, 1076], [1737, 1076], [1683, 1077], [1684, 1077], [1685, 1077], [1686, 1077], [1735, 1077], [1736, 1077], [1737, 1077], [1738, 1077], [1684, 1078], [1685, 1078], [1686, 1078], [1736, 1078], [1737, 1078], [1738, 1078], [1685, 1079], [1686, 1079], [1737, 1079], [1738, 1079]


