White line left - 




Yellow line left - [1339, 599], [1340, 599], [1341, 599], [1342, 599], [1339, 600], [1340, 600], [1341, 600], [1342, 600], [1343, 600], [1344, 600], [1339, 601], [1340, 601], [1341, 601], [1342, 601], [1343, 601], [1344, 601], [1345, 601], [1340, 602], [1341, 602], [1342, 602], [1343, 602], [1344, 602], [1345, 602], [1340, 603], [1341, 603], [1342, 603], [1343, 603], [1344, 603], [1345, 603], [1341, 604], [1342, 604], [1343, 604], [1344, 604], [1345, 604], [1346, 604], [1347, 604], [1348, 604], [1342, 605], [1343, 605], [1344, 605], [1345, 605], [1346, 605], [1347, 605], [1348, 605], [1342, 606], [1343, 606], [1344, 606], [1345, 606], [1346, 606], [1347, 606], [1348, 606], [1345, 607], [1346, 607], [1347, 607]




Yellow line right - [1328, 535], [1329, 535], [1330, 535], [1327, 536], [1328, 536], [1329, 536], [1330, 536], [1331, 536], [1327, 537], [1328, 537], [1330, 537], [1331, 537], [1327, 538], [1328, 538], [1329, 538], [1330, 538], [1331, 538], [1328, 539], [1329, 539], [1330, 539], [1337, 540], [1338, 540], [1339, 540], [1340, 540], [1341, 540], [1342, 540], [1336, 541], [1337, 541], [1338, 541], [1339, 541], [1340, 541], [1341, 541], [1342, 541], [1343, 541], [1344, 541], [1345, 541], [1336, 542], [1337, 542], [1338, 542], [1341, 542], [1342, 542], [1343, 542], [1344, 542], [1345, 542], [1336, 543], [1337, 543], [1344, 543], [1345, 543], [1346, 543], [1336, 544], [1337, 544], [1344, 544], [1345, 544], [1346, 544], [1347, 544], [1336, 545], [1337, 545], [1338, 545], [1339, 545], [1340, 545], [1345, 545], [1346, 545], [1347, 545], [1336, 546], [1337, 546], [1338, 546], [1339, 546], [1340, 546], [1341, 546], [1342, 546], [1344, 546], [1345, 546], [1346, 546], [1347, 546], [1339, 547], [1340, 547], [1341, 547], [1342, 547], [1343, 547], [1344, 547], [1345, 547], [1346, 547], [1341, 548], [1342, 548], [1343, 548], [1344, 548], [1345, 548], [1346, 548], [1352, 548], [1353, 548], [1354, 548], [1355, 548], [1356, 548], [1357, 548], [1341, 549], [1342, 549], [1343, 549], [1344, 549], [1345, 549], [1346, 549], [1352, 549], [1353, 549], [1354, 549], [1355, 549], [1356, 549], [1357, 549], [1358, 549], [1359, 549], [1341, 550], [1342, 550], [1343, 550], [1344, 550], [1345, 550], [1346, 550], [1347, 550], [1348, 550], [1352, 550], [1353, 550], [1354, 550], [1356, 550], [1357, 550], [1358, 550], [1359, 550], [1341, 551], [1342, 551], [1343, 551], [1344, 551], [1345, 551], [1346, 551], [1347, 551], [1348, 551], [1349, 551], [1350, 551], [1352, 551], [1353, 551], [1354, 551], [1355, 551], [1356, 551], [1358, 551], [1359, 551], [1360, 551], [1361, 551], [1342, 552], [1343, 552], [1344, 552], [1345, 552], [1347, 552], [1348, 552], [1349, 552], [1350, 552], [1351, 552], [1352, 552], [1354, 552], [1355, 552], [1356, 552], [1357, 552], [1358, 552], [1359, 552], [1360, 552], [1361, 552], [1362, 552], [1363, 552], [1343, 553], [1344, 553], [1345, 553], [1346, 553], [1347, 553], [1349, 553], [1350, 553], [1351, 553], [1352, 553], [1353, 553], [1355, 553], [1356, 553], [1357, 553], [1358, 553], [1360, 553], [1361, 553], [1362, 553], [1363, 553], [1364, 553], [1344, 554], [1345, 554], [1346, 554], [1347, 554], [1348, 554], [1351, 554], [1352, 554], [1353, 554], [1356, 554], [1357, 554], [1358, 554], [1362, 554], [1363, 554], [1364, 554], [1346, 555], [1347, 555], [1348, 555], [1349, 555], [1350, 555], [1351, 555], [1352, 555], [1353, 555], [1356, 555], [1357, 555], [1358, 555], [1363, 555], [1364, 555], [1365, 555], [1347, 556], [1348, 556], [1349, 556], [1350, 556], [1351, 556], [1352, 556], [1353, 556], [1356, 556], [1357, 556], [1358, 556], [1363, 556], [1364, 556], [1365, 556], [1366, 556], [1367, 556], [1349, 557], [1350, 557], [1351, 557], [1352, 557], [1353, 557], [1355, 557], [1356, 557], [1357, 557], [1364, 557], [1365, 557], [1366, 557], [1367, 557], [1368, 557], [1350, 558], [1351, 558], [1353, 558], [1354, 558], [1355, 558], [1356, 558], [1357, 558], [1366, 558], [1367, 558], [1368, 558], [1369, 558], [1352, 559], [1353, 559], [1354, 559], [1355, 559], [1356, 559], [1363, 559], [1364, 559], [1365, 559], [1367, 559], [1368, 559], [1369, 559], [1370, 559], [1352, 560], [1353, 560], [1354, 560], [1355, 560], [1363, 560], [1364, 560], [1365, 560], [1366, 560], [1367, 560], [1369, 560], [1370, 560], [1353, 561], [1354, 561], [1355, 561], [1356, 561], [1362, 561], [1363, 561], [1364, 561], [1365, 561], [1366, 561], [1367, 561], [1368, 561], [1369, 561], [1370, 561], [1354, 562], [1355, 562], [1356, 562], [1357, 562], [1362, 562], [1363, 562], [1364, 562], [1367, 562], [1368, 562], [1369, 562], [1370, 562], [1355, 563], [1356, 563], [1357, 563], [1358, 563], [1359, 563], [1362, 563], [1363, 563], [1367, 563], [1368, 563], [1369, 563], [1356, 564], [1357, 564], [1358, 564], [1359, 564], [1360, 564], [1362, 564], [1363, 564], [1367, 564], [1368, 564], [1369, 564], [1370, 564], [1358, 565], [1359, 565], [1360, 565], [1361, 565], [1362, 565], [1363, 565], [1364, 565], [1365, 565], [1366, 565], [1367, 565], [1368, 565], [1369, 565], [1370, 565], [1371, 565], [1359, 566], [1360, 566], [1361, 566], [1362, 566], [1363, 566], [1365, 566], [1366, 566], [1367, 566], [1368, 566], [1369, 566], [1370, 566], [1371, 566], [1372, 566], [1373, 566], [1363, 567], [1364, 567], [1365, 567], [1366, 567], [1370, 567], [1371, 567], [1372, 567], [1373, 567], [1364, 568], [1365, 568], [1366, 568], [1372, 568], [1373, 568], [1374, 568], [1375, 568], [1376, 568], [1377, 568], [1364, 569], [1365, 569], [1366, 569], [1372, 569], [1373, 569], [1374, 569], [1375, 569], [1376, 569], [1377, 569], [1378, 569], [1365, 570], [1366, 570], [1367, 570], [1368, 570], [1369, 570], [1370, 570], [1371, 570], [1372, 570], [1376, 570], [1377, 570], [1378, 570], [1365, 571], [1366, 571], [1367, 571], [1368, 571], [1369, 571], [1370, 571], [1371, 571], [1372, 571], [1373, 571], [1374, 571], [1376, 571], [1377, 571], [1378, 571], [1367, 572], [1368, 572], [1369, 572], [1371, 572], [1372, 572], [1373, 572], [1374, 572], [1375, 572], [1376, 572], [1377, 572], [1378, 572], [1373, 573], [1374, 573], [1375, 573], [1376, 573], [1377, 573], [1380, 573], [1381, 573], [1382, 573], [1383, 573], [1384, 573], [1374, 574], [1375, 574], [1376, 574], [1377, 574], [1378, 574], [1379, 574], [1380, 574], [1381, 574], [1382, 574], [1383, 574], [1384, 574], [1385, 574], [1375, 575], [1376, 575], [1377, 575], [1378, 575], [1379, 575], [1380, 575], [1381, 575], [1382, 575], [1383, 575], [1384, 575], [1385, 575], [1374, 576], [1375, 576], [1376, 576], [1378, 576], [1379, 576], [1380, 576], [1381, 576], [1382, 576], [1383, 576], [1384, 576], [1385, 576], [1374, 577], [1375, 577], [1376, 577], [1379, 577], [1381, 577], [1382, 577], [1383, 577], [1384, 577], [1385, 577], [1386, 577], [1374, 578], [1375, 578], [1376, 578], [1379, 578], [1380, 578], [1381, 578], [1382, 578], [1383, 578], [1384, 578], [1385, 578], [1386, 578], [1387, 578], [1388, 578], [1389, 578], [1375, 579], [1376, 579], [1377, 579], [1385, 579], [1386, 579], [1387, 579], [1388, 579], [1389, 579], [1390, 579], [1391, 579], [1392, 579], [1375, 580], [1376, 580], [1377, 580], [1378, 580], [1388, 580], [1389, 580], [1390, 580], [1391, 580], [1392, 580], [1393, 580], [1376, 581], [1377, 581], [1378, 581], [1379, 581], [1391, 581], [1392, 581], [1393, 581], [1394, 581], [1377, 582], [1378, 582], [1379, 582], [1380, 582], [1381, 582], [1392, 582], [1393, 582], [1394, 582], [1395, 582], [1378, 583], [1379, 583], [1380, 583], [1381, 583], [1382, 583], [1393, 583], [1394, 583], [1395, 583], [1396, 583], [1397, 583], [1380, 584], [1381, 584], [1382, 584], [1383, 584], [1394, 584], [1395, 584], [1396, 584], [1397, 584], [1398, 584], [1399, 584], [1381, 585], [1382, 585], [1383, 585], [1384, 585], [1385, 585], [1396, 585], [1397, 585], [1398, 585], [1399, 585], [1382, 586], [1383, 586], [1384, 586], [1385, 586], [1386, 586], [1398, 586], [1399, 586], [1400, 586], [1401, 586], [1384, 587], [1385, 587], [1386, 587], [1387, 587], [1396, 587], [1397, 587], [1398, 587], [1399, 587], [1400, 587], [1401, 587], [1385, 588], [1386, 588], [1387, 588], [1388, 588], [1396, 588], [1397, 588], [1398, 588], [1399, 588], [1400, 588], [1401, 588], [1386, 589], [1387, 589], [1388, 589], [1389, 589], [1390, 589], [1395, 589], [1396, 589], [1397, 589], [1387, 590], [1388, 590], [1389, 590], [1390, 590], [1391, 590], [1392, 590], [1395, 590], [1396, 590], [1397, 590], [1389, 591], [1390, 591], [1391, 591], [1392, 591], [1395, 591], [1396, 591], [1391, 592], [1392, 592], [1395, 592], [1396, 592], [1391, 593], [1392, 593], [1393, 593], [1394, 593], [1395, 593], [1396, 593], [1391, 594], [1392, 594], [1393, 594], [1394, 594], [1395, 594], [1396, 594], [1393, 595], [1394, 595], [1395, 595], [1408, 597], [1409, 597], [1410, 597], [1411, 597], [1407, 598], [1408, 598], [1409, 598], [1410, 598], [1411, 598], [1406, 599], [1407, 599], [1408, 599], [1409, 599], [1410, 599], [1411, 599], [1406, 600], [1407, 600], [1408, 600], [1409, 600], [1410, 600], [1411, 600], [1406, 601], [1407, 601], [1409, 601], [1410, 601], [1411, 601], [1406, 602], [1407, 602], [1408, 602], [1409, 602], [1410, 602], [1411, 602], [1406, 603], [1407, 603], [1408, 603], [1409, 603], [1410, 603], [1411, 603], [1415, 603], [1416, 603], [1417, 603], [1418, 603], [1407, 604], [1408, 604], [1409, 604], [1410, 604], [1411, 604], [1415, 604], [1416, 604], [1417, 604], [1418, 604], [1415, 605], [1416, 605], [1417, 605], [1418, 605], [1415, 606], [1416, 606], [1417, 606], [1418, 606], [1419, 606], [1415, 607], [1416, 607], [1417, 607], [1418, 607], [1419, 607], [1415, 608], [1416, 608], [1417, 608], [1418, 608], [1419, 608]




White line right - 


