White line left - 




Yellow line left - [416, 968], [417, 968], [418, 968], [414, 969], [415, 969], [416, 969], [417, 969], [418, 969], [414, 970], [415, 970], [416, 970], [417, 970], [418, 970], [414, 971], [415, 971], [417, 971], [418, 971], [413, 972], [414, 972], [415, 972], [417, 972], [418, 972], [413, 973], [414, 973], [415, 973], [417, 973], [418, 973], [413, 974], [414, 974], [416, 974], [417, 974], [418, 974], [413, 975], [414, 975], [415, 975], [416, 975], [417, 975], [418, 975], [413, 976], [414, 976], [415, 976], [416, 976], [417, 976], [418, 976], [419, 976], [412, 977], [413, 977], [414, 977], [415, 977], [417, 977], [418, 977], [419, 977], [412, 978], [413, 978], [414, 978], [415, 978], [416, 978], [417, 978], [418, 978], [419, 978], [410, 979], [411, 979], [412, 979], [413, 979], [414, 979], [415, 979], [416, 979], [417, 979], [418, 979], [419, 979], [410, 980], [411, 980], [412, 980], [413, 980], [415, 980], [416, 980], [417, 980], [410, 981], [411, 981], [412, 981], [415, 981], [416, 981], [417, 981], [409, 982], [410, 982], [411, 982], [412, 982], [415, 982], [416, 982], [417, 982], [409, 983], [410, 983], [411, 983], [415, 983], [416, 983], [417, 983], [409, 984], [410, 984], [415, 984], [416, 984], [409, 985], [410, 985], [415, 985], [416, 985], [409, 986], [410, 986], [415, 986], [416, 986], [408, 987], [409, 987], [410, 987], [415, 987], [416, 987], [408, 988], [409, 988], [410, 988], [415, 988], [416, 988], [408, 989], [409, 989], [410, 989], [413, 989], [414, 989], [415, 989], [416, 989], [408, 990], [409, 990], [410, 990], [411, 990], [412, 990], [413, 990], [414, 990], [415, 990], [416, 990], [409, 991], [410, 991], [411, 991], [412, 991], [413, 991], [414, 991]




Yellow line right - [1307, 657], [1308, 657], [1309, 657], [1310, 657], [1311, 657], [1312, 657], [1313, 657], [1314, 657], [1315, 657], [1316, 657], [1317, 657], [1306, 658], [1307, 658], [1308, 658], [1309, 658], [1310, 658], [1311, 658], [1312, 658], [1313, 658], [1314, 658], [1315, 658], [1316, 658], [1317, 658], [1318, 658], [1319, 658], [1320, 658], [1321, 658], [1306, 659], [1307, 659], [1308, 659], [1316, 659], [1317, 659], [1318, 659], [1319, 659], [1320, 659], [1321, 659], [1322, 659], [1306, 660], [1307, 660], [1308, 660], [1320, 660], [1321, 660], [1322, 660], [1323, 660], [1307, 661], [1308, 661], [1309, 661], [1321, 661], [1322, 661], [1323, 661], [1324, 661], [1307, 662], [1308, 662], [1309, 662], [1310, 662], [1322, 662], [1323, 662], [1324, 662], [1325, 662], [1326, 662], [1308, 663], [1309, 663], [1310, 663], [1311, 663], [1323, 663], [1324, 663], [1325, 663], [1326, 663], [1327, 663], [1328, 663], [1309, 664], [1310, 664], [1311, 664], [1312, 664], [1325, 664], [1326, 664], [1327, 664], [1328, 664], [1329, 664], [1310, 665], [1311, 665], [1312, 665], [1313, 665], [1314, 665], [1327, 665], [1328, 665], [1329, 665], [1330, 665], [1311, 666], [1312, 666], [1313, 666], [1314, 666], [1315, 666], [1316, 666], [1317, 666], [1318, 666], [1319, 666], [1327, 666], [1328, 666], [1329, 666], [1330, 666], [1313, 667], [1314, 667], [1315, 667], [1316, 667], [1317, 667], [1318, 667], [1319, 667], [1320, 667], [1321, 667], [1322, 667], [1323, 667], [1324, 667], [1325, 667], [1326, 667], [1327, 667], [1328, 667], [1329, 667], [1330, 667], [1318, 668], [1319, 668], [1320, 668], [1321, 668], [1322, 668], [1323, 668], [1324, 668], [1325, 668], [1326, 668], [1327, 668], [1328, 668]




White line right - [1534, 226], [1535, 226], [1536, 226], [1537, 226], [1533, 227], [1534, 227], [1535, 227], [1536, 227], [1537, 227], [1538, 227], [1539, 227], [1536, 228], [1537, 228], [1538, 228], [1539, 228], [1540, 228], [1541, 228], [1542, 228], [1529, 229], [1538, 229], [1539, 229], [1540, 229], [1541, 229], [1542, 229], [1543, 229], [1544, 229], [1545, 229], [1527, 230], [1528, 230], [1529, 230], [1530, 230], [1531, 230], [1532, 230], [1541, 230], [1542, 230], [1543, 230], [1544, 230], [1545, 230], [1546, 230], [1547, 230], [1528, 231], [1529, 231], [1530, 231], [1531, 231], [1532, 231], [1533, 231], [1534, 231], [1544, 231], [1545, 231], [1546, 231], [1547, 231], [1548, 231], [1549, 231], [1550, 231], [1531, 232], [1532, 232], [1533, 232], [1534, 232], [1535, 232], [1536, 232], [1537, 232], [1538, 232], [1546, 232], [1547, 232], [1548, 232], [1549, 232], [1550, 232], [1551, 232], [1552, 232], [1533, 233], [1534, 233], [1535, 233], [1536, 233], [1537, 233], [1538, 233], [1539, 233], [1540, 233], [1541, 233], [1549, 233], [1550, 233], [1551, 233], [1552, 233], [1553, 233], [1537, 234], [1538, 234], [1539, 234], [1540, 234], [1541, 234], [1542, 234], [1543, 234], [1551, 234], [1552, 234], [1553, 234], [1554, 234], [1555, 234], [1540, 235], [1541, 235], [1542, 235], [1543, 235], [1544, 235], [1545, 235], [1546, 235], [1547, 235], [1552, 235], [1553, 235], [1554, 235], [1555, 235], [1556, 235], [1542, 236], [1543, 236], [1544, 236], [1545, 236], [1546, 236], [1547, 236], [1548, 236], [1549, 236], [1550, 236], [1554, 236], [1555, 236], [1556, 236], [1546, 237], [1547, 237], [1548, 237], [1549, 237], [1550, 237], [1551, 237], [1552, 237], [1553, 237], [1554, 237], [1555, 237], [1556, 237], [1549, 238], [1550, 238], [1551, 238], [1552, 238], [1553, 238], [1554, 238], [1555, 238], [1556, 238], [1732, 306], [1733, 306], [1734, 306], [1735, 306], [1736, 306], [1732, 307], [1733, 307], [1735, 307], [1736, 307], [1732, 308], [1733, 308], [1734, 308], [1735, 308], [1736, 308], [1739, 309], [1740, 309], [1741, 309], [1742, 309], [1743, 309], [1739, 310], [1740, 310], [1741, 310], [1742, 310], [1743, 310], [1744, 310], [1745, 310], [1746, 310], [1747, 310], [1739, 311], [1740, 311], [1741, 311], [1742, 311], [1744, 311], [1745, 311], [1746, 311], [1747, 311], [1748, 311], [1749, 311], [1750, 311], [1741, 312], [1742, 312], [1743, 312], [1744, 312], [1745, 312], [1746, 312], [1747, 312], [1748, 312], [1749, 312], [1750, 312], [1751, 312], [1752, 312], [1753, 312], [1743, 313], [1744, 313], [1745, 313], [1746, 313], [1747, 313], [1748, 313], [1749, 313], [1750, 313], [1751, 313], [1752, 313], [1753, 313], [1754, 313], [1744, 314], [1745, 314], [1746, 314], [1747, 314], [1748, 314], [1749, 314], [1750, 314], [1752, 314], [1753, 314], [1754, 314], [1755, 314], [1756, 314], [1757, 314], [1758, 314], [1747, 315], [1748, 315], [1749, 315], [1750, 315], [1751, 315], [1752, 315], [1753, 315], [1754, 315], [1755, 315], [1756, 315], [1757, 315], [1758, 315], [1759, 315], [1760, 315], [1749, 316], [1750, 316], [1751, 316], [1752, 316], [1753, 316], [1754, 316], [1755, 316], [1756, 316], [1757, 316], [1758, 316], [1759, 316], [1760, 316], [1761, 316], [1762, 316], [1763, 316], [1751, 317], [1752, 317], [1753, 317], [1754, 317], [1755, 317], [1756, 317], [1757, 317], [1758, 317], [1759, 317], [1760, 317], [1761, 317], [1762, 317], [1763, 317], [1764, 317], [1755, 318], [1756, 318], [1757, 318], [1758, 318], [1759, 318], [1760, 318], [1762, 318], [1763, 318], [1764, 318], [1765, 318], [1766, 318], [1767, 318], [1757, 319], [1758, 319], [1759, 319], [1760, 319], [1761, 319], [1762, 319], [1764, 319], [1765, 319], [1766, 319], [1767, 319], [1768, 319], [1769, 319], [1770, 319], [1759, 320], [1760, 320], [1761, 320], [1762, 320], [1763, 320], [1764, 320], [1765, 320], [1766, 320], [1767, 320], [1768, 320], [1769, 320], [1770, 320], [1771, 320], [1772, 320], [1773, 320], [1762, 321], [1763, 321], [1764, 321], [1765, 321], [1766, 321], [1767, 321], [1769, 321], [1770, 321], [1771, 321], [1772, 321], [1773, 321], [1774, 321], [1775, 321], [1776, 321], [1764, 322], [1765, 322], [1766, 322], [1767, 322], [1768, 322], [1769, 322], [1772, 322], [1773, 322], [1774, 322], [1775, 322], [1776, 322], [1777, 322], [1778, 322], [1766, 323], [1767, 323], [1768, 323], [1769, 323], [1770, 323], [1771, 323], [1772, 323], [1775, 323], [1776, 323], [1777, 323], [1778, 323], [1779, 323], [1780, 323], [1768, 324], [1769, 324], [1770, 324], [1771, 324], [1772, 324], [1773, 324], [1774, 324], [1777, 324], [1778, 324], [1779, 324], [1780, 324], [1781, 324], [1782, 324], [1783, 324], [1784, 324], [1771, 325], [1772, 325], [1773, 325], [1774, 325], [1775, 325], [1776, 325], [1779, 325], [1780, 325], [1781, 325], [1782, 325], [1783, 325], [1784, 325], [1785, 325], [1786, 325], [1773, 326], [1774, 326], [1775, 326], [1776, 326], [1777, 326], [1778, 326], [1779, 326], [1783, 326], [1784, 326], [1785, 326], [1786, 326], [1787, 326], [1788, 326], [1775, 327], [1776, 327], [1777, 327], [1778, 327], [1779, 327], [1780, 327], [1781, 327], [1785, 327], [1786, 327], [1787, 327], [1788, 327], [1789, 327], [1790, 327], [1791, 327], [1778, 328], [1779, 328], [1780, 328], [1781, 328], [1782, 328], [1783, 328], [1784, 328], [1787, 328], [1788, 328], [1789, 328], [1790, 328], [1791, 328], [1792, 328], [1793, 328], [1780, 329], [1781, 329], [1782, 329], [1783, 329], [1784, 329], [1785, 329], [1786, 329], [1790, 329], [1791, 329], [1792, 329], [1793, 329], [1794, 329], [1795, 329], [1783, 330], [1784, 330], [1785, 330], [1786, 330], [1787, 330], [1788, 330], [1789, 330], [1792, 330], [1793, 330], [1794, 330], [1795, 330], [1796, 330], [1797, 330], [1798, 330], [1785, 331], [1786, 331], [1787, 331], [1788, 331], [1789, 331], [1790, 331], [1791, 331], [1794, 331], [1795, 331], [1796, 331], [1797, 331], [1798, 331], [1799, 331], [1800, 331], [1788, 332], [1789, 332], [1790, 332], [1791, 332], [1792, 332], [1793, 332], [1797, 332], [1798, 332], [1799, 332], [1800, 332], [1801, 332], [1802, 332], [1790, 333], [1791, 333], [1792, 333], [1793, 333], [1794, 333], [1795, 333], [1796, 333], [1799, 333], [1800, 333], [1801, 333], [1802, 333], [1803, 333], [1804, 333], [1805, 333], [1792, 334], [1793, 334], [1794, 334], [1795, 334], [1796, 334], [1797, 334], [1798, 334], [1799, 334], [1801, 334], [1802, 334], [1803, 334], [1804, 334], [1805, 334], [1806, 334], [1807, 334], [1808, 334], [1795, 335], [1796, 335], [1797, 335], [1798, 335], [1799, 335], [1800, 335], [1801, 335], [1804, 335], [1805, 335], [1806, 335], [1807, 335], [1808, 335], [1809, 335], [1810, 335], [1811, 335], [1798, 336], [1799, 336], [1800, 336], [1801, 336], [1802, 336], [1803, 336], [1807, 336], [1808, 336], [1809, 336], [1810, 336], [1811, 336], [1812, 336], [1813, 336], [1814, 336], [1815, 336], [1800, 337], [1801, 337], [1802, 337], [1803, 337], [1804, 337], [1805, 337], [1806, 337], [1810, 337], [1811, 337], [1812, 337], [1813, 337], [1814, 337], [1815, 337], [1816, 337], [1817, 337], [1802, 338], [1803, 338], [1804, 338], [1805, 338], [1806, 338], [1807, 338], [1808, 338], [1814, 338], [1815, 338], [1816, 338], [1817, 338], [1818, 338], [1819, 338], [1805, 339], [1806, 339], [1807, 339], [1808, 339], [1809, 339], [1810, 339], [1816, 339], [1817, 339], [1818, 339], [1819, 339], [1820, 339], [1821, 339], [1807, 340], [1808, 340], [1809, 340], [1810, 340], [1811, 340], [1812, 340], [1813, 340], [1818, 340], [1819, 340], [1820, 340], [1821, 340], [1822, 340], [1823, 340], [1824, 340], [1809, 341], [1810, 341], [1811, 341], [1812, 341], [1813, 341], [1814, 341], [1815, 341], [1820, 341], [1821, 341], [1822, 341], [1823, 341], [1824, 341], [1812, 342], [1813, 342], [1814, 342], [1815, 342], [1816, 342], [1817, 342], [1818, 342], [1823, 342], [1824, 342], [1814, 343], [1815, 343], [1816, 343], [1817, 343], [1818, 343], [1819, 343], [1820, 343], [1817, 344], [1818, 344], [1819, 344], [1820, 344], [1821, 344], [1822, 344], [1819, 345], [1820, 345], [1821, 345], [1822, 345], [1823, 345], [1824, 345], [1821, 346], [1822, 346], [1823, 346], [1824, 346], [1824, 347], [1269, 383], [1268, 384], [1269, 384], [1268, 385], [1269, 385], [1270, 385], [1268, 386], [1269, 386], [1270, 386], [1267, 387], [1268, 387], [1269, 387], [1270, 387], [1267, 388], [1268, 388], [1269, 388], [1267, 389], [1268, 389], [1269, 389], [1267, 390], [1268, 390], [1269, 390], [1256, 391], [1268, 391], [1269, 391], [1255, 392], [1256, 392], [1268, 392], [1269, 392], [1270, 392], [1255, 393], [1256, 393], [1257, 393], [1268, 393], [1269, 393], [1270, 393], [1271, 393], [1255, 394], [1256, 394], [1257, 394], [1258, 394], [1269, 394], [1270, 394], [1271, 394], [1272, 394], [1255, 395], [1256, 395], [1257, 395], [1258, 395], [1270, 395], [1271, 395], [1272, 395], [1273, 395], [1254, 396], [1255, 396], [1256, 396], [1257, 396], [1258, 396], [1271, 396], [1272, 396], [1273, 396], [1254, 397], [1255, 397], [1256, 397], [1272, 397], [1273, 397], [1254, 398], [1255, 398], [1256, 398], [1272, 398], [1273, 398], [1255, 399], [1256, 399], [1257, 399], [1258, 399], [1272, 399], [1273, 399], [1274, 399], [1255, 400], [1256, 400], [1257, 400], [1258, 400], [1259, 400], [1272, 400], [1273, 400], [1274, 400], [1257, 401], [1258, 401], [1259, 401], [1273, 401], [1274, 401], [1237, 402], [1258, 402], [1259, 402], [1260, 402], [1261, 402], [1273, 402], [1274, 402], [1236, 403], [1237, 403], [1238, 403], [1258, 403], [1259, 403], [1260, 403], [1261, 403], [1273, 403], [1274, 403], [1236, 404], [1237, 404], [1238, 404], [1260, 404], [1261, 404], [1273, 404], [1274, 404], [1275, 404], [1237, 405], [1238, 405], [1260, 405], [1261, 405], [1273, 405], [1274, 405], [1275, 405], [1237, 406], [1238, 406], [1239, 406], [1260, 406], [1261, 406], [1274, 406], [1275, 406], [1237, 407], [1238, 407], [1239, 407], [1260, 407], [1261, 407], [1273, 407], [1274, 407], [1275, 407], [1238, 408], [1239, 408], [1260, 408], [1261, 408], [1273, 408], [1274, 408], [1275, 408], [1238, 409], [1239, 409], [1260, 409], [1261, 409], [1262, 409], [1273, 409], [1274, 409], [1275, 409], [1224, 410], [1225, 410], [1226, 410], [1238, 410], [1239, 410], [1260, 410], [1261, 410], [1262, 410], [1274, 410], [1275, 410], [1276, 410], [1224, 411], [1225, 411], [1226, 411], [1238, 411], [1239, 411], [1261, 411], [1262, 411], [1263, 411], [1274, 411], [1275, 411], [1276, 411], [1277, 411], [1225, 412], [1226, 412], [1238, 412], [1239, 412], [1261, 412], [1262, 412], [1263, 412], [1275, 412], [1276, 412], [1277, 412], [1278, 412], [1279, 412], [1225, 413], [1226, 413], [1238, 413], [1239, 413], [1240, 413], [1262, 413], [1263, 413], [1276, 413], [1277, 413], [1278, 413], [1279, 413], [1225, 414], [1226, 414], [1238, 414], [1239, 414], [1240, 414], [1262, 414], [1263, 414], [1264, 414], [1278, 414], [1279, 414], [1225, 415], [1226, 415], [1239, 415], [1240, 415], [1241, 415], [1262, 415], [1263, 415], [1264, 415], [1265, 415], [1278, 415], [1279, 415], [1225, 416], [1226, 416], [1239, 416], [1240, 416], [1241, 416], [1263, 416], [1264, 416], [1265, 416], [1266, 416], [1278, 416], [1279, 416], [1225, 417], [1226, 417], [1239, 417], [1240, 417], [1241, 417], [1264, 417], [1265, 417], [1266, 417], [1278, 417], [1279, 417], [1225, 418], [1226, 418], [1239, 418], [1240, 418], [1241, 418], [1265, 418], [1266, 418], [1267, 418], [1278, 418], [1279, 418], [1280, 418], [1225, 419], [1226, 419], [1240, 419], [1241, 419], [1242, 419], [1265, 419], [1266, 419], [1267, 419], [1278, 419], [1279, 419], [1280, 419], [1225, 420], [1226, 420], [1240, 420], [1241, 420], [1242, 420], [1266, 420], [1267, 420], [1279, 420], [1280, 420], [1225, 421], [1226, 421], [1240, 421], [1241, 421], [1242, 421], [1266, 421], [1267, 421], [1279, 421], [1280, 421], [1225, 422], [1226, 422], [1240, 422], [1241, 422], [1266, 422], [1267, 422], [1268, 422], [1279, 422], [1280, 422], [1225, 423], [1226, 423], [1240, 423], [1241, 423], [1266, 423], [1267, 423], [1268, 423], [1279, 423], [1280, 423], [1281, 423], [1225, 424], [1226, 424], [1240, 424], [1241, 424], [1267, 424], [1268, 424], [1279, 424], [1280, 424], [1281, 424], [1225, 425], [1226, 425], [1227, 425], [1240, 425], [1241, 425], [1242, 425], [1267, 425], [1268, 425], [1280, 425], [1281, 425], [1225, 426], [1226, 426], [1227, 426], [1240, 426], [1241, 426], [1242, 426], [1267, 426], [1268, 426], [1280, 426], [1281, 426], [1282, 426], [1226, 427], [1227, 427], [1228, 427], [1241, 427], [1242, 427], [1267, 427], [1268, 427], [1280, 427], [1281, 427], [1282, 427], [1226, 428], [1227, 428], [1228, 428], [1229, 428], [1241, 428], [1242, 428], [1267, 428], [1268, 428], [1281, 428], [1282, 428], [1227, 429], [1228, 429], [1229, 429], [1240, 429], [1241, 429], [1242, 429], [1267, 429], [1268, 429], [1281, 429], [1282, 429], [1283, 429], [1228, 430], [1229, 430], [1240, 430], [1241, 430], [1242, 430], [1267, 430], [1268, 430], [1269, 430], [1281, 430], [1282, 430], [1283, 430], [1284, 430], [1228, 431], [1229, 431], [1230, 431], [1240, 431], [1241, 431], [1267, 431], [1268, 431], [1269, 431], [1270, 431], [1282, 431], [1283, 431], [1284, 431], [1228, 432], [1229, 432], [1230, 432], [1240, 432], [1241, 432], [1268, 432], [1269, 432], [1270, 432], [1283, 432], [1284, 432], [1229, 433], [1230, 433], [1240, 433], [1241, 433], [1269, 433], [1270, 433], [1271, 433], [1283, 433], [1284, 433], [1229, 434], [1230, 434], [1231, 434], [1240, 434], [1241, 434], [1269, 434], [1270, 434], [1271, 434], [1283, 434], [1284, 434], [1229, 435], [1230, 435], [1231, 435], [1240, 435], [1241, 435], [1242, 435], [1270, 435], [1271, 435], [1283, 435], [1284, 435], [1230, 436], [1231, 436], [1232, 436], [1233, 436], [1240, 436], [1241, 436], [1242, 436], [1243, 436], [1270, 436], [1271, 436], [1283, 436], [1284, 436], [1230, 437], [1231, 437], [1232, 437], [1233, 437], [1241, 437], [1242, 437], [1243, 437], [1270, 437], [1271, 437], [1272, 437], [1283, 437], [1284, 437], [1285, 437], [1231, 438], [1232, 438], [1233, 438], [1242, 438], [1243, 438], [1270, 438], [1271, 438], [1272, 438], [1283, 438], [1284, 438], [1285, 438], [1231, 439], [1232, 439], [1233, 439], [1234, 439], [1235, 439], [1236, 439], [1242, 439], [1243, 439], [1271, 439], [1272, 439], [1284, 439], [1285, 439], [1231, 440], [1232, 440], [1233, 440], [1234, 440], [1235, 440], [1236, 440], [1237, 440], [1242, 440], [1243, 440], [1271, 440], [1272, 440], [1273, 440], [1284, 440], [1285, 440], [1232, 441], [1233, 441], [1234, 441], [1235, 441], [1236, 441], [1237, 441], [1238, 441], [1242, 441], [1243, 441], [1271, 441], [1272, 441], [1273, 441], [1274, 441], [1284, 441], [1285, 441], [1235, 442], [1236, 442], [1237, 442], [1238, 442], [1242, 442], [1243, 442], [1272, 442], [1273, 442], [1274, 442], [1284, 442], [1285, 442], [1286, 442], [1235, 443], [1236, 443], [1237, 443], [1238, 443], [1241, 443], [1242, 443], [1243, 443], [1273, 443], [1274, 443], [1284, 443], [1285, 443], [1286, 443], [1235, 444], [1236, 444], [1241, 444], [1242, 444], [1243, 444], [1273, 444], [1274, 444], [1285, 444], [1286, 444], [1287, 444], [1235, 445], [1236, 445], [1241, 445], [1242, 445], [1243, 445], [1273, 445], [1274, 445], [1285, 445], [1286, 445], [1287, 445], [1288, 445], [1235, 446], [1236, 446], [1241, 446], [1242, 446], [1243, 446], [1244, 446], [1273, 446], [1274, 446], [1286, 446], [1287, 446], [1288, 446], [1234, 447], [1235, 447], [1236, 447], [1242, 447], [1243, 447], [1244, 447], [1273, 447], [1274, 447], [1275, 447], [1287, 447], [1288, 447], [1234, 448], [1235, 448], [1236, 448], [1242, 448], [1243, 448], [1244, 448], [1273, 448], [1274, 448], [1275, 448], [1287, 448], [1288, 448], [1234, 449], [1235, 449], [1236, 449], [1237, 449], [1238, 449], [1242, 449], [1243, 449], [1244, 449], [1274, 449], [1275, 449], [1287, 449], [1288, 449], [1235, 450], [1236, 450], [1237, 450], [1238, 450], [1239, 450], [1242, 450], [1243, 450], [1274, 450], [1275, 450], [1276, 450], [1287, 450], [1288, 450], [1289, 450], [1290, 450], [1237, 451], [1238, 451], [1239, 451], [1240, 451], [1242, 451], [1243, 451], [1274, 451], [1275, 451], [1276, 451], [1287, 451], [1288, 451], [1289, 451], [1290, 451], [1291, 451], [1238, 452], [1239, 452], [1240, 452], [1241, 452], [1242, 452], [1243, 452], [1275, 452], [1276, 452], [1277, 452], [1289, 452], [1290, 452], [1291, 452], [1238, 453], [1239, 453], [1240, 453], [1241, 453], [1242, 453], [1243, 453], [1275, 453], [1276, 453], [1277, 453], [1290, 453], [1291, 453], [1238, 454], [1239, 454], [1240, 454], [1241, 454], [1242, 454], [1276, 454], [1277, 454], [1278, 454], [1290, 454], [1291, 454], [1276, 455], [1277, 455], [1278, 455], [1290, 455], [1291, 455], [1277, 456], [1278, 456], [1279, 456], [1290, 456], [1291, 456], [1277, 457], [1278, 457], [1279, 457], [1290, 457], [1291, 457], [1292, 457], [1278, 458], [1279, 458], [1280, 458], [1290, 458], [1291, 458], [1292, 458], [1278, 459], [1279, 459], [1280, 459], [1291, 459], [1292, 459], [1293, 459], [1279, 460], [1280, 460], [1291, 460], [1292, 460], [1293, 460], [1294, 460], [1279, 461], [1280, 461], [1292, 461], [1293, 461], [1294, 461], [1279, 462], [1280, 462], [1281, 462], [1282, 462], [1293, 462], [1294, 462], [1279, 463], [1280, 463], [1281, 463], [1282, 463], [1283, 463], [1293, 463], [1294, 463], [1281, 464], [1282, 464], [1283, 464], [1293, 464], [1294, 464], [1295, 464], [1282, 465], [1283, 465], [1293, 465], [1294, 465], [1295, 465], [1282, 466], [1283, 466], [1294, 466], [1295, 466], [1282, 467], [1283, 467], [1294, 467], [1295, 467], [1296, 467], [1282, 468], [1283, 468], [1294, 468], [1295, 468], [1296, 468], [1282, 469], [1283, 469], [1284, 469], [1295, 469], [1296, 469], [1282, 470], [1283, 470], [1284, 470], [1295, 470], [1296, 470], [1297, 470], [1283, 471], [1284, 471], [1285, 471], [1295, 471], [1296, 471], [1297, 471], [1283, 472], [1284, 472], [1285, 472], [1296, 472], [1297, 472], [1298, 472], [1284, 473], [1285, 473], [1296, 473], [1297, 473], [1298, 473], [1284, 474], [1285, 474], [1286, 474], [1297, 474], [1298, 474], [1299, 474], [1284, 475], [1285, 475], [1286, 475], [1297, 475], [1298, 475], [1299, 475], [1300, 475], [1285, 476], [1286, 476], [1298, 476], [1299, 476], [1300, 476], [1285, 477], [1286, 477], [1299, 477], [1300, 477], [1285, 478], [1286, 478], [1299, 478], [1300, 478], [1285, 479], [1286, 479], [1299, 479], [1300, 479], [1285, 480], [1286, 480], [1287, 480], [1299, 480], [1300, 480], [1285, 481], [1286, 481], [1287, 481], [1288, 481], [1289, 481], [1299, 481], [1300, 481], [1301, 481], [1286, 482], [1287, 482], [1288, 482], [1289, 482], [1290, 482], [1299, 482], [1300, 482], [1301, 482], [1288, 483], [1289, 483], [1290, 483], [1291, 483], [1300, 483], [1301, 483], [1302, 483], [1288, 484], [1289, 484], [1290, 484], [1291, 484], [1292, 484], [1300, 484], [1301, 484], [1302, 484], [1288, 485], [1289, 485], [1290, 485], [1291, 485], [1292, 485], [1301, 485], [1302, 485], [1288, 486], [1289, 486], [1290, 486], [1291, 486], [1292, 486], [1301, 486], [1302, 486], [1288, 487], [1289, 487], [1290, 487], [1291, 487], [1292, 487], [1301, 487], [1302, 487], [1303, 487], [1290, 488], [1291, 488], [1292, 488], [1301, 488], [1302, 488], [1303, 488], [1304, 488], [1291, 489], [1292, 489], [1293, 489], [1302, 489], [1303, 489], [1304, 489], [1291, 490], [1292, 490], [1293, 490], [1302, 490], [1303, 490], [1304, 490], [1292, 491], [1293, 491], [1302, 491], [1303, 491], [1292, 492], [1293, 492], [1294, 492], [1302, 492], [1303, 492], [1292, 493], [1293, 493], [1294, 493], [1295, 493], [1302, 493], [1303, 493], [1304, 493], [1293, 494], [1294, 494], [1295, 494], [1296, 494], [1302, 494], [1303, 494], [1304, 494], [1294, 495], [1295, 495], [1296, 495], [1297, 495], [1302, 495], [1303, 495], [1304, 495], [1295, 496], [1296, 496], [1297, 496], [1302, 496], [1303, 496], [1304, 496], [1305, 496], [1295, 497], [1296, 497], [1297, 497], [1302, 497], [1303, 497], [1304, 497], [1305, 497], [1306, 497], [1295, 498], [1296, 498], [1297, 498], [1304, 498], [1305, 498], [1306, 498], [1295, 499], [1296, 499], [1297, 499], [1304, 499], [1305, 499], [1306, 499], [1296, 500], [1297, 500], [1298, 500], [1304, 500], [1305, 500], [1296, 501], [1297, 501], [1298, 501], [1304, 501], [1305, 501], [1297, 502], [1298, 502], [1299, 502], [1304, 502], [1305, 502], [1306, 502], [1297, 503], [1298, 503], [1299, 503], [1304, 503], [1305, 503], [1306, 503], [1307, 503], [1298, 504], [1299, 504], [1305, 504], [1306, 504], [1307, 504], [1298, 505], [1299, 505], [1306, 505], [1307, 505], [1298, 506], [1299, 506], [1300, 506], [1306, 506], [1307, 506], [1298, 507], [1299, 507], [1300, 507], [1306, 507], [1307, 507], [1299, 508], [1300, 508], [1306, 508], [1307, 508], [1299, 509], [1300, 509], [1301, 509], [1306, 509], [1307, 509], [1308, 509], [1299, 510], [1300, 510], [1301, 510], [1302, 510], [1306, 510], [1307, 510], [1308, 510], [1300, 511], [1301, 511], [1302, 511], [1303, 511], [1304, 511], [1307, 511], [1308, 511], [1309, 511], [1301, 512], [1302, 512], [1303, 512], [1304, 512], [1305, 512], [1306, 512], [1307, 512], [1308, 512], [1309, 512], [1303, 513], [1304, 513], [1305, 513], [1306, 513], [1307, 513], [1308, 513], [1309, 513], [1305, 514], [1306, 514], [1307, 514], [1308, 514], [1309, 514], [1306, 515], [1307, 515], [1308, 515], [1309, 515], [1294, 644], [1295, 644], [1296, 644], [1297, 644], [1294, 645], [1295, 645], [1296, 645], [1297, 645], [1298, 645], [1299, 645], [1300, 645], [1301, 645], [1302, 645], [1294, 646], [1295, 646], [1297, 646], [1298, 646], [1299, 646], [1300, 646], [1301, 646], [1302, 646], [1303, 646], [1304, 646], [1305, 646], [1306, 646], [1307, 646], [1308, 646], [1309, 646], [1310, 646], [1311, 646], [1312, 646], [1313, 646], [1314, 646], [1315, 646], [1294, 647], [1295, 647], [1296, 647], [1301, 647], [1302, 647], [1303, 647], [1304, 647], [1305, 647], [1306, 647], [1307, 647], [1308, 647], [1309, 647], [1310, 647], [1311, 647], [1312, 647], [1313, 647], [1314, 647], [1315, 647], [1316, 647], [1317, 647], [1295, 648], [1296, 648], [1297, 648], [1310, 648], [1311, 648], [1312, 648], [1314, 648], [1315, 648], [1316, 648], [1317, 648], [1318, 648], [1319, 648], [1295, 649], [1296, 649], [1297, 649], [1298, 649], [1299, 649], [1316, 649], [1317, 649], [1318, 649], [1319, 649], [1320, 649], [1296, 650], [1297, 650], [1298, 650], [1299, 650], [1300, 650], [1318, 650], [1319, 650], [1320, 650], [1321, 650], [1298, 651], [1299, 651], [1300, 651], [1301, 651], [1319, 651], [1320, 651], [1321, 651], [1322, 651], [1299, 652], [1300, 652], [1301, 652], [1302, 652], [1303, 652], [1304, 652], [1305, 652], [1306, 652], [1307, 652], [1308, 652], [1309, 652], [1310, 652], [1320, 652], [1321, 652], [1322, 652], [1323, 652], [1300, 653], [1301, 653], [1302, 653], [1303, 653], [1304, 653], [1305, 653], [1306, 653], [1307, 653], [1308, 653], [1309, 653], [1310, 653], [1311, 653], [1312, 653], [1313, 653], [1314, 653], [1315, 653], [1316, 653], [1321, 653], [1322, 653], [1323, 653], [1324, 653], [1301, 654], [1302, 654], [1303, 654], [1304, 654], [1309, 654], [1310, 654], [1311, 654], [1312, 654], [1313, 654], [1314, 654], [1315, 654], [1316, 654], [1317, 654], [1322, 654], [1323, 654], [1324, 654], [1325, 654], [1326, 654], [1315, 655], [1316, 655], [1317, 655], [1318, 655], [1319, 655], [1323, 655], [1324, 655], [1325, 655], [1326, 655], [1327, 655], [1316, 656], [1317, 656], [1318, 656], [1319, 656], [1320, 656], [1321, 656], [1325, 656], [1326, 656], [1327, 656], [1328, 656], [1329, 656], [1318, 657], [1319, 657], [1320, 657], [1321, 657], [1322, 657], [1323, 657], [1324, 657], [1326, 657], [1327, 657], [1328, 657], [1329, 657], [1330, 657], [1331, 657], [1320, 658], [1321, 658], [1322, 658], [1323, 658], [1324, 658], [1325, 658], [1328, 658], [1329, 658], [1330, 658], [1331, 658], [1332, 658], [1323, 659], [1324, 659], [1325, 659], [1326, 659], [1330, 659], [1331, 659], [1332, 659], [1324, 660], [1325, 660], [1326, 660], [1327, 660], [1328, 660], [1329, 660], [1330, 660], [1331, 660], [1332, 660], [1325, 661], [1326, 661], [1327, 661], [1328, 661], [1329, 661], [1330, 661], [1331, 661]


