White line left - 




Yellow line left - [1486, 255], [1484, 256], [1485, 256], [1486, 256], [1487, 256], [1485, 257], [1487, 257], [1480, 258], [1481, 258], [1482, 258], [1484, 258], [1485, 258], [1486, 258], [1487, 258], [1480, 259], [1481, 259], [1482, 259], [1483, 259], [1484, 259], [1486, 259], [1477, 260], [1478, 260], [1479, 260], [1480, 260], [1481, 260], [1482, 260], [1483, 260], [1484, 260], [1485, 260], [1486, 260], [1476, 261], [1477, 261], [1478, 261], [1479, 261], [1480, 261], [1481, 261], [1482, 261], [1483, 261]




Yellow line right - [1555, 296], [1556, 296], [1557, 296], [1555, 297], [1556, 297], [1557, 297], [1558, 297], [1555, 298], [1556, 298], [1557, 298], [1558, 298], [1559, 298], [1560, 298], [1555, 299], [1556, 299], [1557, 299], [1558, 299], [1559, 299], [1560, 299], [1556, 300], [1557, 300], [1558, 300], [1559, 300], [1560, 300], [1556, 301], [1557, 301], [1558, 301], [1559, 301], [1560, 301], [1556, 302], [1557, 302], [1558, 302]




White line right - [1141, 459], [1142, 459], [1140, 460], [1141, 460], [1142, 460], [1138, 461], [1139, 461], [1140, 461], [1141, 461], [1142, 461], [1143, 461], [1137, 462], [1138, 462], [1139, 462], [1140, 462], [1141, 462], [1142, 462], [1143, 462], [1144, 462], [1139, 463], [1140, 463], [1141, 463], [1142, 463], [1143, 463], [1144, 463], [1139, 464], [1140, 464], [1141, 464], [1143, 464], [1144, 464], [1145, 464], [1140, 465], [1141, 465], [1142, 465], [1143, 465], [1144, 465], [1145, 465], [1146, 465], [1140, 466], [1141, 466], [1142, 466], [1144, 466], [1145, 466], [1146, 466], [1141, 467], [1142, 467], [1145, 467], [1146, 467], [1147, 467], [1126, 468], [1127, 468], [1128, 468], [1141, 468], [1142, 468], [1143, 468], [1145, 468], [1146, 468], [1147, 468], [1148, 468], [1124, 469], [1125, 469], [1126, 469], [1127, 469], [1128, 469], [1129, 469], [1141, 469], [1142, 469], [1143, 469], [1146, 469], [1147, 469], [1148, 469], [1125, 470], [1126, 470], [1128, 470], [1129, 470], [1130, 470], [1142, 470], [1143, 470], [1147, 470], [1148, 470], [1149, 470], [1125, 471], [1126, 471], [1127, 471], [1128, 471], [1129, 471], [1130, 471], [1142, 471], [1143, 471], [1147, 471], [1148, 471], [1149, 471], [1150, 471], [1126, 472], [1127, 472], [1128, 472], [1129, 472], [1130, 472], [1131, 472], [1132, 472], [1141, 472], [1142, 472], [1143, 472], [1148, 472], [1149, 472], [1150, 472], [1126, 473], [1127, 473], [1128, 473], [1129, 473], [1130, 473], [1131, 473], [1132, 473], [1133, 473], [1141, 473], [1142, 473], [1143, 473], [1149, 473], [1150, 473], [1151, 473], [1127, 474], [1128, 474], [1129, 474], [1131, 474], [1132, 474], [1133, 474], [1134, 474], [1141, 474], [1142, 474], [1143, 474], [1149, 474], [1150, 474], [1151, 474], [1152, 474], [1127, 475], [1128, 475], [1129, 475], [1130, 475], [1132, 475], [1133, 475], [1134, 475], [1135, 475], [1141, 475], [1142, 475], [1143, 475], [1150, 475], [1151, 475], [1152, 475], [1128, 476], [1129, 476], [1130, 476], [1133, 476], [1134, 476], [1135, 476], [1136, 476], [1141, 476], [1142, 476], [1151, 476], [1152, 476], [1153, 476], [1129, 477], [1130, 477], [1131, 477], [1134, 477], [1135, 477], [1136, 477], [1137, 477], [1141, 477], [1142, 477], [1143, 477], [1151, 477], [1152, 477], [1153, 477], [1154, 477], [1129, 478], [1130, 478], [1131, 478], [1132, 478], [1135, 478], [1136, 478], [1137, 478], [1141, 478], [1142, 478], [1143, 478], [1152, 478], [1153, 478], [1154, 478], [1130, 479], [1131, 479], [1132, 479], [1136, 479], [1137, 479], [1142, 479], [1143, 479], [1144, 479], [1145, 479], [1146, 479], [1147, 479], [1153, 479], [1154, 479], [1155, 479], [1131, 480], [1132, 480], [1133, 480], [1136, 480], [1137, 480], [1142, 480], [1143, 480], [1144, 480], [1145, 480], [1146, 480], [1147, 480], [1148, 480], [1149, 480], [1150, 480], [1151, 480], [1153, 480], [1154, 480], [1155, 480], [1156, 480], [1131, 481], [1132, 481], [1133, 481], [1136, 481], [1137, 481], [1144, 481], [1145, 481], [1146, 481], [1147, 481], [1148, 481], [1149, 481], [1150, 481], [1151, 481], [1154, 481], [1155, 481], [1156, 481], [1132, 482], [1133, 482], [1134, 482], [1136, 482], [1137, 482], [1145, 482], [1146, 482], [1147, 482], [1148, 482], [1150, 482], [1151, 482], [1155, 482], [1156, 482], [1157, 482], [1132, 483], [1133, 483], [1134, 483], [1135, 483], [1136, 483], [1137, 483], [1138, 483], [1150, 483], [1151, 483], [1155, 483], [1156, 483], [1157, 483], [1158, 483], [1133, 484], [1134, 484], [1135, 484], [1136, 484], [1137, 484], [1138, 484], [1150, 484], [1151, 484], [1152, 484], [1156, 484], [1157, 484], [1158, 484], [1134, 485], [1135, 485], [1136, 485], [1137, 485], [1138, 485], [1150, 485], [1151, 485], [1152, 485], [1157, 485], [1158, 485], [1159, 485], [1134, 486], [1135, 486], [1136, 486], [1137, 486], [1138, 486], [1139, 486], [1150, 486], [1151, 486], [1152, 486], [1154, 486], [1155, 486], [1156, 486], [1157, 486], [1158, 486], [1159, 486], [1160, 486], [1135, 487], [1136, 487], [1138, 487], [1139, 487], [1150, 487], [1151, 487], [1152, 487], [1153, 487], [1154, 487], [1155, 487], [1156, 487], [1157, 487], [1158, 487], [1159, 487], [1160, 487], [1135, 488], [1136, 488], [1137, 488], [1138, 488], [1139, 488], [1140, 488], [1141, 488], [1150, 488], [1151, 488], [1152, 488], [1153, 488], [1154, 488], [1155, 488], [1156, 488], [1157, 488], [1158, 488], [1159, 488], [1160, 488], [1161, 488], [1136, 489], [1137, 489], [1139, 489], [1140, 489], [1141, 489], [1151, 489], [1152, 489], [1153, 489], [1154, 489], [1156, 489], [1157, 489], [1158, 489], [1159, 489], [1160, 489], [1161, 489], [1162, 489], [1136, 490], [1137, 490], [1138, 490], [1139, 490], [1140, 490], [1141, 490], [1142, 490], [1157, 490], [1158, 490], [1159, 490], [1160, 490], [1161, 490], [1162, 490], [1137, 491], [1138, 491], [1139, 491], [1140, 491], [1141, 491], [1142, 491], [1159, 491], [1160, 491], [1161, 491], [1162, 491], [1163, 491], [1138, 492], [1139, 492], [1140, 492], [1141, 492], [1142, 492], [1143, 492], [1159, 492], [1160, 492], [1161, 492], [1162, 492], [1163, 492], [1164, 492], [1138, 493], [1139, 493], [1140, 493], [1141, 493], [1142, 493], [1143, 493], [1144, 493], [1160, 493], [1161, 493], [1162, 493], [1163, 493], [1164, 493], [1139, 494], [1140, 494], [1141, 494], [1142, 494], [1143, 494], [1144, 494], [1161, 494], [1162, 494], [1163, 494], [1164, 494], [1165, 494], [1139, 495], [1140, 495], [1141, 495], [1142, 495], [1143, 495], [1144, 495], [1145, 495], [1161, 495], [1162, 495], [1163, 495], [1164, 495], [1165, 495], [1140, 496], [1141, 496], [1142, 496], [1143, 496], [1144, 496], [1145, 496], [1146, 496], [1158, 496], [1159, 496], [1160, 496], [1161, 496], [1162, 496], [1164, 496], [1165, 496], [1166, 496], [1141, 497], [1142, 497], [1143, 497], [1144, 497], [1145, 497], [1146, 497], [1157, 497], [1158, 497], [1159, 497], [1160, 497], [1161, 497], [1162, 497], [1164, 497], [1165, 497], [1166, 497], [1167, 497], [1141, 498], [1142, 498], [1143, 498], [1144, 498], [1145, 498], [1146, 498], [1147, 498], [1156, 498], [1157, 498], [1158, 498], [1159, 498], [1165, 498], [1166, 498], [1167, 498], [1168, 498], [1142, 499], [1143, 499], [1144, 499], [1145, 499], [1146, 499], [1147, 499], [1156, 499], [1157, 499], [1158, 499], [1166, 499], [1167, 499], [1168, 499], [1143, 500], [1144, 500], [1145, 500], [1146, 500], [1147, 500], [1156, 500], [1157, 500], [1167, 500], [1168, 500], [1169, 500], [1143, 501], [1144, 501], [1145, 501], [1146, 501], [1147, 501], [1156, 501], [1157, 501], [1158, 501], [1167, 501], [1168, 501], [1169, 501], [1170, 501], [1144, 502], [1145, 502], [1146, 502], [1147, 502], [1148, 502], [1156, 502], [1157, 502], [1158, 502], [1168, 502], [1169, 502], [1170, 502], [1144, 503], [1145, 503], [1146, 503], [1147, 503], [1148, 503], [1149, 503], [1156, 503], [1157, 503], [1158, 503], [1169, 503], [1170, 503], [1171, 503], [1145, 504], [1146, 504], [1148, 504], [1149, 504], [1150, 504], [1156, 504], [1157, 504], [1158, 504], [1169, 504], [1170, 504], [1171, 504], [1145, 505], [1146, 505], [1147, 505], [1149, 505], [1150, 505], [1156, 505], [1157, 505], [1158, 505], [1159, 505], [1160, 505], [1161, 505], [1162, 505], [1170, 505], [1171, 505], [1172, 505], [1146, 506], [1147, 506], [1148, 506], [1149, 506], [1150, 506], [1151, 506], [1157, 506], [1158, 506], [1159, 506], [1160, 506], [1161, 506], [1162, 506], [1163, 506], [1164, 506], [1165, 506], [1166, 506], [1167, 506], [1170, 506], [1171, 506], [1172, 506], [1173, 506], [1147, 507], [1148, 507], [1150, 507], [1151, 507], [1161, 507], [1162, 507], [1163, 507], [1164, 507], [1165, 507], [1166, 507], [1167, 507], [1168, 507], [1171, 507], [1172, 507], [1173, 507], [1174, 507], [1147, 508], [1148, 508], [1149, 508], [1150, 508], [1151, 508], [1164, 508], [1165, 508], [1166, 508], [1167, 508], [1168, 508], [1172, 508], [1173, 508], [1174, 508], [1148, 509], [1149, 509], [1150, 509], [1151, 509], [1152, 509], [1167, 509], [1168, 509], [1169, 509], [1173, 509], [1174, 509], [1175, 509], [1148, 510], [1149, 510], [1150, 510], [1151, 510], [1152, 510], [1167, 510], [1168, 510], [1169, 510], [1170, 510], [1173, 510], [1174, 510], [1175, 510], [1149, 511], [1150, 511], [1151, 511], [1152, 511], [1153, 511], [1168, 511], [1169, 511], [1170, 511], [1171, 511], [1174, 511], [1175, 511], [1176, 511], [1149, 512], [1150, 512], [1151, 512], [1152, 512], [1153, 512], [1154, 512], [1169, 512], [1170, 512], [1171, 512], [1172, 512], [1173, 512], [1175, 512], [1176, 512], [1150, 513], [1151, 513], [1152, 513], [1153, 513], [1154, 513], [1170, 513], [1171, 513], [1172, 513], [1173, 513], [1174, 513], [1175, 513], [1176, 513], [1177, 513], [1151, 514], [1152, 514], [1153, 514], [1154, 514], [1155, 514], [1173, 514], [1174, 514], [1176, 514], [1177, 514], [1178, 514], [1151, 515], [1152, 515], [1153, 515], [1154, 515], [1155, 515], [1156, 515], [1173, 515], [1174, 515], [1175, 515], [1176, 515], [1177, 515], [1178, 515], [1152, 516], [1153, 516], [1154, 516], [1155, 516], [1156, 516], [1157, 516], [1174, 516], [1175, 516], [1176, 516], [1177, 516], [1178, 516], [1179, 516], [1153, 517], [1154, 517], [1156, 517], [1157, 517], [1174, 517], [1175, 517], [1176, 517], [1177, 517], [1178, 517], [1179, 517], [1180, 517], [1153, 518], [1154, 518], [1155, 518], [1156, 518], [1157, 518], [1158, 518], [1175, 518], [1176, 518], [1177, 518], [1178, 518], [1179, 518], [1180, 518], [1154, 519], [1155, 519], [1156, 519], [1157, 519], [1158, 519], [1159, 519], [1175, 519], [1176, 519], [1177, 519], [1179, 519], [1180, 519], [1181, 519], [1155, 520], [1156, 520], [1158, 520], [1159, 520], [1160, 520], [1176, 520], [1177, 520], [1179, 520], [1180, 520], [1181, 520], [1182, 520], [1155, 521], [1156, 521], [1157, 521], [1158, 521], [1159, 521], [1160, 521], [1161, 521], [1176, 521], [1177, 521], [1180, 521], [1181, 521], [1182, 521], [1156, 522], [1157, 522], [1158, 522], [1159, 522], [1160, 522], [1161, 522], [1176, 522], [1177, 522], [1178, 522], [1181, 522], [1182, 522], [1183, 522], [1156, 523], [1157, 523], [1158, 523], [1160, 523], [1161, 523], [1162, 523], [1176, 523], [1177, 523], [1178, 523], [1181, 523], [1182, 523], [1183, 523], [1157, 524], [1158, 524], [1159, 524], [1160, 524], [1161, 524], [1162, 524], [1163, 524], [1177, 524], [1178, 524], [1182, 524], [1183, 524], [1184, 524], [1157, 525], [1158, 525], [1159, 525], [1160, 525], [1161, 525], [1162, 525], [1163, 525], [1164, 525], [1176, 525], [1177, 525], [1178, 525], [1182, 525], [1183, 525], [1184, 525], [1185, 525], [1158, 526], [1159, 526], [1160, 526], [1161, 526], [1162, 526], [1163, 526], [1164, 526], [1175, 526], [1176, 526], [1177, 526], [1178, 526], [1183, 526], [1184, 526], [1185, 526], [1186, 526], [1159, 527], [1160, 527], [1161, 527], [1163, 527], [1164, 527], [1165, 527], [1167, 527], [1168, 527], [1169, 527], [1170, 527], [1171, 527], [1172, 527], [1175, 527], [1176, 527], [1177, 527], [1184, 527], [1185, 527], [1186, 527], [1160, 528], [1161, 528], [1162, 528], [1163, 528], [1164, 528], [1165, 528], [1166, 528], [1167, 528], [1168, 528], [1169, 528], [1170, 528], [1171, 528], [1172, 528], [1173, 528], [1175, 528], [1176, 528], [1177, 528], [1185, 528], [1186, 528], [1187, 528], [1160, 529], [1161, 529], [1162, 529], [1164, 529], [1165, 529], [1166, 529], [1167, 529], [1168, 529], [1171, 529], [1172, 529], [1173, 529], [1175, 529], [1176, 529], [1177, 529], [1178, 529], [1185, 529], [1186, 529], [1187, 529], [1161, 530], [1162, 530], [1163, 530], [1172, 530], [1173, 530], [1175, 530], [1176, 530], [1177, 530], [1178, 530], [1179, 530], [1180, 530], [1186, 530], [1187, 530], [1188, 530], [1161, 531], [1162, 531], [1163, 531], [1172, 531], [1173, 531], [1177, 531], [1178, 531], [1179, 531], [1180, 531], [1181, 531], [1186, 531], [1187, 531], [1188, 531], [1189, 531], [1162, 532], [1163, 532], [1164, 532], [1167, 532], [1168, 532], [1169, 532], [1170, 532], [1172, 532], [1173, 532], [1179, 532], [1180, 532], [1181, 532], [1187, 532], [1188, 532], [1189, 532], [1190, 532], [1162, 533], [1163, 533], [1164, 533], [1167, 533], [1168, 533], [1169, 533], [1170, 533], [1171, 533], [1172, 533], [1173, 533], [1180, 533], [1181, 533], [1182, 533], [1183, 533], [1184, 533], [1188, 533], [1189, 533], [1190, 533], [1163, 534], [1164, 534], [1165, 534], [1167, 534], [1168, 534], [1169, 534], [1170, 534], [1171, 534], [1172, 534], [1173, 534], [1180, 534], [1181, 534], [1182, 534], [1183, 534], [1184, 534], [1189, 534], [1190, 534], [1191, 534], [1163, 535], [1164, 535], [1165, 535], [1167, 535], [1168, 535], [1183, 535], [1184, 535], [1185, 535], [1186, 535], [1189, 535], [1190, 535], [1191, 535], [1164, 536], [1165, 536], [1166, 536], [1167, 536], [1168, 536], [1169, 536], [1183, 536], [1184, 536], [1185, 536], [1186, 536], [1187, 536], [1190, 536], [1191, 536], [1192, 536], [1164, 537], [1165, 537], [1166, 537], [1167, 537], [1168, 537], [1169, 537], [1185, 537], [1186, 537], [1187, 537], [1190, 537], [1191, 537], [1192, 537], [1193, 537], [1165, 538], [1166, 538], [1167, 538], [1168, 538], [1169, 538], [1170, 538], [1186, 538], [1187, 538], [1188, 538], [1191, 538], [1192, 538], [1193, 538], [1165, 539], [1166, 539], [1167, 539], [1169, 539], [1170, 539], [1186, 539], [1187, 539], [1188, 539], [1192, 539], [1193, 539], [1194, 539], [1166, 540], [1167, 540], [1168, 540], [1169, 540], [1170, 540], [1171, 540], [1187, 540], [1188, 540], [1192, 540], [1193, 540], [1194, 540], [1195, 540], [1167, 541], [1168, 541], [1170, 541], [1171, 541], [1172, 541], [1186, 541], [1187, 541], [1188, 541], [1193, 541], [1194, 541], [1195, 541], [1167, 542], [1168, 542], [1169, 542], [1171, 542], [1172, 542], [1173, 542], [1186, 542], [1187, 542], [1188, 542], [1189, 542], [1194, 542], [1195, 542], [1196, 542], [1168, 543], [1169, 543], [1170, 543], [1172, 543], [1173, 543], [1174, 543], [1186, 543], [1187, 543], [1188, 543], [1189, 543], [1190, 543], [1191, 543], [1192, 543], [1194, 543], [1195, 543], [1196, 543], [1197, 543], [1169, 544], [1170, 544], [1171, 544], [1172, 544], [1173, 544], [1174, 544], [1175, 544], [1183, 544], [1184, 544], [1185, 544], [1186, 544], [1187, 544], [1188, 544], [1189, 544], [1190, 544], [1191, 544], [1192, 544], [1193, 544], [1195, 544], [1196, 544], [1197, 544], [1170, 545], [1171, 545], [1172, 545], [1173, 545], [1174, 545], [1175, 545], [1176, 545], [1183, 545], [1185, 545], [1191, 545], [1192, 545], [1193, 545], [1194, 545], [1196, 545], [1197, 545], [1198, 545], [1170, 546], [1171, 546], [1172, 546], [1173, 546], [1174, 546], [1175, 546], [1176, 546], [1183, 546], [1184, 546], [1185, 546], [1192, 546], [1193, 546], [1194, 546], [1196, 546], [1197, 546], [1198, 546], [1199, 546], [1171, 547], [1172, 547], [1173, 547], [1175, 547], [1176, 547], [1193, 547], [1194, 547], [1197, 547], [1198, 547], [1199, 547], [1172, 548], [1173, 548], [1174, 548], [1175, 548], [1176, 548], [1177, 548], [1193, 548], [1194, 548], [1198, 548], [1199, 548], [1200, 548], [1172, 549], [1173, 549], [1174, 549], [1175, 549], [1176, 549], [1177, 549], [1178, 549], [1193, 549], [1194, 549], [1195, 549], [1198, 549], [1199, 549], [1200, 549], [1173, 550], [1174, 550], [1175, 550], [1176, 550], [1177, 550], [1178, 550], [1193, 550], [1194, 550], [1195, 550], [1199, 550], [1200, 550], [1201, 550], [1173, 551], [1174, 551], [1175, 551], [1176, 551], [1177, 551], [1178, 551], [1188, 551], [1189, 551], [1190, 551], [1191, 551], [1192, 551], [1193, 551], [1194, 551], [1195, 551], [1199, 551], [1200, 551], [1201, 551], [1202, 551], [1174, 552], [1175, 552], [1176, 552], [1177, 552], [1178, 552], [1179, 552], [1185, 552], [1186, 552], [1187, 552], [1188, 552], [1189, 552], [1190, 552], [1191, 552], [1192, 552], [1193, 552], [1194, 552], [1195, 552], [1200, 552], [1201, 552], [1202, 552], [1175, 553], [1176, 553], [1178, 553], [1179, 553], [1180, 553], [1184, 553], [1185, 553], [1186, 553], [1187, 553], [1188, 553], [1189, 553], [1192, 553], [1193, 553], [1194, 553], [1201, 553], [1202, 553], [1203, 553], [1175, 554], [1176, 554], [1177, 554], [1179, 554], [1180, 554], [1183, 554], [1184, 554], [1185, 554], [1186, 554], [1201, 554], [1202, 554], [1203, 554], [1204, 554], [1176, 555], [1177, 555], [1178, 555], [1179, 555], [1180, 555], [1181, 555], [1182, 555], [1183, 555], [1184, 555], [1185, 555], [1202, 555], [1203, 555], [1204, 555], [1205, 555], [1177, 556], [1178, 556], [1180, 556], [1181, 556], [1182, 556], [1183, 556], [1185, 556], [1186, 556], [1203, 556], [1204, 556], [1205, 556], [1177, 557], [1178, 557], [1179, 557], [1180, 557], [1181, 557], [1182, 557], [1183, 557], [1184, 557], [1185, 557], [1186, 557], [1204, 557], [1205, 557], [1206, 557], [1178, 558], [1179, 558], [1181, 558], [1182, 558], [1183, 558], [1184, 558], [1185, 558], [1186, 558], [1187, 558], [1188, 558], [1204, 558], [1205, 558], [1206, 558], [1207, 558], [1178, 559], [1179, 559], [1180, 559], [1181, 559], [1182, 559], [1183, 559], [1184, 559], [1185, 559], [1186, 559], [1187, 559], [1188, 559], [1189, 559], [1205, 559], [1206, 559], [1207, 559], [1179, 560], [1180, 560], [1181, 560], [1183, 560], [1184, 560], [1187, 560], [1188, 560], [1189, 560], [1190, 560], [1206, 560], [1207, 560], [1208, 560], [1180, 561], [1181, 561], [1182, 561], [1183, 561], [1184, 561], [1185, 561], [1188, 561], [1189, 561], [1190, 561], [1199, 561], [1200, 561], [1201, 561], [1202, 561], [1206, 561], [1207, 561], [1208, 561], [1209, 561], [1180, 562], [1181, 562], [1182, 562], [1184, 562], [1185, 562], [1189, 562], [1190, 562], [1191, 562], [1199, 562], [1200, 562], [1201, 562], [1202, 562], [1207, 562], [1208, 562], [1209, 562], [1210, 562], [1181, 563], [1182, 563], [1183, 563], [1184, 563], [1185, 563], [1186, 563], [1187, 563], [1189, 563], [1190, 563], [1191, 563], [1192, 563], [1193, 563], [1194, 563], [1195, 563], [1196, 563], [1197, 563], [1198, 563], [1199, 563], [1200, 563], [1201, 563], [1202, 563], [1208, 563], [1209, 563], [1210, 563], [1182, 564], [1183, 564], [1185, 564], [1186, 564], [1187, 564], [1188, 564], [1190, 564], [1191, 564], [1192, 564], [1193, 564], [1194, 564], [1195, 564], [1196, 564], [1197, 564], [1198, 564], [1199, 564], [1200, 564], [1201, 564], [1202, 564], [1209, 564], [1210, 564], [1211, 564], [1182, 565], [1183, 565], [1184, 565], [1186, 565], [1187, 565], [1188, 565], [1189, 565], [1190, 565], [1191, 565], [1192, 565], [1193, 565], [1195, 565], [1197, 565], [1198, 565], [1199, 565], [1200, 565], [1201, 565], [1202, 565], [1203, 565], [1204, 565], [1209, 565], [1210, 565], [1211, 565], [1183, 566], [1184, 566], [1185, 566], [1187, 566], [1188, 566], [1189, 566], [1190, 566], [1191, 566], [1192, 566], [1193, 566], [1195, 566], [1196, 566], [1197, 566], [1198, 566], [1199, 566], [1200, 566], [1201, 566], [1202, 566], [1203, 566], [1204, 566], [1205, 566], [1210, 566], [1211, 566], [1212, 566], [1183, 567], [1184, 567], [1185, 567], [1188, 567], [1189, 567], [1190, 567], [1191, 567], [1192, 567], [1193, 567], [1194, 567], [1196, 567], [1197, 567], [1198, 567], [1199, 567], [1200, 567], [1201, 567], [1202, 567], [1203, 567], [1204, 567], [1205, 567], [1206, 567], [1210, 567], [1211, 567], [1212, 567], [1213, 567], [1184, 568], [1185, 568], [1186, 568], [1192, 568], [1193, 568], [1194, 568], [1196, 568], [1197, 568], [1198, 568], [1199, 568], [1200, 568], [1204, 568], [1205, 568], [1206, 568], [1211, 568], [1212, 568], [1213, 568], [1184, 569], [1185, 569], [1186, 569], [1187, 569], [1193, 569], [1194, 569], [1195, 569], [1204, 569], [1205, 569], [1206, 569], [1207, 569], [1212, 569], [1213, 569], [1214, 569], [1185, 570], [1186, 570], [1187, 570], [1193, 570], [1194, 570], [1195, 570], [1204, 570], [1205, 570], [1206, 570], [1207, 570], [1212, 570], [1213, 570], [1214, 570], [1186, 571], [1187, 571], [1188, 571], [1194, 571], [1195, 571], [1205, 571], [1206, 571], [1207, 571], [1213, 571], [1214, 571], [1215, 571], [1186, 572], [1187, 572], [1188, 572], [1189, 572], [1194, 572], [1195, 572], [1205, 572], [1206, 572], [1207, 572], [1213, 572], [1214, 572], [1215, 572], [1216, 572], [1187, 573], [1188, 573], [1189, 573], [1194, 573], [1195, 573], [1196, 573], [1205, 573], [1206, 573], [1207, 573], [1214, 573], [1215, 573], [1216, 573], [1188, 574], [1189, 574], [1190, 574], [1194, 574], [1195, 574], [1196, 574], [1200, 574], [1201, 574], [1202, 574], [1203, 574], [1204, 574], [1205, 574], [1206, 574], [1207, 574], [1215, 574], [1216, 574], [1217, 574], [1188, 575], [1189, 575], [1190, 575], [1191, 575], [1195, 575], [1196, 575], [1197, 575], [1198, 575], [1199, 575], [1200, 575], [1201, 575], [1202, 575], [1203, 575], [1204, 575], [1205, 575], [1206, 575], [1215, 575], [1216, 575], [1217, 575], [1218, 575], [1189, 576], [1190, 576], [1191, 576], [1195, 576], [1196, 576], [1197, 576], [1198, 576], [1199, 576], [1200, 576], [1201, 576], [1202, 576], [1203, 576], [1204, 576], [1216, 576], [1217, 576], [1218, 576], [1190, 577], [1191, 577], [1192, 577], [1198, 577], [1199, 577], [1200, 577], [1201, 577], [1202, 577], [1203, 577], [1204, 577], [1217, 577], [1218, 577], [1219, 577], [1190, 578], [1191, 578], [1192, 578], [1200, 578], [1201, 578], [1202, 578], [1203, 578], [1217, 578], [1218, 578], [1219, 578], [1220, 578], [1191, 579], [1192, 579], [1193, 579], [1218, 579], [1219, 579], [1220, 579], [1221, 579], [1191, 580], [1192, 580], [1193, 580], [1194, 580], [1219, 580], [1220, 580], [1221, 580], [1192, 581], [1193, 581], [1194, 581], [1220, 581], [1221, 581], [1222, 581], [1193, 582], [1194, 582], [1195, 582], [1220, 582], [1221, 582], [1222, 582], [1223, 582], [1193, 583], [1194, 583], [1195, 583], [1221, 583], [1222, 583], [1223, 583], [1194, 584], [1195, 584], [1196, 584], [1222, 584], [1223, 584], [1224, 584], [1194, 585], [1195, 585], [1196, 585], [1222, 585], [1223, 585], [1224, 585], [1195, 586], [1196, 586], [1197, 586], [1223, 586], [1224, 586], [1225, 586], [1195, 587], [1196, 587], [1197, 587], [1198, 587], [1223, 587], [1224, 587], [1225, 587], [1226, 587], [1196, 588], [1197, 588], [1198, 588], [1224, 588], [1225, 588], [1226, 588], [1197, 589], [1198, 589], [1199, 589], [1225, 589], [1226, 589], [1227, 589], [1197, 590], [1198, 590], [1199, 590], [1225, 590], [1226, 590], [1227, 590], [1228, 590], [1198, 591], [1199, 591], [1200, 591], [1226, 591], [1227, 591], [1228, 591], [1198, 592], [1199, 592], [1200, 592], [1210, 592], [1211, 592], [1212, 592], [1213, 592], [1227, 592], [1228, 592], [1229, 592], [1199, 593], [1200, 593], [1201, 593], [1209, 593], [1210, 593], [1211, 593], [1212, 593], [1213, 593], [1214, 593], [1215, 593], [1216, 593], [1227, 593], [1228, 593], [1229, 593], [1230, 593], [1199, 594], [1200, 594], [1201, 594], [1202, 594], [1208, 594], [1209, 594], [1210, 594], [1211, 594], [1212, 594], [1213, 594], [1214, 594], [1215, 594], [1216, 594], [1217, 594], [1218, 594], [1228, 594], [1229, 594], [1230, 594], [1200, 595], [1201, 595], [1202, 595], [1208, 595], [1209, 595], [1210, 595], [1215, 595], [1216, 595], [1217, 595], [1218, 595], [1219, 595], [1220, 595], [1221, 595], [1222, 595], [1229, 595], [1230, 595], [1231, 595], [1201, 596], [1202, 596], [1203, 596], [1208, 596], [1209, 596], [1217, 596], [1218, 596], [1219, 596], [1220, 596], [1221, 596], [1222, 596], [1229, 596], [1230, 596], [1231, 596], [1232, 596], [1201, 597], [1202, 597], [1203, 597], [1208, 597], [1209, 597], [1210, 597], [1211, 597], [1212, 597], [1221, 597], [1222, 597], [1230, 597], [1231, 597], [1232, 597], [1202, 598], [1203, 598], [1204, 598], [1208, 598], [1209, 598], [1210, 598], [1211, 598], [1212, 598], [1221, 598], [1222, 598], [1223, 598], [1231, 598], [1232, 598], [1233, 598], [1202, 599], [1203, 599], [1204, 599], [1205, 599], [1210, 599], [1211, 599], [1212, 599], [1221, 599], [1222, 599], [1223, 599], [1224, 599], [1225, 599], [1231, 599], [1232, 599], [1233, 599], [1203, 600], [1204, 600], [1205, 600], [1210, 600], [1211, 600], [1212, 600], [1213, 600], [1214, 600], [1221, 600], [1222, 600], [1224, 600], [1225, 600], [1232, 600], [1233, 600], [1234, 600], [1204, 601], [1205, 601], [1206, 601], [1211, 601], [1212, 601], [1213, 601], [1214, 601], [1215, 601], [1221, 601], [1222, 601], [1223, 601], [1224, 601], [1225, 601], [1232, 601], [1233, 601], [1234, 601], [1204, 602], [1205, 602], [1206, 602], [1211, 602], [1212, 602], [1213, 602], [1214, 602], [1215, 602], [1222, 602], [1223, 602], [1224, 602], [1225, 602], [1233, 602], [1234, 602], [1235, 602], [1205, 603], [1206, 603], [1207, 603], [1211, 603], [1212, 603], [1213, 603], [1214, 603], [1215, 603], [1222, 603], [1223, 603], [1224, 603], [1225, 603], [1226, 603], [1227, 603], [1233, 603], [1234, 603], [1235, 603], [1236, 603], [1205, 604], [1206, 604], [1207, 604], [1211, 604], [1212, 604], [1213, 604], [1214, 604], [1215, 604], [1216, 604], [1217, 604], [1222, 604], [1223, 604], [1224, 604], [1225, 604], [1227, 604], [1234, 604], [1235, 604], [1236, 604], [1237, 604], [1206, 605], [1207, 605], [1208, 605], [1211, 605], [1212, 605], [1213, 605], [1214, 605], [1215, 605], [1216, 605], [1217, 605], [1218, 605], [1223, 605], [1224, 605], [1225, 605], [1227, 605], [1228, 605], [1229, 605], [1235, 605], [1236, 605], [1237, 605], [1206, 606], [1207, 606], [1208, 606], [1209, 606], [1216, 606], [1217, 606], [1218, 606], [1223, 606], [1224, 606], [1225, 606], [1226, 606], [1227, 606], [1228, 606], [1229, 606], [1230, 606], [1236, 606], [1237, 606], [1238, 606], [1207, 607], [1208, 607], [1209, 607], [1217, 607], [1218, 607], [1223, 607], [1224, 607], [1225, 607], [1226, 607], [1227, 607], [1228, 607], [1229, 607], [1230, 607], [1231, 607], [1236, 607], [1237, 607], [1238, 607], [1239, 607], [1208, 608], [1209, 608], [1210, 608], [1216, 608], [1217, 608], [1218, 608], [1223, 608], [1224, 608], [1225, 608], [1226, 608], [1229, 608], [1230, 608], [1231, 608], [1232, 608], [1237, 608], [1238, 608], [1239, 608], [1208, 609], [1209, 609], [1210, 609], [1215, 609], [1216, 609], [1217, 609], [1218, 609], [1230, 609], [1231, 609], [1232, 609], [1233, 609], [1234, 609], [1238, 609], [1239, 609], [1240, 609], [1209, 610], [1210, 610], [1211, 610], [1215, 610], [1216, 610], [1217, 610], [1231, 610], [1232, 610], [1233, 610], [1234, 610], [1238, 610], [1239, 610], [1240, 610], [1241, 610], [1209, 611], [1210, 611], [1211, 611], [1215, 611], [1216, 611], [1217, 611], [1231, 611], [1233, 611], [1234, 611], [1239, 611], [1240, 611], [1241, 611], [1210, 612], [1211, 612], [1212, 612], [1216, 612], [1217, 612], [1218, 612], [1226, 612], [1227, 612], [1228, 612], [1229, 612], [1230, 612], [1231, 612], [1232, 612], [1233, 612], [1234, 612], [1240, 612], [1241, 612], [1242, 612], [1210, 613], [1211, 613], [1212, 613], [1213, 613], [1216, 613], [1217, 613], [1218, 613], [1219, 613], [1226, 613], [1227, 613], [1228, 613], [1229, 613], [1230, 613], [1231, 613], [1232, 613], [1233, 613], [1234, 613], [1240, 613], [1241, 613], [1242, 613], [1211, 614], [1212, 614], [1213, 614], [1217, 614], [1218, 614], [1219, 614], [1220, 614], [1226, 614], [1227, 614], [1228, 614], [1229, 614], [1230, 614], [1231, 614], [1232, 614], [1241, 614], [1242, 614], [1243, 614], [1212, 615], [1213, 615], [1214, 615], [1218, 615], [1219, 615], [1220, 615], [1226, 615], [1227, 615], [1241, 615], [1242, 615], [1243, 615], [1212, 616], [1213, 616], [1214, 616], [1219, 616], [1220, 616], [1222, 616], [1223, 616], [1224, 616], [1225, 616], [1226, 616], [1227, 616], [1242, 616], [1243, 616], [1244, 616], [1213, 617], [1214, 617], [1215, 617], [1219, 617], [1220, 617], [1221, 617], [1222, 617], [1223, 617], [1224, 617], [1225, 617], [1226, 617], [1227, 617], [1242, 617], [1243, 617], [1244, 617], [1245, 617], [1213, 618], [1214, 618], [1215, 618], [1219, 618], [1220, 618], [1221, 618], [1222, 618], [1223, 618], [1225, 618], [1226, 618], [1227, 618], [1243, 618], [1244, 618], [1245, 618], [1214, 619], [1215, 619], [1216, 619], [1244, 619], [1245, 619], [1246, 619], [1214, 620], [1215, 620], [1216, 620], [1244, 620], [1245, 620], [1246, 620], [1247, 620], [1215, 621], [1216, 621], [1217, 621], [1245, 621], [1246, 621], [1247, 621], [1215, 622], [1216, 622], [1217, 622], [1218, 622], [1246, 622], [1247, 622], [1248, 622], [1216, 623], [1217, 623], [1218, 623], [1246, 623], [1247, 623], [1248, 623], [1249, 623], [1217, 624], [1218, 624], [1219, 624], [1247, 624], [1248, 624], [1249, 624], [1217, 625], [1218, 625], [1219, 625], [1220, 625], [1248, 625], [1249, 625], [1250, 625], [1218, 626], [1219, 626], [1220, 626], [1248, 626], [1249, 626], [1250, 626], [1251, 626], [1219, 627], [1220, 627], [1221, 627], [1249, 627], [1250, 627], [1251, 627], [1219, 628], [1220, 628], [1221, 628], [1250, 628], [1251, 628], [1252, 628], [1220, 629], [1221, 629], [1222, 629], [1250, 629], [1251, 629], [1252, 629], [1253, 629], [1220, 630], [1221, 630], [1222, 630], [1223, 630], [1251, 630], [1252, 630], [1253, 630], [1221, 631], [1222, 631], [1223, 631], [1252, 631], [1253, 631], [1254, 631], [1222, 632], [1223, 632], [1224, 632], [1252, 632], [1253, 632], [1254, 632], [1255, 632], [1222, 633], [1223, 633], [1224, 633], [1225, 633], [1253, 633], [1254, 633], [1255, 633], [1223, 634], [1224, 634], [1225, 634], [1254, 634], [1255, 634], [1256, 634], [1224, 635], [1225, 635], [1226, 635], [1239, 635], [1240, 635], [1241, 635], [1254, 635], [1255, 635], [1256, 635], [1257, 635], [1224, 636], [1225, 636], [1226, 636], [1238, 636], [1239, 636], [1240, 636], [1241, 636], [1242, 636], [1243, 636], [1255, 636], [1256, 636], [1257, 636], [1225, 637], [1226, 637], [1227, 637], [1233, 637], [1234, 637], [1235, 637], [1236, 637], [1238, 637], [1239, 637], [1240, 637], [1241, 637], [1242, 637], [1243, 637], [1244, 637], [1245, 637], [1256, 637], [1257, 637], [1258, 637], [1225, 638], [1226, 638], [1227, 638], [1232, 638], [1233, 638], [1234, 638], [1235, 638], [1236, 638], [1237, 638], [1238, 638], [1239, 638], [1242, 638], [1243, 638], [1244, 638], [1245, 638], [1246, 638], [1256, 638], [1257, 638], [1258, 638], [1226, 639], [1227, 639], [1228, 639], [1232, 639], [1233, 639], [1234, 639], [1235, 639], [1236, 639], [1237, 639], [1238, 639], [1239, 639], [1244, 639], [1245, 639], [1246, 639], [1247, 639], [1248, 639], [1249, 639], [1250, 639], [1257, 639], [1258, 639], [1259, 639], [1226, 640], [1227, 640], [1228, 640], [1229, 640], [1232, 640], [1233, 640], [1245, 640], [1246, 640], [1247, 640], [1248, 640], [1249, 640], [1250, 640], [1257, 640], [1258, 640], [1259, 640], [1260, 640], [1227, 641], [1228, 641], [1229, 641], [1232, 641], [1233, 641], [1245, 641], [1246, 641], [1247, 641], [1249, 641], [1250, 641], [1258, 641], [1259, 641], [1260, 641], [1228, 642], [1229, 642], [1230, 642], [1232, 642], [1233, 642], [1234, 642], [1249, 642], [1250, 642], [1251, 642], [1259, 642], [1260, 642], [1261, 642], [1228, 643], [1229, 643], [1230, 643], [1232, 643], [1233, 643], [1234, 643], [1249, 643], [1250, 643], [1251, 643], [1259, 643], [1260, 643], [1261, 643], [1229, 644], [1230, 644], [1231, 644], [1233, 644], [1234, 644], [1235, 644], [1249, 644], [1250, 644], [1251, 644], [1260, 644], [1261, 644], [1262, 644], [1229, 645], [1230, 645], [1231, 645], [1232, 645], [1233, 645], [1234, 645], [1235, 645], [1236, 645], [1249, 645], [1250, 645], [1251, 645], [1260, 645], [1261, 645], [1262, 645], [1263, 645], [1230, 646], [1231, 646], [1232, 646], [1234, 646], [1235, 646], [1236, 646], [1237, 646], [1238, 646], [1239, 646], [1249, 646], [1250, 646], [1261, 646], [1262, 646], [1263, 646], [1264, 646], [1231, 647], [1232, 647], [1233, 647], [1235, 647], [1236, 647], [1237, 647], [1238, 647], [1239, 647], [1240, 647], [1249, 647], [1250, 647], [1262, 647], [1263, 647], [1264, 647], [1231, 648], [1232, 648], [1233, 648], [1234, 648], [1236, 648], [1237, 648], [1238, 648], [1239, 648], [1240, 648], [1241, 648], [1242, 648], [1249, 648], [1250, 648], [1251, 648], [1263, 648], [1264, 648], [1265, 648], [1232, 649], [1233, 649], [1234, 649], [1239, 649], [1240, 649], [1241, 649], [1242, 649], [1243, 649], [1249, 649], [1250, 649], [1251, 649], [1252, 649], [1263, 649], [1264, 649], [1265, 649], [1233, 650], [1234, 650], [1235, 650], [1241, 650], [1242, 650], [1243, 650], [1244, 650], [1250, 650], [1251, 650], [1252, 650], [1264, 650], [1265, 650], [1266, 650], [1233, 651], [1234, 651], [1235, 651], [1242, 651], [1243, 651], [1244, 651], [1247, 651], [1248, 651], [1249, 651], [1251, 651], [1252, 651], [1253, 651], [1264, 651], [1265, 651], [1266, 651], [1267, 651], [1234, 652], [1235, 652], [1236, 652], [1243, 652], [1244, 652], [1247, 652], [1248, 652], [1249, 652], [1250, 652], [1251, 652], [1252, 652], [1253, 652], [1265, 652], [1266, 652], [1267, 652], [1234, 653], [1235, 653], [1236, 653], [1243, 653], [1244, 653], [1245, 653], [1247, 653], [1248, 653], [1249, 653], [1250, 653], [1252, 653], [1253, 653], [1266, 653], [1267, 653], [1268, 653], [1235, 654], [1236, 654], [1237, 654], [1243, 654], [1244, 654], [1245, 654], [1246, 654], [1247, 654], [1248, 654], [1250, 654], [1251, 654], [1252, 654], [1253, 654], [1266, 654], [1267, 654], [1268, 654], [1269, 654], [1235, 655], [1236, 655], [1237, 655], [1238, 655], [1244, 655], [1245, 655], [1246, 655], [1247, 655], [1248, 655], [1249, 655], [1250, 655], [1251, 655], [1252, 655], [1253, 655], [1267, 655], [1268, 655], [1269, 655], [1236, 656], [1237, 656], [1238, 656], [1245, 656], [1246, 656], [1247, 656], [1248, 656], [1249, 656], [1250, 656], [1251, 656], [1252, 656], [1268, 656], [1269, 656], [1270, 656], [1237, 657], [1238, 657], [1239, 657], [1245, 657], [1246, 657], [1247, 657], [1248, 657], [1249, 657], [1250, 657], [1251, 657], [1252, 657], [1268, 657], [1269, 657], [1270, 657], [1271, 657], [1237, 658], [1238, 658], [1239, 658], [1240, 658], [1246, 658], [1247, 658], [1248, 658], [1249, 658], [1250, 658], [1251, 658], [1252, 658], [1269, 658], [1270, 658], [1271, 658], [1238, 659], [1239, 659], [1240, 659], [1248, 659], [1249, 659], [1250, 659], [1251, 659], [1270, 659], [1271, 659], [1272, 659], [1239, 660], [1240, 660], [1241, 660], [1270, 660], [1271, 660], [1272, 660], [1239, 661], [1240, 661], [1241, 661], [1242, 661], [1271, 661], [1272, 661], [1273, 661], [1240, 662], [1241, 662], [1242, 662], [1243, 662], [1271, 662], [1272, 662], [1273, 662], [1274, 662], [1241, 663], [1242, 663], [1243, 663], [1272, 663], [1273, 663], [1274, 663], [1242, 664], [1243, 664], [1273, 664], [1274, 664], [1275, 664], [1242, 665], [1243, 665], [1244, 665], [1273, 665], [1274, 665], [1275, 665], [1276, 665], [1242, 666], [1243, 666], [1244, 666], [1245, 666], [1274, 666], [1275, 666], [1276, 666], [1243, 667], [1244, 667], [1245, 667], [1275, 667], [1276, 667], [1277, 667], [1244, 668], [1245, 668], [1246, 668], [1275, 668], [1276, 668], [1277, 668], [1244, 669], [1245, 669], [1246, 669], [1276, 669], [1277, 669], [1278, 669], [1245, 670], [1246, 670], [1276, 670], [1277, 670], [1278, 670], [1279, 670], [1245, 671], [1246, 671], [1247, 671], [1277, 671], [1278, 671], [1279, 671], [1245, 672], [1246, 672], [1247, 672], [1248, 672], [1278, 672], [1279, 672], [1280, 672], [1246, 673], [1247, 673], [1248, 673], [1278, 673], [1279, 673], [1280, 673], [1281, 673], [1247, 674], [1248, 674], [1249, 674], [1279, 674], [1280, 674], [1281, 674], [1247, 675], [1248, 675], [1249, 675], [1250, 675], [1261, 675], [1262, 675], [1263, 675], [1264, 675], [1265, 675], [1280, 675], [1281, 675], [1282, 675], [1248, 676], [1249, 676], [1250, 676], [1261, 676], [1262, 676], [1263, 676], [1264, 676], [1265, 676], [1280, 676], [1281, 676], [1282, 676], [1283, 676], [1249, 677], [1250, 677], [1251, 677], [1261, 677], [1262, 677], [1263, 677], [1264, 677], [1265, 677], [1266, 677], [1267, 677], [1268, 677], [1281, 677], [1282, 677], [1283, 677], [1249, 678], [1250, 678], [1251, 678], [1256, 678], [1257, 678], [1258, 678], [1261, 678], [1262, 678], [1263, 678], [1264, 678], [1265, 678], [1266, 678], [1267, 678], [1268, 678], [1269, 678], [1282, 678], [1283, 678], [1284, 678], [1250, 679], [1251, 679], [1252, 679], [1256, 679], [1258, 679], [1259, 679], [1260, 679], [1262, 679], [1263, 679], [1266, 679], [1267, 679], [1268, 679], [1269, 679], [1282, 679], [1283, 679], [1284, 679], [1250, 680], [1251, 680], [1252, 680], [1256, 680], [1257, 680], [1258, 680], [1259, 680], [1260, 680], [1261, 680], [1262, 680], [1263, 680], [1264, 680], [1266, 680], [1267, 680], [1268, 680], [1269, 680], [1283, 680], [1284, 680], [1285, 680], [1251, 681], [1252, 681], [1253, 681], [1258, 681], [1259, 681], [1260, 681], [1261, 681], [1262, 681], [1263, 681], [1264, 681], [1265, 681], [1266, 681], [1267, 681], [1268, 681], [1283, 681], [1284, 681], [1285, 681], [1251, 682], [1252, 682], [1253, 682], [1254, 682], [1258, 682], [1259, 682], [1260, 682], [1261, 682], [1262, 682], [1263, 682], [1264, 682], [1265, 682], [1266, 682], [1267, 682], [1268, 682], [1284, 682], [1285, 682], [1286, 682], [1252, 683], [1253, 683], [1254, 683], [1259, 683], [1260, 683], [1261, 683], [1262, 683], [1263, 683], [1284, 683], [1285, 683], [1286, 683], [1287, 683], [1253, 684], [1254, 684], [1255, 684], [1285, 684], [1286, 684], [1287, 684], [1253, 685], [1254, 685], [1255, 685], [1286, 685], [1287, 685], [1288, 685], [1254, 686], [1255, 686], [1256, 686], [1286, 686], [1287, 686], [1288, 686], [1289, 686], [1254, 687], [1255, 687], [1256, 687], [1257, 687], [1287, 687], [1288, 687], [1289, 687], [1290, 687], [1255, 688], [1256, 688], [1257, 688], [1288, 688], [1289, 688], [1290, 688], [1256, 689], [1257, 689], [1258, 689], [1289, 689], [1290, 689], [1291, 689], [1256, 690], [1257, 690], [1258, 690], [1289, 690], [1290, 690], [1291, 690], [1292, 690], [1257, 691], [1258, 691], [1259, 691], [1290, 691], [1291, 691], [1292, 691], [1257, 692], [1258, 692], [1259, 692], [1291, 692], [1292, 692], [1293, 692], [1258, 693], [1259, 693], [1260, 693], [1291, 693], [1292, 693], [1293, 693], [1258, 694], [1259, 694], [1260, 694], [1261, 694], [1292, 694], [1293, 694], [1294, 694], [1259, 695], [1260, 695], [1261, 695], [1292, 695], [1293, 695], [1294, 695], [1295, 695], [1260, 696], [1261, 696], [1262, 696], [1293, 696], [1294, 696], [1295, 696], [1260, 697], [1261, 697], [1262, 697], [1263, 697], [1294, 697], [1295, 697], [1296, 697], [1261, 698], [1262, 698], [1263, 698], [1294, 698], [1295, 698], [1296, 698], [1297, 698], [1262, 699], [1263, 699], [1264, 699], [1295, 699], [1296, 699], [1297, 699], [1262, 700], [1263, 700], [1264, 700], [1296, 700], [1297, 700], [1298, 700], [1263, 701], [1264, 701], [1265, 701], [1296, 701], [1297, 701], [1298, 701], [1263, 702], [1264, 702], [1265, 702], [1266, 702], [1297, 702], [1298, 702], [1299, 702], [1264, 703], [1265, 703], [1266, 703], [1297, 703], [1298, 703], [1299, 703], [1300, 703], [1265, 704], [1266, 704], [1267, 704], [1298, 704], [1299, 704], [1300, 704], [1265, 705], [1266, 705], [1267, 705], [1299, 705], [1300, 705], [1301, 705], [1266, 706], [1267, 706], [1268, 706], [1299, 706], [1300, 706], [1301, 706], [1302, 706], [1266, 707], [1267, 707], [1268, 707], [1300, 707], [1301, 707], [1302, 707], [1267, 708], [1268, 708], [1269, 708], [1301, 708], [1302, 708], [1303, 708], [1267, 709], [1268, 709], [1269, 709], [1301, 709], [1302, 709], [1303, 709], [1304, 709], [1268, 710], [1269, 710], [1270, 710], [1302, 710], [1303, 710], [1304, 710], [1268, 711], [1269, 711], [1270, 711], [1271, 711], [1303, 711], [1304, 711], [1305, 711], [1269, 712], [1270, 712], [1271, 712], [1303, 712], [1304, 712], [1305, 712], [1270, 713], [1271, 713], [1272, 713], [1304, 713], [1305, 713], [1306, 713], [1270, 714], [1271, 714], [1272, 714], [1304, 714], [1305, 714], [1306, 714], [1307, 714], [1271, 715], [1272, 715], [1273, 715], [1305, 715], [1306, 715], [1307, 715], [1271, 716], [1272, 716], [1273, 716], [1274, 716], [1306, 716], [1307, 716], [1308, 716], [1272, 717], [1273, 717], [1274, 717], [1275, 717], [1306, 717], [1307, 717], [1308, 717], [1273, 718], [1274, 718], [1275, 718], [1307, 718], [1308, 718], [1309, 718], [1274, 719], [1275, 719], [1276, 719], [1307, 719], [1308, 719], [1309, 719], [1310, 719], [1274, 720], [1275, 720], [1276, 720], [1308, 720], [1309, 720], [1310, 720], [1275, 721], [1276, 721], [1277, 721], [1309, 721], [1310, 721], [1311, 721], [1275, 722], [1276, 722], [1277, 722], [1309, 722], [1310, 722], [1311, 722], [1312, 722], [1276, 723], [1277, 723], [1278, 723], [1310, 723], [1311, 723], [1312, 723], [1276, 724], [1277, 724], [1278, 724], [1311, 724], [1312, 724], [1313, 724], [1277, 725], [1278, 725], [1279, 725], [1311, 725], [1312, 725], [1313, 725], [1314, 725], [1277, 726], [1278, 726], [1279, 726], [1312, 726], [1313, 726], [1314, 726], [1278, 727], [1279, 727], [1280, 727], [1313, 727], [1314, 727], [1315, 727], [1278, 728], [1279, 728], [1280, 728], [1313, 728], [1314, 728], [1315, 728], [1279, 729], [1280, 729], [1281, 729], [1314, 729], [1315, 729], [1316, 729], [1279, 730], [1280, 730], [1281, 730], [1282, 730], [1314, 730], [1315, 730], [1316, 730], [1317, 730], [1280, 731], [1281, 731], [1282, 731], [1315, 731], [1316, 731], [1317, 731], [1281, 732], [1282, 732], [1283, 732], [1316, 732], [1317, 732], [1318, 732], [1281, 733], [1282, 733], [1283, 733], [1316, 733], [1317, 733], [1318, 733], [1282, 734], [1283, 734], [1284, 734], [1317, 734], [1318, 734], [1319, 734], [1282, 735], [1283, 735], [1284, 735], [1285, 735], [1317, 735], [1318, 735], [1319, 735], [1283, 736], [1284, 736], [1285, 736], [1318, 736], [1319, 736], [1320, 736], [1284, 737], [1285, 737], [1286, 737], [1318, 737], [1319, 737], [1320, 737], [1321, 737], [1284, 738], [1285, 738], [1286, 738], [1319, 738], [1320, 738], [1321, 738], [1285, 739], [1286, 739], [1287, 739], [1320, 739], [1321, 739], [1322, 739], [1285, 740], [1286, 740], [1287, 740], [1288, 740], [1320, 740], [1321, 740], [1322, 740], [1286, 741], [1287, 741], [1288, 741], [1303, 741], [1304, 741], [1305, 741], [1306, 741], [1307, 741], [1321, 741], [1322, 741], [1323, 741], [1287, 742], [1288, 742], [1289, 742], [1290, 742], [1291, 742], [1292, 742], [1298, 742], [1299, 742], [1300, 742], [1301, 742], [1302, 742], [1303, 742], [1304, 742], [1305, 742], [1306, 742], [1307, 742], [1308, 742], [1309, 742], [1310, 742], [1311, 742], [1312, 742], [1313, 742], [1314, 742], [1315, 742], [1318, 742], [1319, 742], [1320, 742], [1321, 742], [1322, 742], [1323, 742], [1287, 743], [1288, 743], [1289, 743], [1290, 743], [1291, 743], [1292, 743], [1293, 743], [1294, 743], [1295, 743], [1296, 743], [1297, 743], [1298, 743], [1299, 743], [1300, 743], [1301, 743], [1302, 743], [1303, 743], [1304, 743], [1306, 743], [1307, 743], [1308, 743], [1309, 743], [1310, 743], [1311, 743], [1312, 743], [1313, 743], [1314, 743], [1315, 743], [1316, 743], [1317, 743], [1318, 743], [1319, 743], [1320, 743], [1321, 743], [1322, 743], [1323, 743], [1291, 744], [1292, 744], [1293, 744], [1294, 744], [1295, 744], [1296, 744], [1297, 744], [1298, 744], [1299, 744], [1300, 744], [1301, 744], [1302, 744], [1314, 744], [1315, 744], [1316, 744], [1317, 744], [1318, 744], [1319, 744]


