White line left - 




Yellow line left - [963, 1069], [964, 1069], [965, 1069], [966, 1069], [967, 1069], [968, 1069], [969, 1069], [970, 1069], [971, 1069], [972, 1069], [973, 1069], [974, 1069], [952, 1070], [953, 1070], [954, 1070], [955, 1070], [956, 1070], [957, 1070], [958, 1070], [959, 1070], [960, 1070], [961, 1070], [962, 1070], [963, 1070], [964, 1070], [965, 1070], [966, 1070], [967, 1070], [968, 1070], [969, 1070], [970, 1070], [971, 1070], [972, 1070], [973, 1070], [974, 1070], [975, 1070], [976, 1070], [977, 1070], [978, 1070], [979, 1070], [949, 1071], [950, 1071], [951, 1071], [952, 1071], [953, 1071], [954, 1071], [955, 1071], [956, 1071], [957, 1071], [958, 1071], [959, 1071], [960, 1071], [961, 1071], [962, 1071], [963, 1071], [964, 1071], [973, 1071], [974, 1071], [975, 1071], [976, 1071], [977, 1071], [978, 1071], [979, 1071], [980, 1071], [981, 1071], [982, 1071], [942, 1072], [943, 1072], [944, 1072], [945, 1072], [946, 1072], [947, 1072], [948, 1072], [949, 1072], [950, 1072], [951, 1072], [952, 1072], [953, 1072], [978, 1072], [979, 1072], [980, 1072], [981, 1072], [982, 1072], [983, 1072], [940, 1073], [941, 1073], [942, 1073], [943, 1073], [944, 1073], [945, 1073], [946, 1073], [947, 1073], [948, 1073], [949, 1073], [950, 1073], [981, 1073], [982, 1073], [983, 1073], [984, 1073], [939, 1074], [940, 1074], [941, 1074], [942, 1074], [943, 1074], [982, 1074], [983, 1074], [984, 1074], [985, 1074], [938, 1075], [939, 1075], [940, 1075], [941, 1075], [983, 1075], [984, 1075], [985, 1075], [937, 1076], [938, 1076], [939, 1076], [940, 1076], [984, 1076], [985, 1076], [986, 1076], [937, 1077], [938, 1077], [939, 1077], [984, 1077], [985, 1077], [986, 1077], [937, 1078], [938, 1078], [985, 1078], [986, 1078], [937, 1079], [938, 1079], [985, 1079], [986, 1079]




Yellow line right - [1224, 1050], [1225, 1050], [1226, 1050], [1227, 1050], [1228, 1050], [1229, 1050], [1230, 1050], [1231, 1050], [1232, 1050], [1233, 1050], [1234, 1050], [1235, 1050], [1236, 1050], [1237, 1050], [1238, 1050], [1239, 1050], [1240, 1050], [1241, 1050], [1242, 1050], [1243, 1050], [1244, 1050], [1245, 1050], [1246, 1050], [1247, 1050], [1248, 1050], [1249, 1050], [1250, 1050], [1219, 1051], [1220, 1051], [1221, 1051], [1222, 1051], [1223, 1051], [1224, 1051], [1225, 1051], [1226, 1051], [1227, 1051], [1228, 1051], [1229, 1051], [1230, 1051], [1231, 1051], [1232, 1051], [1233, 1051], [1234, 1051], [1235, 1051], [1236, 1051], [1237, 1051], [1238, 1051], [1239, 1051], [1240, 1051], [1241, 1051], [1242, 1051], [1243, 1051], [1244, 1051], [1245, 1051], [1246, 1051], [1247, 1051], [1248, 1051], [1249, 1051], [1250, 1051], [1251, 1051], [1252, 1051], [1253, 1051], [1254, 1051], [1214, 1052], [1215, 1052], [1216, 1052], [1217, 1052], [1218, 1052], [1219, 1052], [1220, 1052], [1221, 1052], [1222, 1052], [1223, 1052], [1224, 1052], [1225, 1052], [1249, 1052], [1250, 1052], [1251, 1052], [1252, 1052], [1253, 1052], [1254, 1052], [1255, 1052], [1212, 1053], [1213, 1053], [1214, 1053], [1215, 1053], [1216, 1053], [1217, 1053], [1218, 1053], [1219, 1053], [1220, 1053], [1253, 1053], [1254, 1053], [1255, 1053], [1256, 1053], [1211, 1054], [1212, 1054], [1213, 1054], [1214, 1054], [1215, 1054], [1254, 1054], [1255, 1054], [1256, 1054], [1257, 1054], [1210, 1055], [1211, 1055], [1212, 1055], [1213, 1055], [1255, 1055], [1256, 1055], [1257, 1055], [1258, 1055], [1210, 1056], [1211, 1056], [1212, 1056], [1256, 1056], [1257, 1056], [1258, 1056], [1210, 1057], [1211, 1057], [1257, 1057], [1258, 1057], [1259, 1057], [1210, 1058], [1211, 1058], [1257, 1058], [1258, 1058], [1259, 1058], [1210, 1059], [1211, 1059], [1258, 1059], [1259, 1059], [1260, 1059], [1210, 1060], [1211, 1060], [1258, 1060], [1259, 1060], [1260, 1060], [1261, 1060], [1210, 1061], [1211, 1061], [1259, 1061], [1260, 1061], [1261, 1061], [1210, 1062], [1211, 1062], [1260, 1062], [1261, 1062], [1262, 1062], [1209, 1063], [1210, 1063], [1211, 1063], [1260, 1063], [1261, 1063], [1262, 1063], [1209, 1064], [1210, 1064], [1211, 1064], [1261, 1064], [1262, 1064], [1263, 1064], [1209, 1065], [1210, 1065], [1261, 1065], [1262, 1065], [1263, 1065], [1209, 1066], [1210, 1066], [1262, 1066], [1263, 1066], [1264, 1066], [1209, 1067], [1210, 1067], [1211, 1067], [1262, 1067], [1263, 1067], [1264, 1067], [1209, 1068], [1210, 1068], [1211, 1068], [1263, 1068], [1264, 1068], [1210, 1069], [1211, 1069], [1263, 1069], [1264, 1069], [1265, 1069], [1210, 1070], [1211, 1070], [1263, 1070], [1264, 1070], [1265, 1070], [1210, 1071], [1211, 1071], [1212, 1071], [1264, 1071], [1265, 1071], [1266, 1071], [1210, 1072], [1211, 1072], [1212, 1072], [1264, 1072], [1265, 1072], [1266, 1072], [1211, 1073], [1212, 1073], [1265, 1073], [1266, 1073], [1211, 1074], [1212, 1074], [1265, 1074], [1266, 1074], [1211, 1075], [1212, 1075], [1213, 1075], [1265, 1075], [1266, 1075], [1267, 1075], [1211, 1076], [1212, 1076], [1213, 1076], [1265, 1076], [1266, 1076], [1267, 1076], [1212, 1077], [1213, 1077], [1266, 1077], [1267, 1077], [1212, 1078], [1213, 1078], [1266, 1078], [1267, 1078], [1212, 1079], [1213, 1079], [1266, 1079], [1267, 1079]




White line right - [1141, 459], [1142, 459], [1140, 460], [1141, 460], [1142, 460], [1141, 461], [1142, 461], [1143, 461], [1141, 462], [1142, 462], [1143, 462], [1144, 462], [1142, 463], [1143, 463], [1144, 463], [1145, 463], [1143, 464], [1144, 464], [1145, 464], [1144, 465], [1145, 465], [1146, 465], [1144, 466], [1145, 466], [1146, 466], [1147, 466], [1145, 467], [1146, 467], [1147, 467], [1126, 468], [1146, 468], [1147, 468], [1148, 468], [1124, 469], [1125, 469], [1126, 469], [1127, 469], [1146, 469], [1147, 469], [1148, 469], [1149, 469], [1125, 470], [1126, 470], [1127, 470], [1147, 470], [1148, 470], [1149, 470], [1126, 471], [1127, 471], [1128, 471], [1148, 471], [1149, 471], [1150, 471], [1126, 472], [1127, 472], [1128, 472], [1148, 472], [1149, 472], [1150, 472], [1151, 472], [1127, 473], [1128, 473], [1129, 473], [1149, 473], [1150, 473], [1151, 473], [1127, 474], [1128, 474], [1129, 474], [1130, 474], [1150, 474], [1151, 474], [1152, 474], [1128, 475], [1129, 475], [1130, 475], [1150, 475], [1151, 475], [1152, 475], [1153, 475], [1129, 476], [1130, 476], [1131, 476], [1151, 476], [1152, 476], [1153, 476], [1129, 477], [1130, 477], [1131, 477], [1152, 477], [1153, 477], [1154, 477], [1130, 478], [1131, 478], [1132, 478], [1152, 478], [1153, 478], [1154, 478], [1130, 479], [1131, 479], [1132, 479], [1153, 479], [1154, 479], [1155, 479], [1131, 480], [1132, 480], [1133, 480], [1153, 480], [1154, 480], [1155, 480], [1156, 480], [1131, 481], [1132, 481], [1133, 481], [1134, 481], [1154, 481], [1155, 481], [1156, 481], [1157, 481], [1132, 482], [1133, 482], [1134, 482], [1155, 482], [1156, 482], [1157, 482], [1158, 482], [1133, 483], [1134, 483], [1135, 483], [1156, 483], [1157, 483], [1158, 483], [1133, 484], [1134, 484], [1135, 484], [1136, 484], [1157, 484], [1158, 484], [1159, 484], [1134, 485], [1135, 485], [1136, 485], [1157, 485], [1158, 485], [1159, 485], [1135, 486], [1136, 486], [1137, 486], [1158, 486], [1159, 486], [1160, 486], [1135, 487], [1136, 487], [1137, 487], [1158, 487], [1159, 487], [1160, 487], [1136, 488], [1137, 488], [1138, 488], [1159, 488], [1160, 488], [1161, 488], [1136, 489], [1137, 489], [1138, 489], [1159, 489], [1160, 489], [1161, 489], [1137, 490], [1138, 490], [1139, 490], [1160, 490], [1161, 490], [1162, 490], [1137, 491], [1138, 491], [1139, 491], [1160, 491], [1161, 491], [1162, 491], [1163, 491], [1138, 492], [1139, 492], [1140, 492], [1161, 492], [1162, 492], [1163, 492], [1164, 492], [1138, 493], [1139, 493], [1140, 493], [1141, 493], [1162, 493], [1163, 493], [1164, 493], [1139, 494], [1140, 494], [1141, 494], [1163, 494], [1164, 494], [1165, 494], [1140, 495], [1141, 495], [1142, 495], [1163, 495], [1164, 495], [1165, 495], [1166, 495], [1140, 496], [1141, 496], [1142, 496], [1143, 496], [1164, 496], [1165, 496], [1166, 496], [1141, 497], [1142, 497], [1143, 497], [1165, 497], [1166, 497], [1167, 497], [1142, 498], [1143, 498], [1144, 498], [1165, 498], [1166, 498], [1167, 498], [1168, 498], [1142, 499], [1143, 499], [1144, 499], [1145, 499], [1166, 499], [1167, 499], [1168, 499], [1169, 499], [1143, 500], [1144, 500], [1145, 500], [1167, 500], [1168, 500], [1169, 500], [1144, 501], [1145, 501], [1146, 501], [1168, 501], [1169, 501], [1170, 501], [1144, 502], [1145, 502], [1146, 502], [1156, 502], [1157, 502], [1158, 502], [1159, 502], [1168, 502], [1169, 502], [1170, 502], [1145, 503], [1146, 503], [1147, 503], [1154, 503], [1155, 503], [1156, 503], [1157, 503], [1158, 503], [1159, 503], [1169, 503], [1170, 503], [1171, 503], [1145, 504], [1146, 504], [1147, 504], [1154, 504], [1155, 504], [1156, 504], [1157, 504], [1158, 504], [1159, 504], [1169, 504], [1170, 504], [1171, 504], [1172, 504], [1146, 505], [1147, 505], [1148, 505], [1154, 505], [1155, 505], [1156, 505], [1157, 505], [1158, 505], [1159, 505], [1170, 505], [1171, 505], [1172, 505], [1146, 506], [1147, 506], [1148, 506], [1149, 506], [1155, 506], [1156, 506], [1157, 506], [1158, 506], [1159, 506], [1171, 506], [1172, 506], [1173, 506], [1147, 507], [1148, 507], [1149, 507], [1150, 507], [1171, 507], [1172, 507], [1173, 507], [1174, 507], [1148, 508], [1149, 508], [1150, 508], [1172, 508], [1173, 508], [1174, 508], [1149, 509], [1150, 509], [1151, 509], [1173, 509], [1174, 509], [1175, 509], [1149, 510], [1150, 510], [1151, 510], [1173, 510], [1174, 510], [1175, 510], [1176, 510], [1150, 511], [1151, 511], [1152, 511], [1174, 511], [1175, 511], [1176, 511], [1150, 512], [1151, 512], [1152, 512], [1175, 512], [1176, 512], [1177, 512], [1151, 513], [1152, 513], [1153, 513], [1175, 513], [1176, 513], [1177, 513], [1178, 513], [1151, 514], [1152, 514], [1153, 514], [1176, 514], [1177, 514], [1178, 514], [1152, 515], [1153, 515], [1154, 515], [1177, 515], [1178, 515], [1179, 515], [1152, 516], [1153, 516], [1154, 516], [1155, 516], [1177, 516], [1178, 516], [1179, 516], [1180, 516], [1153, 517], [1154, 517], [1155, 517], [1156, 517], [1178, 517], [1179, 517], [1180, 517], [1154, 518], [1155, 518], [1156, 518], [1157, 518], [1179, 518], [1180, 518], [1181, 518], [1155, 519], [1156, 519], [1157, 519], [1179, 519], [1180, 519], [1181, 519], [1156, 520], [1157, 520], [1158, 520], [1180, 520], [1181, 520], [1182, 520], [1156, 521], [1157, 521], [1158, 521], [1180, 521], [1181, 521], [1182, 521], [1183, 521], [1157, 522], [1158, 522], [1159, 522], [1181, 522], [1182, 522], [1183, 522], [1157, 523], [1158, 523], [1159, 523], [1182, 523], [1183, 523], [1184, 523], [1158, 524], [1159, 524], [1160, 524], [1182, 524], [1183, 524], [1184, 524], [1185, 524], [1158, 525], [1159, 525], [1160, 525], [1183, 525], [1184, 525], [1185, 525], [1159, 526], [1160, 526], [1161, 526], [1184, 526], [1185, 526], [1186, 526], [1159, 527], [1160, 527], [1161, 527], [1162, 527], [1184, 527], [1185, 527], [1186, 527], [1187, 527], [1160, 528], [1161, 528], [1162, 528], [1185, 528], [1186, 528], [1187, 528], [1161, 529], [1162, 529], [1163, 529], [1186, 529], [1187, 529], [1188, 529], [1161, 530], [1162, 530], [1163, 530], [1186, 530], [1187, 530], [1188, 530], [1162, 531], [1163, 531], [1164, 531], [1187, 531], [1188, 531], [1189, 531], [1162, 532], [1163, 532], [1164, 532], [1165, 532], [1187, 532], [1188, 532], [1189, 532], [1190, 532], [1163, 533], [1164, 533], [1165, 533], [1188, 533], [1189, 533], [1190, 533], [1191, 533], [1164, 534], [1165, 534], [1166, 534], [1189, 534], [1190, 534], [1191, 534], [1164, 535], [1165, 535], [1166, 535], [1190, 535], [1191, 535], [1192, 535], [1165, 536], [1166, 536], [1167, 536], [1190, 536], [1191, 536], [1192, 536], [1193, 536], [1165, 537], [1166, 537], [1167, 537], [1191, 537], [1192, 537], [1193, 537], [1166, 538], [1167, 538], [1168, 538], [1192, 538], [1193, 538], [1194, 538], [1166, 539], [1167, 539], [1168, 539], [1169, 539], [1192, 539], [1193, 539], [1194, 539], [1195, 539], [1167, 540], [1168, 540], [1169, 540], [1170, 540], [1193, 540], [1194, 540], [1195, 540], [1168, 541], [1169, 541], [1170, 541], [1194, 541], [1195, 541], [1196, 541], [1169, 542], [1170, 542], [1171, 542], [1194, 542], [1195, 542], [1196, 542], [1169, 543], [1170, 543], [1171, 543], [1172, 543], [1195, 543], [1196, 543], [1197, 543], [1170, 544], [1171, 544], [1172, 544], [1195, 544], [1196, 544], [1197, 544], [1171, 545], [1172, 545], [1173, 545], [1196, 545], [1197, 545], [1198, 545], [1171, 546], [1172, 546], [1173, 546], [1196, 546], [1197, 546], [1198, 546], [1199, 546], [1172, 547], [1173, 547], [1174, 547], [1197, 547], [1198, 547], [1199, 547], [1200, 547], [1172, 548], [1173, 548], [1174, 548], [1198, 548], [1199, 548], [1200, 548], [1173, 549], [1174, 549], [1175, 549], [1199, 549], [1200, 549], [1201, 549], [1173, 550], [1174, 550], [1175, 550], [1199, 550], [1200, 550], [1201, 550], [1174, 551], [1175, 551], [1176, 551], [1200, 551], [1201, 551], [1202, 551], [1174, 552], [1175, 552], [1176, 552], [1177, 552], [1200, 552], [1201, 552], [1202, 552], [1203, 552], [1175, 553], [1176, 553], [1177, 553], [1178, 553], [1201, 553], [1202, 553], [1203, 553], [1176, 554], [1177, 554], [1178, 554], [1202, 554], [1203, 554], [1204, 554], [1177, 555], [1178, 555], [1179, 555], [1202, 555], [1203, 555], [1204, 555], [1205, 555], [1177, 556], [1178, 556], [1179, 556], [1203, 556], [1204, 556], [1205, 556], [1178, 557], [1179, 557], [1204, 557], [1205, 557], [1206, 557], [1178, 558], [1179, 558], [1180, 558], [1204, 558], [1205, 558], [1206, 558], [1207, 558], [1178, 559], [1179, 559], [1180, 559], [1181, 559], [1205, 559], [1206, 559], [1207, 559], [1179, 560], [1180, 560], [1181, 560], [1206, 560], [1207, 560], [1208, 560], [1180, 561], [1181, 561], [1182, 561], [1206, 561], [1207, 561], [1208, 561], [1209, 561], [1180, 562], [1181, 562], [1182, 562], [1183, 562], [1207, 562], [1208, 562], [1209, 562], [1181, 563], [1182, 563], [1183, 563], [1208, 563], [1209, 563], [1210, 563], [1182, 564], [1183, 564], [1184, 564], [1208, 564], [1209, 564], [1210, 564], [1182, 565], [1183, 565], [1184, 565], [1209, 565], [1210, 565], [1211, 565], [1183, 566], [1184, 566], [1185, 566], [1209, 566], [1210, 566], [1211, 566], [1212, 566], [1183, 567], [1184, 567], [1185, 567], [1186, 567], [1197, 567], [1198, 567], [1199, 567], [1200, 567], [1201, 567], [1202, 567], [1203, 567], [1204, 567], [1205, 567], [1210, 567], [1211, 567], [1212, 567], [1184, 568], [1185, 568], [1186, 568], [1187, 568], [1188, 568], [1189, 568], [1190, 568], [1191, 568], [1192, 568], [1193, 568], [1194, 568], [1195, 568], [1196, 568], [1197, 568], [1198, 568], [1199, 568], [1200, 568], [1201, 568], [1202, 568], [1203, 568], [1204, 568], [1205, 568], [1206, 568], [1207, 568], [1208, 568], [1209, 568], [1210, 568], [1211, 568], [1212, 568], [1185, 569], [1186, 569], [1187, 569], [1188, 569], [1189, 569], [1190, 569], [1191, 569], [1192, 569], [1193, 569], [1194, 569], [1195, 569], [1196, 569], [1197, 569], [1198, 569], [1204, 569], [1205, 569], [1206, 569], [1207, 569], [1208, 569], [1209, 569], [1210, 569], [1211, 569], [1212, 569]


