White line left - 




Yellow line left - [1245, 426], [1246, 426], [1247, 426], [1245, 427], [1247, 427], [1245, 428], [1246, 428], [1247, 428], [1252, 429], [1253, 429], [1254, 429], [1252, 430], [1254, 430], [1252, 431], [1253, 431], [1254, 431], [1258, 444], [1259, 444], [1260, 444], [1261, 444], [1262, 444], [1263, 444], [1258, 445], [1259, 445], [1260, 445], [1261, 445], [1262, 445], [1263, 445], [1264, 445], [1258, 446], [1259, 446], [1260, 446], [1262, 446], [1263, 446], [1264, 446], [1265, 446], [1258, 447], [1259, 447], [1260, 447], [1261, 447], [1262, 447], [1263, 447], [1264, 447], [1265, 447], [1258, 448], [1259, 448], [1260, 448], [1261, 448], [1262, 448], [1263, 448], [1264, 448], [1265, 448], [1258, 449], [1259, 449], [1260, 449], [1261, 449], [1262, 449], [1263, 449], [1264, 449], [1259, 450], [1260, 450], [1261, 450], [1262, 450], [1263, 450], [1264, 450], [1259, 451], [1260, 451], [1261, 451], [1262, 451], [1263, 451], [1264, 451], [1265, 451], [1260, 452], [1261, 452], [1262, 452], [1263, 452], [1264, 452], [1265, 452], [1261, 453], [1262, 453], [1263, 453], [1264, 453], [1265, 453]




Yellow line right - [1510, 240], [1511, 240], [1508, 244], [1509, 244], [1510, 244], [1511, 244], [1512, 244], [1513, 244], [1514, 244], [1515, 244], [1516, 244], [1517, 244], [1518, 244], [1519, 244], [1520, 244], [1521, 244], [1522, 244], [1523, 244], [1508, 245], [1509, 245], [1510, 245], [1511, 245], [1512, 245], [1513, 245], [1514, 245], [1515, 245], [1516, 245], [1517, 245], [1518, 245], [1519, 245], [1520, 245], [1521, 245], [1522, 245], [1523, 245], [1524, 245], [1525, 245], [1508, 246], [1509, 246], [1510, 246], [1513, 246], [1514, 246], [1515, 246], [1516, 246], [1517, 246], [1522, 246], [1523, 246], [1524, 246], [1525, 246], [1508, 247], [1509, 247], [1510, 247], [1522, 247], [1523, 247], [1524, 247], [1525, 247], [1497, 248], [1498, 248], [1499, 248], [1508, 248], [1509, 248], [1510, 248], [1519, 248], [1520, 248], [1521, 248], [1522, 248], [1523, 248], [1524, 248], [1497, 249], [1499, 249], [1501, 249], [1502, 249], [1503, 249], [1504, 249], [1505, 249], [1506, 249], [1507, 249], [1508, 249], [1509, 249], [1519, 249], [1520, 249], [1521, 249], [1522, 249], [1523, 249], [1497, 250], [1498, 250], [1499, 250], [1501, 250], [1503, 250], [1504, 250], [1505, 250], [1506, 250], [1507, 250], [1508, 250], [1509, 250], [1510, 250], [1519, 250], [1520, 250], [1501, 251], [1502, 251], [1503, 251], [1504, 251], [1505, 251], [1506, 251], [1507, 251], [1508, 251], [1509, 251], [1510, 251], [1519, 251], [1520, 251], [1502, 252], [1503, 252], [1504, 252], [1505, 252], [1506, 252], [1507, 252], [1508, 252], [1509, 252], [1510, 252], [1511, 252], [1512, 252], [1513, 252], [1514, 252], [1515, 252], [1516, 252], [1517, 252], [1518, 252], [1519, 252], [1520, 252], [1502, 253], [1503, 253], [1504, 253], [1505, 253], [1506, 253], [1507, 253], [1508, 253], [1509, 253], [1510, 253], [1511, 253], [1512, 253], [1513, 253], [1514, 253], [1515, 253], [1516, 253], [1517, 253], [1518, 253], [1519, 253], [1520, 253], [1509, 254], [1510, 254], [1511, 254], [1512, 254], [1513, 254], [1514, 254], [1515, 254], [1516, 254], [1517, 254], [1509, 255], [1510, 255], [1511, 255], [1512, 255], [1513, 255], [1514, 255]




White line right - [1463, 268], [1464, 268], [1465, 268], [1466, 268], [1461, 269], [1462, 269], [1464, 269], [1465, 269], [1466, 269], [1467, 269], [1468, 269], [1469, 269], [1460, 270], [1461, 270], [1462, 270], [1463, 270], [1464, 270], [1465, 270], [1466, 270], [1467, 270], [1468, 270], [1469, 270], [1470, 270], [1471, 270], [1472, 270], [1463, 271], [1464, 271], [1465, 271], [1466, 271], [1467, 271], [1468, 271], [1469, 271], [1470, 271], [1471, 271], [1472, 271], [1473, 271], [1474, 271], [1475, 271], [1465, 272], [1466, 272], [1467, 272], [1468, 272], [1469, 272], [1470, 272], [1471, 272], [1472, 272], [1473, 272], [1474, 272], [1475, 272], [1476, 272], [1477, 272], [1468, 273], [1469, 273], [1470, 273], [1471, 273], [1472, 273], [1473, 273], [1474, 273], [1475, 273], [1476, 273], [1477, 273], [1478, 273], [1479, 273], [1480, 273], [1471, 274], [1472, 274], [1473, 274], [1474, 274], [1475, 274], [1476, 274], [1477, 274], [1478, 274], [1479, 274], [1480, 274], [1481, 274], [1482, 274], [1474, 275], [1475, 275], [1476, 275], [1477, 275], [1478, 275], [1479, 275], [1480, 275], [1481, 275], [1482, 275], [1478, 276], [1479, 276], [1480, 276], [1481, 276], [1482, 276], [1498, 281], [1499, 281], [1500, 281], [1501, 281], [1502, 281], [1503, 281], [1498, 282], [1499, 282], [1500, 282], [1501, 282], [1502, 282], [1503, 282], [1504, 282], [1505, 282], [1506, 282], [1507, 282], [1498, 283], [1499, 283], [1500, 283], [1501, 283], [1502, 283], [1504, 283], [1505, 283], [1506, 283], [1507, 283], [1508, 283], [1509, 283], [1510, 283], [1500, 284], [1501, 284], [1502, 284], [1503, 284], [1504, 284], [1505, 284], [1506, 284], [1507, 284], [1508, 284], [1509, 284], [1510, 284], [1511, 284], [1512, 284], [1513, 284], [1503, 285], [1504, 285], [1505, 285], [1506, 285], [1507, 285], [1508, 285], [1509, 285], [1510, 285], [1511, 285], [1512, 285], [1513, 285], [1514, 285], [1515, 285], [1516, 285], [1506, 286], [1507, 286], [1508, 286], [1509, 286], [1510, 286], [1511, 286], [1513, 286], [1514, 286], [1515, 286], [1516, 286], [1517, 286], [1518, 286], [1519, 286], [1520, 286], [1509, 287], [1510, 287], [1511, 287], [1512, 287], [1513, 287], [1514, 287], [1516, 287], [1517, 287], [1518, 287], [1519, 287], [1520, 287], [1521, 287], [1522, 287], [1523, 287], [1511, 288], [1512, 288], [1513, 288], [1514, 288], [1515, 288], [1516, 288], [1517, 288], [1518, 288], [1519, 288], [1520, 288], [1521, 288], [1522, 288], [1523, 288], [1524, 288], [1525, 288], [1514, 289], [1515, 289], [1516, 289], [1517, 289], [1518, 289], [1519, 289], [1520, 289], [1521, 289], [1522, 289], [1523, 289], [1524, 289], [1525, 289], [1526, 289], [1527, 289], [1528, 289], [1517, 290], [1518, 290], [1519, 290], [1520, 290], [1521, 290], [1522, 290], [1523, 290], [1525, 290], [1526, 290], [1527, 290], [1528, 290], [1529, 290], [1530, 290], [1531, 290], [1520, 291], [1521, 291], [1522, 291], [1523, 291], [1524, 291], [1525, 291], [1526, 291], [1527, 291], [1528, 291], [1529, 291], [1530, 291], [1531, 291], [1532, 291], [1533, 291], [1523, 292], [1524, 292], [1525, 292], [1526, 292], [1527, 292], [1528, 292], [1529, 292], [1531, 292], [1532, 292], [1533, 292], [1534, 292], [1535, 292], [1525, 293], [1526, 293], [1527, 293], [1528, 293], [1529, 293], [1530, 293], [1531, 293], [1532, 293], [1533, 293], [1534, 293], [1535, 293], [1529, 294], [1530, 294], [1531, 294], [1532, 294], [1533, 294], [1534, 294], [1535, 294], [1550, 299], [1551, 299], [1552, 299], [1553, 299], [1554, 299], [1555, 299], [1556, 299], [1550, 300], [1551, 300], [1552, 300], [1553, 300], [1554, 300], [1555, 300], [1556, 300], [1557, 300], [1558, 300], [1559, 300], [1560, 300], [1550, 301], [1551, 301], [1552, 301], [1553, 301], [1554, 301], [1556, 301], [1557, 301], [1558, 301], [1559, 301], [1560, 301], [1561, 301], [1562, 301], [1563, 301], [1552, 302], [1553, 302], [1554, 302], [1555, 302], [1556, 302], [1557, 302], [1558, 302], [1559, 302], [1560, 302], [1561, 302], [1562, 302], [1563, 302], [1564, 302], [1565, 302], [1566, 302], [1567, 302], [1554, 303], [1555, 303], [1556, 303], [1557, 303], [1558, 303], [1559, 303], [1560, 303], [1561, 303], [1562, 303], [1563, 303], [1564, 303], [1565, 303], [1566, 303], [1567, 303], [1568, 303], [1569, 303], [1570, 303], [1557, 304], [1558, 304], [1559, 304], [1560, 304], [1561, 304], [1562, 304], [1563, 304], [1566, 304], [1567, 304], [1568, 304], [1569, 304], [1570, 304], [1571, 304], [1572, 304], [1573, 304], [1560, 305], [1561, 305], [1562, 305], [1563, 305], [1564, 305], [1565, 305], [1566, 305], [1569, 305], [1570, 305], [1571, 305], [1572, 305], [1573, 305], [1574, 305], [1575, 305], [1562, 306], [1563, 306], [1564, 306], [1565, 306], [1566, 306], [1567, 306], [1568, 306], [1569, 306], [1572, 306], [1573, 306], [1574, 306], [1575, 306], [1576, 306], [1577, 306], [1578, 306], [1565, 307], [1566, 307], [1567, 307], [1568, 307], [1569, 307], [1570, 307], [1571, 307], [1572, 307], [1573, 307], [1574, 307], [1575, 307], [1576, 307], [1577, 307], [1578, 307], [1579, 307], [1580, 307], [1581, 307], [1568, 308], [1569, 308], [1570, 308], [1571, 308], [1572, 308], [1573, 308], [1574, 308], [1575, 308], [1576, 308], [1577, 308], [1578, 308], [1579, 308], [1580, 308], [1581, 308], [1582, 308], [1583, 308], [1584, 308], [1572, 309], [1573, 309], [1574, 309], [1575, 309], [1576, 309], [1577, 309], [1578, 309], [1579, 309], [1580, 309], [1581, 309], [1582, 309], [1583, 309], [1584, 309], [1585, 309], [1586, 309], [1587, 309], [1575, 310], [1576, 310], [1577, 310], [1578, 310], [1579, 310], [1580, 310], [1581, 310], [1582, 310], [1583, 310], [1584, 310], [1585, 310], [1586, 310], [1587, 310], [1588, 310], [1589, 310], [1590, 310], [1578, 311], [1579, 311], [1580, 311], [1581, 311], [1582, 311], [1583, 311], [1584, 311], [1585, 311], [1586, 311], [1587, 311], [1588, 311], [1589, 311], [1590, 311], [1591, 311], [1592, 311], [1593, 311], [1581, 312], [1582, 312], [1583, 312], [1584, 312], [1585, 312], [1586, 312], [1587, 312], [1588, 312], [1589, 312], [1590, 312], [1591, 312], [1592, 312], [1593, 312], [1594, 312], [1595, 312], [1596, 312], [1584, 313], [1585, 313], [1586, 313], [1587, 313], [1588, 313], [1589, 313], [1590, 313], [1592, 313], [1593, 313], [1594, 313], [1595, 313], [1596, 313], [1597, 313], [1598, 313], [1599, 313], [1587, 314], [1588, 314], [1589, 314], [1590, 314], [1591, 314], [1592, 314], [1593, 314], [1594, 314], [1595, 314], [1596, 314], [1597, 314], [1598, 314], [1599, 314], [1600, 314], [1601, 314], [1602, 314], [1589, 315], [1590, 315], [1591, 315], [1592, 315], [1593, 315], [1594, 315], [1595, 315], [1596, 315], [1597, 315], [1598, 315], [1599, 315], [1600, 315], [1601, 315], [1602, 315], [1603, 315], [1604, 315], [1605, 315], [1593, 316], [1594, 316], [1595, 316], [1596, 316], [1597, 316], [1598, 316], [1599, 316], [1600, 316], [1601, 316], [1602, 316], [1603, 316], [1604, 316], [1605, 316], [1606, 316], [1607, 316], [1608, 316], [1596, 317], [1597, 317], [1598, 317], [1599, 317], [1600, 317], [1601, 317], [1602, 317], [1604, 317], [1605, 317], [1606, 317], [1607, 317], [1608, 317], [1609, 317], [1610, 317], [1611, 317], [1599, 318], [1600, 318], [1601, 318], [1602, 318], [1603, 318], [1604, 318], [1605, 318], [1607, 318], [1608, 318], [1609, 318], [1610, 318], [1611, 318], [1612, 318], [1613, 318], [1614, 318], [1601, 319], [1602, 319], [1603, 319], [1604, 319], [1605, 319], [1606, 319], [1607, 319], [1610, 319], [1611, 319], [1612, 319], [1613, 319], [1614, 319], [1615, 319], [1616, 319], [1617, 319], [1604, 320], [1605, 320], [1606, 320], [1607, 320], [1608, 320], [1609, 320], [1610, 320], [1611, 320], [1613, 320], [1614, 320], [1615, 320], [1616, 320], [1617, 320], [1618, 320], [1619, 320], [1620, 320], [1606, 321], [1607, 321], [1608, 321], [1609, 321], [1610, 321], [1611, 321], [1612, 321], [1613, 321], [1616, 321], [1617, 321], [1618, 321], [1619, 321], [1620, 321], [1621, 321], [1622, 321], [1623, 321], [1610, 322], [1611, 322], [1612, 322], [1613, 322], [1614, 322], [1615, 322], [1616, 322], [1619, 322], [1620, 322], [1621, 322], [1622, 322], [1623, 322], [1624, 322], [1625, 322], [1612, 323], [1613, 323], [1614, 323], [1615, 323], [1616, 323], [1617, 323], [1618, 323], [1619, 323], [1622, 323], [1623, 323], [1624, 323], [1625, 323], [1626, 323], [1627, 323], [1628, 323], [1615, 324], [1616, 324], [1617, 324], [1618, 324], [1619, 324], [1620, 324], [1621, 324], [1622, 324], [1624, 324], [1625, 324], [1626, 324], [1627, 324], [1628, 324], [1629, 324], [1630, 324], [1631, 324], [1618, 325], [1619, 325], [1620, 325], [1621, 325], [1622, 325], [1623, 325], [1624, 325], [1625, 325], [1626, 325], [1627, 325], [1628, 325], [1629, 325], [1630, 325], [1631, 325], [1632, 325], [1633, 325], [1634, 325], [1621, 326], [1622, 326], [1623, 326], [1624, 326], [1625, 326], [1626, 326], [1627, 326], [1628, 326], [1629, 326], [1630, 326], [1631, 326], [1632, 326], [1633, 326], [1634, 326], [1635, 326], [1636, 326], [1637, 326], [1625, 327], [1626, 327], [1627, 327], [1628, 327], [1629, 327], [1630, 327], [1631, 327], [1632, 327], [1633, 327], [1634, 327], [1635, 327], [1636, 327], [1637, 327], [1638, 327], [1639, 327], [1640, 327], [1628, 328], [1629, 328], [1630, 328], [1631, 328], [1632, 328], [1633, 328], [1634, 328], [1635, 328], [1636, 328], [1637, 328], [1638, 328], [1639, 328], [1640, 328], [1641, 328], [1642, 328], [1643, 328], [1631, 329], [1632, 329], [1633, 329], [1634, 329], [1635, 329], [1636, 329], [1637, 329], [1638, 329], [1639, 329], [1640, 329], [1641, 329], [1642, 329], [1643, 329], [1644, 329], [1645, 329], [1646, 329], [1634, 330], [1635, 330], [1636, 330], [1637, 330], [1638, 330], [1639, 330], [1640, 330], [1642, 330], [1643, 330], [1644, 330], [1645, 330], [1646, 330], [1647, 330], [1648, 330], [1649, 330], [1637, 331], [1638, 331], [1639, 331], [1640, 331], [1641, 331], [1642, 331], [1643, 331], [1645, 331], [1646, 331], [1647, 331], [1648, 331], [1649, 331], [1650, 331], [1651, 331], [1652, 331], [1653, 331], [1639, 332], [1640, 332], [1641, 332], [1642, 332], [1643, 332], [1644, 332], [1645, 332], [1646, 332], [1648, 332], [1649, 332], [1650, 332], [1651, 332], [1652, 332], [1653, 332], [1654, 332], [1655, 332], [1656, 332], [1642, 333], [1643, 333], [1644, 333], [1645, 333], [1646, 333], [1647, 333], [1648, 333], [1649, 333], [1652, 333], [1653, 333], [1654, 333], [1655, 333], [1656, 333], [1657, 333], [1658, 333], [1659, 333], [1645, 334], [1646, 334], [1647, 334], [1648, 334], [1649, 334], [1650, 334], [1651, 334], [1652, 334], [1655, 334], [1656, 334], [1657, 334], [1658, 334], [1659, 334], [1660, 334], [1661, 334], [1648, 335], [1649, 335], [1650, 335], [1651, 335], [1652, 335], [1653, 335], [1654, 335], [1655, 335], [1658, 335], [1659, 335], [1660, 335], [1661, 335], [1662, 335], [1663, 335], [1664, 335], [1665, 335], [1651, 336], [1652, 336], [1653, 336], [1654, 336], [1655, 336], [1656, 336], [1657, 336], [1658, 336], [1660, 336], [1661, 336], [1662, 336], [1663, 336], [1664, 336], [1665, 336], [1666, 336], [1667, 336], [1668, 336], [1654, 337], [1655, 337], [1656, 337], [1657, 337], [1658, 337], [1659, 337], [1660, 337], [1661, 337], [1664, 337], [1665, 337], [1666, 337], [1667, 337], [1668, 337], [1669, 337], [1670, 337], [1657, 338], [1658, 338], [1659, 338], [1660, 338], [1661, 338], [1662, 338], [1663, 338], [1664, 338], [1667, 338], [1668, 338], [1669, 338], [1670, 338], [1671, 338], [1672, 338], [1673, 338], [1674, 338], [1660, 339], [1661, 339], [1662, 339], [1663, 339], [1664, 339], [1665, 339], [1666, 339], [1667, 339], [1669, 339], [1670, 339], [1671, 339], [1672, 339], [1673, 339], [1674, 339], [1675, 339], [1676, 339], [1677, 339], [1663, 340], [1664, 340], [1665, 340], [1666, 340], [1667, 340], [1668, 340], [1669, 340], [1673, 340], [1674, 340], [1675, 340], [1676, 340], [1677, 340], [1678, 340], [1679, 340], [1680, 340], [1666, 341], [1667, 341], [1668, 341], [1669, 341], [1670, 341], [1671, 341], [1672, 341], [1676, 341], [1677, 341], [1678, 341], [1679, 341], [1680, 341], [1681, 341], [1682, 341], [1683, 341], [1668, 342], [1669, 342], [1670, 342], [1671, 342], [1672, 342], [1673, 342], [1674, 342], [1675, 342], [1679, 342], [1680, 342], [1681, 342], [1682, 342], [1683, 342], [1684, 342], [1685, 342], [1671, 343], [1672, 343], [1673, 343], [1674, 343], [1675, 343], [1676, 343], [1677, 343], [1678, 343], [1682, 343], [1683, 343], [1684, 343], [1685, 343], [1686, 343], [1687, 343], [1688, 343], [1689, 343], [1674, 344], [1675, 344], [1676, 344], [1677, 344], [1678, 344], [1679, 344], [1680, 344], [1681, 344], [1684, 344], [1685, 344], [1686, 344], [1687, 344], [1688, 344], [1689, 344], [1690, 344], [1691, 344], [1692, 344], [1677, 345], [1678, 345], [1679, 345], [1680, 345], [1681, 345], [1682, 345], [1683, 345], [1684, 345], [1688, 345], [1689, 345], [1690, 345], [1691, 345], [1692, 345], [1693, 345], [1694, 345], [1695, 345], [1680, 346], [1681, 346], [1682, 346], [1683, 346], [1684, 346], [1685, 346], [1686, 346], [1691, 346], [1692, 346], [1693, 346], [1694, 346], [1695, 346], [1696, 346], [1697, 346], [1698, 346], [1683, 347], [1684, 347], [1685, 347], [1686, 347], [1687, 347], [1688, 347], [1689, 347], [1694, 347], [1695, 347], [1696, 347], [1697, 347], [1698, 347], [1699, 347], [1700, 347], [1701, 347], [1685, 348], [1686, 348], [1687, 348], [1688, 348], [1689, 348], [1690, 348], [1691, 348], [1692, 348], [1697, 348], [1698, 348], [1699, 348], [1700, 348], [1701, 348], [1702, 348], [1703, 348], [1688, 349], [1689, 349], [1690, 349], [1691, 349], [1692, 349], [1693, 349], [1694, 349], [1695, 349], [1700, 349], [1701, 349], [1702, 349], [1703, 349], [1704, 349], [1705, 349], [1706, 349], [1691, 350], [1692, 350], [1693, 350], [1694, 350], [1695, 350], [1696, 350], [1697, 350], [1698, 350], [1702, 350], [1703, 350], [1704, 350], [1705, 350], [1706, 350], [1707, 350], [1708, 350], [1709, 350], [1694, 351], [1695, 351], [1696, 351], [1697, 351], [1698, 351], [1699, 351], [1700, 351], [1701, 351], [1705, 351], [1706, 351], [1707, 351], [1708, 351], [1709, 351], [1710, 351], [1711, 351], [1712, 351], [1697, 352], [1698, 352], [1699, 352], [1700, 352], [1701, 352], [1702, 352], [1703, 352], [1708, 352], [1709, 352], [1710, 352], [1711, 352], [1712, 352], [1713, 352], [1714, 352], [1715, 352], [1700, 353], [1701, 353], [1702, 353], [1703, 353], [1704, 353], [1705, 353], [1706, 353], [1707, 353], [1711, 353], [1712, 353], [1713, 353], [1714, 353], [1715, 353], [1716, 353], [1717, 353], [1718, 353], [1702, 354], [1703, 354], [1704, 354], [1705, 354], [1706, 354], [1707, 354], [1708, 354], [1709, 354], [1710, 354], [1714, 354], [1715, 354], [1716, 354], [1717, 354], [1718, 354], [1719, 354], [1720, 354], [1721, 354], [1706, 355], [1707, 355], [1708, 355], [1709, 355], [1710, 355], [1711, 355], [1712, 355], [1717, 355], [1718, 355], [1719, 355], [1720, 355], [1721, 355], [1722, 355], [1723, 355], [1724, 355], [1725, 355], [1709, 356], [1710, 356], [1711, 356], [1712, 356], [1713, 356], [1714, 356], [1715, 356], [1720, 356], [1721, 356], [1722, 356], [1723, 356], [1724, 356], [1725, 356], [1726, 356], [1727, 356], [1711, 357], [1712, 357], [1713, 357], [1714, 357], [1715, 357], [1716, 357], [1717, 357], [1718, 357], [1724, 357], [1725, 357], [1726, 357], [1727, 357], [1728, 357], [1729, 357], [1730, 357], [1731, 357], [1714, 358], [1715, 358], [1716, 358], [1717, 358], [1718, 358], [1719, 358], [1720, 358], [1721, 358], [1726, 358], [1727, 358], [1728, 358], [1729, 358], [1730, 358], [1731, 358], [1732, 358], [1733, 358], [1717, 359], [1718, 359], [1719, 359], [1720, 359], [1721, 359], [1722, 359], [1723, 359], [1724, 359], [1730, 359], [1731, 359], [1732, 359], [1733, 359], [1734, 359], [1735, 359], [1736, 359], [1737, 359], [1720, 360], [1721, 360], [1722, 360], [1723, 360], [1724, 360], [1725, 360], [1726, 360], [1727, 360], [1732, 360], [1733, 360], [1734, 360], [1735, 360], [1736, 360], [1737, 360], [1738, 360], [1739, 360], [1740, 360], [1723, 361], [1724, 361], [1725, 361], [1726, 361], [1727, 361], [1728, 361], [1729, 361], [1730, 361], [1736, 361], [1737, 361], [1738, 361], [1739, 361], [1740, 361], [1741, 361], [1742, 361], [1743, 361], [1726, 362], [1727, 362], [1728, 362], [1729, 362], [1730, 362], [1731, 362], [1732, 362], [1733, 362], [1739, 362], [1740, 362], [1741, 362], [1742, 362], [1743, 362], [1744, 362], [1745, 362], [1746, 362], [1729, 363], [1730, 363], [1731, 363], [1732, 363], [1733, 363], [1734, 363], [1735, 363], [1742, 363], [1743, 363], [1744, 363], [1745, 363], [1746, 363], [1747, 363], [1748, 363], [1749, 363], [1750, 363], [1751, 363], [1752, 363], [1753, 363], [1754, 363], [1755, 363], [1756, 363], [1757, 363], [1758, 363], [1759, 363], [1760, 363], [1761, 363], [1762, 363], [1763, 363], [1764, 363], [1765, 363], [1766, 363], [1732, 364], [1733, 364], [1734, 364], [1735, 364], [1736, 364], [1737, 364], [1738, 364], [1739, 364], [1745, 364], [1746, 364], [1747, 364], [1748, 364], [1749, 364], [1750, 364], [1751, 364], [1752, 364], [1753, 364], [1754, 364], [1755, 364], [1756, 364], [1757, 364], [1758, 364], [1759, 364], [1760, 364], [1761, 364], [1762, 364], [1763, 364], [1764, 364], [1765, 364], [1766, 364], [1767, 364], [1768, 364], [1769, 364], [1734, 365], [1735, 365], [1736, 365], [1737, 365], [1738, 365], [1739, 365], [1740, 365], [1741, 365], [1750, 365], [1751, 365], [1752, 365], [1753, 365], [1765, 365], [1766, 365], [1767, 365], [1768, 365], [1769, 365], [1770, 365], [1771, 365], [1772, 365], [1738, 366], [1739, 366], [1740, 366], [1741, 366], [1742, 366], [1743, 366], [1744, 366], [1768, 366], [1769, 366], [1770, 366], [1771, 366], [1772, 366], [1773, 366], [1774, 366], [1740, 367], [1741, 367], [1742, 367], [1743, 367], [1744, 367], [1745, 367], [1746, 367], [1747, 367], [1763, 367], [1764, 367], [1765, 367], [1766, 367], [1767, 367], [1768, 367], [1769, 367], [1770, 367], [1771, 367], [1772, 367], [1773, 367], [1774, 367], [1743, 368], [1744, 368], [1745, 368], [1746, 368], [1747, 368], [1748, 368], [1749, 368], [1750, 368], [1763, 368], [1764, 368], [1765, 368], [1766, 368], [1767, 368], [1768, 368], [1769, 368], [1770, 368], [1771, 368], [1772, 368], [1773, 368], [1774, 368], [1746, 369], [1747, 369], [1748, 369], [1749, 369], [1750, 369], [1751, 369], [1752, 369], [1753, 369], [1763, 369], [1764, 369], [1765, 369], [1766, 369], [1767, 369], [1768, 369], [1749, 370], [1750, 370], [1751, 370], [1752, 370], [1753, 370], [1754, 370], [1755, 370], [1756, 370], [1764, 370], [1765, 370], [1766, 370], [1767, 370], [1768, 370], [1769, 370], [1770, 370], [1752, 371], [1753, 371], [1754, 371], [1755, 371], [1756, 371], [1757, 371], [1758, 371], [1759, 371], [1767, 371], [1768, 371], [1769, 371], [1770, 371], [1771, 371], [1772, 371], [1773, 371], [1755, 372], [1756, 372], [1757, 372], [1758, 372], [1759, 372], [1760, 372], [1761, 372], [1762, 372], [1769, 372], [1770, 372], [1771, 372], [1772, 372], [1773, 372], [1774, 372], [1775, 372], [1758, 373], [1759, 373], [1760, 373], [1761, 373], [1762, 373], [1763, 373], [1764, 373], [1765, 373], [1772, 373], [1773, 373], [1774, 373], [1775, 373], [1776, 373], [1777, 373], [1778, 373], [1761, 374], [1762, 374], [1763, 374], [1764, 374], [1765, 374], [1766, 374], [1767, 374], [1768, 374], [1774, 374], [1775, 374], [1776, 374], [1777, 374], [1778, 374], [1779, 374], [1780, 374], [1781, 374], [1764, 375], [1765, 375], [1766, 375], [1767, 375], [1768, 375], [1769, 375], [1770, 375], [1771, 375], [1777, 375], [1778, 375], [1779, 375], [1780, 375], [1781, 375], [1782, 375], [1783, 375], [1784, 375], [1767, 376], [1768, 376], [1769, 376], [1770, 376], [1771, 376], [1772, 376], [1773, 376], [1774, 376], [1780, 376], [1781, 376], [1782, 376], [1783, 376], [1784, 376], [1785, 376], [1786, 376], [1787, 376], [1788, 376], [1770, 377], [1771, 377], [1772, 377], [1773, 377], [1774, 377], [1775, 377], [1776, 377], [1777, 377], [1783, 377], [1784, 377], [1785, 377], [1786, 377], [1787, 377], [1788, 377], [1789, 377], [1790, 377], [1773, 378], [1774, 378], [1775, 378], [1776, 378], [1777, 378], [1778, 378], [1779, 378], [1780, 378], [1787, 378], [1788, 378], [1789, 378], [1790, 378], [1791, 378], [1792, 378], [1793, 378], [1776, 379], [1777, 379], [1778, 379], [1779, 379], [1780, 379], [1781, 379], [1782, 379], [1783, 379], [1789, 379], [1790, 379], [1791, 379], [1792, 379], [1793, 379], [1794, 379], [1795, 379], [1796, 379], [1779, 380], [1780, 380], [1781, 380], [1782, 380], [1783, 380], [1784, 380], [1785, 380], [1786, 380], [1792, 380], [1793, 380], [1794, 380], [1795, 380], [1796, 380], [1797, 380], [1798, 380], [1799, 380], [1782, 381], [1783, 381], [1784, 381], [1785, 381], [1786, 381], [1787, 381], [1788, 381], [1789, 381], [1795, 381], [1796, 381], [1797, 381], [1798, 381], [1799, 381], [1800, 381], [1801, 381], [1802, 381], [1785, 382], [1786, 382], [1787, 382], [1788, 382], [1789, 382], [1790, 382], [1791, 382], [1792, 382], [1798, 382], [1799, 382], [1800, 382], [1801, 382], [1802, 382], [1803, 382], [1804, 382], [1805, 382], [1788, 383], [1789, 383], [1790, 383], [1791, 383], [1792, 383], [1793, 383], [1794, 383], [1795, 383], [1801, 383], [1802, 383], [1803, 383], [1804, 383], [1805, 383], [1806, 383], [1807, 383], [1808, 383], [1791, 384], [1792, 384], [1793, 384], [1794, 384], [1795, 384], [1796, 384], [1797, 384], [1804, 384], [1805, 384], [1806, 384], [1807, 384], [1808, 384], [1809, 384], [1810, 384], [1811, 384], [1794, 385], [1795, 385], [1796, 385], [1797, 385], [1798, 385], [1799, 385], [1800, 385], [1807, 385], [1808, 385], [1809, 385], [1810, 385], [1811, 385], [1812, 385], [1813, 385], [1814, 385], [1796, 386], [1797, 386], [1798, 386], [1799, 386], [1800, 386], [1801, 386], [1802, 386], [1803, 386], [1810, 386], [1811, 386], [1812, 386], [1813, 386], [1814, 386], [1815, 386], [1816, 386], [1817, 386], [1799, 387], [1800, 387], [1801, 387], [1802, 387], [1803, 387], [1804, 387], [1805, 387], [1806, 387], [1813, 387], [1814, 387], [1815, 387], [1816, 387], [1817, 387], [1818, 387], [1819, 387], [1820, 387], [1802, 388], [1803, 388], [1804, 388], [1805, 388], [1806, 388], [1807, 388], [1808, 388], [1809, 388], [1816, 388], [1817, 388], [1818, 388], [1819, 388], [1820, 388], [1821, 388], [1822, 388], [1823, 388], [1805, 389], [1806, 389], [1807, 389], [1808, 389], [1809, 389], [1810, 389], [1811, 389], [1812, 389], [1819, 389], [1820, 389], [1821, 389], [1822, 389], [1823, 389], [1824, 389], [1808, 390], [1809, 390], [1810, 390], [1811, 390], [1812, 390], [1813, 390], [1814, 390], [1815, 390], [1822, 390], [1823, 390], [1824, 390], [1811, 391], [1812, 391], [1813, 391], [1814, 391], [1815, 391], [1816, 391], [1817, 391], [1818, 391], [1814, 392], [1815, 392], [1816, 392], [1817, 392], [1818, 392], [1819, 392], [1820, 392], [1821, 392], [1817, 393], [1818, 393], [1819, 393], [1820, 393], [1821, 393], [1822, 393], [1823, 393], [1824, 393], [1820, 394], [1821, 394], [1822, 394], [1823, 394], [1824, 394], [1823, 395], [1824, 395]


