White line left - [108, 1077], [109, 1077], [110, 1077], [107, 1078], [108, 1078], [109, 1078], [110, 1078], [111, 1078], [107, 1079], [108, 1079], [110, 1079], [111, 1079]




Yellow line left - [1588, 201], [1589, 201], [1590, 201], [1591, 201], [1592, 201], [1593, 201], [1594, 201], [1588, 202], [1589, 202], [1590, 202], [1591, 202], [1592, 202], [1593, 202], [1594, 202], [1588, 203], [1589, 203], [1592, 203], [1593, 203], [1594, 203], [1588, 204], [1589, 204], [1590, 204], [1592, 204], [1593, 204], [1594, 204], [1588, 205], [1589, 205], [1590, 205], [1591, 205], [1592, 205], [1593, 205], [1594, 205], [1589, 206], [1590, 206], [1591, 206], [1592, 206], [1593, 206], [1591, 207], [1592, 207], [1593, 207]




Yellow line right - [1480, 258], [1478, 259], [1479, 259], [1480, 259], [1478, 260], [1479, 260], [1480, 260], [1478, 261], [1479, 261], [1480, 261], [1477, 262], [1478, 262], [1479, 262], [1480, 262], [1472, 263], [1473, 263], [1474, 263], [1475, 263], [1476, 263], [1477, 263], [1478, 263], [1479, 263], [1480, 263], [1471, 264], [1472, 264], [1473, 264], [1474, 264], [1475, 264], [1476, 264], [1477, 264], [1478, 264], [1469, 265], [1470, 265], [1472, 265], [1473, 265], [1503, 265], [1504, 265], [1505, 265], [1466, 266], [1467, 266], [1469, 266], [1470, 266], [1471, 266], [1503, 266], [1504, 266], [1505, 266], [1506, 266], [1507, 266], [1465, 267], [1467, 267], [1469, 267], [1470, 267], [1471, 267], [1503, 267], [1504, 267], [1505, 267], [1506, 267], [1507, 267], [1463, 268], [1464, 268], [1465, 268], [1467, 268], [1468, 268], [1469, 268], [1470, 268], [1471, 268], [1503, 268], [1504, 268], [1506, 268], [1507, 268], [1508, 268], [1463, 269], [1464, 269], [1465, 269], [1466, 269], [1467, 269], [1468, 269], [1503, 269], [1504, 269], [1506, 269], [1507, 269], [1508, 269], [1509, 269], [1465, 270], [1466, 270], [1467, 270], [1468, 270], [1503, 270], [1504, 270], [1505, 270], [1506, 270], [1507, 270], [1508, 270], [1509, 270], [1466, 271], [1467, 271], [1468, 271], [1469, 271], [1470, 271], [1503, 271], [1504, 271], [1505, 271], [1506, 271], [1507, 271], [1508, 271], [1509, 271], [1467, 272], [1468, 272], [1469, 272], [1470, 272], [1471, 272], [1472, 272], [1473, 272], [1474, 272], [1475, 272], [1476, 272], [1477, 272], [1503, 272], [1504, 272], [1505, 272], [1506, 272], [1507, 272], [1508, 272], [1509, 272], [1469, 273], [1470, 273], [1471, 273], [1472, 273], [1473, 273], [1474, 273], [1475, 273], [1476, 273], [1477, 273], [1478, 273], [1479, 273], [1480, 273], [1481, 273], [1482, 273], [1483, 273], [1484, 273], [1485, 273], [1486, 273], [1487, 273], [1488, 273], [1489, 273], [1474, 274], [1475, 274], [1476, 274], [1477, 274], [1478, 274], [1479, 274], [1480, 274], [1481, 274], [1482, 274], [1483, 274], [1484, 274], [1485, 274], [1486, 274], [1487, 274], [1488, 274], [1489, 274], [1480, 275], [1481, 275], [1482, 275], [1483, 275], [1484, 275], [1485, 275], [1487, 275], [1488, 275], [1489, 275], [1487, 276], [1488, 276], [1487, 277], [1488, 277], [1489, 277], [1487, 278], [1488, 278], [1489, 278], [1490, 278], [1491, 278], [1488, 279], [1489, 279], [1490, 279], [1491, 279], [1492, 279], [1493, 279], [1494, 279], [1490, 280], [1491, 280], [1492, 280], [1493, 280], [1494, 280], [1495, 280], [1496, 280], [1497, 280], [1498, 280], [1499, 280], [1500, 280], [1502, 280], [1503, 280], [1504, 280], [1493, 281], [1494, 281], [1495, 281], [1496, 281], [1497, 281], [1498, 281], [1499, 281], [1500, 281], [1501, 281], [1502, 281], [1503, 281], [1504, 281], [1505, 281], [1499, 282], [1500, 282], [1501, 282], [1502, 282], [1503, 282], [1504, 282], [1505, 282], [1506, 282], [1504, 283], [1505, 283], [1506, 283], [1507, 283], [1508, 283], [1505, 284], [1506, 284], [1507, 284], [1508, 284], [1509, 284], [1507, 285], [1508, 285], [1509, 285], [1508, 286], [1509, 286], [1508, 287], [1509, 287], [1508, 288], [1509, 288], [1510, 288], [1511, 288], [1508, 289], [1509, 289], [1510, 289], [1511, 289], [1512, 289], [1513, 289], [1514, 289], [1515, 289], [1516, 289], [1517, 289], [1518, 289], [1510, 290], [1511, 290], [1512, 290], [1513, 290], [1514, 290], [1515, 290], [1516, 290], [1517, 290], [1518, 290], [1519, 290], [1517, 291], [1518, 291], [1519, 291], [1520, 291], [1518, 292], [1519, 292], [1520, 292], [1521, 292], [1522, 292], [1523, 292], [1524, 292], [1519, 293], [1520, 293], [1521, 293], [1522, 293], [1523, 293], [1524, 293], [1525, 293], [1526, 293], [1527, 293], [1523, 294], [1524, 294], [1525, 294], [1526, 294], [1527, 294], [1528, 294], [1529, 294], [1530, 294], [1526, 295], [1527, 295], [1528, 295], [1529, 295], [1530, 295], [1531, 295], [1529, 296], [1530, 296], [1531, 296], [1532, 296], [1533, 296], [1534, 296], [1530, 297], [1531, 297], [1532, 297], [1533, 297], [1534, 297], [1535, 297], [1536, 297], [1537, 297], [1533, 298], [1534, 298], [1535, 298], [1536, 298], [1537, 298], [1538, 298], [1539, 298], [1536, 299], [1537, 299], [1538, 299], [1539, 299], [1540, 299], [1541, 299], [1542, 299], [1538, 300], [1539, 300], [1540, 300], [1541, 300], [1542, 300], [1543, 300], [1541, 301], [1542, 301], [1543, 301], [1544, 301], [1542, 302], [1543, 302], [1544, 302], [1545, 302], [1546, 302], [1543, 303], [1544, 303], [1545, 303], [1546, 303], [1547, 303], [1548, 303], [1549, 303], [1550, 303], [1545, 304], [1546, 304], [1547, 304], [1548, 304], [1549, 304], [1550, 304], [1551, 304], [1552, 304], [1553, 304], [1554, 304], [1555, 304], [1556, 304], [1557, 304], [1558, 304], [1559, 304], [1549, 305], [1550, 305], [1551, 305], [1552, 305], [1553, 305], [1554, 305], [1555, 305], [1556, 305], [1557, 305], [1558, 305], [1559, 305], [1560, 305], [1563, 305], [1564, 305], [1565, 305], [1558, 306], [1559, 306], [1560, 306], [1561, 306], [1562, 306], [1563, 306], [1565, 306], [1559, 307], [1560, 307], [1561, 307], [1562, 307], [1564, 307], [1565, 307], [1572, 307], [1573, 307], [1574, 307], [1561, 308], [1562, 308], [1563, 308], [1564, 308], [1565, 308], [1568, 308], [1569, 308], [1570, 308], [1572, 308], [1574, 308], [1575, 308], [1576, 308], [1577, 308], [1578, 308], [1562, 309], [1563, 309], [1564, 309], [1565, 309], [1566, 309], [1567, 309], [1568, 309], [1569, 309], [1570, 309], [1571, 309], [1572, 309], [1575, 309], [1576, 309], [1577, 309], [1578, 309], [1564, 310], [1565, 310], [1566, 310], [1567, 310], [1568, 310], [1569, 310], [1570, 310], [1571, 310], [1572, 310], [1573, 310], [1574, 310], [1575, 310], [1576, 310], [1577, 310], [1578, 310], [1579, 310], [1571, 311], [1572, 311], [1573, 311], [1574, 311], [1575, 311], [1576, 311], [1577, 311], [1579, 311], [1573, 312], [1574, 312], [1575, 312], [1576, 312], [1577, 312], [1578, 312], [1579, 312], [1575, 313], [1576, 313], [1577, 313], [1578, 313], [1579, 313], [1580, 313], [1581, 313], [1582, 313], [1577, 314], [1578, 314], [1579, 314], [1580, 314], [1581, 314], [1582, 314], [1583, 314], [1584, 314], [1581, 315], [1582, 315], [1583, 315], [1584, 315], [1585, 315], [1586, 315], [1587, 315], [1588, 315], [1589, 315], [1590, 315], [1583, 316], [1584, 316], [1585, 316], [1586, 316], [1587, 316], [1588, 316], [1589, 316], [1590, 316], [1591, 316], [1592, 316], [1593, 316], [1594, 316], [1589, 317], [1590, 317], [1591, 317], [1592, 317], [1593, 317], [1594, 317], [1595, 317], [1596, 317], [1597, 317], [1598, 317], [1599, 317], [1590, 318], [1591, 318], [1592, 318], [1593, 318], [1594, 318], [1595, 318], [1596, 318], [1597, 318], [1598, 318], [1599, 318], [1600, 318], [1601, 318], [1593, 319], [1594, 319], [1595, 319], [1596, 319], [1597, 319], [1598, 319], [1599, 319], [1600, 319], [1601, 319], [1602, 319], [1594, 320], [1595, 320], [1596, 320], [1597, 320], [1598, 320], [1599, 320], [1600, 320], [1601, 320], [1602, 320], [1603, 320], [1595, 321], [1596, 321], [1597, 321], [1598, 321], [1599, 321], [1600, 321], [1601, 321], [1602, 321], [1603, 321], [1604, 321], [1605, 321], [1606, 321], [1602, 322], [1603, 322], [1604, 322], [1605, 322], [1606, 322], [1607, 322], [1605, 323], [1606, 323], [1607, 323], [1606, 324], [1607, 324], [1608, 324], [1606, 325], [1607, 325], [1608, 325], [1609, 325], [1610, 325], [1611, 325], [1607, 326], [1608, 326], [1609, 326], [1610, 326], [1611, 326], [1612, 326], [1613, 326], [1614, 326], [1610, 327], [1611, 327], [1612, 327], [1613, 327], [1614, 327], [1615, 327], [1616, 327], [1617, 327], [1618, 327], [1613, 328], [1614, 328], [1615, 328], [1616, 328], [1617, 328], [1618, 328], [1619, 328], [1620, 328], [1617, 329], [1618, 329], [1619, 329], [1620, 329], [1621, 329], [1622, 329], [1623, 329], [1624, 329], [1619, 330], [1620, 330], [1621, 330], [1622, 330], [1623, 330], [1624, 330], [1625, 330], [1626, 330], [1623, 331], [1624, 331], [1625, 331], [1626, 331], [1627, 331], [1628, 331], [1629, 331], [1630, 331], [1625, 332], [1626, 332], [1627, 332], [1628, 332], [1629, 332], [1630, 332], [1631, 332], [1632, 332], [1629, 333], [1630, 333], [1631, 333], [1632, 333], [1633, 333], [1634, 333], [1635, 333], [1631, 334], [1632, 334], [1633, 334], [1634, 334], [1635, 334], [1636, 334], [1634, 335], [1635, 335], [1636, 335], [1637, 335], [1635, 336], [1636, 336], [1637, 336], [1638, 336], [1639, 336], [1636, 337], [1637, 337], [1638, 337], [1639, 337], [1640, 337], [1641, 337], [1638, 338], [1639, 338], [1640, 338], [1641, 338], [1642, 338], [1643, 338], [1644, 338], [1640, 339], [1641, 339], [1642, 339], [1643, 339], [1644, 339], [1645, 339], [1646, 339], [1647, 339], [1648, 339], [1649, 339], [1650, 339], [1643, 340], [1644, 340], [1645, 340], [1646, 340], [1647, 340], [1648, 340], [1649, 340], [1650, 340], [1651, 340], [1649, 341], [1650, 341], [1651, 341], [1652, 341], [1650, 342], [1651, 342], [1652, 342], [1653, 342], [1654, 342], [1655, 342], [1651, 343], [1652, 343], [1653, 343], [1654, 343], [1655, 343], [1656, 343], [1657, 343], [1658, 343], [1659, 343], [1654, 344], [1655, 344], [1656, 344], [1657, 344], [1658, 344], [1659, 344], [1660, 344], [1661, 344], [1658, 345], [1659, 345], [1660, 345], [1661, 345], [1662, 345], [1663, 345], [1664, 345], [1665, 345], [1666, 345], [1667, 345], [1660, 346], [1661, 346], [1662, 346], [1663, 346], [1664, 346], [1665, 346], [1666, 346], [1667, 346], [1668, 346], [1669, 346], [1670, 346], [1666, 347], [1667, 347], [1668, 347], [1669, 347], [1670, 347], [1671, 347], [1672, 347], [1673, 347], [1674, 347], [1669, 348], [1670, 348], [1671, 348], [1672, 348], [1673, 348], [1674, 348], [1675, 348], [1676, 348], [1673, 349], [1674, 349], [1675, 349], [1676, 349], [1677, 349], [1678, 349], [1675, 350], [1676, 350], [1677, 350], [1678, 350], [1679, 350], [1680, 350], [1677, 351], [1678, 351], [1679, 351], [1680, 351], [1681, 351], [1679, 352], [1680, 352], [1681, 352], [1682, 352], [1683, 352], [1684, 352], [1685, 352], [1686, 352], [1680, 353], [1681, 353], [1682, 353], [1683, 353], [1684, 353], [1685, 353], [1686, 353], [1687, 353], [1688, 353], [1685, 354], [1686, 354], [1687, 354], [1688, 354], [1689, 354], [1690, 354], [1687, 355], [1688, 355], [1689, 355], [1690, 355], [1691, 355], [1692, 355], [1693, 355], [1694, 355], [1689, 356], [1690, 356], [1691, 356], [1692, 356], [1693, 356], [1694, 356], [1695, 356], [1696, 356], [1693, 357], [1694, 357], [1695, 357], [1696, 357], [1697, 357], [1698, 357], [1699, 357], [1695, 358], [1696, 358], [1697, 358], [1698, 358], [1699, 358], [1700, 358], [1701, 358], [1698, 359], [1699, 359], [1700, 359], [1701, 359], [1702, 359], [1700, 360], [1701, 360], [1702, 360], [1703, 360], [1704, 360], [1701, 361], [1702, 361], [1703, 361], [1704, 361], [1705, 361], [1706, 361], [1707, 361], [1703, 362], [1704, 362], [1705, 362], [1706, 362], [1707, 362], [1708, 362], [1709, 362], [1710, 362], [1711, 362], [1712, 362], [1713, 362], [1714, 362], [1715, 362], [1706, 363], [1707, 363], [1708, 363], [1709, 363], [1710, 363], [1711, 363], [1712, 363], [1713, 363], [1714, 363], [1715, 363], [1716, 363], [1717, 363], [1718, 363], [1714, 364], [1715, 364], [1716, 364], [1717, 364], [1718, 364], [1719, 364], [1720, 364], [1717, 365], [1718, 365], [1719, 365], [1720, 365], [1721, 365], [1722, 365], [1719, 366], [1720, 366], [1721, 366], [1722, 366], [1723, 366], [1724, 366], [1725, 366], [1721, 367], [1722, 367], [1723, 367], [1724, 367], [1725, 367], [1726, 367], [1724, 368], [1725, 368], [1726, 368], [1727, 368], [1728, 368], [1725, 369], [1726, 369], [1727, 369], [1728, 369], [1729, 369], [1730, 369], [1731, 369], [1732, 369], [1733, 369], [1734, 369], [1727, 370], [1728, 370], [1729, 370], [1730, 370], [1731, 370], [1732, 370], [1733, 370], [1734, 370], [1735, 370], [1736, 370], [1737, 370], [1733, 371], [1734, 371], [1735, 371], [1736, 371], [1737, 371], [1738, 371], [1739, 371], [1740, 371], [1741, 371], [1736, 372], [1737, 372], [1738, 372], [1739, 372], [1740, 372], [1741, 372], [1739, 373], [1740, 373], [1741, 373], [1742, 373], [1739, 374], [1740, 374], [1741, 374], [1742, 374], [1743, 374], [1744, 374], [1745, 374], [1741, 375], [1742, 375], [1743, 375], [1744, 375], [1745, 375], [1746, 375], [1747, 375], [1748, 375], [1749, 375], [1744, 376], [1745, 376], [1746, 376], [1747, 376], [1748, 376], [1749, 376], [1750, 376], [1751, 376], [1752, 376], [1753, 376], [1748, 377], [1749, 377], [1750, 377], [1751, 377], [1752, 377], [1753, 377], [1754, 377], [1752, 378], [1753, 378], [1754, 378], [1755, 378], [1756, 378], [1753, 379], [1754, 379], [1755, 379], [1756, 379], [1757, 379], [1758, 379], [1759, 379], [1755, 380], [1756, 380], [1757, 380], [1758, 380], [1759, 380], [1760, 380], [1758, 381], [1759, 381], [1760, 381], [1761, 381], [1759, 382], [1760, 382], [1761, 382], [1762, 382], [1763, 382], [1764, 382], [1765, 382], [1766, 382], [1760, 383], [1761, 383], [1762, 383], [1763, 383], [1764, 383], [1765, 383], [1766, 383], [1767, 383], [1768, 383], [1769, 383], [1770, 383], [1765, 384], [1766, 384], [1767, 384], [1768, 384], [1769, 384], [1770, 384], [1771, 384], [1772, 384], [1769, 385], [1770, 385], [1771, 385], [1772, 385], [1773, 385], [1774, 385], [1771, 386], [1772, 386], [1773, 386], [1774, 386], [1775, 386], [1776, 386], [1777, 386], [1778, 386], [1773, 387], [1774, 387], [1775, 387], [1776, 387], [1777, 387], [1778, 387], [1779, 387], [1780, 387], [1781, 387], [1777, 388], [1778, 388], [1779, 388], [1780, 388], [1781, 388], [1782, 388], [1783, 388], [1784, 388], [1780, 389], [1781, 389], [1782, 389], [1783, 389], [1784, 389], [1785, 389], [1786, 389], [1783, 390], [1784, 390], [1785, 390], [1786, 390], [1787, 390], [1788, 390], [1789, 390], [1790, 390], [1785, 391], [1786, 391], [1787, 391], [1788, 391], [1789, 391], [1790, 391], [1791, 391], [1792, 391], [1789, 392], [1790, 392], [1791, 392], [1792, 392], [1793, 392], [1794, 392], [1795, 392], [1796, 392], [1797, 392], [1798, 392], [1791, 393], [1792, 393], [1793, 393], [1794, 393], [1795, 393], [1796, 393], [1797, 393], [1798, 393], [1799, 393], [1800, 393], [1801, 393], [1802, 393], [1797, 394], [1798, 394], [1799, 394], [1800, 394], [1801, 394], [1802, 394], [1803, 394], [1804, 394], [1805, 394], [1806, 394], [1801, 395], [1802, 395], [1803, 395], [1804, 395], [1805, 395], [1806, 395], [1807, 395], [1805, 396], [1806, 396], [1807, 396], [1808, 396], [1809, 396], [1806, 397], [1807, 397], [1808, 397], [1809, 397], [1810, 397], [1811, 397], [1812, 397], [1813, 397], [1808, 398], [1809, 398], [1810, 398], [1811, 398], [1812, 398], [1813, 398], [1814, 398], [1810, 399], [1811, 399], [1812, 399], [1813, 399], [1814, 399], [1815, 399], [1816, 399], [1813, 400], [1814, 400], [1815, 400], [1816, 400], [1817, 400], [1818, 400], [1819, 400], [1820, 400], [1821, 400], [1822, 400], [1823, 400], [1824, 400], [1815, 401], [1816, 401], [1817, 401], [1818, 401], [1819, 401], [1820, 401], [1821, 401], [1822, 401], [1823, 401], [1824, 401], [1819, 402], [1820, 402], [1821, 402], [1823, 402], [1824, 402], [1823, 403], [1824, 403], [1824, 404], [1824, 405]




White line right - [1451, 275], [1452, 275], [1453, 275], [1454, 275], [1450, 276], [1451, 276], [1452, 276], [1453, 276], [1454, 276], [1455, 276], [1456, 276], [1448, 277], [1449, 277], [1453, 277], [1454, 277], [1455, 277], [1456, 277], [1457, 277], [1458, 277], [1459, 277], [1446, 278], [1447, 278], [1448, 278], [1449, 278], [1450, 278], [1451, 278], [1455, 278], [1456, 278], [1457, 278], [1458, 278], [1459, 278], [1460, 278], [1461, 278], [1462, 278], [1463, 278], [1464, 278], [1465, 278], [1466, 278], [1467, 278], [1468, 278], [1469, 278], [1470, 278], [1471, 278], [1448, 279], [1449, 279], [1450, 279], [1451, 279], [1452, 279], [1453, 279], [1458, 279], [1459, 279], [1460, 279], [1461, 279], [1462, 279], [1463, 279], [1464, 279], [1465, 279], [1466, 279], [1467, 279], [1468, 279], [1469, 279], [1470, 279], [1471, 279], [1472, 279], [1473, 279], [1450, 280], [1451, 280], [1452, 280], [1453, 280], [1454, 280], [1455, 280], [1456, 280], [1470, 280], [1471, 280], [1472, 280], [1473, 280], [1452, 281], [1453, 281], [1454, 281], [1455, 281], [1456, 281], [1457, 281], [1458, 281], [1459, 281], [1472, 281], [1473, 281], [1455, 282], [1456, 282], [1457, 282], [1458, 282], [1459, 282], [1460, 282], [1461, 282], [1462, 282], [1472, 282], [1473, 282], [1458, 283], [1459, 283], [1460, 283], [1461, 283], [1462, 283], [1463, 283], [1464, 283], [1472, 283], [1473, 283], [1474, 283], [1461, 284], [1462, 284], [1463, 284], [1464, 284], [1465, 284], [1466, 284], [1467, 284], [1472, 284], [1473, 284], [1474, 284], [1475, 284], [1476, 284], [1463, 285], [1464, 285], [1465, 285], [1466, 285], [1467, 285], [1468, 285], [1469, 285], [1473, 285], [1474, 285], [1475, 285], [1476, 285], [1477, 285], [1478, 285], [1479, 285], [1466, 286], [1467, 286], [1468, 286], [1469, 286], [1470, 286], [1471, 286], [1475, 286], [1476, 286], [1477, 286], [1478, 286], [1479, 286], [1480, 286], [1481, 286], [1468, 287], [1469, 287], [1470, 287], [1471, 287], [1472, 287], [1473, 287], [1474, 287], [1478, 287], [1479, 287], [1480, 287], [1481, 287], [1482, 287], [1483, 287], [1484, 287], [1470, 288], [1471, 288], [1472, 288], [1473, 288], [1474, 288], [1475, 288], [1476, 288], [1477, 288], [1480, 288], [1481, 288], [1482, 288], [1483, 288], [1484, 288], [1485, 288], [1486, 288], [1473, 289], [1474, 289], [1475, 289], [1476, 289], [1477, 289], [1478, 289], [1479, 289], [1480, 289], [1483, 289], [1484, 289], [1485, 289], [1486, 289], [1487, 289], [1488, 289], [1489, 289], [1476, 290], [1477, 290], [1478, 290], [1479, 290], [1480, 290], [1481, 290], [1482, 290], [1485, 290], [1486, 290], [1487, 290], [1488, 290], [1489, 290], [1490, 290], [1491, 290], [1492, 290], [1479, 291], [1480, 291], [1481, 291], [1482, 291], [1483, 291], [1484, 291], [1485, 291], [1488, 291], [1489, 291], [1490, 291], [1491, 291], [1492, 291], [1493, 291], [1494, 291], [1481, 292], [1482, 292], [1483, 292], [1484, 292], [1485, 292], [1486, 292], [1487, 292], [1491, 292], [1492, 292], [1493, 292], [1494, 292], [1495, 292], [1496, 292], [1497, 292], [1484, 293], [1485, 293], [1486, 293], [1487, 293], [1488, 293], [1489, 293], [1490, 293], [1493, 293], [1494, 293], [1495, 293], [1496, 293], [1497, 293], [1498, 293], [1499, 293], [1500, 293], [1486, 294], [1487, 294], [1488, 294], [1489, 294], [1490, 294], [1491, 294], [1492, 294], [1496, 294], [1497, 294], [1498, 294], [1499, 294], [1500, 294], [1501, 294], [1502, 294], [1503, 294], [1489, 295], [1490, 295], [1491, 295], [1492, 295], [1493, 295], [1494, 295], [1495, 295], [1499, 295], [1500, 295], [1501, 295], [1502, 295], [1503, 295], [1504, 295], [1505, 295], [1491, 296], [1492, 296], [1493, 296], [1494, 296], [1495, 296], [1496, 296], [1497, 296], [1498, 296], [1502, 296], [1503, 296], [1504, 296], [1505, 296], [1506, 296], [1507, 296], [1508, 296], [1494, 297], [1495, 297], [1496, 297], [1497, 297], [1498, 297], [1499, 297], [1500, 297], [1504, 297], [1505, 297], [1506, 297], [1507, 297], [1508, 297], [1509, 297], [1510, 297], [1497, 298], [1498, 298], [1499, 298], [1500, 298], [1501, 298], [1502, 298], [1503, 298], [1507, 298], [1508, 298], [1509, 298], [1510, 298], [1511, 298], [1512, 298], [1513, 298], [1499, 299], [1500, 299], [1501, 299], [1502, 299], [1503, 299], [1504, 299], [1505, 299], [1509, 299], [1510, 299], [1511, 299], [1512, 299], [1513, 299], [1514, 299], [1515, 299], [1516, 299], [1502, 300], [1503, 300], [1504, 300], [1505, 300], [1506, 300], [1507, 300], [1508, 300], [1512, 300], [1513, 300], [1514, 300], [1515, 300], [1516, 300], [1517, 300], [1518, 300], [1504, 301], [1505, 301], [1506, 301], [1507, 301], [1508, 301], [1509, 301], [1510, 301], [1511, 301], [1515, 301], [1516, 301], [1517, 301], [1518, 301], [1519, 301], [1520, 301], [1521, 301], [1507, 302], [1508, 302], [1509, 302], [1510, 302], [1511, 302], [1512, 302], [1513, 302], [1517, 302], [1518, 302], [1519, 302], [1520, 302], [1521, 302], [1522, 302], [1523, 302], [1524, 302], [1510, 303], [1511, 303], [1512, 303], [1513, 303], [1514, 303], [1515, 303], [1516, 303], [1520, 303], [1521, 303], [1522, 303], [1523, 303], [1524, 303], [1525, 303], [1526, 303], [1512, 304], [1513, 304], [1514, 304], [1515, 304], [1516, 304], [1517, 304], [1518, 304], [1523, 304], [1524, 304], [1525, 304], [1526, 304], [1527, 304], [1528, 304], [1515, 305], [1516, 305], [1517, 305], [1518, 305], [1519, 305], [1520, 305], [1521, 305], [1525, 305], [1526, 305], [1527, 305], [1528, 305], [1529, 305], [1530, 305], [1531, 305], [1517, 306], [1518, 306], [1519, 306], [1520, 306], [1521, 306], [1522, 306], [1523, 306], [1527, 306], [1528, 306], [1529, 306], [1530, 306], [1531, 306], [1532, 306], [1533, 306], [1520, 307], [1521, 307], [1522, 307], [1523, 307], [1524, 307], [1525, 307], [1526, 307], [1530, 307], [1531, 307], [1532, 307], [1533, 307], [1534, 307], [1535, 307], [1536, 307], [1522, 308], [1523, 308], [1524, 308], [1525, 308], [1526, 308], [1527, 308], [1528, 308], [1532, 308], [1533, 308], [1534, 308], [1535, 308], [1536, 308], [1537, 308], [1538, 308], [1539, 308], [1525, 309], [1526, 309], [1527, 309], [1528, 309], [1529, 309], [1530, 309], [1531, 309], [1535, 309], [1536, 309], [1537, 309], [1538, 309], [1539, 309], [1540, 309], [1541, 309], [1527, 310], [1528, 310], [1529, 310], [1530, 310], [1531, 310], [1532, 310], [1533, 310], [1537, 310], [1538, 310], [1539, 310], [1540, 310], [1541, 310], [1542, 310], [1543, 310], [1544, 310], [1530, 311], [1531, 311], [1532, 311], [1533, 311], [1534, 311], [1535, 311], [1536, 311], [1537, 311], [1539, 311], [1540, 311], [1541, 311], [1542, 311], [1543, 311], [1544, 311], [1545, 311], [1546, 311], [1532, 312], [1533, 312], [1534, 312], [1535, 312], [1536, 312], [1537, 312], [1538, 312], [1539, 312], [1543, 312], [1544, 312], [1545, 312], [1546, 312], [1547, 312], [1548, 312], [1549, 312], [1535, 313], [1536, 313], [1537, 313], [1538, 313], [1539, 313], [1540, 313], [1541, 313], [1542, 313], [1545, 313], [1546, 313], [1547, 313], [1548, 313], [1549, 313], [1550, 313], [1551, 313], [1552, 313], [1538, 314], [1539, 314], [1540, 314], [1541, 314], [1542, 314], [1543, 314], [1544, 314], [1545, 314], [1548, 314], [1549, 314], [1550, 314], [1551, 314], [1552, 314], [1553, 314], [1554, 314], [1555, 314], [1556, 314], [1541, 315], [1542, 315], [1543, 315], [1544, 315], [1545, 315], [1546, 315], [1547, 315], [1551, 315], [1552, 315], [1553, 315], [1554, 315], [1555, 315], [1556, 315], [1557, 315], [1558, 315], [1544, 316], [1545, 316], [1546, 316], [1547, 316], [1548, 316], [1549, 316], [1550, 316], [1554, 316], [1555, 316], [1556, 316], [1557, 316], [1558, 316], [1559, 316], [1560, 316], [1561, 316], [1546, 317], [1547, 317], [1548, 317], [1549, 317], [1550, 317], [1551, 317], [1552, 317], [1553, 317], [1554, 317], [1556, 317], [1557, 317], [1559, 317], [1560, 317], [1561, 317], [1562, 317], [1563, 317], [1549, 318], [1550, 318], [1551, 318], [1552, 318], [1553, 318], [1554, 318], [1555, 318], [1556, 318], [1557, 318], [1558, 318], [1559, 318], [1560, 318], [1561, 318], [1562, 318], [1563, 318], [1564, 318], [1565, 318], [1566, 318], [1552, 319], [1553, 319], [1554, 319], [1555, 319], [1556, 319], [1558, 319], [1559, 319], [1560, 319], [1561, 319], [1562, 319], [1563, 319], [1564, 319], [1565, 319], [1566, 319], [1567, 319], [1568, 319], [1569, 319], [1554, 320], [1555, 320], [1556, 320], [1557, 320], [1558, 320], [1560, 320], [1561, 320], [1562, 320], [1563, 320], [1564, 320], [1565, 320], [1567, 320], [1568, 320], [1569, 320], [1570, 320], [1571, 320], [1557, 321], [1558, 321], [1559, 321], [1560, 321], [1561, 321], [1562, 321], [1563, 321], [1564, 321], [1566, 321], [1567, 321], [1568, 321], [1569, 321], [1570, 321], [1571, 321], [1572, 321], [1573, 321], [1559, 322], [1560, 322], [1561, 322], [1562, 322], [1563, 322], [1564, 322], [1565, 322], [1566, 322], [1567, 322], [1568, 322], [1569, 322], [1570, 322], [1571, 322], [1572, 322], [1573, 322], [1574, 322], [1575, 322], [1576, 322], [1561, 323], [1562, 323], [1563, 323], [1564, 323], [1565, 323], [1567, 323], [1568, 323], [1569, 323], [1572, 323], [1573, 323], [1574, 323], [1575, 323], [1576, 323], [1577, 323], [1578, 323], [1579, 323], [1564, 324], [1565, 324], [1566, 324], [1567, 324], [1568, 324], [1569, 324], [1570, 324], [1575, 324], [1576, 324], [1577, 324], [1578, 324], [1579, 324], [1580, 324], [1581, 324], [1582, 324], [1566, 325], [1567, 325], [1568, 325], [1569, 325], [1570, 325], [1571, 325], [1572, 325], [1573, 325], [1578, 325], [1579, 325], [1580, 325], [1581, 325], [1582, 325], [1583, 325], [1584, 325], [1569, 326], [1570, 326], [1571, 326], [1572, 326], [1573, 326], [1574, 326], [1575, 326], [1576, 326], [1581, 326], [1582, 326], [1583, 326], [1584, 326], [1585, 326], [1586, 326], [1587, 326], [1572, 327], [1573, 327], [1574, 327], [1575, 327], [1576, 327], [1577, 327], [1578, 327], [1583, 327], [1584, 327], [1585, 327], [1586, 327], [1587, 327], [1588, 327], [1589, 327], [1575, 328], [1576, 328], [1577, 328], [1578, 328], [1579, 328], [1580, 328], [1581, 328], [1586, 328], [1587, 328], [1588, 328], [1589, 328], [1590, 328], [1591, 328], [1592, 328], [1577, 329], [1578, 329], [1579, 329], [1580, 329], [1581, 329], [1582, 329], [1583, 329], [1584, 329], [1588, 329], [1589, 329], [1590, 329], [1591, 329], [1592, 329], [1593, 329], [1594, 329], [1595, 329], [1580, 330], [1581, 330], [1582, 330], [1583, 330], [1584, 330], [1585, 330], [1586, 330], [1587, 330], [1588, 330], [1591, 330], [1592, 330], [1593, 330], [1594, 330], [1595, 330], [1596, 330], [1597, 330], [1598, 330], [1583, 331], [1584, 331], [1585, 331], [1586, 331], [1587, 331], [1588, 331], [1589, 331], [1590, 331], [1594, 331], [1595, 331], [1596, 331], [1597, 331], [1598, 331], [1599, 331], [1600, 331], [1601, 331], [1602, 331], [1587, 332], [1588, 332], [1589, 332], [1590, 332], [1591, 332], [1592, 332], [1593, 332], [1597, 332], [1598, 332], [1599, 332], [1600, 332], [1601, 332], [1602, 332], [1603, 332], [1604, 332], [1605, 332], [1589, 333], [1590, 333], [1591, 333], [1592, 333], [1593, 333], [1594, 333], [1595, 333], [1599, 333], [1600, 333], [1602, 333], [1603, 333], [1604, 333], [1605, 333], [1606, 333], [1607, 333], [1592, 334], [1593, 334], [1594, 334], [1595, 334], [1596, 334], [1597, 334], [1598, 334], [1599, 334], [1601, 334], [1602, 334], [1603, 334], [1604, 334], [1605, 334], [1606, 334], [1607, 334], [1608, 334], [1609, 334], [1610, 334], [1594, 335], [1595, 335], [1596, 335], [1597, 335], [1598, 335], [1599, 335], [1600, 335], [1601, 335], [1602, 335], [1604, 335], [1605, 335], [1606, 335], [1608, 335], [1609, 335], [1610, 335], [1611, 335], [1612, 335], [1597, 336], [1598, 336], [1599, 336], [1600, 336], [1601, 336], [1603, 336], [1604, 336], [1605, 336], [1607, 336], [1608, 336], [1610, 336], [1611, 336], [1612, 336], [1613, 336], [1614, 336], [1615, 336], [1599, 337], [1600, 337], [1601, 337], [1602, 337], [1603, 337], [1604, 337], [1605, 337], [1606, 337], [1607, 337], [1608, 337], [1609, 337], [1610, 337], [1612, 337], [1613, 337], [1614, 337], [1615, 337], [1616, 337], [1617, 337], [1618, 337], [1602, 338], [1603, 338], [1604, 338], [1605, 338], [1606, 338], [1607, 338], [1608, 338], [1609, 338], [1611, 338], [1612, 338], [1613, 338], [1615, 338], [1616, 338], [1617, 338], [1618, 338], [1619, 338], [1620, 338], [1604, 339], [1605, 339], [1606, 339], [1607, 339], [1608, 339], [1609, 339], [1610, 339], [1611, 339], [1612, 339], [1614, 339], [1617, 339], [1618, 339], [1619, 339], [1620, 339], [1621, 339], [1622, 339], [1623, 339], [1607, 340], [1608, 340], [1609, 340], [1610, 340], [1611, 340], [1612, 340], [1613, 340], [1614, 340], [1617, 340], [1618, 340], [1619, 340], [1620, 340], [1621, 340], [1622, 340], [1623, 340], [1624, 340], [1625, 340], [1609, 341], [1610, 341], [1611, 341], [1612, 341], [1613, 341], [1614, 341], [1615, 341], [1616, 341], [1617, 341], [1618, 341], [1619, 341], [1620, 341], [1621, 341], [1622, 341], [1623, 341], [1624, 341], [1625, 341], [1626, 341], [1627, 341], [1628, 341], [1612, 342], [1613, 342], [1614, 342], [1615, 342], [1616, 342], [1617, 342], [1619, 342], [1620, 342], [1622, 342], [1623, 342], [1625, 342], [1626, 342], [1627, 342], [1628, 342], [1629, 342], [1630, 342], [1615, 343], [1616, 343], [1617, 343], [1618, 343], [1619, 343], [1621, 343], [1622, 343], [1623, 343], [1624, 343], [1627, 343], [1628, 343], [1629, 343], [1630, 343], [1631, 343], [1632, 343], [1633, 343], [1618, 344], [1619, 344], [1620, 344], [1621, 344], [1622, 344], [1623, 344], [1624, 344], [1629, 344], [1630, 344], [1631, 344], [1632, 344], [1633, 344], [1634, 344], [1635, 344], [1636, 344], [1620, 345], [1621, 345], [1622, 345], [1623, 345], [1624, 345], [1625, 345], [1626, 345], [1632, 345], [1633, 345], [1634, 345], [1635, 345], [1636, 345], [1637, 345], [1638, 345], [1639, 345], [1623, 346], [1624, 346], [1625, 346], [1626, 346], [1627, 346], [1628, 346], [1629, 346], [1635, 346], [1636, 346], [1637, 346], [1638, 346], [1639, 346], [1640, 346], [1641, 346], [1625, 347], [1626, 347], [1627, 347], [1628, 347], [1629, 347], [1630, 347], [1631, 347], [1632, 347], [1636, 347], [1637, 347], [1639, 347], [1640, 347], [1641, 347], [1642, 347], [1643, 347], [1644, 347], [1628, 348], [1629, 348], [1630, 348], [1631, 348], [1632, 348], [1633, 348], [1634, 348], [1636, 348], [1638, 348], [1639, 348], [1640, 348], [1642, 348], [1643, 348], [1644, 348], [1645, 348], [1646, 348], [1631, 349], [1632, 349], [1633, 349], [1634, 349], [1635, 349], [1636, 349], [1637, 349], [1638, 349], [1639, 349], [1640, 349], [1641, 349], [1642, 349], [1643, 349], [1644, 349], [1645, 349], [1646, 349], [1647, 349], [1648, 349], [1649, 349], [1633, 350], [1634, 350], [1635, 350], [1636, 350], [1637, 350], [1638, 350], [1639, 350], [1640, 350], [1641, 350], [1642, 350], [1643, 350], [1644, 350], [1645, 350], [1646, 350], [1647, 350], [1648, 350], [1649, 350], [1650, 350], [1651, 350], [1652, 350], [1636, 351], [1637, 351], [1638, 351], [1639, 351], [1640, 351], [1642, 351], [1643, 351], [1644, 351], [1645, 351], [1646, 351], [1647, 351], [1648, 351], [1650, 351], [1651, 351], [1652, 351], [1653, 351], [1654, 351], [1655, 351], [1638, 352], [1639, 352], [1640, 352], [1641, 352], [1642, 352], [1643, 352], [1645, 352], [1646, 352], [1647, 352], [1648, 352], [1649, 352], [1650, 352], [1651, 352], [1652, 352], [1653, 352], [1654, 352], [1655, 352], [1656, 352], [1657, 352], [1641, 353], [1642, 353], [1643, 353], [1644, 353], [1645, 353], [1646, 353], [1647, 353], [1648, 353], [1649, 353], [1650, 353], [1651, 353], [1652, 353], [1653, 353], [1654, 353], [1655, 353], [1656, 353], [1657, 353], [1658, 353], [1659, 353], [1660, 353], [1644, 354], [1645, 354], [1646, 354], [1647, 354], [1648, 354], [1650, 354], [1651, 354], [1652, 354], [1654, 354], [1655, 354], [1656, 354], [1657, 354], [1658, 354], [1659, 354], [1660, 354], [1661, 354], [1662, 354], [1663, 354], [1646, 355], [1647, 355], [1648, 355], [1649, 355], [1650, 355], [1651, 355], [1653, 355], [1654, 355], [1655, 355], [1659, 355], [1660, 355], [1661, 355], [1662, 355], [1663, 355], [1664, 355], [1665, 355], [1666, 355], [1649, 356], [1650, 356], [1651, 356], [1652, 356], [1653, 356], [1654, 356], [1655, 356], [1656, 356], [1659, 356], [1660, 356], [1661, 356], [1663, 356], [1664, 356], [1665, 356], [1666, 356], [1667, 356], [1668, 356], [1669, 356], [1652, 357], [1653, 357], [1654, 357], [1655, 357], [1656, 357], [1657, 357], [1658, 357], [1659, 357], [1660, 357], [1661, 357], [1662, 357], [1665, 357], [1666, 357], [1667, 357], [1668, 357], [1669, 357], [1670, 357], [1671, 357], [1672, 357], [1655, 358], [1656, 358], [1657, 358], [1658, 358], [1659, 358], [1660, 358], [1661, 358], [1662, 358], [1665, 358], [1666, 358], [1667, 358], [1669, 358], [1670, 358], [1671, 358], [1672, 358], [1673, 358], [1674, 358], [1657, 359], [1658, 359], [1659, 359], [1660, 359], [1661, 359], [1662, 359], [1663, 359], [1664, 359], [1665, 359], [1666, 359], [1667, 359], [1668, 359], [1671, 359], [1672, 359], [1673, 359], [1674, 359], [1675, 359], [1676, 359], [1677, 359], [1660, 360], [1661, 360], [1662, 360], [1663, 360], [1664, 360], [1665, 360], [1667, 360], [1668, 360], [1673, 360], [1674, 360], [1675, 360], [1676, 360], [1677, 360], [1678, 360], [1679, 360], [1680, 360], [1663, 361], [1664, 361], [1665, 361], [1666, 361], [1667, 361], [1668, 361], [1669, 361], [1675, 361], [1676, 361], [1677, 361], [1678, 361], [1679, 361], [1680, 361], [1681, 361], [1682, 361], [1683, 361], [1666, 362], [1667, 362], [1668, 362], [1669, 362], [1670, 362], [1671, 362], [1672, 362], [1675, 362], [1677, 362], [1678, 362], [1679, 362], [1680, 362], [1681, 362], [1682, 362], [1683, 362], [1684, 362], [1685, 362], [1686, 362], [1668, 363], [1669, 363], [1670, 363], [1671, 363], [1672, 363], [1673, 363], [1674, 363], [1675, 363], [1676, 363], [1677, 363], [1678, 363], [1679, 363], [1680, 363], [1681, 363], [1682, 363], [1683, 363], [1684, 363], [1685, 363], [1686, 363], [1687, 363], [1688, 363], [1689, 363], [1671, 364], [1672, 364], [1673, 364], [1674, 364], [1675, 364], [1676, 364], [1678, 364], [1679, 364], [1680, 364], [1681, 364], [1682, 364], [1683, 364], [1684, 364], [1686, 364], [1687, 364], [1688, 364], [1689, 364], [1690, 364], [1691, 364], [1673, 365], [1674, 365], [1675, 365], [1676, 365], [1677, 365], [1678, 365], [1679, 365], [1680, 365], [1681, 365], [1682, 365], [1683, 365], [1684, 365], [1685, 365], [1686, 365], [1687, 365], [1688, 365], [1689, 365], [1690, 365], [1691, 365], [1692, 365], [1693, 365], [1676, 366], [1677, 366], [1678, 366], [1679, 366], [1680, 366], [1681, 366], [1683, 366], [1684, 366], [1685, 366], [1687, 366], [1690, 366], [1691, 366], [1692, 366], [1693, 366], [1694, 366], [1695, 366], [1696, 366], [1697, 366], [1679, 367], [1680, 367], [1681, 367], [1682, 367], [1683, 367], [1684, 367], [1686, 367], [1687, 367], [1690, 367], [1691, 367], [1692, 367], [1693, 367], [1694, 367], [1695, 367], [1696, 367], [1697, 367], [1698, 367], [1699, 367], [1682, 368], [1683, 368], [1684, 368], [1685, 368], [1686, 368], [1687, 368], [1688, 368], [1690, 368], [1691, 368], [1692, 368], [1693, 368], [1694, 368], [1695, 368], [1696, 368], [1697, 368], [1698, 368], [1699, 368], [1700, 368], [1701, 368], [1702, 368], [1684, 369], [1685, 369], [1686, 369], [1687, 369], [1688, 369], [1689, 369], [1690, 369], [1691, 369], [1692, 369], [1693, 369], [1694, 369], [1695, 369], [1696, 369], [1697, 369], [1698, 369], [1699, 369], [1700, 369], [1701, 369], [1702, 369], [1703, 369], [1704, 369], [1705, 369], [1687, 370], [1688, 370], [1689, 370], [1690, 370], [1691, 370], [1692, 370], [1694, 370], [1695, 370], [1696, 370], [1698, 370], [1699, 370], [1700, 370], [1701, 370], [1702, 370], [1703, 370], [1704, 370], [1705, 370], [1706, 370], [1707, 370], [1690, 371], [1691, 371], [1692, 371], [1693, 371], [1694, 371], [1695, 371], [1696, 371], [1697, 371], [1698, 371], [1700, 371], [1701, 371], [1702, 371], [1703, 371], [1705, 371], [1706, 371], [1707, 371], [1708, 371], [1709, 371], [1710, 371], [1692, 372], [1693, 372], [1694, 372], [1695, 372], [1696, 372], [1697, 372], [1698, 372], [1699, 372], [1700, 372], [1701, 372], [1702, 372], [1703, 372], [1704, 372], [1705, 372], [1706, 372], [1708, 372], [1709, 372], [1710, 372], [1711, 372], [1712, 372], [1713, 372], [1694, 373], [1695, 373], [1696, 373], [1697, 373], [1698, 373], [1699, 373], [1700, 373], [1701, 373], [1702, 373], [1703, 373], [1705, 373], [1706, 373], [1707, 373], [1708, 373], [1709, 373], [1711, 373], [1712, 373], [1713, 373], [1714, 373], [1715, 373], [1697, 374], [1698, 374], [1699, 374], [1700, 374], [1701, 374], [1702, 374], [1703, 374], [1704, 374], [1705, 374], [1706, 374], [1707, 374], [1708, 374], [1709, 374], [1710, 374], [1711, 374], [1712, 374], [1713, 374], [1714, 374], [1715, 374], [1716, 374], [1717, 374], [1699, 375], [1700, 375], [1701, 375], [1702, 375], [1703, 375], [1704, 375], [1705, 375], [1706, 375], [1707, 375], [1708, 375], [1709, 375], [1710, 375], [1711, 375], [1712, 375], [1713, 375], [1714, 375], [1715, 375], [1716, 375], [1717, 375], [1718, 375], [1719, 375], [1720, 375], [1701, 376], [1702, 376], [1703, 376], [1704, 376], [1705, 376], [1707, 376], [1708, 376], [1709, 376], [1710, 376], [1711, 376], [1712, 376], [1713, 376], [1714, 376], [1715, 376], [1716, 376], [1718, 376], [1719, 376], [1720, 376], [1721, 376], [1722, 376], [1704, 377], [1705, 377], [1706, 377], [1707, 377], [1708, 377], [1709, 377], [1710, 377], [1711, 377], [1712, 377], [1713, 377], [1715, 377], [1716, 377], [1717, 377], [1718, 377], [1719, 377], [1721, 377], [1722, 377], [1723, 377], [1724, 377], [1725, 377], [1706, 378], [1707, 378], [1708, 378], [1709, 378], [1710, 378], [1712, 378], [1713, 378], [1714, 378], [1715, 378], [1716, 378], [1718, 378], [1719, 378], [1720, 378], [1721, 378], [1723, 378], [1724, 378], [1725, 378], [1726, 378], [1727, 378], [1708, 379], [1709, 379], [1710, 379], [1711, 379], [1712, 379], [1713, 379], [1715, 379], [1716, 379], [1717, 379], [1718, 379], [1719, 379], [1721, 379], [1722, 379], [1723, 379], [1724, 379], [1726, 379], [1727, 379], [1728, 379], [1729, 379], [1730, 379], [1711, 380], [1712, 380], [1713, 380], [1714, 380], [1715, 380], [1716, 380], [1718, 380], [1719, 380], [1720, 380], [1721, 380], [1723, 380], [1724, 380], [1725, 380], [1726, 380], [1728, 380], [1729, 380], [1730, 380], [1731, 380], [1732, 380], [1733, 380], [1714, 381], [1715, 381], [1716, 381], [1717, 381], [1718, 381], [1719, 381], [1720, 381], [1721, 381], [1722, 381], [1723, 381], [1724, 381], [1726, 381], [1727, 381], [1728, 381], [1729, 381], [1731, 381], [1732, 381], [1733, 381], [1734, 381], [1735, 381], [1717, 382], [1718, 382], [1719, 382], [1720, 382], [1721, 382], [1723, 382], [1724, 382], [1725, 382], [1726, 382], [1728, 382], [1729, 382], [1730, 382], [1731, 382], [1732, 382], [1734, 382], [1735, 382], [1736, 382], [1737, 382], [1738, 382], [1719, 383], [1720, 383], [1721, 383], [1722, 383], [1723, 383], [1724, 383], [1725, 383], [1726, 383], [1727, 383], [1728, 383], [1729, 383], [1730, 383], [1731, 383], [1732, 383], [1733, 383], [1734, 383], [1736, 383], [1737, 383], [1738, 383], [1739, 383], [1740, 383], [1741, 383], [1722, 384], [1723, 384], [1724, 384], [1725, 384], [1726, 384], [1728, 384], [1729, 384], [1730, 384], [1731, 384], [1733, 384], [1734, 384], [1735, 384], [1736, 384], [1737, 384], [1738, 384], [1739, 384], [1740, 384], [1741, 384], [1742, 384], [1743, 384], [1744, 384], [1724, 385], [1725, 385], [1726, 385], [1727, 385], [1728, 385], [1730, 385], [1731, 385], [1732, 385], [1733, 385], [1734, 385], [1735, 385], [1736, 385], [1737, 385], [1738, 385], [1739, 385], [1740, 385], [1742, 385], [1743, 385], [1744, 385], [1745, 385], [1746, 385], [1747, 385], [1727, 386], [1728, 386], [1729, 386], [1730, 386], [1731, 386], [1732, 386], [1733, 386], [1734, 386], [1735, 386], [1736, 386], [1737, 386], [1739, 386], [1740, 386], [1741, 386], [1742, 386], [1743, 386], [1745, 386], [1746, 386], [1747, 386], [1748, 386], [1749, 386], [1729, 387], [1730, 387], [1731, 387], [1732, 387], [1733, 387], [1735, 387], [1736, 387], [1737, 387], [1738, 387], [1739, 387], [1740, 387], [1741, 387], [1742, 387], [1743, 387], [1744, 387], [1745, 387], [1746, 387], [1747, 387], [1748, 387], [1749, 387], [1750, 387], [1751, 387], [1752, 387], [1732, 388], [1733, 388], [1734, 388], [1735, 388], [1736, 388], [1738, 388], [1739, 388], [1740, 388], [1741, 388], [1742, 388], [1744, 388], [1745, 388], [1746, 388], [1747, 388], [1748, 388], [1750, 388], [1751, 388], [1752, 388], [1753, 388], [1754, 388], [1734, 389], [1735, 389], [1736, 389], [1737, 389], [1738, 389], [1739, 389], [1741, 389], [1742, 389], [1743, 389], [1744, 389], [1745, 389], [1746, 389], [1747, 389], [1748, 389], [1749, 389], [1750, 389], [1751, 389], [1753, 389], [1754, 389], [1755, 389], [1756, 389], [1757, 389], [1737, 390], [1738, 390], [1739, 390], [1740, 390], [1741, 390], [1743, 390], [1744, 390], [1745, 390], [1746, 390], [1747, 390], [1749, 390], [1750, 390], [1751, 390], [1752, 390], [1753, 390], [1755, 390], [1756, 390], [1757, 390], [1758, 390], [1759, 390], [1740, 391], [1741, 391], [1742, 391], [1743, 391], [1744, 391], [1746, 391], [1747, 391], [1748, 391], [1749, 391], [1750, 391], [1751, 391], [1752, 391], [1753, 391], [1754, 391], [1755, 391], [1756, 391], [1758, 391], [1759, 391], [1760, 391], [1761, 391], [1762, 391], [1763, 391], [1742, 392], [1743, 392], [1744, 392], [1745, 392], [1746, 392], [1747, 392], [1748, 392], [1749, 392], [1750, 392], [1751, 392], [1752, 392], [1753, 392], [1754, 392], [1755, 392], [1756, 392], [1757, 392], [1758, 392], [1759, 392], [1760, 392], [1761, 392], [1762, 392], [1763, 392], [1764, 392], [1765, 392], [1745, 393], [1746, 393], [1747, 393], [1748, 393], [1749, 393], [1750, 393], [1751, 393], [1752, 393], [1753, 393], [1754, 393], [1755, 393], [1756, 393], [1757, 393], [1758, 393], [1759, 393], [1760, 393], [1761, 393], [1762, 393], [1763, 393], [1764, 393], [1765, 393], [1766, 393], [1767, 393], [1768, 393], [1748, 394], [1749, 394], [1750, 394], [1751, 394], [1752, 394], [1753, 394], [1754, 394], [1755, 394], [1756, 394], [1757, 394], [1758, 394], [1759, 394], [1760, 394], [1761, 394], [1762, 394], [1763, 394], [1764, 394], [1765, 394], [1766, 394], [1767, 394], [1768, 394], [1769, 394], [1770, 394], [1771, 394], [1750, 395], [1751, 395], [1752, 395], [1753, 395], [1754, 395], [1755, 395], [1757, 395], [1758, 395], [1759, 395], [1760, 395], [1761, 395], [1763, 395], [1764, 395], [1765, 395], [1766, 395], [1768, 395], [1769, 395], [1770, 395], [1771, 395], [1772, 395], [1773, 395], [1247, 396], [1248, 396], [1754, 396], [1755, 396], [1756, 396], [1757, 396], [1758, 396], [1760, 396], [1761, 396], [1762, 396], [1763, 396], [1764, 396], [1765, 396], [1766, 396], [1767, 396], [1768, 396], [1770, 396], [1771, 396], [1772, 396], [1773, 396], [1774, 396], [1775, 396], [1776, 396], [1246, 397], [1247, 397], [1248, 397], [1249, 397], [1756, 397], [1757, 397], [1758, 397], [1759, 397], [1760, 397], [1761, 397], [1763, 397], [1764, 397], [1765, 397], [1766, 397], [1767, 397], [1768, 397], [1769, 397], [1770, 397], [1771, 397], [1772, 397], [1773, 397], [1774, 397], [1775, 397], [1776, 397], [1777, 397], [1778, 397], [1779, 397], [1245, 398], [1246, 398], [1247, 398], [1248, 398], [1249, 398], [1250, 398], [1759, 398], [1760, 398], [1761, 398], [1762, 398], [1763, 398], [1764, 398], [1765, 398], [1766, 398], [1767, 398], [1768, 398], [1769, 398], [1770, 398], [1771, 398], [1772, 398], [1773, 398], [1774, 398], [1775, 398], [1777, 398], [1778, 398], [1779, 398], [1780, 398], [1781, 398], [1782, 398], [1246, 399], [1247, 399], [1248, 399], [1249, 399], [1250, 399], [1251, 399], [1762, 399], [1763, 399], [1764, 399], [1765, 399], [1766, 399], [1767, 399], [1769, 399], [1770, 399], [1771, 399], [1772, 399], [1773, 399], [1774, 399], [1775, 399], [1776, 399], [1777, 399], [1778, 399], [1779, 399], [1780, 399], [1781, 399], [1782, 399], [1783, 399], [1784, 399], [1785, 399], [1247, 400], [1248, 400], [1249, 400], [1250, 400], [1251, 400], [1764, 400], [1765, 400], [1766, 400], [1767, 400], [1768, 400], [1769, 400], [1770, 400], [1771, 400], [1772, 400], [1773, 400], [1774, 400], [1775, 400], [1777, 400], [1778, 400], [1779, 400], [1780, 400], [1781, 400], [1783, 400], [1784, 400], [1785, 400], [1786, 400], [1787, 400], [1248, 401], [1249, 401], [1250, 401], [1251, 401], [1252, 401], [1767, 401], [1768, 401], [1769, 401], [1770, 401], [1771, 401], [1772, 401], [1773, 401], [1774, 401], [1775, 401], [1776, 401], [1777, 401], [1779, 401], [1780, 401], [1781, 401], [1782, 401], [1783, 401], [1784, 401], [1786, 401], [1787, 401], [1788, 401], [1789, 401], [1790, 401], [1248, 402], [1249, 402], [1250, 402], [1251, 402], [1252, 402], [1253, 402], [1769, 402], [1770, 402], [1771, 402], [1772, 402], [1773, 402], [1774, 402], [1775, 402], [1776, 402], [1777, 402], [1778, 402], [1779, 402], [1780, 402], [1782, 402], [1783, 402], [1784, 402], [1785, 402], [1786, 402], [1788, 402], [1789, 402], [1790, 402], [1791, 402], [1792, 402], [1793, 402], [1236, 403], [1249, 403], [1250, 403], [1251, 403], [1252, 403], [1253, 403], [1254, 403], [1772, 403], [1773, 403], [1774, 403], [1775, 403], [1776, 403], [1777, 403], [1778, 403], [1779, 403], [1780, 403], [1781, 403], [1782, 403], [1783, 403], [1785, 403], [1786, 403], [1787, 403], [1788, 403], [1789, 403], [1790, 403], [1791, 403], [1792, 403], [1793, 403], [1794, 403], [1795, 403], [1234, 404], [1235, 404], [1236, 404], [1237, 404], [1250, 404], [1251, 404], [1252, 404], [1253, 404], [1254, 404], [1255, 404], [1775, 404], [1776, 404], [1777, 404], [1778, 404], [1779, 404], [1781, 404], [1782, 404], [1783, 404], [1784, 404], [1785, 404], [1786, 404], [1787, 404], [1788, 404], [1789, 404], [1790, 404], [1791, 404], [1792, 404], [1793, 404], [1794, 404], [1795, 404], [1796, 404], [1797, 404], [1798, 404], [1233, 405], [1234, 405], [1235, 405], [1236, 405], [1237, 405], [1251, 405], [1252, 405], [1253, 405], [1254, 405], [1255, 405], [1256, 405], [1777, 405], [1778, 405], [1779, 405], [1780, 405], [1781, 405], [1782, 405], [1784, 405], [1785, 405], [1786, 405], [1787, 405], [1788, 405], [1790, 405], [1791, 405], [1792, 405], [1793, 405], [1794, 405], [1796, 405], [1797, 405], [1798, 405], [1799, 405], [1800, 405], [1801, 405], [1234, 406], [1235, 406], [1236, 406], [1237, 406], [1238, 406], [1252, 406], [1253, 406], [1254, 406], [1255, 406], [1256, 406], [1257, 406], [1780, 406], [1781, 406], [1782, 406], [1783, 406], [1784, 406], [1785, 406], [1787, 406], [1788, 406], [1789, 406], [1790, 406], [1791, 406], [1792, 406], [1793, 406], [1794, 406], [1795, 406], [1796, 406], [1797, 406], [1798, 406], [1799, 406], [1800, 406], [1801, 406], [1802, 406], [1803, 406], [1235, 407], [1236, 407], [1237, 407], [1238, 407], [1239, 407], [1253, 407], [1254, 407], [1255, 407], [1256, 407], [1257, 407], [1258, 407], [1783, 407], [1784, 407], [1785, 407], [1786, 407], [1787, 407], [1788, 407], [1789, 407], [1790, 407], [1791, 407], [1792, 407], [1793, 407], [1795, 407], [1796, 407], [1797, 407], [1798, 407], [1799, 407], [1800, 407], [1801, 407], [1802, 407], [1803, 407], [1804, 407], [1805, 407], [1806, 407], [1236, 408], [1237, 408], [1238, 408], [1239, 408], [1240, 408], [1254, 408], [1255, 408], [1256, 408], [1257, 408], [1258, 408], [1259, 408], [1786, 408], [1787, 408], [1788, 408], [1789, 408], [1790, 408], [1792, 408], [1793, 408], [1794, 408], [1795, 408], [1796, 408], [1797, 408], [1798, 408], [1799, 408], [1800, 408], [1801, 408], [1802, 408], [1803, 408], [1804, 408], [1805, 408], [1806, 408], [1807, 408], [1808, 408], [1809, 408], [1236, 409], [1237, 409], [1238, 409], [1239, 409], [1240, 409], [1241, 409], [1255, 409], [1256, 409], [1258, 409], [1259, 409], [1260, 409], [1788, 409], [1789, 409], [1790, 409], [1791, 409], [1792, 409], [1794, 409], [1795, 409], [1796, 409], [1797, 409], [1798, 409], [1799, 409], [1800, 409], [1801, 409], [1802, 409], [1803, 409], [1804, 409], [1805, 409], [1807, 409], [1808, 409], [1809, 409], [1810, 409], [1811, 409], [1812, 409], [1237, 410], [1238, 410], [1239, 410], [1240, 410], [1241, 410], [1242, 410], [1255, 410], [1256, 410], [1257, 410], [1258, 410], [1259, 410], [1260, 410], [1791, 410], [1792, 410], [1793, 410], [1794, 410], [1795, 410], [1797, 410], [1798, 410], [1799, 410], [1800, 410], [1801, 410], [1804, 410], [1805, 410], [1806, 410], [1807, 410], [1808, 410], [1810, 410], [1811, 410], [1812, 410], [1813, 410], [1814, 410], [1238, 411], [1239, 411], [1240, 411], [1241, 411], [1242, 411], [1243, 411], [1256, 411], [1257, 411], [1258, 411], [1260, 411], [1261, 411], [1793, 411], [1794, 411], [1795, 411], [1796, 411], [1797, 411], [1798, 411], [1800, 411], [1801, 411], [1802, 411], [1803, 411], [1804, 411], [1806, 411], [1807, 411], [1808, 411], [1809, 411], [1810, 411], [1811, 411], [1813, 411], [1814, 411], [1815, 411], [1816, 411], [1817, 411], [1239, 412], [1240, 412], [1241, 412], [1242, 412], [1243, 412], [1244, 412], [1258, 412], [1259, 412], [1260, 412], [1261, 412], [1262, 412], [1796, 412], [1797, 412], [1798, 412], [1799, 412], [1800, 412], [1802, 412], [1803, 412], [1804, 412], [1805, 412], [1806, 412], [1809, 412], [1810, 412], [1811, 412], [1812, 412], [1813, 412], [1815, 412], [1816, 412], [1817, 412], [1818, 412], [1819, 412], [1820, 412], [1240, 413], [1241, 413], [1242, 413], [1243, 413], [1244, 413], [1258, 413], [1259, 413], [1260, 413], [1261, 413], [1262, 413], [1263, 413], [1799, 413], [1800, 413], [1801, 413], [1802, 413], [1803, 413], [1804, 413], [1805, 413], [1806, 413], [1807, 413], [1808, 413], [1809, 413], [1812, 413], [1813, 413], [1814, 413], [1815, 413], [1816, 413], [1818, 413], [1819, 413], [1820, 413], [1821, 413], [1822, 413], [1241, 414], [1242, 414], [1243, 414], [1244, 414], [1245, 414], [1259, 414], [1260, 414], [1261, 414], [1262, 414], [1263, 414], [1264, 414], [1801, 414], [1802, 414], [1803, 414], [1804, 414], [1805, 414], [1807, 414], [1808, 414], [1809, 414], [1810, 414], [1811, 414], [1814, 414], [1815, 414], [1816, 414], [1817, 414], [1818, 414], [1819, 414], [1821, 414], [1822, 414], [1823, 414], [1824, 414], [1241, 415], [1242, 415], [1243, 415], [1244, 415], [1245, 415], [1246, 415], [1260, 415], [1261, 415], [1262, 415], [1263, 415], [1264, 415], [1265, 415], [1803, 415], [1804, 415], [1805, 415], [1806, 415], [1807, 415], [1808, 415], [1809, 415], [1810, 415], [1811, 415], [1812, 415], [1813, 415], [1817, 415], [1818, 415], [1819, 415], [1820, 415], [1821, 415], [1823, 415], [1824, 415], [1242, 416], [1243, 416], [1244, 416], [1245, 416], [1246, 416], [1247, 416], [1261, 416], [1262, 416], [1263, 416], [1264, 416], [1265, 416], [1266, 416], [1806, 416], [1807, 416], [1808, 416], [1809, 416], [1810, 416], [1812, 416], [1813, 416], [1814, 416], [1815, 416], [1816, 416], [1820, 416], [1821, 416], [1822, 416], [1823, 416], [1824, 416], [1243, 417], [1244, 417], [1245, 417], [1246, 417], [1247, 417], [1248, 417], [1262, 417], [1263, 417], [1264, 417], [1265, 417], [1266, 417], [1267, 417], [1808, 417], [1809, 417], [1810, 417], [1811, 417], [1812, 417], [1814, 417], [1815, 417], [1816, 417], [1817, 417], [1818, 417], [1819, 417], [1822, 417], [1823, 417], [1824, 417], [1244, 418], [1245, 418], [1246, 418], [1247, 418], [1248, 418], [1249, 418], [1263, 418], [1264, 418], [1265, 418], [1266, 418], [1267, 418], [1268, 418], [1811, 418], [1812, 418], [1813, 418], [1814, 418], [1815, 418], [1817, 418], [1818, 418], [1819, 418], [1820, 418], [1821, 418], [1245, 419], [1246, 419], [1247, 419], [1248, 419], [1249, 419], [1250, 419], [1264, 419], [1265, 419], [1266, 419], [1267, 419], [1268, 419], [1269, 419], [1813, 419], [1814, 419], [1815, 419], [1816, 419], [1817, 419], [1818, 419], [1820, 419], [1821, 419], [1822, 419], [1823, 419], [1824, 419], [1246, 420], [1247, 420], [1248, 420], [1249, 420], [1250, 420], [1251, 420], [1264, 420], [1265, 420], [1266, 420], [1267, 420], [1268, 420], [1269, 420], [1270, 420], [1816, 420], [1817, 420], [1818, 420], [1819, 420], [1820, 420], [1822, 420], [1823, 420], [1824, 420], [1247, 421], [1248, 421], [1249, 421], [1250, 421], [1251, 421], [1266, 421], [1267, 421], [1269, 421], [1270, 421], [1819, 421], [1820, 421], [1821, 421], [1822, 421], [1823, 421], [1248, 422], [1249, 422], [1250, 422], [1251, 422], [1252, 422], [1266, 422], [1267, 422], [1268, 422], [1269, 422], [1270, 422], [1271, 422], [1821, 422], [1822, 422], [1823, 422], [1824, 422], [1248, 423], [1249, 423], [1250, 423], [1251, 423], [1252, 423], [1253, 423], [1267, 423], [1268, 423], [1269, 423], [1270, 423], [1271, 423], [1272, 423], [1824, 423], [1249, 424], [1250, 424], [1251, 424], [1252, 424], [1253, 424], [1268, 424], [1269, 424], [1270, 424], [1271, 424], [1272, 424], [1273, 424], [1250, 425], [1251, 425], [1252, 425], [1253, 425], [1254, 425], [1269, 425], [1270, 425], [1271, 425], [1272, 425], [1273, 425], [1274, 425], [1251, 426], [1252, 426], [1253, 426], [1254, 426], [1255, 426], [1270, 426], [1271, 426], [1272, 426], [1273, 426], [1274, 426], [1275, 426], [1252, 427], [1253, 427], [1254, 427], [1255, 427], [1256, 427], [1271, 427], [1272, 427], [1273, 427], [1274, 427], [1275, 427], [1276, 427], [1252, 428], [1253, 428], [1254, 428], [1255, 428], [1256, 428], [1257, 428], [1272, 428], [1273, 428], [1274, 428], [1275, 428], [1276, 428], [1277, 428], [1253, 429], [1254, 429], [1255, 429], [1256, 429], [1257, 429], [1258, 429], [1273, 429], [1274, 429], [1275, 429], [1276, 429], [1277, 429], [1278, 429], [1254, 430], [1255, 430], [1256, 430], [1257, 430], [1258, 430], [1259, 430], [1274, 430], [1275, 430], [1276, 430], [1277, 430], [1278, 430], [1279, 430], [1255, 431], [1256, 431], [1257, 431], [1258, 431], [1259, 431], [1260, 431], [1275, 431], [1276, 431], [1277, 431], [1278, 431], [1279, 431], [1256, 432], [1257, 432], [1258, 432], [1259, 432], [1260, 432], [1276, 432], [1277, 432], [1278, 432], [1279, 432], [1280, 432], [1257, 433], [1258, 433], [1259, 433], [1260, 433], [1261, 433], [1276, 433], [1277, 433], [1278, 433], [1279, 433], [1280, 433], [1281, 433], [1257, 434], [1258, 434], [1259, 434], [1260, 434], [1261, 434], [1262, 434], [1277, 434], [1278, 434], [1279, 434], [1280, 434], [1281, 434], [1282, 434], [1258, 435], [1259, 435], [1260, 435], [1261, 435], [1262, 435], [1263, 435], [1278, 435], [1279, 435], [1280, 435], [1281, 435], [1282, 435], [1283, 435], [1259, 436], [1260, 436], [1261, 436], [1262, 436], [1263, 436], [1279, 436], [1280, 436], [1281, 436], [1282, 436], [1283, 436], [1284, 436], [1260, 437], [1261, 437], [1262, 437], [1263, 437], [1264, 437], [1280, 437], [1281, 437], [1282, 437], [1283, 437], [1284, 437], [1285, 437], [1260, 438], [1261, 438], [1262, 438], [1263, 438], [1264, 438], [1265, 438], [1281, 438], [1282, 438], [1283, 438], [1284, 438], [1285, 438], [1261, 439], [1262, 439], [1263, 439], [1264, 439], [1265, 439], [1266, 439], [1282, 439], [1283, 439], [1284, 439], [1285, 439], [1286, 439], [1262, 440], [1263, 440], [1264, 440], [1265, 440], [1266, 440], [1267, 440], [1282, 440], [1283, 440], [1284, 440], [1285, 440], [1286, 440], [1287, 440], [1263, 441], [1264, 441], [1265, 441], [1266, 441], [1267, 441], [1268, 441], [1283, 441], [1284, 441], [1285, 441], [1286, 441], [1287, 441], [1288, 441], [1264, 442], [1265, 442], [1266, 442], [1267, 442], [1268, 442], [1269, 442], [1284, 442], [1285, 442], [1286, 442], [1287, 442], [1288, 442], [1289, 442], [1265, 443], [1266, 443], [1267, 443], [1268, 443], [1269, 443], [1285, 443], [1286, 443], [1287, 443], [1288, 443], [1289, 443], [1290, 443], [1266, 444], [1267, 444], [1268, 444], [1269, 444], [1270, 444], [1286, 444], [1287, 444], [1288, 444], [1289, 444], [1290, 444], [1291, 444], [1266, 445], [1267, 445], [1268, 445], [1269, 445], [1270, 445], [1271, 445], [1287, 445], [1288, 445], [1289, 445], [1290, 445], [1291, 445], [1292, 445], [1267, 446], [1268, 446], [1269, 446], [1270, 446], [1271, 446], [1272, 446], [1287, 446], [1288, 446], [1289, 446], [1290, 446], [1291, 446], [1292, 446], [1293, 446], [1268, 447], [1269, 447], [1270, 447], [1271, 447], [1272, 447], [1273, 447], [1289, 447], [1290, 447], [1291, 447], [1292, 447], [1293, 447], [1294, 447], [1269, 448], [1270, 448], [1271, 448], [1272, 448], [1273, 448], [1274, 448], [1290, 448], [1291, 448], [1292, 448], [1293, 448], [1294, 448], [1270, 449], [1271, 449], [1272, 449], [1273, 449], [1274, 449], [1275, 449], [1291, 449], [1292, 449], [1293, 449], [1294, 449], [1295, 449], [1271, 450], [1272, 450], [1273, 450], [1274, 450], [1275, 450], [1276, 450], [1291, 450], [1292, 450], [1293, 450], [1294, 450], [1295, 450], [1296, 450], [1272, 451], [1273, 451], [1275, 451], [1276, 451], [1292, 451], [1293, 451], [1294, 451], [1295, 451], [1296, 451], [1297, 451], [1272, 452], [1273, 452], [1274, 452], [1275, 452], [1276, 452], [1277, 452], [1293, 452], [1294, 452], [1295, 452], [1296, 452], [1297, 452], [1298, 452], [1273, 453], [1274, 453], [1275, 453], [1276, 453], [1277, 453], [1278, 453], [1294, 453], [1295, 453], [1296, 453], [1297, 453], [1298, 453], [1299, 453], [1274, 454], [1275, 454], [1276, 454], [1277, 454], [1278, 454], [1279, 454], [1295, 454], [1296, 454], [1297, 454], [1298, 454], [1299, 454], [1300, 454], [1275, 455], [1276, 455], [1277, 455], [1278, 455], [1279, 455], [1296, 455], [1297, 455], [1298, 455], [1299, 455], [1300, 455], [1301, 455], [1276, 456], [1277, 456], [1278, 456], [1279, 456], [1280, 456], [1297, 456], [1298, 456], [1299, 456], [1300, 456], [1301, 456], [1302, 456], [1276, 457], [1277, 457], [1278, 457], [1279, 457], [1280, 457], [1281, 457], [1298, 457], [1299, 457], [1300, 457], [1301, 457], [1302, 457], [1303, 457], [1277, 458], [1278, 458], [1279, 458], [1280, 458], [1281, 458], [1282, 458], [1299, 458], [1300, 458], [1302, 458], [1303, 458], [1304, 458], [1278, 459], [1279, 459], [1280, 459], [1281, 459], [1282, 459], [1283, 459], [1299, 459], [1300, 459], [1301, 459], [1303, 459], [1304, 459], [1305, 459], [1279, 460], [1280, 460], [1281, 460], [1282, 460], [1283, 460], [1284, 460], [1300, 460], [1301, 460], [1302, 460], [1304, 460], [1305, 460], [1280, 461], [1281, 461], [1282, 461], [1283, 461], [1284, 461], [1285, 461], [1301, 461], [1302, 461], [1303, 461], [1304, 461], [1305, 461], [1306, 461], [1281, 462], [1282, 462], [1283, 462], [1284, 462], [1285, 462], [1286, 462], [1302, 462], [1303, 462], [1304, 462], [1305, 462], [1306, 462], [1307, 462], [1282, 463], [1283, 463], [1285, 463], [1286, 463], [1287, 463], [1303, 463], [1304, 463], [1305, 463], [1306, 463], [1307, 463], [1308, 463], [1282, 464], [1283, 464], [1284, 464], [1286, 464], [1287, 464], [1304, 464], [1305, 464], [1306, 464], [1307, 464], [1308, 464], [1309, 464], [1283, 465], [1284, 465], [1285, 465], [1286, 465], [1287, 465], [1288, 465], [1305, 465], [1306, 465], [1307, 465], [1308, 465], [1309, 465], [1310, 465], [1284, 466], [1285, 466], [1286, 466], [1287, 466], [1288, 466], [1289, 466], [1306, 466], [1307, 466], [1308, 466], [1309, 466], [1310, 466], [1311, 466], [1285, 467], [1286, 467], [1287, 467], [1288, 467], [1289, 467], [1290, 467], [1307, 467], [1308, 467], [1309, 467], [1310, 467], [1311, 467], [1312, 467], [1286, 468], [1287, 468], [1288, 468], [1289, 468], [1290, 468], [1291, 468], [1308, 468], [1309, 468], [1310, 468], [1311, 468], [1312, 468], [1313, 468], [1287, 469], [1288, 469], [1289, 469], [1290, 469], [1291, 469], [1309, 469], [1310, 469], [1311, 469], [1312, 469], [1313, 469], [1288, 470], [1289, 470], [1290, 470], [1291, 470], [1292, 470], [1310, 470], [1311, 470], [1313, 470], [1314, 470], [1288, 471], [1289, 471], [1290, 471], [1291, 471], [1292, 471], [1293, 471], [1311, 471], [1312, 471], [1313, 471], [1314, 471], [1315, 471], [1289, 472], [1290, 472], [1291, 472], [1292, 472], [1293, 472], [1294, 472], [1311, 472], [1312, 472], [1313, 472], [1314, 472], [1315, 472], [1316, 472], [1290, 473], [1291, 473], [1292, 473], [1293, 473], [1294, 473], [1312, 473], [1313, 473], [1314, 473], [1315, 473], [1316, 473], [1317, 473], [1291, 474], [1292, 474], [1293, 474], [1294, 474], [1295, 474], [1313, 474], [1314, 474], [1315, 474], [1316, 474], [1317, 474], [1318, 474], [1291, 475], [1292, 475], [1293, 475], [1294, 475], [1295, 475], [1296, 475], [1314, 475], [1315, 475], [1316, 475], [1317, 475], [1318, 475], [1319, 475], [1292, 476], [1293, 476], [1294, 476], [1295, 476], [1296, 476], [1297, 476], [1315, 476], [1316, 476], [1318, 476], [1319, 476], [1320, 476], [1293, 477], [1294, 477], [1295, 477], [1296, 477], [1297, 477], [1298, 477], [1315, 477], [1316, 477], [1317, 477], [1319, 477], [1320, 477], [1321, 477], [1294, 478], [1295, 478], [1296, 478], [1297, 478], [1298, 478], [1299, 478], [1316, 478], [1317, 478], [1318, 478], [1320, 478], [1321, 478], [1322, 478], [1295, 479], [1296, 479], [1297, 479], [1298, 479], [1299, 479], [1317, 479], [1318, 479], [1319, 479], [1321, 479], [1322, 479], [1296, 480], [1297, 480], [1298, 480], [1299, 480], [1300, 480], [1318, 480], [1319, 480], [1320, 480], [1321, 480], [1322, 480], [1323, 480], [1296, 481], [1297, 481], [1298, 481], [1299, 481], [1300, 481], [1301, 481], [1319, 481], [1320, 481], [1321, 481], [1322, 481], [1323, 481], [1324, 481], [1297, 482], [1298, 482], [1299, 482], [1300, 482], [1301, 482], [1302, 482], [1320, 482], [1321, 482], [1322, 482], [1323, 482], [1324, 482], [1325, 482], [1298, 483], [1299, 483], [1300, 483], [1301, 483], [1302, 483], [1303, 483], [1321, 483], [1322, 483], [1323, 483], [1324, 483], [1325, 483], [1326, 483], [1299, 484], [1300, 484], [1301, 484], [1302, 484], [1303, 484], [1304, 484], [1322, 484], [1323, 484], [1324, 484], [1325, 484], [1326, 484], [1327, 484], [1300, 485], [1301, 485], [1302, 485], [1303, 485], [1304, 485], [1305, 485], [1323, 485], [1324, 485], [1325, 485], [1326, 485], [1327, 485], [1328, 485], [1301, 486], [1302, 486], [1303, 486], [1304, 486], [1305, 486], [1306, 486], [1324, 486], [1325, 486], [1326, 486], [1327, 486], [1328, 486], [1302, 487], [1303, 487], [1305, 487], [1306, 487], [1325, 487], [1326, 487], [1327, 487], [1328, 487], [1329, 487], [1302, 488], [1303, 488], [1304, 488], [1305, 488], [1306, 488], [1307, 488], [1325, 488], [1326, 488], [1327, 488], [1328, 488], [1329, 488], [1330, 488], [1303, 489], [1304, 489], [1305, 489], [1306, 489], [1307, 489], [1308, 489], [1326, 489], [1327, 489], [1328, 489], [1329, 489], [1330, 489], [1331, 489], [1304, 490], [1305, 490], [1306, 490], [1307, 490], [1308, 490], [1309, 490], [1327, 490], [1328, 490], [1329, 490], [1330, 490], [1331, 490], [1332, 490], [1305, 491], [1306, 491], [1307, 491], [1308, 491], [1309, 491], [1310, 491], [1328, 491], [1329, 491], [1330, 491], [1331, 491], [1332, 491], [1333, 491], [1306, 492], [1307, 492], [1308, 492], [1309, 492], [1310, 492], [1329, 492], [1330, 492], [1331, 492], [1332, 492], [1333, 492], [1334, 492], [1307, 493], [1308, 493], [1309, 493], [1310, 493], [1311, 493], [1330, 493], [1331, 493], [1333, 493], [1334, 493], [1307, 494], [1308, 494], [1309, 494], [1310, 494], [1311, 494], [1312, 494], [1330, 494], [1331, 494], [1332, 494], [1333, 494], [1334, 494], [1335, 494], [1308, 495], [1309, 495], [1310, 495], [1311, 495], [1312, 495], [1313, 495], [1331, 495], [1332, 495], [1333, 495], [1334, 495], [1335, 495], [1336, 495], [1309, 496], [1310, 496], [1311, 496], [1312, 496], [1313, 496], [1314, 496], [1332, 496], [1333, 496], [1334, 496], [1335, 496], [1336, 496], [1337, 496], [1310, 497], [1311, 497], [1312, 497], [1313, 497], [1314, 497], [1333, 497], [1334, 497], [1335, 497], [1336, 497], [1337, 497], [1338, 497], [1311, 498], [1312, 498], [1313, 498], [1314, 498], [1315, 498], [1334, 498], [1335, 498], [1336, 498], [1337, 498], [1338, 498], [1339, 498], [1311, 499], [1312, 499], [1313, 499], [1314, 499], [1315, 499], [1316, 499], [1335, 499], [1336, 499], [1337, 499], [1338, 499], [1339, 499], [1340, 499], [1312, 500], [1313, 500], [1314, 500], [1315, 500], [1316, 500], [1317, 500], [1336, 500], [1337, 500], [1338, 500], [1339, 500], [1340, 500], [1341, 500], [1313, 501], [1314, 501], [1315, 501], [1316, 501], [1317, 501], [1318, 501], [1337, 501], [1338, 501], [1339, 501], [1340, 501], [1341, 501], [1342, 501], [1314, 502], [1315, 502], [1316, 502], [1317, 502], [1318, 502], [1338, 502], [1339, 502], [1340, 502], [1341, 502], [1342, 502], [1343, 502], [1315, 503], [1316, 503], [1318, 503], [1319, 503], [1339, 503], [1340, 503], [1342, 503], [1343, 503], [1344, 503], [1316, 504], [1317, 504], [1318, 504], [1319, 504], [1320, 504], [1339, 504], [1340, 504], [1341, 504], [1343, 504], [1344, 504], [1316, 505], [1317, 505], [1318, 505], [1319, 505], [1320, 505], [1321, 505], [1340, 505], [1341, 505], [1342, 505], [1343, 505], [1344, 505], [1345, 505], [1317, 506], [1318, 506], [1319, 506], [1320, 506], [1321, 506], [1322, 506], [1341, 506], [1342, 506], [1343, 506], [1344, 506], [1345, 506], [1346, 506], [1318, 507], [1319, 507], [1320, 507], [1321, 507], [1322, 507], [1323, 507], [1342, 507], [1343, 507], [1344, 507], [1345, 507], [1346, 507], [1347, 507], [1319, 508], [1320, 508], [1321, 508], [1322, 508], [1323, 508], [1324, 508], [1325, 508], [1343, 508], [1344, 508], [1345, 508], [1346, 508], [1347, 508], [1348, 508], [1320, 509], [1321, 509], [1322, 509], [1323, 509], [1324, 509], [1325, 509], [1344, 509], [1345, 509], [1346, 509], [1347, 509], [1348, 509], [1349, 509], [1321, 510], [1322, 510], [1323, 510], [1324, 510], [1325, 510], [1326, 510], [1345, 510], [1346, 510], [1347, 510], [1348, 510], [1349, 510], [1350, 510], [1322, 511], [1323, 511], [1325, 511], [1326, 511], [1327, 511], [1346, 511], [1347, 511], [1349, 511], [1350, 511], [1351, 511], [1322, 512], [1323, 512], [1324, 512], [1326, 512], [1327, 512], [1346, 512], [1347, 512], [1348, 512], [1350, 512], [1351, 512], [1352, 512], [1323, 513], [1324, 513], [1325, 513], [1326, 513], [1327, 513], [1328, 513], [1347, 513], [1348, 513], [1349, 513], [1351, 513], [1352, 513], [1353, 513], [1324, 514], [1325, 514], [1326, 514], [1327, 514], [1328, 514], [1329, 514], [1348, 514], [1349, 514], [1350, 514], [1352, 514], [1353, 514], [1325, 515], [1326, 515], [1327, 515], [1328, 515], [1329, 515], [1330, 515], [1349, 515], [1350, 515], [1351, 515], [1352, 515], [1353, 515], [1354, 515], [1326, 516], [1327, 516], [1328, 516], [1329, 516], [1330, 516], [1331, 516], [1350, 516], [1351, 516], [1352, 516], [1353, 516], [1354, 516], [1355, 516], [1327, 517], [1328, 517], [1330, 517], [1331, 517], [1351, 517], [1352, 517], [1353, 517], [1354, 517], [1355, 517], [1356, 517], [1327, 518], [1328, 518], [1329, 518], [1330, 518], [1331, 518], [1332, 518], [1352, 518], [1353, 518], [1354, 518], [1355, 518], [1356, 518], [1357, 518], [1328, 519], [1329, 519], [1330, 519], [1331, 519], [1332, 519], [1333, 519], [1353, 519], [1354, 519], [1355, 519], [1356, 519], [1357, 519], [1358, 519], [1329, 520], [1330, 520], [1331, 520], [1332, 520], [1333, 520], [1334, 520], [1354, 520], [1355, 520], [1356, 520], [1357, 520], [1358, 520], [1359, 520], [1330, 521], [1331, 521], [1332, 521], [1333, 521], [1334, 521], [1335, 521], [1355, 521], [1356, 521], [1358, 521], [1359, 521], [1360, 521], [1331, 522], [1332, 522], [1333, 522], [1334, 522], [1335, 522], [1336, 522], [1355, 522], [1356, 522], [1357, 522], [1359, 522], [1360, 522], [1332, 523], [1333, 523], [1334, 523], [1335, 523], [1336, 523], [1337, 523], [1356, 523], [1357, 523], [1358, 523], [1359, 523], [1360, 523], [1361, 523], [1333, 524], [1334, 524], [1335, 524], [1336, 524], [1337, 524], [1338, 524], [1357, 524], [1358, 524], [1359, 524], [1360, 524], [1361, 524], [1362, 524], [1334, 525], [1335, 525], [1337, 525], [1338, 525], [1339, 525], [1358, 525], [1359, 525], [1360, 525], [1361, 525], [1362, 525], [1363, 525], [1334, 526], [1335, 526], [1336, 526], [1338, 526], [1339, 526], [1359, 526], [1360, 526], [1361, 526], [1362, 526], [1363, 526], [1364, 526], [1335, 527], [1336, 527], [1337, 527], [1338, 527], [1339, 527], [1340, 527], [1360, 527], [1361, 527], [1362, 527], [1363, 527], [1364, 527], [1365, 527], [1336, 528], [1337, 528], [1338, 528], [1339, 528], [1340, 528], [1341, 528], [1361, 528], [1362, 528], [1364, 528], [1365, 528], [1366, 528], [1337, 529], [1338, 529], [1339, 529], [1340, 529], [1341, 529], [1342, 529], [1361, 529], [1362, 529], [1363, 529], [1365, 529], [1366, 529], [1367, 529], [1338, 530], [1339, 530], [1341, 530], [1342, 530], [1343, 530], [1362, 530], [1363, 530], [1364, 530], [1366, 530], [1367, 530], [1338, 531], [1339, 531], [1340, 531], [1342, 531], [1343, 531], [1344, 531], [1363, 531], [1364, 531], [1365, 531], [1366, 531], [1367, 531], [1368, 531], [1339, 532], [1340, 532], [1341, 532], [1343, 532], [1344, 532], [1364, 532], [1365, 532], [1366, 532], [1367, 532], [1368, 532], [1369, 532], [1340, 533], [1341, 533], [1342, 533], [1343, 533], [1344, 533], [1345, 533], [1365, 533], [1366, 533], [1367, 533], [1368, 533], [1369, 533], [1370, 533], [1341, 534], [1342, 534], [1343, 534], [1344, 534], [1345, 534], [1346, 534], [1366, 534], [1367, 534], [1368, 534], [1369, 534], [1370, 534], [1371, 534], [1342, 535], [1343, 535], [1345, 535], [1346, 535], [1347, 535], [1367, 535], [1368, 535], [1370, 535], [1371, 535], [1372, 535], [1342, 536], [1343, 536], [1344, 536], [1346, 536], [1347, 536], [1367, 536], [1368, 536], [1369, 536], [1371, 536], [1372, 536], [1373, 536], [1343, 537], [1344, 537], [1345, 537], [1346, 537], [1347, 537], [1348, 537], [1368, 537], [1369, 537], [1370, 537], [1372, 537], [1373, 537], [1374, 537], [1344, 538], [1345, 538], [1346, 538], [1347, 538], [1348, 538], [1349, 538], [1369, 538], [1370, 538], [1371, 538], [1373, 538], [1374, 538], [1375, 538], [1345, 539], [1346, 539], [1347, 539], [1348, 539], [1349, 539], [1350, 539], [1370, 539], [1371, 539], [1372, 539], [1374, 539], [1375, 539], [1376, 539], [1346, 540], [1347, 540], [1348, 540], [1349, 540], [1350, 540], [1351, 540], [1371, 540], [1372, 540], [1373, 540], [1375, 540], [1376, 540], [1347, 541], [1348, 541], [1350, 541], [1351, 541], [1352, 541], [1372, 541], [1373, 541], [1374, 541], [1375, 541], [1376, 541], [1377, 541], [1347, 542], [1348, 542], [1349, 542], [1351, 542], [1352, 542], [1373, 542], [1374, 542], [1375, 542], [1376, 542], [1377, 542], [1378, 542], [1348, 543], [1349, 543], [1350, 543], [1351, 543], [1352, 543], [1353, 543], [1374, 543], [1375, 543], [1376, 543], [1377, 543], [1378, 543], [1379, 543], [1349, 544], [1350, 544], [1351, 544], [1352, 544], [1353, 544], [1354, 544], [1375, 544], [1376, 544], [1377, 544], [1378, 544], [1379, 544], [1380, 544], [1350, 545], [1351, 545], [1352, 545], [1353, 545], [1354, 545], [1355, 545], [1376, 545], [1377, 545], [1378, 545], [1379, 545], [1380, 545], [1381, 545], [1351, 546], [1352, 546], [1354, 546], [1355, 546], [1377, 546], [1378, 546], [1380, 546], [1381, 546], [1351, 547], [1352, 547], [1353, 547], [1354, 547], [1355, 547], [1356, 547], [1377, 547], [1378, 547], [1379, 547], [1380, 547], [1381, 547], [1382, 547], [1352, 548], [1353, 548], [1354, 548], [1355, 548], [1356, 548], [1357, 548], [1378, 548], [1379, 548], [1380, 548], [1381, 548], [1382, 548], [1383, 548], [1353, 549], [1354, 549], [1355, 549], [1356, 549], [1357, 549], [1358, 549], [1379, 549], [1380, 549], [1381, 549], [1382, 549], [1383, 549], [1384, 549], [1354, 550], [1355, 550], [1356, 550], [1357, 550], [1358, 550], [1380, 550], [1381, 550], [1382, 550], [1383, 550], [1384, 550], [1385, 550], [1355, 551], [1356, 551], [1357, 551], [1358, 551], [1359, 551], [1381, 551], [1382, 551], [1383, 551], [1384, 551], [1385, 551], [1386, 551], [1355, 552], [1356, 552], [1357, 552], [1358, 552], [1359, 552], [1360, 552], [1382, 552], [1383, 552], [1384, 552], [1385, 552], [1386, 552], [1387, 552], [1356, 553], [1357, 553], [1358, 553], [1359, 553], [1360, 553], [1361, 553], [1383, 553], [1384, 553], [1386, 553], [1387, 553], [1357, 554], [1358, 554], [1359, 554], [1360, 554], [1361, 554], [1362, 554], [1383, 554], [1384, 554], [1385, 554], [1386, 554], [1387, 554], [1388, 554], [1358, 555], [1359, 555], [1360, 555], [1361, 555], [1362, 555], [1363, 555], [1384, 555], [1385, 555], [1386, 555], [1387, 555], [1388, 555], [1389, 555], [1359, 556], [1360, 556], [1362, 556], [1363, 556], [1364, 556], [1385, 556], [1386, 556], [1387, 556], [1388, 556], [1389, 556], [1390, 556], [1359, 557], [1360, 557], [1361, 557], [1363, 557], [1364, 557], [1386, 557], [1387, 557], [1388, 557], [1389, 557], [1390, 557], [1391, 557], [1360, 558], [1361, 558], [1362, 558], [1363, 558], [1364, 558], [1365, 558], [1387, 558], [1388, 558], [1389, 558], [1390, 558], [1391, 558], [1392, 558], [1361, 559], [1362, 559], [1363, 559], [1364, 559], [1365, 559], [1366, 559], [1388, 559], [1389, 559], [1390, 559], [1391, 559], [1392, 559], [1393, 559], [1362, 560], [1363, 560], [1364, 560], [1365, 560], [1366, 560], [1389, 560], [1390, 560], [1392, 560], [1393, 560], [1394, 560], [1363, 561], [1364, 561], [1365, 561], [1366, 561], [1367, 561], [1389, 561], [1390, 561], [1391, 561], [1393, 561], [1394, 561], [1363, 562], [1364, 562], [1365, 562], [1366, 562], [1367, 562], [1368, 562], [1390, 562], [1391, 562], [1392, 562], [1393, 562], [1394, 562], [1395, 562], [1364, 563], [1365, 563], [1366, 563], [1367, 563], [1368, 563], [1369, 563], [1391, 563], [1392, 563], [1393, 563], [1394, 563], [1395, 563], [1396, 563], [1365, 564], [1366, 564], [1367, 564], [1368, 564], [1369, 564], [1370, 564], [1392, 564], [1393, 564], [1394, 564], [1395, 564], [1396, 564], [1397, 564], [1366, 565], [1367, 565], [1368, 565], [1369, 565], [1370, 565], [1371, 565], [1393, 565], [1394, 565], [1395, 565], [1396, 565], [1397, 565], [1398, 565], [1367, 566], [1368, 566], [1370, 566], [1371, 566], [1372, 566], [1394, 566], [1395, 566], [1397, 566], [1398, 566], [1399, 566], [1367, 567], [1368, 567], [1369, 567], [1371, 567], [1372, 567], [1373, 567], [1394, 567], [1395, 567], [1396, 567], [1398, 567], [1399, 567], [1400, 567], [1368, 568], [1369, 568], [1370, 568], [1372, 568], [1373, 568], [1395, 568], [1396, 568], [1397, 568], [1399, 568], [1400, 568], [1401, 568], [1369, 569], [1370, 569], [1371, 569], [1372, 569], [1373, 569], [1374, 569], [1396, 569], [1397, 569], [1398, 569], [1400, 569], [1401, 569], [1370, 570], [1371, 570], [1372, 570], [1373, 570], [1374, 570], [1375, 570], [1397, 570], [1398, 570], [1399, 570], [1400, 570], [1401, 570], [1402, 570], [1371, 571], [1372, 571], [1373, 571], [1374, 571], [1375, 571], [1376, 571], [1398, 571], [1399, 571], [1401, 571], [1402, 571], [1403, 571], [1372, 572], [1373, 572], [1374, 572], [1375, 572], [1376, 572], [1377, 572], [1398, 572], [1399, 572], [1400, 572], [1401, 572], [1402, 572], [1403, 572], [1404, 572], [1373, 573], [1374, 573], [1376, 573], [1377, 573], [1378, 573], [1399, 573], [1400, 573], [1401, 573], [1402, 573], [1403, 573], [1404, 573], [1405, 573], [1373, 574], [1374, 574], [1375, 574], [1377, 574], [1378, 574], [1401, 574], [1402, 574], [1404, 574], [1405, 574], [1406, 574], [1374, 575], [1375, 575], [1376, 575], [1377, 575], [1378, 575], [1379, 575], [1401, 575], [1402, 575], [1403, 575], [1405, 575], [1406, 575], [1375, 576], [1376, 576], [1377, 576], [1378, 576], [1379, 576], [1380, 576], [1402, 576], [1403, 576], [1404, 576], [1405, 576], [1406, 576], [1407, 576], [1376, 577], [1377, 577], [1378, 577], [1379, 577], [1380, 577], [1381, 577], [1403, 577], [1404, 577], [1405, 577], [1406, 577], [1407, 577], [1408, 577], [1377, 578], [1378, 578], [1379, 578], [1380, 578], [1381, 578], [1382, 578], [1404, 578], [1405, 578], [1406, 578], [1407, 578], [1408, 578], [1409, 578], [1378, 579], [1379, 579], [1381, 579], [1382, 579], [1383, 579], [1405, 579], [1406, 579], [1407, 579], [1408, 579], [1409, 579], [1410, 579], [1378, 580], [1379, 580], [1380, 580], [1382, 580], [1383, 580], [1406, 580], [1407, 580], [1409, 580], [1410, 580], [1411, 580], [1379, 581], [1380, 581], [1381, 581], [1382, 581], [1383, 581], [1384, 581], [1406, 581], [1407, 581], [1408, 581], [1410, 581], [1411, 581], [1412, 581], [1380, 582], [1381, 582], [1382, 582], [1383, 582], [1384, 582], [1385, 582], [1407, 582], [1408, 582], [1409, 582], [1411, 582], [1412, 582], [1381, 583], [1382, 583], [1383, 583], [1384, 583], [1385, 583], [1408, 583], [1409, 583], [1410, 583], [1411, 583], [1412, 583], [1413, 583], [1382, 584], [1383, 584], [1385, 584], [1386, 584], [1409, 584], [1410, 584], [1411, 584], [1412, 584], [1413, 584], [1414, 584], [1383, 585], [1384, 585], [1385, 585], [1386, 585], [1387, 585], [1410, 585], [1411, 585], [1412, 585], [1413, 585], [1414, 585], [1415, 585], [1383, 586], [1384, 586], [1385, 586], [1386, 586], [1387, 586], [1388, 586], [1411, 586], [1412, 586], [1413, 586], [1414, 586], [1415, 586], [1416, 586], [1384, 587], [1385, 587], [1386, 587], [1387, 587], [1388, 587], [1389, 587], [1412, 587], [1413, 587], [1415, 587], [1416, 587], [1417, 587], [1385, 588], [1386, 588], [1387, 588], [1388, 588], [1389, 588], [1390, 588], [1412, 588], [1413, 588], [1414, 588], [1416, 588], [1417, 588], [1418, 588], [1386, 589], [1387, 589], [1389, 589], [1390, 589], [1413, 589], [1414, 589], [1415, 589], [1417, 589], [1418, 589], [1386, 590], [1387, 590], [1388, 590], [1389, 590], [1390, 590], [1391, 590], [1414, 590], [1415, 590], [1416, 590], [1417, 590], [1418, 590], [1419, 590], [1387, 591], [1388, 591], [1389, 591], [1390, 591], [1391, 591], [1392, 591], [1415, 591], [1416, 591], [1417, 591], [1418, 591], [1419, 591], [1420, 591], [1388, 592], [1389, 592], [1390, 592], [1391, 592], [1392, 592], [1393, 592], [1416, 592], [1417, 592], [1418, 592], [1419, 592], [1420, 592], [1421, 592], [1389, 593], [1390, 593], [1391, 593], [1392, 593], [1393, 593], [1394, 593], [1417, 593], [1418, 593], [1420, 593], [1421, 593], [1422, 593], [1390, 594], [1391, 594], [1393, 594], [1394, 594], [1417, 594], [1418, 594], [1419, 594], [1421, 594], [1422, 594], [1390, 595], [1391, 595], [1392, 595], [1393, 595], [1394, 595], [1395, 595], [1418, 595], [1419, 595], [1420, 595], [1421, 595], [1422, 595], [1423, 595], [1391, 596], [1392, 596], [1393, 596], [1394, 596], [1395, 596], [1396, 596], [1419, 596], [1420, 596], [1421, 596], [1422, 596], [1423, 596], [1424, 596], [1392, 597], [1393, 597], [1394, 597], [1395, 597], [1396, 597], [1397, 597], [1420, 597], [1421, 597], [1422, 597], [1423, 597], [1424, 597], [1425, 597], [1393, 598], [1394, 598], [1395, 598], [1396, 598], [1397, 598], [1421, 598], [1422, 598], [1423, 598], [1424, 598], [1425, 598], [1426, 598], [1394, 599], [1395, 599], [1396, 599], [1397, 599], [1398, 599], [1422, 599], [1423, 599], [1424, 599], [1425, 599], [1426, 599], [1427, 599], [1394, 600], [1395, 600], [1396, 600], [1397, 600], [1398, 600], [1399, 600], [1423, 600], [1424, 600], [1425, 600], [1426, 600], [1427, 600], [1428, 600], [1395, 601], [1396, 601], [1397, 601], [1398, 601], [1399, 601], [1400, 601], [1424, 601], [1425, 601], [1426, 601], [1427, 601], [1428, 601], [1429, 601], [1396, 602], [1397, 602], [1399, 602], [1400, 602], [1425, 602], [1426, 602], [1428, 602], [1429, 602], [1396, 603], [1397, 603], [1398, 603], [1399, 603], [1400, 603], [1401, 603], [1425, 603], [1426, 603], [1427, 603], [1428, 603], [1429, 603], [1430, 603], [1397, 604], [1398, 604], [1399, 604], [1400, 604], [1401, 604], [1402, 604], [1426, 604], [1427, 604], [1428, 604], [1429, 604], [1430, 604], [1431, 604], [1398, 605], [1399, 605], [1401, 605], [1402, 605], [1427, 605], [1428, 605], [1429, 605], [1430, 605], [1431, 605], [1432, 605], [1398, 606], [1399, 606], [1400, 606], [1401, 606], [1402, 606], [1403, 606], [1428, 606], [1429, 606], [1430, 606], [1431, 606], [1432, 606], [1433, 606], [1399, 607], [1400, 607], [1401, 607], [1402, 607], [1403, 607], [1404, 607], [1429, 607], [1430, 607], [1431, 607], [1432, 607], [1433, 607], [1434, 607], [1400, 608], [1401, 608], [1402, 608], [1403, 608], [1404, 608], [1405, 608], [1430, 608], [1431, 608], [1432, 608], [1433, 608], [1434, 608], [1435, 608], [1401, 609], [1402, 609], [1403, 609], [1404, 609], [1405, 609], [1406, 609], [1431, 609], [1432, 609], [1434, 609], [1435, 609], [1402, 610], [1403, 610], [1405, 610], [1406, 610], [1407, 610], [1408, 610], [1409, 610], [1410, 610], [1411, 610], [1412, 610], [1413, 610], [1414, 610], [1415, 610], [1416, 610], [1417, 610], [1418, 610], [1420, 610], [1421, 610], [1422, 610], [1431, 610], [1432, 610], [1433, 610], [1434, 610], [1435, 610], [1436, 610], [1402, 611], [1403, 611], [1404, 611], [1406, 611], [1407, 611], [1408, 611], [1409, 611], [1410, 611], [1411, 611], [1412, 611], [1413, 611], [1414, 611], [1415, 611], [1416, 611], [1417, 611], [1418, 611], [1419, 611], [1420, 611], [1421, 611], [1422, 611], [1423, 611], [1424, 611], [1425, 611], [1426, 611], [1432, 611], [1433, 611], [1434, 611], [1435, 611], [1436, 611], [1437, 611], [1403, 612], [1404, 612], [1405, 612], [1406, 612], [1409, 612], [1410, 612], [1411, 612], [1417, 612], [1418, 612], [1419, 612], [1420, 612], [1421, 612], [1422, 612], [1423, 612], [1424, 612], [1425, 612], [1426, 612], [1427, 612], [1428, 612], [1429, 612], [1430, 612], [1431, 612], [1433, 612], [1434, 612], [1435, 612], [1436, 612], [1437, 612], [1404, 613], [1405, 613], [1406, 613], [1407, 613], [1425, 613], [1426, 613], [1427, 613], [1428, 613], [1429, 613], [1430, 613], [1431, 613], [1432, 613], [1433, 613], [1434, 613], [1436, 613], [1437, 613], [1438, 613], [1405, 614], [1406, 614], [1407, 614], [1408, 614], [1430, 614], [1431, 614], [1432, 614], [1433, 614], [1434, 614], [1436, 614], [1437, 614], [1438, 614], [1406, 615], [1407, 615], [1408, 615], [1409, 615], [1437, 615], [1438, 615], [1439, 615], [1407, 616], [1408, 616], [1409, 616], [1410, 616], [1411, 616], [1437, 616], [1438, 616], [1439, 616], [1440, 616], [1408, 617], [1409, 617], [1410, 617], [1411, 617], [1412, 617], [1413, 617], [1414, 617], [1415, 617], [1416, 617], [1417, 617], [1418, 617], [1419, 617], [1420, 617], [1421, 617], [1422, 617], [1423, 617], [1424, 617], [1425, 617], [1426, 617], [1427, 617], [1428, 617], [1429, 617], [1438, 617], [1439, 617], [1440, 617], [1410, 618], [1411, 618], [1412, 618], [1413, 618], [1414, 618], [1415, 618], [1416, 618], [1417, 618], [1418, 618], [1419, 618], [1420, 618], [1421, 618], [1422, 618], [1423, 618], [1424, 618], [1425, 618], [1426, 618], [1427, 618], [1428, 618], [1429, 618], [1430, 618], [1431, 618], [1432, 618], [1433, 618], [1434, 618], [1435, 618], [1436, 618], [1438, 618], [1439, 618], [1440, 618], [1413, 619], [1414, 619], [1415, 619], [1416, 619], [1428, 619], [1429, 619], [1430, 619], [1431, 619], [1432, 619], [1433, 619], [1434, 619], [1435, 619], [1436, 619], [1437, 619], [1438, 619], [1439, 619], [1440, 619], [1435, 620], [1436, 620], [1437, 620], [1438, 620], [1439, 620], [1694, 942], [1695, 942], [1696, 942], [1697, 942], [1698, 942], [1699, 942], [1694, 943], [1695, 943], [1696, 943], [1697, 943], [1698, 943], [1699, 943], [1700, 943], [1701, 943], [1702, 943], [1703, 943], [1694, 944], [1695, 944], [1698, 944], [1699, 944], [1700, 944], [1701, 944], [1702, 944], [1703, 944], [1704, 944], [1705, 944], [1706, 944], [1707, 944], [1708, 944], [1709, 944], [1710, 944], [1711, 944], [1694, 945], [1695, 945], [1702, 945], [1703, 945], [1704, 945], [1705, 945], [1706, 945], [1707, 945], [1708, 945], [1709, 945], [1710, 945], [1711, 945], [1712, 945], [1713, 945], [1714, 945], [1715, 945], [1716, 945], [1717, 945], [1718, 945], [1719, 945], [1720, 945], [1721, 945], [1694, 946], [1695, 946], [1696, 946], [1710, 946], [1711, 946], [1712, 946], [1713, 946], [1714, 946], [1715, 946], [1716, 946], [1717, 946], [1718, 946], [1719, 946], [1720, 946], [1721, 946], [1722, 946], [1723, 946], [1694, 947], [1695, 947], [1696, 947], [1720, 947], [1721, 947], [1722, 947], [1723, 947], [1724, 947], [1725, 947], [1695, 948], [1696, 948], [1697, 948], [1722, 948], [1723, 948], [1724, 948], [1725, 948], [1726, 948], [1727, 948], [1728, 948], [1729, 948], [1730, 948], [1731, 948], [1732, 948], [1695, 949], [1696, 949], [1697, 949], [1724, 949], [1725, 949], [1726, 949], [1727, 949], [1728, 949], [1729, 949], [1730, 949], [1731, 949], [1732, 949], [1733, 949], [1734, 949], [1696, 950], [1697, 950], [1698, 950], [1731, 950], [1732, 950], [1733, 950], [1734, 950], [1735, 950], [1696, 951], [1697, 951], [1698, 951], [1699, 951], [1733, 951], [1734, 951], [1735, 951], [1736, 951], [1737, 951], [1697, 952], [1698, 952], [1699, 952], [1734, 952], [1735, 952], [1736, 952], [1737, 952], [1738, 952], [1698, 953], [1699, 953], [1700, 953], [1736, 953], [1737, 953], [1738, 953], [1698, 954], [1699, 954], [1700, 954], [1701, 954], [1737, 954], [1738, 954], [1739, 954], [1699, 955], [1700, 955], [1701, 955], [1737, 955], [1738, 955], [1739, 955], [1740, 955], [1700, 956], [1701, 956], [1702, 956], [1738, 956], [1739, 956], [1740, 956], [1741, 956], [1700, 957], [1701, 957], [1702, 957], [1703, 957], [1739, 957], [1740, 957], [1741, 957], [1742, 957], [1701, 958], [1702, 958], [1703, 958], [1740, 958], [1741, 958], [1742, 958], [1743, 958], [1702, 959], [1703, 959], [1704, 959], [1741, 959], [1742, 959], [1743, 959], [1744, 959], [1702, 960], [1703, 960], [1704, 960], [1705, 960], [1742, 960], [1743, 960], [1744, 960], [1745, 960], [1703, 961], [1704, 961], [1705, 961], [1706, 961], [1743, 961], [1744, 961], [1745, 961], [1746, 961], [1704, 962], [1705, 962], [1706, 962], [1707, 962], [1744, 962], [1745, 962], [1746, 962], [1747, 962], [1705, 963], [1706, 963], [1707, 963], [1708, 963], [1745, 963], [1746, 963], [1747, 963], [1706, 964], [1707, 964], [1708, 964], [1709, 964], [1746, 964], [1747, 964], [1748, 964], [1707, 965], [1708, 965], [1709, 965], [1710, 965], [1746, 965], [1747, 965], [1748, 965], [1749, 965], [1708, 966], [1709, 966], [1710, 966], [1711, 966], [1712, 966], [1747, 966], [1748, 966], [1749, 966], [1750, 966], [1709, 967], [1710, 967], [1711, 967], [1712, 967], [1713, 967], [1748, 967], [1749, 967], [1750, 967], [1751, 967], [1711, 968], [1712, 968], [1713, 968], [1714, 968], [1749, 968], [1750, 968], [1751, 968], [1712, 969], [1713, 969], [1714, 969], [1715, 969], [1750, 969], [1751, 969], [1713, 970], [1714, 970], [1715, 970], [1716, 970], [1717, 970], [1750, 970], [1751, 970], [1714, 971], [1715, 971], [1716, 971], [1717, 971], [1718, 971], [1750, 971], [1751, 971], [1716, 972], [1717, 972], [1718, 972], [1719, 972], [1750, 972], [1751, 972], [1717, 973], [1718, 973], [1719, 973], [1720, 973], [1750, 973], [1751, 973], [1718, 974], [1719, 974], [1720, 974], [1721, 974], [1722, 974], [1750, 974], [1751, 974], [1719, 975], [1720, 975], [1721, 975], [1722, 975], [1723, 975], [1749, 975], [1750, 975], [1751, 975], [1721, 976], [1722, 976], [1723, 976], [1724, 976], [1725, 976], [1726, 976], [1727, 976], [1728, 976], [1736, 976], [1737, 976], [1738, 976], [1741, 976], [1742, 976], [1743, 976], [1744, 976], [1745, 976], [1746, 976], [1747, 976], [1748, 976], [1749, 976], [1750, 976], [1751, 976], [1722, 977], [1723, 977], [1724, 977], [1725, 977], [1726, 977], [1727, 977], [1728, 977], [1729, 977], [1730, 977], [1731, 977], [1732, 977], [1733, 977], [1734, 977], [1735, 977], [1736, 977], [1737, 977], [1738, 977], [1739, 977], [1740, 977], [1741, 977], [1742, 977], [1743, 977], [1744, 977], [1745, 977], [1746, 977], [1747, 977], [1748, 977], [1749, 977], [1750, 977], [1724, 978], [1725, 978], [1726, 978], [1727, 978], [1728, 978], [1729, 978], [1730, 978], [1731, 978], [1732, 978], [1733, 978], [1734, 978], [1735, 978], [1736, 978], [1737, 978], [1738, 978], [1739, 978], [1740, 978], [1741, 978], [1742, 978]


