White line left - [731, 812], [732, 812], [733, 812], [731, 813], [732, 813], [733, 813], [730, 814], [731, 814], [732, 814], [733, 814], [728, 815], [729, 815], [730, 815], [731, 815], [732, 815], [733, 815], [727, 816], [728, 816], [729, 816], [730, 816], [731, 816], [732, 816], [733, 816], [721, 817], [722, 817], [723, 817], [724, 817], [725, 817], [726, 817], [727, 817], [728, 817], [729, 817], [732, 817], [733, 817], [720, 818], [721, 818], [722, 818], [723, 818], [724, 818], [725, 818], [726, 818], [727, 818], [728, 818], [732, 818], [733, 818], [720, 819], [721, 819], [722, 819], [725, 819], [726, 819], [727, 819], [732, 819], [733, 819], [706, 820], [707, 820], [708, 820], [709, 820], [710, 820], [711, 820], [715, 820], [716, 820], [717, 820], [718, 820], [719, 820], [720, 820], [721, 820], [732, 820], [733, 820], [706, 821], [707, 821], [708, 821], [709, 821], [710, 821], [711, 821], [712, 821], [713, 821], [714, 821], [715, 821], [716, 821], [717, 821], [718, 821], [719, 821], [720, 821], [721, 821], [732, 821], [733, 821], [705, 822], [706, 822], [707, 822], [710, 822], [711, 822], [712, 822], [713, 822], [714, 822], [715, 822], [716, 822], [718, 822], [719, 822], [720, 822], [721, 822], [732, 822], [733, 822], [705, 823], [706, 823], [707, 823], [713, 823], [714, 823], [715, 823], [718, 823], [719, 823], [720, 823], [721, 823], [732, 823], [733, 823], [705, 824], [706, 824], [707, 824], [718, 824], [719, 824], [720, 824], [721, 824], [722, 824], [723, 824], [724, 824], [725, 824], [726, 824], [727, 824], [728, 824], [732, 824], [733, 824], [705, 825], [706, 825], [707, 825], [708, 825], [717, 825], [718, 825], [719, 825], [720, 825], [721, 825], [722, 825], [723, 825], [724, 825], [725, 825], [726, 825], [727, 825], [728, 825], [732, 825], [733, 825], [706, 826], [707, 826], [708, 826], [717, 826], [718, 826], [719, 826], [721, 826], [722, 826], [723, 826], [724, 826], [727, 826], [728, 826], [729, 826], [730, 826], [731, 826], [732, 826], [733, 826], [707, 827], [708, 827], [709, 827], [710, 827], [711, 827], [712, 827], [713, 827], [714, 827], [716, 827], [717, 827], [718, 827], [727, 827], [728, 827], [729, 827], [730, 827], [731, 827], [732, 827], [733, 827], [707, 828], [708, 828], [709, 828], [710, 828], [711, 828], [712, 828], [713, 828], [714, 828], [715, 828], [716, 828], [717, 828], [718, 828], [730, 828], [731, 828], [732, 828], [708, 829], [709, 829], [710, 829], [713, 829], [714, 829], [715, 829], [716, 829], [717, 829]




Yellow line left - [649, 1036], [650, 1036], [651, 1036], [652, 1036], [649, 1037], [650, 1037], [651, 1037], [652, 1037], [649, 1038], [650, 1038], [651, 1038], [652, 1038], [649, 1039], [650, 1039], [651, 1039]




Yellow line right - [652, 1064], [653, 1064], [654, 1064], [655, 1064], [656, 1064], [657, 1064], [650, 1065], [651, 1065], [652, 1065], [653, 1065], [654, 1065], [657, 1065], [650, 1066], [651, 1066], [652, 1066], [653, 1066], [654, 1066], [657, 1066], [648, 1067], [649, 1067], [650, 1067], [651, 1067], [652, 1067], [653, 1067], [654, 1067], [655, 1067], [656, 1067], [657, 1067], [648, 1068], [649, 1068], [650, 1068], [651, 1068], [652, 1068], [654, 1068], [655, 1068], [656, 1068], [657, 1068], [647, 1069], [648, 1069], [649, 1069], [654, 1069], [655, 1069], [656, 1069], [657, 1069], [647, 1070], [648, 1070], [649, 1070], [655, 1070], [656, 1070], [657, 1070], [647, 1071], [648, 1071], [649, 1071], [655, 1071], [656, 1071], [657, 1071], [646, 1072], [647, 1072], [648, 1072], [649, 1072], [653, 1072], [654, 1072], [655, 1072], [656, 1072], [657, 1072], [658, 1072], [659, 1072], [660, 1072], [661, 1072], [662, 1072], [663, 1072], [646, 1073], [647, 1073], [648, 1073], [653, 1073], [654, 1073], [655, 1073], [656, 1073], [657, 1073], [658, 1073], [659, 1073], [660, 1073], [661, 1073], [662, 1073], [663, 1073], [664, 1073], [646, 1074], [647, 1074], [648, 1074], [653, 1074], [654, 1074], [655, 1074], [656, 1074], [657, 1074], [658, 1074], [659, 1074], [660, 1074], [661, 1074], [662, 1074], [663, 1074], [664, 1074], [665, 1074], [666, 1074], [646, 1075], [647, 1075], [648, 1075], [656, 1075], [657, 1075], [659, 1075], [660, 1075], [661, 1075], [662, 1075], [663, 1075], [664, 1075], [665, 1075], [666, 1075], [646, 1076], [647, 1076], [648, 1076], [656, 1076], [658, 1076], [665, 1076], [666, 1076], [646, 1077], [647, 1077], [656, 1077], [657, 1077], [658, 1077], [664, 1077], [665, 1077], [666, 1077], [646, 1078], [647, 1078], [664, 1078], [665, 1078], [666, 1078], [646, 1079], [647, 1079], [664, 1079], [665, 1079]




White line right - 


