White line left - 




Yellow line left - [1177, 488], [1178, 488], [1179, 488], [1180, 488], [1181, 488], [1182, 488], [1183, 488], [1184, 488], [1185, 488], [1186, 488], [1187, 488], [1177, 489], [1178, 489], [1179, 489], [1180, 489], [1181, 489], [1182, 489], [1183, 489], [1184, 489], [1185, 489], [1186, 489], [1187, 489], [1177, 490], [1178, 490], [1179, 490], [1180, 490], [1181, 490], [1182, 490], [1183, 490], [1184, 490], [1185, 490], [1186, 490], [1187, 490], [1188, 490], [1179, 491], [1180, 491], [1181, 491], [1182, 491], [1183, 491], [1184, 491], [1185, 491], [1186, 491], [1187, 491], [1188, 491], [1180, 492], [1181, 492], [1182, 492], [1183, 492], [1184, 492], [1185, 492], [1186, 492], [1187, 492], [1188, 492], [1180, 493], [1181, 493], [1182, 493], [1183, 493], [1184, 493]




Yellow line right - [1245, 548], [1246, 548], [1247, 548], [1242, 549], [1243, 549], [1244, 549], [1245, 549], [1246, 549], [1247, 549], [1248, 549], [1242, 550], [1243, 550], [1244, 550], [1245, 550], [1246, 550], [1247, 550], [1248, 550], [1249, 550], [1242, 551], [1243, 551], [1244, 551], [1247, 551], [1248, 551], [1249, 551], [1242, 552], [1243, 552], [1244, 552], [1248, 552], [1249, 552], [1242, 553], [1243, 553], [1244, 553], [1247, 553], [1248, 553], [1249, 553], [1242, 554], [1243, 554], [1244, 554], [1245, 554], [1247, 554], [1248, 554], [1249, 554], [1250, 554], [1251, 554], [1252, 554], [1242, 555], [1243, 555], [1244, 555], [1245, 555], [1246, 555], [1247, 555], [1248, 555], [1249, 555], [1251, 555], [1252, 555], [1244, 556], [1245, 556], [1246, 556], [1247, 556], [1248, 556], [1249, 556], [1250, 556], [1251, 556], [1252, 556], [1247, 557], [1248, 557], [1249, 557], [1248, 558], [1249, 558], [1250, 558], [1246, 559], [1247, 559], [1248, 559], [1249, 559], [1250, 559], [1246, 560], [1247, 560], [1248, 560], [1249, 560], [1250, 560], [1251, 560], [1252, 560], [1246, 561], [1247, 561], [1248, 561], [1249, 561], [1250, 561], [1251, 561], [1252, 561], [1247, 562], [1248, 562], [1249, 562], [1250, 562], [1251, 562], [1252, 562], [1249, 563], [1250, 563], [1251, 563], [1254, 564], [1255, 564], [1256, 564], [1254, 565], [1255, 565], [1256, 565], [1257, 565], [1258, 565], [1254, 566], [1255, 566], [1256, 566], [1257, 566], [1258, 566], [1259, 566], [1254, 567], [1255, 567], [1256, 567], [1257, 567], [1258, 567], [1259, 567], [1260, 567], [1261, 567], [1254, 568], [1255, 568], [1256, 568], [1257, 568], [1258, 568], [1259, 568], [1260, 568], [1261, 568], [1264, 568], [1265, 568], [1266, 568], [1267, 568], [1255, 569], [1256, 569], [1257, 569], [1258, 569], [1259, 569], [1260, 569], [1261, 569], [1262, 569], [1263, 569], [1264, 569], [1265, 569], [1266, 569], [1267, 569], [1256, 570], [1257, 570], [1258, 570], [1259, 570], [1260, 570], [1262, 570], [1263, 570], [1264, 570], [1265, 570], [1266, 570], [1267, 570], [1269, 570], [1270, 570], [1271, 570], [1272, 570], [1273, 570], [1258, 571], [1259, 571], [1260, 571], [1261, 571], [1262, 571], [1263, 571], [1264, 571], [1265, 571], [1266, 571], [1267, 571], [1269, 571], [1270, 571], [1271, 571], [1272, 571], [1273, 571], [1261, 572], [1262, 572], [1263, 572], [1264, 572], [1265, 572], [1266, 572], [1267, 572], [1269, 572], [1270, 572], [1271, 572], [1272, 572], [1273, 572], [1262, 573], [1263, 573], [1264, 573], [1265, 573], [1266, 573], [1267, 573], [1269, 573], [1270, 573], [1271, 573], [1272, 573], [1273, 573], [1274, 573], [1261, 574], [1262, 574], [1263, 574], [1264, 574], [1265, 574], [1266, 574], [1267, 574], [1268, 574], [1269, 574], [1270, 574], [1271, 574], [1272, 574], [1273, 574], [1274, 574], [1261, 575], [1262, 575], [1263, 575], [1266, 575], [1267, 575], [1268, 575], [1269, 575], [1272, 575], [1273, 575], [1274, 575], [1261, 576], [1262, 576], [1263, 576], [1265, 576], [1266, 576], [1267, 576], [1268, 576], [1269, 576], [1270, 576], [1271, 576], [1272, 576], [1273, 576], [1274, 576], [1262, 577], [1263, 577], [1264, 577], [1265, 577], [1266, 577], [1267, 577], [1268, 577], [1269, 577], [1270, 577], [1271, 577], [1272, 577], [1273, 577], [1262, 578], [1263, 578], [1264, 578], [1265, 578], [1266, 578], [1267, 578], [1268, 578], [1269, 578], [1270, 578], [1271, 578], [1273, 578], [1267, 579], [1268, 579], [1269, 579], [1270, 579], [1271, 579], [1272, 579], [1273, 579], [1267, 580], [1268, 580], [1269, 580], [1274, 582], [1275, 582], [1276, 582], [1273, 583], [1274, 583], [1275, 583], [1276, 583], [1277, 583], [1273, 584], [1274, 584], [1275, 584], [1276, 584], [1277, 584], [1273, 585], [1274, 585], [1276, 585], [1277, 585], [1278, 585], [1273, 586], [1274, 586], [1275, 586], [1276, 586], [1277, 586], [1278, 586], [1273, 587], [1274, 587], [1275, 587], [1276, 587], [1277, 587], [1278, 587], [1274, 588], [1275, 588], [1276, 588], [1277, 588], [1278, 588], [1276, 589], [1277, 589], [1278, 589], [1278, 590], [1279, 590], [1280, 590], [1278, 591], [1279, 591], [1280, 591], [1281, 591], [1282, 591], [1278, 592], [1279, 592], [1280, 592], [1281, 592], [1282, 592], [1278, 593], [1279, 593], [1280, 593], [1281, 593], [1282, 593], [1278, 594], [1279, 594], [1280, 594], [1281, 594]




White line right - [1502, 332], [1503, 332], [1504, 332], [1505, 332], [1506, 332], [1507, 332], [1508, 332], [1502, 333], [1503, 333], [1507, 333], [1508, 333], [1502, 334], [1503, 334], [1504, 334], [1505, 334], [1506, 334], [1507, 334], [1508, 334]


