White line left - [695, 724], [693, 725], [695, 725], [692, 726], [693, 726], [694, 726], [695, 726], [690, 727], [691, 727], [692, 727], [693, 727], [694, 727], [695, 727], [690, 728], [691, 728], [692, 728], [693, 728], [694, 728], [695, 728], [690, 729], [691, 729], [693, 729], [694, 729], [695, 729], [690, 730], [691, 730], [693, 730], [694, 730], [695, 730], [690, 731], [691, 731], [693, 731], [694, 731], [690, 732], [691, 732], [692, 732], [693, 732], [694, 732], [689, 733], [690, 733], [691, 733], [692, 733], [693, 733], [694, 733], [678, 734], [689, 734], [690, 734], [691, 734], [692, 734], [693, 734], [676, 735], [677, 735], [689, 735], [690, 735], [691, 735], [692, 735], [675, 736], [676, 736], [677, 736], [689, 736], [690, 736], [691, 736], [692, 736], [673, 737], [674, 737], [675, 737], [676, 737], [689, 737], [690, 737], [691, 737], [671, 738], [672, 738], [673, 738], [674, 738], [675, 738], [676, 738], [671, 739], [672, 739], [673, 739], [674, 739], [675, 739], [670, 740], [671, 740], [672, 740], [673, 740], [674, 740], [675, 740], [687, 740], [688, 740], [689, 740], [670, 741], [671, 741], [672, 741], [673, 741], [674, 741], [686, 741], [687, 741], [688, 741], [689, 741], [670, 742], [671, 742], [673, 742], [674, 742], [686, 742], [687, 742], [688, 742], [689, 742], [669, 743], [670, 743], [671, 743], [673, 743], [674, 743], [686, 743], [687, 743], [688, 743], [689, 743], [669, 744], [670, 744], [671, 744], [673, 744], [674, 744], [685, 744], [686, 744], [687, 744], [688, 744], [669, 745], [670, 745], [672, 745], [673, 745], [674, 745], [685, 745], [687, 745], [668, 746], [669, 746], [670, 746], [671, 746], [672, 746], [673, 746], [674, 746], [685, 746], [686, 746], [687, 746], [668, 747], [669, 747], [670, 747], [671, 747], [672, 747], [673, 747], [668, 748], [669, 748], [670, 748], [671, 748], [668, 749], [670, 749], [667, 750], [668, 750], [669, 750], [670, 750], [667, 751], [668, 751], [669, 751], [670, 751], [671, 751], [667, 752], [668, 752], [669, 752], [670, 752], [671, 752], [672, 752], [673, 752], [674, 752], [675, 752], [667, 753], [668, 753], [670, 753], [671, 753], [672, 753], [673, 753], [674, 753], [675, 753], [666, 754], [667, 754], [668, 754], [671, 754], [672, 754], [673, 754], [674, 754], [675, 754], [666, 755], [667, 755], [668, 755], [671, 755], [672, 755], [673, 755], [674, 755], [675, 755], [666, 756], [667, 756], [671, 756], [672, 756], [673, 756], [666, 757], [667, 757], [671, 757], [672, 757], [673, 757], [674, 757], [675, 757], [678, 757], [679, 757], [680, 757], [666, 758], [667, 758], [672, 758], [673, 758], [674, 758], [675, 758], [676, 758], [677, 758], [678, 758], [679, 758], [680, 758], [665, 759], [666, 759], [667, 759], [674, 759], [675, 759], [676, 759], [677, 759], [678, 759], [679, 759], [680, 759], [664, 760], [665, 760], [666, 760], [667, 760], [675, 760], [676, 760], [678, 760], [679, 760], [680, 760], [664, 761], [665, 761], [666, 761], [677, 761], [678, 761], [679, 761], [680, 761], [663, 762], [664, 762], [665, 762], [677, 762], [678, 762], [663, 763], [664, 763], [665, 763], [676, 763], [677, 763], [678, 763], [663, 764], [664, 764], [676, 764], [677, 764], [678, 764], [662, 765], [663, 765], [664, 765], [676, 765], [677, 765], [678, 765], [679, 765], [680, 765], [662, 766], [663, 766], [664, 766], [676, 766], [677, 766], [678, 766], [679, 766], [680, 766], [662, 767], [663, 767], [675, 767], [676, 767], [677, 767], [678, 767], [679, 767], [680, 767], [662, 768], [663, 768], [675, 768], [676, 768], [677, 768], [678, 768], [679, 768], [680, 768], [661, 769], [662, 769], [663, 769], [675, 769], [676, 769], [677, 769], [678, 769], [679, 769], [682, 769], [683, 769], [684, 769], [661, 770], [662, 770], [663, 770], [675, 770], [676, 770], [677, 770], [678, 770], [682, 770], [683, 770], [684, 770], [685, 770], [660, 771], [661, 771], [662, 771], [674, 771], [675, 771], [676, 771], [677, 771], [678, 771], [679, 771], [680, 771], [681, 771], [682, 771], [683, 771], [684, 771], [685, 771], [660, 772], [661, 772], [662, 772], [674, 772], [675, 772], [676, 772], [677, 772], [678, 772], [679, 772], [680, 772], [681, 772], [682, 772], [684, 772], [685, 772], [660, 773], [661, 773], [674, 773], [676, 773], [679, 773], [680, 773], [681, 773], [682, 773], [683, 773], [684, 773], [685, 773], [659, 774], [660, 774], [661, 774], [674, 774], [675, 774], [676, 774], [677, 774], [678, 774], [679, 774], [680, 774], [683, 774], [684, 774], [685, 774], [659, 775], [660, 775], [661, 775], [674, 775], [675, 775], [676, 775], [677, 775], [678, 775], [679, 775], [680, 775], [683, 775], [684, 775], [685, 775], [658, 776], [659, 776], [660, 776], [677, 776], [678, 776], [679, 776], [680, 776], [683, 776], [684, 776], [685, 776], [658, 777], [659, 777], [660, 777], [671, 777], [672, 777], [673, 777], [674, 777], [675, 777], [677, 777], [678, 777], [679, 777], [680, 777], [683, 777], [684, 777], [658, 778], [659, 778], [671, 778], [672, 778], [673, 778], [674, 778], [675, 778], [677, 778], [678, 778], [679, 778], [680, 778], [682, 778], [683, 778], [684, 778], [658, 779], [659, 779], [671, 779], [672, 779], [674, 779], [675, 779], [682, 779], [683, 779], [684, 779], [657, 780], [658, 780], [659, 780], [671, 780], [672, 780], [673, 780], [674, 780], [675, 780], [682, 780], [683, 780], [657, 781], [658, 781], [659, 781], [671, 781], [672, 781], [673, 781], [674, 781], [675, 781], [682, 781], [683, 781], [657, 782], [658, 782], [669, 782], [670, 782], [671, 782], [672, 782], [673, 782], [674, 782], [675, 782], [681, 782], [682, 782], [683, 782], [656, 783], [657, 783], [658, 783], [669, 783], [670, 783], [671, 783], [672, 783], [681, 783], [682, 783], [683, 783], [656, 784], [657, 784], [658, 784], [669, 784], [670, 784], [671, 784], [672, 784], [680, 784], [681, 784], [682, 784], [656, 785], [657, 785], [679, 785], [680, 785], [681, 785], [682, 785], [656, 786], [657, 786], [665, 786], [666, 786], [667, 786], [668, 786], [679, 786], [680, 786], [681, 786], [655, 787], [656, 787], [657, 787], [665, 787], [666, 787], [667, 787], [668, 787], [669, 787], [670, 787], [671, 787], [678, 787], [679, 787], [680, 787], [655, 788], [656, 788], [657, 788], [665, 788], [666, 788], [667, 788], [668, 788], [669, 788], [670, 788], [671, 788], [678, 788], [679, 788], [680, 788], [655, 789], [656, 789], [665, 789], [666, 789], [667, 789], [668, 789], [670, 789], [671, 789], [672, 789], [678, 789], [679, 789], [655, 790], [656, 790], [667, 790], [668, 790], [670, 790], [671, 790], [672, 790], [678, 790], [679, 790], [655, 791], [656, 791], [662, 791], [663, 791], [664, 791], [665, 791], [666, 791], [667, 791], [668, 791], [669, 791], [670, 791], [671, 791], [672, 791], [677, 791], [678, 791], [679, 791], [655, 792], [656, 792], [657, 792], [658, 792], [659, 792], [661, 792], [662, 792], [663, 792], [664, 792], [665, 792], [666, 792], [667, 792], [669, 792], [670, 792], [671, 792], [677, 792], [678, 792], [679, 792], [655, 793], [656, 793], [657, 793], [658, 793], [659, 793], [660, 793], [661, 793], [662, 793], [663, 793], [668, 793], [669, 793], [670, 793], [677, 793], [678, 793], [658, 794], [659, 794], [660, 794], [661, 794], [662, 794], [667, 794], [668, 794], [669, 794], [677, 794], [678, 794], [667, 795], [668, 795], [669, 795], [676, 795], [677, 795], [678, 795], [667, 796], [668, 796], [674, 796], [675, 796], [676, 796], [677, 796], [678, 796], [664, 797], [665, 797], [666, 797], [667, 797], [668, 797], [674, 797], [675, 797], [676, 797], [677, 797], [664, 798], [665, 798], [666, 798], [667, 798], [668, 798], [673, 798], [674, 798], [675, 798], [664, 799], [665, 799], [673, 799], [674, 799], [675, 799], [664, 800], [665, 800], [673, 800], [674, 800], [663, 801], [664, 801], [665, 801], [672, 801], [673, 801], [674, 801], [662, 802], [663, 802], [664, 802], [665, 802], [670, 802], [671, 802], [672, 802], [673, 802], [674, 802], [662, 803], [663, 803], [664, 803], [670, 803], [671, 803], [672, 803], [673, 803], [661, 804], [662, 804], [663, 804], [669, 804], [670, 804], [671, 804], [661, 805], [662, 805], [663, 805], [669, 805], [670, 805], [671, 805], [660, 806], [661, 806], [662, 806], [669, 806], [670, 806], [659, 807], [660, 807], [661, 807], [662, 807], [669, 807], [670, 807], [659, 808], [660, 808], [661, 808], [668, 808], [669, 808], [670, 808], [659, 809], [660, 809], [667, 809], [668, 809], [669, 809], [670, 809], [659, 810], [660, 810], [666, 810], [667, 810], [668, 810], [669, 810], [659, 811], [660, 811], [666, 811], [667, 811], [668, 811], [659, 812], [660, 812], [666, 812], [667, 812], [659, 813], [660, 813], [665, 813], [666, 813], [667, 813], [656, 814], [657, 814], [658, 814], [659, 814], [660, 814], [665, 814], [666, 814], [667, 814], [656, 815], [657, 815], [658, 815], [659, 815], [660, 815], [664, 815], [665, 815], [666, 815], [656, 816], [657, 816], [658, 816], [659, 816], [664, 816], [665, 816], [666, 816], [657, 817], [658, 817], [659, 817], [660, 817], [664, 817], [665, 817], [658, 818], [659, 818], [660, 818], [663, 818], [664, 818], [665, 818], [658, 819], [659, 819], [660, 819], [663, 819], [664, 819], [665, 819], [658, 820], [659, 820], [660, 820], [663, 820], [664, 820], [658, 821], [659, 821], [663, 821], [664, 821], [648, 822], [649, 822], [650, 822], [651, 822], [652, 822], [656, 822], [657, 822], [658, 822], [659, 822], [663, 822], [664, 822], [648, 823], [649, 823], [650, 823], [651, 823], [652, 823], [655, 823], [656, 823], [657, 823], [658, 823], [659, 823], [663, 823], [664, 823], [665, 823], [648, 824], [649, 824], [650, 824], [651, 824], [652, 824], [655, 824], [656, 824], [657, 824], [658, 824], [662, 824], [663, 824], [664, 824], [665, 824], [648, 825], [649, 825], [650, 825], [651, 825], [652, 825], [655, 825], [656, 825], [657, 825], [658, 825], [659, 825], [662, 825], [663, 825], [664, 825], [665, 825], [657, 826], [658, 826], [659, 826], [662, 826], [663, 826], [656, 827], [657, 827], [658, 827], [659, 827], [662, 827], [663, 827], [650, 828], [651, 828], [652, 828], [653, 828], [656, 828], [657, 828], [658, 828], [662, 828], [663, 828], [664, 828], [650, 829], [651, 829], [652, 829], [653, 829], [655, 829], [656, 829], [657, 829], [662, 829], [663, 829], [664, 829], [650, 830], [651, 830], [652, 830], [653, 830], [655, 830], [656, 830], [657, 830], [663, 830], [664, 830], [650, 831], [651, 831], [652, 831], [653, 831], [655, 831], [656, 831], [657, 831], [662, 831], [663, 831], [664, 831], [655, 832], [656, 832], [657, 832], [662, 832], [663, 832], [664, 832], [654, 833], [655, 833], [656, 833], [662, 833], [663, 833], [654, 834], [655, 834], [656, 834], [662, 834], [663, 834], [654, 835], [655, 835], [656, 835], [661, 835], [662, 835], [663, 835], [655, 836], [656, 836], [660, 836], [661, 836], [662, 836], [663, 836], [645, 837], [646, 837], [647, 837], [654, 837], [655, 837], [656, 837], [660, 837], [661, 837], [662, 837], [644, 838], [645, 838], [646, 838], [647, 838], [648, 838], [654, 838], [655, 838], [656, 838], [657, 838], [658, 838], [659, 838], [660, 838], [661, 838], [643, 839], [644, 839], [645, 839], [646, 839], [647, 839], [648, 839], [654, 839], [655, 839], [656, 839], [657, 839], [658, 839], [659, 839], [660, 839], [661, 839], [643, 840], [644, 840], [645, 840], [647, 840], [648, 840], [654, 840], [655, 840], [656, 840], [657, 840], [658, 840], [642, 841], [643, 841], [644, 841], [646, 841], [647, 841], [648, 841], [654, 841], [655, 841], [656, 841], [657, 841], [642, 842], [643, 842], [644, 842], [646, 842], [647, 842], [648, 842], [654, 842], [655, 842], [656, 842], [657, 842], [642, 843], [643, 843], [646, 843], [647, 843], [654, 843], [655, 843], [656, 843], [657, 843], [642, 844], [643, 844], [645, 844], [646, 844], [647, 844], [653, 844], [654, 844], [656, 844], [657, 844], [642, 845], [643, 845], [644, 845], [645, 845], [646, 845], [647, 845], [652, 845], [653, 845], [654, 845], [655, 845], [656, 845], [660, 845], [661, 845], [662, 845], [641, 846], [642, 846], [643, 846], [644, 846], [645, 846], [646, 846], [652, 846], [653, 846], [654, 846], [655, 846], [656, 846], [657, 846], [658, 846], [659, 846], [660, 846], [661, 846], [662, 846], [663, 846], [641, 847], [642, 847], [644, 847], [645, 847], [652, 847], [653, 847], [654, 847], [655, 847], [656, 847], [657, 847], [658, 847], [659, 847], [660, 847], [661, 847], [662, 847], [663, 847], [640, 848], [641, 848], [642, 848], [643, 848], [644, 848], [645, 848], [652, 848], [653, 848], [654, 848], [655, 848], [656, 848], [657, 848], [658, 848], [659, 848], [660, 848], [661, 848], [662, 848], [663, 848], [640, 849], [641, 849], [642, 849], [643, 849], [644, 849], [656, 849], [657, 849], [658, 849], [659, 849], [661, 849], [662, 849], [663, 849], [640, 850], [641, 850], [642, 850], [643, 850], [658, 852], [659, 852], [660, 852], [661, 852], [662, 852], [656, 853], [657, 853], [658, 853], [659, 853], [660, 853], [661, 853], [662, 853], [655, 854], [656, 854], [657, 854], [658, 854], [659, 854], [661, 854], [662, 854], [638, 855], [639, 855], [640, 855], [655, 855], [656, 855], [657, 855], [661, 855], [662, 855], [638, 856], [640, 856], [655, 856], [656, 856], [657, 856], [658, 856], [660, 856], [661, 856], [662, 856], [638, 857], [639, 857], [640, 857], [655, 857], [656, 857], [657, 857], [658, 857], [659, 857], [660, 857], [661, 857], [662, 857], [657, 858], [658, 858], [659, 858], [660, 858], [661, 858], [636, 860], [637, 860], [638, 860], [639, 860], [635, 861], [636, 861], [637, 861], [638, 861], [639, 861], [635, 862], [636, 862], [638, 862], [639, 862], [635, 863], [636, 863], [637, 863], [638, 863], [639, 863], [634, 864], [635, 864], [636, 864], [637, 864], [638, 864], [633, 865], [634, 865], [635, 865], [636, 865], [637, 865], [638, 865], [639, 865], [633, 866], [634, 866], [635, 866], [637, 866], [638, 866], [639, 866], [633, 867], [634, 867], [638, 867], [639, 867], [632, 868], [633, 868], [634, 868], [637, 868], [638, 868], [639, 868], [630, 869], [631, 869], [632, 869], [633, 869], [634, 869], [637, 869], [638, 869], [639, 869], [629, 870], [630, 870], [631, 870], [632, 870], [633, 870], [637, 870], [638, 870], [629, 871], [630, 871], [631, 871], [637, 871], [638, 871], [629, 872], [630, 872], [636, 872], [637, 872], [638, 872], [629, 873], [630, 873], [636, 873], [637, 873], [638, 873], [629, 874], [630, 874], [633, 874], [634, 874], [635, 874], [636, 874], [637, 874], [629, 875], [630, 875], [633, 875], [635, 875], [636, 875], [637, 875], [629, 876], [630, 876], [633, 876], [635, 876], [636, 876], [637, 876], [638, 876], [640, 876], [641, 876], [642, 876], [629, 877], [630, 877], [632, 877], [633, 877], [634, 877], [635, 877], [637, 877], [638, 877], [639, 877], [640, 877], [642, 877], [629, 878], [630, 878], [631, 878], [632, 878], [633, 878], [634, 878], [635, 878], [636, 878], [637, 878], [638, 878], [639, 878], [640, 878], [641, 878], [642, 878], [629, 879], [630, 879], [631, 879], [632, 879], [633, 879], [635, 879], [636, 879], [637, 879], [638, 879], [639, 879], [629, 880], [630, 880], [631, 880], [635, 880], [636, 880], [637, 880], [638, 880], [630, 881], [631, 881], [632, 881], [633, 881], [634, 881], [635, 881], [636, 881], [637, 881], [638, 881], [628, 882], [629, 882], [630, 882], [631, 882], [632, 882], [633, 882], [634, 882], [635, 882], [636, 882], [637, 882], [627, 883], [628, 883], [629, 883], [630, 883], [631, 883], [633, 883], [634, 883], [635, 883], [636, 883], [637, 883], [638, 883], [627, 884], [628, 884], [629, 884], [633, 884], [634, 884], [635, 884], [636, 884], [637, 884], [638, 884], [627, 885], [628, 885], [629, 885], [630, 885], [631, 885], [632, 885], [633, 885], [634, 885], [635, 885], [636, 885], [637, 885], [638, 885], [627, 886], [628, 886], [629, 886], [630, 886], [631, 886], [632, 886], [633, 886], [634, 886], [627, 887], [628, 887], [629, 887], [630, 887], [631, 887], [632, 887], [627, 888], [628, 888], [629, 888], [630, 888], [631, 888], [632, 888], [627, 889], [628, 889], [629, 889], [630, 889], [631, 889], [632, 889], [626, 890], [627, 890], [628, 890], [629, 890], [630, 890], [631, 890], [625, 891], [626, 891], [627, 891], [628, 891], [625, 892], [626, 892], [627, 892], [628, 892], [625, 893], [626, 893], [627, 893], [628, 893], [625, 894], [626, 894], [627, 894], [628, 894], [625, 895], [626, 895], [627, 895], [628, 895], [625, 896], [626, 896], [627, 896], [639, 905], [640, 905], [641, 905], [642, 905], [643, 905], [638, 906], [639, 906], [640, 906], [641, 906], [642, 906], [643, 906], [638, 907], [639, 907], [640, 907], [641, 907], [642, 907], [643, 907], [638, 908], [639, 908], [640, 908], [641, 908], [627, 956], [628, 956], [629, 956], [630, 956], [627, 957], [628, 957], [629, 957], [630, 957], [627, 958], [628, 958], [629, 958], [630, 958], [627, 959], [628, 959], [629, 959], [630, 959], [623, 962], [624, 962], [625, 962], [623, 963], [624, 963], [625, 963], [626, 963], [622, 964], [623, 964], [624, 964], [625, 964], [626, 964], [622, 965], [623, 965], [624, 965], [625, 965], [626, 965], [621, 966], [622, 966], [623, 966], [625, 966], [626, 966], [621, 967], [622, 967], [623, 967], [625, 967], [626, 967], [620, 968], [621, 968], [622, 968], [625, 968], [626, 968], [620, 969], [621, 969], [622, 969], [624, 969], [625, 969], [626, 969], [620, 970], [621, 970], [624, 970], [625, 970], [626, 970], [620, 971], [621, 971], [623, 971], [624, 971], [625, 971], [620, 972], [621, 972], [622, 972], [623, 972], [624, 972], [625, 972], [620, 973], [621, 973], [622, 973], [623, 973], [624, 973], [621, 974], [622, 974], [623, 974], [624, 974]




Yellow line left - [216, 1008], [215, 1009], [216, 1009], [213, 1010], [215, 1010], [216, 1010], [212, 1011], [213, 1011], [214, 1011], [215, 1011], [216, 1011], [217, 1011], [218, 1011], [219, 1011], [212, 1012], [213, 1012], [214, 1012], [215, 1012], [216, 1012], [217, 1012], [218, 1012], [219, 1012], [212, 1013], [213, 1013], [214, 1013], [215, 1013], [216, 1013], [217, 1013], [218, 1013], [219, 1013], [212, 1014], [213, 1014], [215, 1014], [216, 1014], [217, 1014], [218, 1014], [219, 1014], [220, 1014], [214, 1015], [215, 1015], [216, 1015], [217, 1015], [218, 1015], [219, 1015], [220, 1015], [214, 1016], [215, 1016], [216, 1016], [217, 1016], [218, 1016], [219, 1016], [220, 1016], [214, 1017], [215, 1017], [216, 1017], [217, 1017], [214, 1018], [215, 1018], [216, 1018], [217, 1018], [198, 1019], [199, 1019], [200, 1019], [201, 1019], [202, 1019], [203, 1019], [204, 1019], [205, 1019], [206, 1019], [207, 1019], [209, 1019], [210, 1019], [211, 1019], [198, 1020], [199, 1020], [200, 1020], [201, 1020], [202, 1020], [203, 1020], [204, 1020], [205, 1020], [206, 1020], [207, 1020], [208, 1020], [209, 1020], [210, 1020], [211, 1020], [212, 1020], [196, 1021], [197, 1021], [198, 1021], [199, 1021], [200, 1021], [201, 1021], [202, 1021], [203, 1021], [204, 1021], [205, 1021], [206, 1021], [207, 1021], [208, 1021], [209, 1021], [210, 1021], [211, 1021], [212, 1021], [213, 1021], [196, 1022], [197, 1022], [198, 1022], [199, 1022], [201, 1022], [202, 1022], [203, 1022], [208, 1022], [209, 1022], [210, 1022], [211, 1022], [212, 1022], [213, 1022], [195, 1023], [196, 1023], [197, 1023], [203, 1023], [204, 1023], [205, 1023], [206, 1023], [207, 1023], [208, 1023], [211, 1023], [212, 1023], [213, 1023], [192, 1024], [193, 1024], [194, 1024], [195, 1024], [196, 1024], [197, 1024], [199, 1024], [200, 1024], [201, 1024], [202, 1024], [203, 1024], [204, 1024], [205, 1024], [206, 1024], [207, 1024], [208, 1024], [209, 1024], [210, 1024], [211, 1024], [212, 1024], [213, 1024], [192, 1025], [193, 1025], [194, 1025], [195, 1025], [196, 1025], [197, 1025], [198, 1025], [199, 1025], [200, 1025], [201, 1025], [202, 1025], [203, 1025], [204, 1025], [207, 1025], [208, 1025], [209, 1025], [210, 1025], [211, 1025], [212, 1025], [192, 1026], [193, 1026], [195, 1026], [197, 1026], [198, 1026], [199, 1026], [200, 1026], [201, 1026], [202, 1026], [203, 1026], [204, 1026], [206, 1026], [207, 1026], [208, 1026], [209, 1026], [210, 1026], [211, 1026], [191, 1027], [192, 1027], [193, 1027], [195, 1027], [196, 1027], [197, 1027], [198, 1027], [199, 1027], [200, 1027], [201, 1027], [202, 1027], [203, 1027], [204, 1027], [206, 1027], [207, 1027], [208, 1027], [209, 1027], [210, 1027], [211, 1027], [191, 1028], [192, 1028], [193, 1028], [198, 1028], [199, 1028], [200, 1028], [201, 1028], [202, 1028], [203, 1028], [204, 1028], [206, 1028], [207, 1028], [208, 1028], [191, 1029], [192, 1029], [193, 1029], [194, 1029], [195, 1029], [196, 1029], [198, 1029], [199, 1029], [200, 1029], [201, 1029], [202, 1029], [203, 1029], [190, 1030], [191, 1030], [192, 1030], [194, 1030], [195, 1030], [196, 1030], [198, 1030], [199, 1030], [200, 1030], [202, 1030], [203, 1030], [190, 1031], [191, 1031], [192, 1031], [194, 1031], [195, 1031], [196, 1031], [198, 1031], [199, 1031], [200, 1031], [201, 1031], [202, 1031], [203, 1031], [190, 1032], [191, 1032], [192, 1032], [193, 1032], [194, 1032], [195, 1032], [196, 1032], [197, 1032], [198, 1032], [199, 1032], [200, 1032], [201, 1032], [202, 1032], [192, 1033], [193, 1033], [194, 1033], [196, 1033], [197, 1033], [198, 1033], [199, 1033], [200, 1033], [201, 1033], [202, 1033], [192, 1034], [193, 1034], [194, 1034], [195, 1034], [196, 1034], [197, 1034], [198, 1034], [199, 1034], [200, 1034], [201, 1034], [194, 1035], [195, 1035], [196, 1035], [197, 1035]




Yellow line right - [1320, 398], [1321, 398], [1322, 398], [1323, 398], [1317, 399], [1318, 399], [1319, 399], [1320, 399], [1321, 399], [1322, 399], [1323, 399], [1324, 399], [1325, 399], [1326, 399], [1317, 400], [1318, 400], [1319, 400], [1320, 400], [1321, 400], [1322, 400], [1323, 400], [1324, 400], [1325, 400], [1326, 400], [1317, 401], [1318, 401], [1319, 401], [1320, 401], [1322, 401], [1323, 401], [1324, 401], [1325, 401], [1326, 401], [1317, 402], [1318, 402], [1319, 402], [1320, 402], [1321, 402], [1322, 402], [1323, 402], [1324, 402], [1325, 402], [1319, 403], [1320, 403], [1321, 403], [1322, 403], [1323, 403]




White line right - 


