White line left - [341, 934], [340, 935], [341, 935], [340, 936], [341, 936], [342, 936], [336, 937], [340, 937], [341, 937], [342, 937], [334, 938], [335, 938], [336, 938], [337, 938], [338, 938], [339, 938], [340, 938], [341, 938], [342, 938], [333, 939], [335, 939], [336, 939], [337, 939], [338, 939], [339, 939], [340, 939], [341, 939], [332, 940], [333, 940], [334, 940], [332, 941], [333, 941], [334, 941], [335, 941], [336, 941], [337, 941], [338, 941], [339, 941], [333, 942], [334, 942], [335, 942], [336, 942], [337, 942], [338, 942], [339, 942], [334, 943], [335, 943], [336, 943], [337, 943], [338, 943], [339, 943], [334, 944], [335, 944], [337, 944], [338, 944], [339, 944], [336, 945], [337, 945], [338, 945], [335, 946], [336, 946], [337, 946], [334, 947], [335, 947], [336, 947], [337, 947], [333, 948], [334, 948], [335, 948], [336, 948], [332, 949], [333, 949], [334, 949], [335, 949], [332, 950], [333, 950], [334, 950], [329, 951], [330, 951], [331, 951], [332, 951], [333, 951], [328, 952], [329, 952], [330, 952], [331, 952], [332, 952], [333, 952], [327, 953], [328, 953], [329, 953], [330, 953], [331, 953], [332, 953], [326, 954], [327, 954], [328, 954], [329, 954], [325, 955], [326, 955], [327, 955], [328, 955], [325, 956], [326, 956], [327, 956], [324, 957], [325, 957], [326, 957], [323, 958], [324, 958], [325, 958], [326, 958], [323, 959], [324, 959], [325, 959], [322, 960], [323, 960], [324, 960], [322, 961], [323, 961], [324, 961], [321, 962], [322, 962], [323, 962], [321, 963], [322, 963], [323, 963], [320, 964], [321, 964], [322, 964], [319, 965], [320, 965], [321, 965], [322, 965], [318, 966], [319, 966], [320, 966], [321, 966], [317, 967], [318, 967], [319, 967], [320, 967], [316, 968], [317, 968], [318, 968], [319, 968], [315, 969], [316, 969], [317, 969], [318, 969], [315, 970], [316, 970], [317, 970], [314, 971], [315, 971], [316, 971], [277, 972], [314, 972], [315, 972], [316, 972], [275, 973], [276, 973], [313, 973], [314, 973], [315, 973], [274, 974], [275, 974], [313, 974], [314, 974], [315, 974], [272, 975], [273, 975], [274, 975], [275, 975], [312, 975], [313, 975], [314, 975], [271, 976], [272, 976], [273, 976], [274, 976], [311, 976], [312, 976], [313, 976], [314, 976], [270, 977], [271, 977], [272, 977], [273, 977], [310, 977], [311, 977], [312, 977], [313, 977], [270, 978], [271, 978], [272, 978], [310, 978], [311, 978], [312, 978], [269, 979], [270, 979], [271, 979], [309, 979], [310, 979], [311, 979], [268, 980], [269, 980], [270, 980], [271, 980], [309, 980], [310, 980], [311, 980], [268, 981], [269, 981], [270, 981], [308, 981], [309, 981], [310, 981], [267, 982], [268, 982], [269, 982], [278, 982], [279, 982], [280, 982], [281, 982], [308, 982], [309, 982], [310, 982], [266, 983], [267, 983], [268, 983], [269, 983], [277, 983], [278, 983], [279, 983], [280, 983], [281, 983], [282, 983], [307, 983], [308, 983], [309, 983], [265, 984], [266, 984], [267, 984], [268, 984], [276, 984], [277, 984], [278, 984], [279, 984], [280, 984], [281, 984], [282, 984], [304, 984], [305, 984], [306, 984], [307, 984], [308, 984], [309, 984], [264, 985], [265, 985], [266, 985], [267, 985], [275, 985], [276, 985], [277, 985], [278, 985], [281, 985], [282, 985], [304, 985], [305, 985], [306, 985], [307, 985], [308, 985], [264, 986], [265, 986], [266, 986], [273, 986], [274, 986], [275, 986], [276, 986], [277, 986], [281, 986], [282, 986], [303, 986], [304, 986], [305, 986], [263, 987], [264, 987], [265, 987], [273, 987], [274, 987], [275, 987], [276, 987], [281, 987], [282, 987], [303, 987], [304, 987], [305, 987], [262, 988], [263, 988], [264, 988], [265, 988], [272, 988], [273, 988], [274, 988], [281, 988], [282, 988], [302, 988], [303, 988], [304, 988], [262, 989], [263, 989], [264, 989], [271, 989], [272, 989], [273, 989], [274, 989], [281, 989], [282, 989], [302, 989], [303, 989], [304, 989], [261, 990], [262, 990], [263, 990], [270, 990], [271, 990], [272, 990], [273, 990], [281, 990], [282, 990], [301, 990], [302, 990], [303, 990], [260, 991], [261, 991], [262, 991], [263, 991], [270, 991], [271, 991], [272, 991], [281, 991], [282, 991], [300, 991], [301, 991], [302, 991], [303, 991], [259, 992], [260, 992], [261, 992], [262, 992], [268, 992], [269, 992], [270, 992], [271, 992], [281, 992], [282, 992], [300, 992], [301, 992], [302, 992], [259, 993], [260, 993], [261, 993], [267, 993], [268, 993], [269, 993], [270, 993], [271, 993], [281, 993], [282, 993], [283, 993], [299, 993], [300, 993], [301, 993], [258, 994], [259, 994], [260, 994], [266, 994], [267, 994], [268, 994], [269, 994], [281, 994], [282, 994], [283, 994], [298, 994], [299, 994], [300, 994], [301, 994], [257, 995], [258, 995], [259, 995], [260, 995], [266, 995], [267, 995], [268, 995], [282, 995], [283, 995], [296, 995], [297, 995], [298, 995], [299, 995], [300, 995], [256, 996], [257, 996], [258, 996], [259, 996], [265, 996], [266, 996], [267, 996], [282, 996], [283, 996], [291, 996], [292, 996], [293, 996], [294, 996], [295, 996], [296, 996], [297, 996], [298, 996], [299, 996], [256, 997], [257, 997], [258, 997], [264, 997], [265, 997], [266, 997], [267, 997], [282, 997], [283, 997], [284, 997], [290, 997], [291, 997], [292, 997], [293, 997], [294, 997], [295, 997], [296, 997], [297, 997], [255, 998], [256, 998], [257, 998], [262, 998], [263, 998], [264, 998], [265, 998], [266, 998], [282, 998], [283, 998], [284, 998], [288, 998], [289, 998], [290, 998], [291, 998], [292, 998], [255, 999], [256, 999], [257, 999], [262, 999], [263, 999], [264, 999], [265, 999], [283, 999], [284, 999], [285, 999], [287, 999], [288, 999], [289, 999], [290, 999], [291, 999], [254, 1000], [255, 1000], [256, 1000], [261, 1000], [262, 1000], [263, 1000], [283, 1000], [284, 1000], [285, 1000], [286, 1000], [287, 1000], [288, 1000], [289, 1000], [253, 1001], [254, 1001], [255, 1001], [256, 1001], [260, 1001], [261, 1001], [262, 1001], [263, 1001], [284, 1001], [285, 1001], [286, 1001], [287, 1001], [288, 1001], [253, 1002], [254, 1002], [255, 1002], [259, 1002], [260, 1002], [261, 1002], [262, 1002], [252, 1003], [253, 1003], [254, 1003], [257, 1003], [258, 1003], [259, 1003], [260, 1003], [261, 1003], [252, 1004], [253, 1004], [254, 1004], [256, 1004], [257, 1004], [258, 1004], [259, 1004], [260, 1004], [252, 1005], [253, 1005], [255, 1005], [256, 1005], [257, 1005], [258, 1005], [252, 1006], [253, 1006], [254, 1006], [255, 1006], [256, 1006], [257, 1006], [252, 1007], [253, 1007], [254, 1007], [255, 1007], [256, 1007], [249, 1008], [250, 1008], [251, 1008], [253, 1008], [254, 1008], [255, 1008], [248, 1009], [249, 1009], [250, 1009], [251, 1009], [252, 1009], [248, 1010], [249, 1010], [250, 1010], [251, 1010], [252, 1010], [248, 1011], [249, 1011], [250, 1011], [251, 1011], [248, 1012], [249, 1012], [250, 1012]




Yellow line left - [1285, 444], [1286, 444], [1287, 444], [1288, 444], [1289, 444], [1290, 444], [1291, 444], [1292, 444], [1285, 445], [1286, 445], [1287, 445], [1288, 445], [1289, 445], [1290, 445], [1291, 445], [1292, 445], [1285, 446], [1286, 446], [1287, 446], [1288, 446], [1289, 446], [1290, 446], [1291, 446], [1292, 446], [1287, 447], [1288, 447], [1289, 447], [1290, 447], [1291, 447]




Yellow line right - [1637, 756], [1638, 756], [1639, 756], [1636, 757], [1637, 757], [1638, 757], [1639, 757], [1640, 757], [1636, 758], [1637, 758], [1638, 758], [1639, 758], [1640, 758], [1636, 759], [1637, 759], [1638, 759], [1639, 759], [1640, 759], [1636, 760], [1637, 760], [1638, 760], [1639, 760], [1640, 760], [1637, 761], [1638, 761], [1639, 761], [1640, 761]




White line right - [1465, 267], [1466, 267], [1467, 267], [1468, 267], [1463, 268], [1464, 268], [1465, 268], [1466, 268], [1467, 268], [1468, 268], [1469, 268], [1470, 268], [1471, 268], [1472, 268], [1473, 268], [1461, 269], [1462, 269], [1463, 269], [1464, 269], [1467, 269], [1468, 269], [1469, 269], [1470, 269], [1471, 269], [1472, 269], [1473, 269], [1474, 269], [1475, 269], [1462, 270], [1463, 270], [1464, 270], [1465, 270], [1466, 270], [1467, 270], [1472, 270], [1473, 270], [1474, 270], [1475, 270], [1476, 270], [1477, 270], [1463, 271], [1464, 271], [1465, 271], [1466, 271], [1467, 271], [1468, 271], [1469, 271], [1470, 271], [1474, 271], [1475, 271], [1476, 271], [1477, 271], [1466, 272], [1467, 272], [1468, 272], [1469, 272], [1470, 272], [1471, 272], [1472, 272], [1473, 272], [1474, 272], [1475, 272], [1476, 272], [1477, 272], [1469, 273], [1470, 273], [1471, 273], [1472, 273], [1473, 273], [1474, 273], [1475, 273], [1476, 273], [1477, 273], [1479, 273], [1480, 273], [1481, 273], [1482, 273], [1483, 273], [1484, 273], [1479, 274], [1480, 274], [1481, 274], [1482, 274], [1483, 274], [1484, 274], [1485, 274], [1486, 274], [1479, 275], [1480, 275], [1481, 275], [1482, 275], [1483, 275], [1484, 275], [1485, 275], [1486, 275], [1481, 276], [1482, 276], [1483, 276], [1484, 276], [1485, 276], [1486, 276], [1516, 285], [1517, 285], [1518, 285], [1519, 285], [1520, 285], [1516, 286], [1517, 286], [1518, 286], [1519, 286], [1520, 286], [1521, 286], [1522, 286], [1523, 286], [1524, 286], [1516, 287], [1517, 287], [1518, 287], [1520, 287], [1521, 287], [1522, 287], [1523, 287], [1524, 287], [1525, 287], [1526, 287], [1527, 287], [1517, 288], [1518, 288], [1519, 288], [1520, 288], [1521, 288], [1523, 288], [1524, 288], [1525, 288], [1526, 288], [1527, 288], [1528, 288], [1529, 288], [1518, 289], [1519, 289], [1520, 289], [1521, 289], [1522, 289], [1523, 289], [1524, 289], [1526, 289], [1527, 289], [1528, 289], [1529, 289], [1530, 289], [1531, 289], [1520, 290], [1521, 290], [1522, 290], [1523, 290], [1524, 290], [1525, 290], [1526, 290], [1527, 290], [1528, 290], [1529, 290], [1530, 290], [1531, 290], [1532, 290], [1523, 291], [1524, 291], [1525, 291], [1526, 291], [1527, 291], [1528, 291], [1529, 291], [1530, 291], [1531, 291], [1532, 291], [1533, 291], [1534, 291], [1535, 291], [1536, 291], [1528, 292], [1529, 292], [1530, 292], [1531, 292], [1532, 292], [1533, 292], [1534, 292], [1535, 292], [1536, 292], [1537, 292], [1531, 293], [1532, 293], [1533, 293], [1534, 293], [1535, 293], [1536, 293], [1537, 293], [1533, 294], [1534, 294], [1535, 294], [1536, 294], [1537, 294], [1555, 300], [1556, 300], [1557, 300], [1558, 300], [1559, 300], [1560, 300], [1561, 300], [1562, 300], [1563, 300], [1564, 300], [1565, 300], [1555, 301], [1556, 301], [1557, 301], [1558, 301], [1559, 301], [1560, 301], [1561, 301], [1562, 301], [1563, 301], [1564, 301], [1565, 301], [1566, 301], [1567, 301], [1568, 301], [1555, 302], [1556, 302], [1557, 302], [1558, 302], [1559, 302], [1560, 302], [1564, 302], [1565, 302], [1566, 302], [1567, 302], [1568, 302], [1569, 302], [1570, 302], [1571, 302], [1556, 303], [1557, 303], [1558, 303], [1559, 303], [1560, 303], [1561, 303], [1562, 303], [1563, 303], [1567, 303], [1568, 303], [1569, 303], [1570, 303], [1571, 303], [1572, 303], [1573, 303], [1574, 303], [1559, 304], [1560, 304], [1561, 304], [1562, 304], [1563, 304], [1564, 304], [1565, 304], [1570, 304], [1571, 304], [1572, 304], [1573, 304], [1574, 304], [1575, 304], [1576, 304], [1577, 304], [1562, 305], [1563, 305], [1564, 305], [1565, 305], [1566, 305], [1567, 305], [1573, 305], [1574, 305], [1575, 305], [1576, 305], [1577, 305], [1578, 305], [1579, 305], [1564, 306], [1565, 306], [1566, 306], [1567, 306], [1568, 306], [1569, 306], [1570, 306], [1576, 306], [1577, 306], [1578, 306], [1579, 306], [1580, 306], [1581, 306], [1582, 306], [1566, 307], [1567, 307], [1568, 307], [1569, 307], [1570, 307], [1571, 307], [1572, 307], [1573, 307], [1578, 307], [1579, 307], [1580, 307], [1581, 307], [1582, 307], [1583, 307], [1584, 307], [1585, 307], [1569, 308], [1570, 308], [1571, 308], [1572, 308], [1573, 308], [1574, 308], [1575, 308], [1576, 308], [1581, 308], [1582, 308], [1583, 308], [1584, 308], [1585, 308], [1586, 308], [1587, 308], [1588, 308], [1572, 309], [1573, 309], [1574, 309], [1575, 309], [1576, 309], [1577, 309], [1578, 309], [1579, 309], [1584, 309], [1585, 309], [1586, 309], [1587, 309], [1588, 309], [1589, 309], [1590, 309], [1591, 309], [1575, 310], [1576, 310], [1577, 310], [1578, 310], [1579, 310], [1580, 310], [1581, 310], [1582, 310], [1587, 310], [1588, 310], [1589, 310], [1590, 310], [1591, 310], [1592, 310], [1593, 310], [1578, 311], [1579, 311], [1580, 311], [1581, 311], [1582, 311], [1583, 311], [1584, 311], [1585, 311], [1590, 311], [1591, 311], [1592, 311], [1593, 311], [1594, 311], [1595, 311], [1596, 311], [1581, 312], [1582, 312], [1583, 312], [1584, 312], [1585, 312], [1586, 312], [1587, 312], [1592, 312], [1593, 312], [1594, 312], [1595, 312], [1596, 312], [1597, 312], [1598, 312], [1584, 313], [1585, 313], [1586, 313], [1587, 313], [1588, 313], [1589, 313], [1590, 313], [1595, 313], [1596, 313], [1597, 313], [1598, 313], [1599, 313], [1600, 313], [1586, 314], [1587, 314], [1588, 314], [1589, 314], [1590, 314], [1591, 314], [1592, 314], [1593, 314], [1597, 314], [1598, 314], [1599, 314], [1600, 314], [1601, 314], [1602, 314], [1603, 314], [1589, 315], [1590, 315], [1591, 315], [1592, 315], [1593, 315], [1594, 315], [1595, 315], [1596, 315], [1599, 315], [1600, 315], [1601, 315], [1602, 315], [1603, 315], [1604, 315], [1605, 315], [1606, 315], [1592, 316], [1593, 316], [1594, 316], [1595, 316], [1596, 316], [1597, 316], [1598, 316], [1599, 316], [1602, 316], [1603, 316], [1604, 316], [1605, 316], [1606, 316], [1607, 316], [1608, 316], [1609, 316], [1595, 317], [1596, 317], [1597, 317], [1598, 317], [1599, 317], [1600, 317], [1601, 317], [1605, 317], [1606, 317], [1607, 317], [1608, 317], [1609, 317], [1610, 317], [1611, 317], [1612, 317], [1613, 317], [1614, 317], [1598, 318], [1599, 318], [1600, 318], [1601, 318], [1602, 318], [1603, 318], [1604, 318], [1608, 318], [1609, 318], [1610, 318], [1611, 318], [1612, 318], [1613, 318], [1614, 318], [1615, 318], [1616, 318], [1617, 318], [1600, 319], [1601, 319], [1602, 319], [1603, 319], [1604, 319], [1605, 319], [1606, 319], [1607, 319], [1613, 319], [1614, 319], [1615, 319], [1616, 319], [1617, 319], [1618, 319], [1619, 319], [1620, 319], [1621, 319], [1603, 320], [1604, 320], [1605, 320], [1606, 320], [1607, 320], [1608, 320], [1609, 320], [1610, 320], [1616, 320], [1617, 320], [1618, 320], [1619, 320], [1620, 320], [1621, 320], [1622, 320], [1623, 320], [1606, 321], [1607, 321], [1608, 321], [1609, 321], [1610, 321], [1611, 321], [1612, 321], [1613, 321], [1620, 321], [1621, 321], [1622, 321], [1623, 321], [1624, 321], [1625, 321], [1626, 321], [1609, 322], [1610, 322], [1611, 322], [1612, 322], [1613, 322], [1614, 322], [1615, 322], [1616, 322], [1622, 322], [1623, 322], [1624, 322], [1625, 322], [1626, 322], [1627, 322], [1628, 322], [1629, 322], [1612, 323], [1613, 323], [1614, 323], [1615, 323], [1616, 323], [1617, 323], [1618, 323], [1625, 323], [1626, 323], [1627, 323], [1628, 323], [1629, 323], [1630, 323], [1631, 323], [1632, 323], [1615, 324], [1616, 324], [1617, 324], [1618, 324], [1619, 324], [1620, 324], [1621, 324], [1622, 324], [1628, 324], [1629, 324], [1630, 324], [1631, 324], [1632, 324], [1633, 324], [1634, 324], [1635, 324], [1617, 325], [1618, 325], [1619, 325], [1620, 325], [1621, 325], [1622, 325], [1623, 325], [1624, 325], [1625, 325], [1631, 325], [1632, 325], [1633, 325], [1634, 325], [1635, 325], [1636, 325], [1637, 325], [1621, 326], [1622, 326], [1623, 326], [1624, 326], [1625, 326], [1626, 326], [1627, 326], [1628, 326], [1634, 326], [1635, 326], [1636, 326], [1637, 326], [1638, 326], [1639, 326], [1640, 326], [1624, 327], [1625, 327], [1626, 327], [1627, 327], [1628, 327], [1629, 327], [1630, 327], [1631, 327], [1636, 327], [1637, 327], [1638, 327], [1639, 327], [1640, 327], [1641, 327], [1642, 327], [1643, 327], [1627, 328], [1628, 328], [1629, 328], [1630, 328], [1631, 328], [1632, 328], [1633, 328], [1639, 328], [1640, 328], [1641, 328], [1642, 328], [1643, 328], [1644, 328], [1645, 328], [1630, 329], [1631, 329], [1632, 329], [1633, 329], [1634, 329], [1635, 329], [1636, 329], [1642, 329], [1643, 329], [1644, 329], [1645, 329], [1646, 329], [1647, 329], [1648, 329], [1632, 330], [1633, 330], [1634, 330], [1635, 330], [1636, 330], [1637, 330], [1638, 330], [1644, 330], [1645, 330], [1646, 330], [1647, 330], [1648, 330], [1649, 330], [1650, 330], [1651, 330], [1635, 331], [1636, 331], [1637, 331], [1638, 331], [1639, 331], [1640, 331], [1641, 331], [1642, 331], [1647, 331], [1648, 331], [1649, 331], [1650, 331], [1651, 331], [1652, 331], [1653, 331], [1654, 331], [1655, 331], [1637, 332], [1638, 332], [1639, 332], [1640, 332], [1641, 332], [1642, 332], [1643, 332], [1644, 332], [1650, 332], [1651, 332], [1652, 332], [1653, 332], [1654, 332], [1655, 332], [1656, 332], [1657, 332], [1658, 332], [1641, 333], [1642, 333], [1643, 333], [1644, 333], [1645, 333], [1646, 333], [1647, 333], [1654, 333], [1655, 333], [1656, 333], [1657, 333], [1658, 333], [1659, 333], [1660, 333], [1661, 333], [1643, 334], [1644, 334], [1645, 334], [1646, 334], [1647, 334], [1648, 334], [1649, 334], [1650, 334], [1657, 334], [1658, 334], [1659, 334], [1660, 334], [1661, 334], [1662, 334], [1663, 334], [1646, 335], [1647, 335], [1648, 335], [1649, 335], [1650, 335], [1651, 335], [1652, 335], [1653, 335], [1660, 335], [1661, 335], [1662, 335], [1663, 335], [1664, 335], [1665, 335], [1649, 336], [1650, 336], [1651, 336], [1652, 336], [1653, 336], [1654, 336], [1655, 336], [1656, 336], [1662, 336], [1663, 336], [1664, 336], [1665, 336], [1666, 336], [1667, 336], [1668, 336], [1652, 337], [1653, 337], [1654, 337], [1655, 337], [1656, 337], [1657, 337], [1658, 337], [1664, 337], [1665, 337], [1666, 337], [1667, 337], [1668, 337], [1669, 337], [1655, 338], [1656, 338], [1657, 338], [1658, 338], [1659, 338], [1660, 338], [1661, 338], [1667, 338], [1668, 338], [1669, 338], [1670, 338], [1671, 338], [1672, 338], [1673, 338], [1657, 339], [1658, 339], [1659, 339], [1660, 339], [1661, 339], [1662, 339], [1663, 339], [1664, 339], [1665, 339], [1668, 339], [1669, 339], [1670, 339], [1671, 339], [1672, 339], [1673, 339], [1674, 339], [1675, 339], [1660, 340], [1661, 340], [1662, 340], [1663, 340], [1664, 340], [1665, 340], [1666, 340], [1667, 340], [1668, 340], [1672, 340], [1673, 340], [1674, 340], [1675, 340], [1676, 340], [1677, 340], [1678, 340], [1664, 341], [1665, 341], [1666, 341], [1667, 341], [1668, 341], [1669, 341], [1670, 341], [1671, 341], [1674, 341], [1675, 341], [1676, 341], [1677, 341], [1678, 341], [1679, 341], [1680, 341], [1667, 342], [1668, 342], [1669, 342], [1670, 342], [1671, 342], [1672, 342], [1673, 342], [1677, 342], [1678, 342], [1679, 342], [1680, 342], [1681, 342], [1682, 342], [1683, 342], [1684, 342], [1670, 343], [1671, 343], [1672, 343], [1673, 343], [1674, 343], [1679, 343], [1680, 343], [1681, 343], [1682, 343], [1683, 343], [1684, 343], [1685, 343], [1686, 343], [1687, 343], [1672, 344], [1673, 344], [1674, 344], [1675, 344], [1676, 344], [1683, 344], [1684, 344], [1685, 344], [1686, 344], [1687, 344], [1688, 344], [1689, 344], [1690, 344], [1673, 345], [1674, 345], [1675, 345], [1676, 345], [1677, 345], [1678, 345], [1679, 345], [1686, 345], [1687, 345], [1688, 345], [1689, 345], [1690, 345], [1691, 345], [1692, 345], [1693, 345], [1675, 346], [1676, 346], [1677, 346], [1678, 346], [1679, 346], [1680, 346], [1681, 346], [1689, 346], [1690, 346], [1691, 346], [1692, 346], [1693, 346], [1694, 346], [1695, 346], [1696, 346], [1697, 346], [1678, 347], [1679, 347], [1680, 347], [1681, 347], [1682, 347], [1683, 347], [1684, 347], [1692, 347], [1693, 347], [1694, 347], [1695, 347], [1696, 347], [1697, 347], [1698, 347], [1699, 347], [1700, 347], [1680, 348], [1681, 348], [1682, 348], [1683, 348], [1684, 348], [1685, 348], [1686, 348], [1687, 348], [1696, 348], [1697, 348], [1698, 348], [1699, 348], [1700, 348], [1701, 348], [1702, 348], [1683, 349], [1684, 349], [1685, 349], [1686, 349], [1687, 349], [1688, 349], [1689, 349], [1690, 349], [1699, 349], [1700, 349], [1701, 349], [1702, 349], [1703, 349], [1704, 349], [1705, 349], [1686, 350], [1687, 350], [1688, 350], [1689, 350], [1690, 350], [1691, 350], [1692, 350], [1693, 350], [1701, 350], [1702, 350], [1703, 350], [1704, 350], [1705, 350], [1706, 350], [1707, 350], [1689, 351], [1690, 351], [1691, 351], [1692, 351], [1693, 351], [1694, 351], [1695, 351], [1696, 351], [1704, 351], [1705, 351], [1706, 351], [1707, 351], [1708, 351], [1709, 351], [1710, 351], [1692, 352], [1693, 352], [1694, 352], [1695, 352], [1696, 352], [1697, 352], [1698, 352], [1699, 352], [1706, 352], [1707, 352], [1708, 352], [1709, 352], [1710, 352], [1711, 352], [1712, 352], [1695, 353], [1696, 353], [1697, 353], [1698, 353], [1699, 353], [1700, 353], [1701, 353], [1702, 353], [1703, 353], [1709, 353], [1710, 353], [1711, 353], [1712, 353], [1713, 353], [1714, 353], [1715, 353], [1716, 353], [1698, 354], [1699, 354], [1700, 354], [1701, 354], [1702, 354], [1703, 354], [1704, 354], [1705, 354], [1711, 354], [1712, 354], [1713, 354], [1714, 354], [1715, 354], [1716, 354], [1717, 354], [1718, 354], [1719, 354], [1702, 355], [1703, 355], [1704, 355], [1705, 355], [1706, 355], [1707, 355], [1708, 355], [1715, 355], [1716, 355], [1717, 355], [1718, 355], [1719, 355], [1720, 355], [1721, 355], [1704, 356], [1705, 356], [1706, 356], [1707, 356], [1708, 356], [1709, 356], [1710, 356], [1711, 356], [1718, 356], [1719, 356], [1720, 356], [1721, 356], [1722, 356], [1723, 356], [1724, 356], [1707, 357], [1708, 357], [1709, 357], [1710, 357], [1711, 357], [1712, 357], [1713, 357], [1714, 357], [1720, 357], [1721, 357], [1722, 357], [1723, 357], [1724, 357], [1725, 357], [1726, 357], [1710, 358], [1711, 358], [1712, 358], [1713, 358], [1714, 358], [1715, 358], [1716, 358], [1717, 358], [1723, 358], [1724, 358], [1725, 358], [1726, 358], [1727, 358], [1728, 358], [1729, 358], [1730, 358], [1731, 358], [1713, 359], [1714, 359], [1715, 359], [1716, 359], [1717, 359], [1718, 359], [1719, 359], [1720, 359], [1725, 359], [1726, 359], [1727, 359], [1728, 359], [1729, 359], [1730, 359], [1731, 359], [1732, 359], [1733, 359], [1734, 359], [1735, 359], [1716, 360], [1717, 360], [1718, 360], [1719, 360], [1720, 360], [1721, 360], [1722, 360], [1730, 360], [1731, 360], [1732, 360], [1733, 360], [1734, 360], [1735, 360], [1736, 360], [1737, 360], [1738, 360], [1719, 361], [1720, 361], [1721, 361], [1722, 361], [1723, 361], [1724, 361], [1725, 361], [1734, 361], [1735, 361], [1736, 361], [1737, 361], [1738, 361], [1739, 361], [1740, 361], [1741, 361], [1742, 361], [1721, 362], [1722, 362], [1723, 362], [1724, 362], [1725, 362], [1726, 362], [1727, 362], [1728, 362], [1737, 362], [1738, 362], [1739, 362], [1740, 362], [1741, 362], [1742, 362], [1743, 362], [1744, 362], [1724, 363], [1725, 363], [1726, 363], [1727, 363], [1728, 363], [1729, 363], [1730, 363], [1731, 363], [1741, 363], [1742, 363], [1743, 363], [1744, 363], [1745, 363], [1746, 363], [1747, 363], [1727, 364], [1728, 364], [1729, 364], [1730, 364], [1731, 364], [1732, 364], [1733, 364], [1734, 364], [1735, 364], [1743, 364], [1744, 364], [1745, 364], [1746, 364], [1747, 364], [1748, 364], [1749, 364], [1730, 365], [1731, 365], [1732, 365], [1733, 365], [1734, 365], [1735, 365], [1736, 365], [1737, 365], [1738, 365], [1746, 365], [1747, 365], [1748, 365], [1749, 365], [1750, 365], [1751, 365], [1734, 366], [1735, 366], [1736, 366], [1737, 366], [1738, 366], [1739, 366], [1740, 366], [1741, 366], [1742, 366], [1743, 366], [1748, 366], [1749, 366], [1750, 366], [1751, 366], [1752, 366], [1753, 366], [1754, 366], [1737, 367], [1738, 367], [1739, 367], [1740, 367], [1741, 367], [1742, 367], [1743, 367], [1744, 367], [1745, 367], [1746, 367], [1747, 367], [1748, 367], [1749, 367], [1751, 367], [1752, 367], [1753, 367], [1754, 367], [1755, 367], [1756, 367], [1757, 367], [1742, 368], [1743, 368], [1744, 368], [1745, 368], [1746, 368], [1747, 368], [1748, 368], [1749, 368], [1750, 368], [1751, 368], [1753, 368], [1754, 368], [1755, 368], [1756, 368], [1757, 368], [1758, 368], [1759, 368], [1760, 368], [1749, 369], [1750, 369], [1751, 369], [1752, 369], [1753, 369], [1756, 369], [1757, 369], [1758, 369], [1759, 369], [1760, 369], [1761, 369], [1762, 369], [1763, 369], [1750, 370], [1751, 370], [1752, 370], [1753, 370], [1754, 370], [1755, 370], [1759, 370], [1760, 370], [1761, 370], [1762, 370], [1763, 370], [1764, 370], [1765, 370], [1766, 370], [1767, 370], [1752, 371], [1753, 371], [1754, 371], [1755, 371], [1756, 371], [1757, 371], [1762, 371], [1763, 371], [1764, 371], [1765, 371], [1766, 371], [1767, 371], [1768, 371], [1769, 371], [1770, 371], [1754, 372], [1755, 372], [1756, 372], [1757, 372], [1758, 372], [1759, 372], [1766, 372], [1767, 372], [1768, 372], [1769, 372], [1770, 372], [1771, 372], [1772, 372], [1756, 373], [1757, 373], [1758, 373], [1759, 373], [1760, 373], [1761, 373], [1769, 373], [1770, 373], [1771, 373], [1772, 373], [1773, 373], [1774, 373], [1775, 373], [1776, 373], [1758, 374], [1759, 374], [1760, 374], [1761, 374], [1762, 374], [1763, 374], [1764, 374], [1771, 374], [1772, 374], [1773, 374], [1774, 374], [1775, 374], [1776, 374], [1777, 374], [1778, 374], [1779, 374], [1760, 375], [1761, 375], [1762, 375], [1763, 375], [1764, 375], [1765, 375], [1766, 375], [1767, 375], [1775, 375], [1776, 375], [1777, 375], [1778, 375], [1779, 375], [1780, 375], [1781, 375], [1782, 375], [1763, 376], [1764, 376], [1765, 376], [1766, 376], [1767, 376], [1768, 376], [1769, 376], [1770, 376], [1778, 376], [1779, 376], [1780, 376], [1781, 376], [1782, 376], [1783, 376], [1784, 376], [1785, 376], [1766, 377], [1767, 377], [1768, 377], [1769, 377], [1770, 377], [1771, 377], [1772, 377], [1773, 377], [1781, 377], [1782, 377], [1783, 377], [1784, 377], [1785, 377], [1786, 377], [1787, 377], [1788, 377], [1769, 378], [1770, 378], [1771, 378], [1772, 378], [1773, 378], [1774, 378], [1775, 378], [1784, 378], [1785, 378], [1786, 378], [1787, 378], [1788, 378], [1789, 378], [1790, 378], [1791, 378], [1792, 378], [1772, 379], [1773, 379], [1774, 379], [1775, 379], [1776, 379], [1777, 379], [1778, 379], [1779, 379], [1787, 379], [1788, 379], [1789, 379], [1790, 379], [1791, 379], [1792, 379], [1793, 379], [1794, 379], [1795, 379], [1774, 380], [1775, 380], [1776, 380], [1777, 380], [1778, 380], [1779, 380], [1780, 380], [1781, 380], [1782, 380], [1791, 380], [1792, 380], [1793, 380], [1794, 380], [1795, 380], [1796, 380], [1797, 380], [1798, 380], [1778, 381], [1779, 381], [1780, 381], [1781, 381], [1782, 381], [1783, 381], [1784, 381], [1785, 381], [1794, 381], [1795, 381], [1796, 381], [1797, 381], [1798, 381], [1799, 381], [1800, 381], [1801, 381], [1802, 381], [1781, 382], [1782, 382], [1783, 382], [1784, 382], [1785, 382], [1786, 382], [1787, 382], [1788, 382], [1789, 382], [1797, 382], [1798, 382], [1799, 382], [1800, 382], [1801, 382], [1802, 382], [1803, 382], [1804, 382], [1784, 383], [1785, 383], [1786, 383], [1787, 383], [1788, 383], [1789, 383], [1790, 383], [1791, 383], [1792, 383], [1801, 383], [1802, 383], [1803, 383], [1804, 383], [1805, 383], [1806, 383], [1807, 383], [1808, 383], [1788, 384], [1789, 384], [1790, 384], [1791, 384], [1792, 384], [1793, 384], [1794, 384], [1795, 384], [1803, 384], [1804, 384], [1805, 384], [1806, 384], [1807, 384], [1808, 384], [1809, 384], [1810, 384], [1811, 384], [1791, 385], [1792, 385], [1793, 385], [1794, 385], [1795, 385], [1796, 385], [1797, 385], [1798, 385], [1807, 385], [1808, 385], [1809, 385], [1810, 385], [1811, 385], [1812, 385], [1813, 385], [1814, 385], [1815, 385], [1794, 386], [1795, 386], [1796, 386], [1797, 386], [1798, 386], [1799, 386], [1800, 386], [1801, 386], [1810, 386], [1811, 386], [1812, 386], [1813, 386], [1814, 386], [1815, 386], [1816, 386], [1817, 386], [1797, 387], [1798, 387], [1799, 387], [1800, 387], [1801, 387], [1802, 387], [1803, 387], [1804, 387], [1814, 387], [1815, 387], [1816, 387], [1817, 387], [1818, 387], [1819, 387], [1800, 388], [1801, 388], [1802, 388], [1803, 388], [1804, 388], [1805, 388], [1806, 388], [1807, 388], [1816, 388], [1817, 388], [1818, 388], [1819, 388], [1820, 388], [1821, 388], [1822, 388], [1803, 389], [1804, 389], [1805, 389], [1806, 389], [1807, 389], [1808, 389], [1809, 389], [1810, 389], [1818, 389], [1819, 389], [1820, 389], [1821, 389], [1822, 389], [1823, 389], [1824, 389], [1258, 390], [1806, 390], [1807, 390], [1808, 390], [1809, 390], [1810, 390], [1811, 390], [1812, 390], [1813, 390], [1821, 390], [1822, 390], [1823, 390], [1824, 390], [1256, 391], [1257, 391], [1258, 391], [1259, 391], [1809, 391], [1810, 391], [1811, 391], [1812, 391], [1813, 391], [1814, 391], [1815, 391], [1816, 391], [1257, 392], [1258, 392], [1259, 392], [1260, 392], [1812, 392], [1813, 392], [1814, 392], [1815, 392], [1816, 392], [1817, 392], [1818, 392], [1819, 392], [1258, 393], [1259, 393], [1260, 393], [1261, 393], [1815, 393], [1816, 393], [1817, 393], [1818, 393], [1819, 393], [1820, 393], [1821, 393], [1822, 393], [1259, 394], [1260, 394], [1261, 394], [1262, 394], [1818, 394], [1819, 394], [1820, 394], [1821, 394], [1822, 394], [1823, 394], [1824, 394], [1260, 395], [1261, 395], [1262, 395], [1263, 395], [1264, 395], [1821, 395], [1822, 395], [1823, 395], [1824, 395], [1261, 396], [1262, 396], [1263, 396], [1264, 396], [1265, 396], [1823, 396], [1824, 396], [1246, 397], [1247, 397], [1248, 397], [1263, 397], [1264, 397], [1265, 397], [1266, 397], [1245, 398], [1246, 398], [1247, 398], [1248, 398], [1249, 398], [1264, 398], [1265, 398], [1266, 398], [1267, 398], [1247, 399], [1248, 399], [1249, 399], [1250, 399], [1265, 399], [1266, 399], [1267, 399], [1268, 399], [1248, 400], [1249, 400], [1250, 400], [1251, 400], [1266, 400], [1267, 400], [1268, 400], [1269, 400], [1249, 401], [1250, 401], [1251, 401], [1252, 401], [1267, 401], [1268, 401], [1269, 401], [1270, 401], [1250, 402], [1251, 402], [1252, 402], [1253, 402], [1268, 402], [1269, 402], [1270, 402], [1271, 402], [1251, 403], [1252, 403], [1253, 403], [1254, 403], [1269, 403], [1270, 403], [1271, 403], [1272, 403], [1234, 404], [1235, 404], [1252, 404], [1253, 404], [1254, 404], [1255, 404], [1270, 404], [1271, 404], [1272, 404], [1273, 404], [1232, 405], [1233, 405], [1234, 405], [1235, 405], [1236, 405], [1253, 405], [1254, 405], [1255, 405], [1256, 405], [1271, 405], [1272, 405], [1273, 405], [1274, 405], [1234, 406], [1235, 406], [1236, 406], [1237, 406], [1254, 406], [1255, 406], [1256, 406], [1257, 406], [1272, 406], [1273, 406], [1274, 406], [1275, 406], [1235, 407], [1236, 407], [1237, 407], [1238, 407], [1255, 407], [1256, 407], [1257, 407], [1258, 407], [1259, 407], [1273, 407], [1274, 407], [1275, 407], [1276, 407], [1236, 408], [1237, 408], [1238, 408], [1239, 408], [1256, 408], [1257, 408], [1258, 408], [1259, 408], [1260, 408], [1274, 408], [1275, 408], [1276, 408], [1277, 408], [1237, 409], [1238, 409], [1239, 409], [1240, 409], [1258, 409], [1259, 409], [1260, 409], [1261, 409], [1275, 409], [1276, 409], [1277, 409], [1278, 409], [1224, 410], [1225, 410], [1238, 410], [1239, 410], [1240, 410], [1241, 410], [1259, 410], [1260, 410], [1261, 410], [1262, 410], [1276, 410], [1277, 410], [1278, 410], [1279, 410], [1222, 411], [1223, 411], [1224, 411], [1225, 411], [1239, 411], [1240, 411], [1241, 411], [1242, 411], [1260, 411], [1261, 411], [1262, 411], [1263, 411], [1277, 411], [1278, 411], [1279, 411], [1280, 411], [1224, 412], [1225, 412], [1226, 412], [1240, 412], [1241, 412], [1242, 412], [1243, 412], [1261, 412], [1262, 412], [1263, 412], [1264, 412], [1278, 412], [1279, 412], [1280, 412], [1281, 412], [1224, 413], [1225, 413], [1226, 413], [1227, 413], [1241, 413], [1242, 413], [1243, 413], [1244, 413], [1262, 413], [1263, 413], [1264, 413], [1265, 413], [1279, 413], [1280, 413], [1281, 413], [1282, 413], [1225, 414], [1226, 414], [1227, 414], [1228, 414], [1242, 414], [1243, 414], [1244, 414], [1245, 414], [1263, 414], [1264, 414], [1265, 414], [1266, 414], [1280, 414], [1281, 414], [1282, 414], [1283, 414], [1226, 415], [1227, 415], [1228, 415], [1229, 415], [1243, 415], [1244, 415], [1245, 415], [1246, 415], [1264, 415], [1265, 415], [1266, 415], [1267, 415], [1268, 415], [1281, 415], [1282, 415], [1283, 415], [1284, 415], [1227, 416], [1228, 416], [1229, 416], [1230, 416], [1244, 416], [1245, 416], [1246, 416], [1247, 416], [1265, 416], [1266, 416], [1267, 416], [1268, 416], [1269, 416], [1282, 416], [1283, 416], [1284, 416], [1285, 416], [1228, 417], [1229, 417], [1230, 417], [1231, 417], [1245, 417], [1246, 417], [1247, 417], [1248, 417], [1267, 417], [1268, 417], [1269, 417], [1270, 417], [1283, 417], [1284, 417], [1285, 417], [1286, 417], [1229, 418], [1230, 418], [1231, 418], [1232, 418], [1246, 418], [1247, 418], [1248, 418], [1249, 418], [1268, 418], [1269, 418], [1270, 418], [1271, 418], [1284, 418], [1285, 418], [1286, 418], [1287, 418], [1288, 418], [1230, 419], [1231, 419], [1232, 419], [1233, 419], [1247, 419], [1248, 419], [1249, 419], [1250, 419], [1269, 419], [1270, 419], [1271, 419], [1272, 419], [1285, 419], [1286, 419], [1287, 419], [1288, 419], [1231, 420], [1232, 420], [1233, 420], [1234, 420], [1248, 420], [1249, 420], [1250, 420], [1251, 420], [1270, 420], [1271, 420], [1272, 420], [1273, 420], [1287, 420], [1288, 420], [1289, 420], [1290, 420], [1232, 421], [1233, 421], [1234, 421], [1235, 421], [1249, 421], [1250, 421], [1251, 421], [1252, 421], [1271, 421], [1272, 421], [1273, 421], [1274, 421], [1287, 421], [1288, 421], [1289, 421], [1290, 421], [1291, 421], [1233, 422], [1234, 422], [1235, 422], [1250, 422], [1251, 422], [1252, 422], [1253, 422], [1272, 422], [1273, 422], [1274, 422], [1275, 422], [1289, 422], [1290, 422], [1291, 422], [1292, 422], [1234, 423], [1235, 423], [1236, 423], [1251, 423], [1252, 423], [1253, 423], [1254, 423], [1273, 423], [1274, 423], [1275, 423], [1276, 423], [1290, 423], [1291, 423], [1292, 423], [1293, 423], [1234, 424], [1235, 424], [1236, 424], [1237, 424], [1238, 424], [1252, 424], [1253, 424], [1254, 424], [1274, 424], [1275, 424], [1276, 424], [1277, 424], [1291, 424], [1292, 424], [1293, 424], [1294, 424], [1235, 425], [1236, 425], [1237, 425], [1238, 425], [1239, 425], [1253, 425], [1254, 425], [1255, 425], [1256, 425], [1275, 425], [1276, 425], [1277, 425], [1278, 425], [1292, 425], [1293, 425], [1294, 425], [1295, 425], [1296, 425], [1237, 426], [1238, 426], [1239, 426], [1240, 426], [1241, 426], [1253, 426], [1254, 426], [1255, 426], [1256, 426], [1257, 426], [1276, 426], [1277, 426], [1278, 426], [1279, 426], [1293, 426], [1294, 426], [1295, 426], [1296, 426], [1297, 426], [1238, 427], [1239, 427], [1240, 427], [1241, 427], [1255, 427], [1256, 427], [1257, 427], [1258, 427], [1277, 427], [1278, 427], [1279, 427], [1280, 427], [1295, 427], [1296, 427], [1297, 427], [1298, 427], [1240, 428], [1241, 428], [1242, 428], [1256, 428], [1257, 428], [1258, 428], [1259, 428], [1278, 428], [1279, 428], [1280, 428], [1281, 428], [1282, 428], [1296, 428], [1297, 428], [1298, 428], [1299, 428], [1240, 429], [1241, 429], [1242, 429], [1257, 429], [1258, 429], [1259, 429], [1260, 429], [1279, 429], [1280, 429], [1281, 429], [1282, 429], [1283, 429], [1297, 429], [1298, 429], [1299, 429], [1300, 429], [1301, 429], [1241, 430], [1242, 430], [1243, 430], [1258, 430], [1259, 430], [1260, 430], [1261, 430], [1281, 430], [1282, 430], [1283, 430], [1298, 430], [1299, 430], [1300, 430], [1301, 430], [1302, 430], [1241, 431], [1242, 431], [1243, 431], [1244, 431], [1259, 431], [1260, 431], [1261, 431], [1262, 431], [1282, 431], [1283, 431], [1284, 431], [1300, 431], [1301, 431], [1302, 431], [1242, 432], [1243, 432], [1244, 432], [1245, 432], [1260, 432], [1261, 432], [1262, 432], [1263, 432], [1282, 432], [1283, 432], [1284, 432], [1285, 432], [1301, 432], [1302, 432], [1303, 432], [1243, 433], [1244, 433], [1245, 433], [1246, 433], [1261, 433], [1262, 433], [1263, 433], [1264, 433], [1283, 433], [1284, 433], [1285, 433], [1286, 433], [1301, 433], [1302, 433], [1303, 433], [1304, 433], [1244, 434], [1245, 434], [1246, 434], [1247, 434], [1262, 434], [1263, 434], [1264, 434], [1265, 434], [1284, 434], [1285, 434], [1286, 434], [1287, 434], [1288, 434], [1302, 434], [1303, 434], [1304, 434], [1305, 434], [1245, 435], [1246, 435], [1247, 435], [1248, 435], [1263, 435], [1264, 435], [1265, 435], [1285, 435], [1286, 435], [1287, 435], [1288, 435], [1303, 435], [1304, 435], [1305, 435], [1306, 435], [1246, 436], [1247, 436], [1248, 436], [1249, 436], [1250, 436], [1264, 436], [1265, 436], [1266, 436], [1287, 436], [1288, 436], [1289, 436], [1290, 436], [1304, 436], [1305, 436], [1306, 436], [1307, 436], [1308, 436], [1247, 437], [1248, 437], [1249, 437], [1250, 437], [1251, 437], [1264, 437], [1265, 437], [1266, 437], [1267, 437], [1287, 437], [1288, 437], [1289, 437], [1290, 437], [1305, 437], [1306, 437], [1307, 437], [1308, 437], [1309, 437], [1249, 438], [1250, 438], [1251, 438], [1265, 438], [1266, 438], [1267, 438], [1268, 438], [1269, 438], [1289, 438], [1290, 438], [1291, 438], [1307, 438], [1308, 438], [1309, 438], [1250, 439], [1251, 439], [1252, 439], [1266, 439], [1267, 439], [1268, 439], [1269, 439], [1270, 439], [1289, 439], [1290, 439], [1291, 439], [1308, 439], [1309, 439], [1310, 439], [1311, 439], [1250, 440], [1251, 440], [1252, 440], [1253, 440], [1268, 440], [1269, 440], [1270, 440], [1271, 440], [1280, 440], [1281, 440], [1282, 440], [1283, 440], [1284, 440], [1285, 440], [1286, 440], [1287, 440], [1288, 440], [1289, 440], [1290, 440], [1291, 440], [1308, 440], [1309, 440], [1310, 440], [1311, 440], [1312, 440], [1251, 441], [1252, 441], [1253, 441], [1254, 441], [1269, 441], [1270, 441], [1271, 441], [1272, 441], [1279, 441], [1280, 441], [1281, 441], [1282, 441], [1283, 441], [1284, 441], [1285, 441], [1286, 441], [1287, 441], [1288, 441], [1289, 441], [1290, 441], [1291, 441], [1299, 441], [1300, 441], [1301, 441], [1310, 441], [1311, 441], [1312, 441], [1313, 441], [1252, 442], [1253, 442], [1254, 442], [1255, 442], [1270, 442], [1271, 442], [1272, 442], [1273, 442], [1279, 442], [1280, 442], [1282, 442], [1283, 442], [1284, 442], [1285, 442], [1286, 442], [1287, 442], [1288, 442], [1289, 442], [1290, 442], [1291, 442], [1292, 442], [1293, 442], [1294, 442], [1295, 442], [1296, 442], [1298, 442], [1299, 442], [1300, 442], [1301, 442], [1302, 442], [1303, 442], [1311, 442], [1312, 442], [1313, 442], [1314, 442], [1253, 443], [1254, 443], [1255, 443], [1271, 443], [1272, 443], [1273, 443], [1274, 443], [1279, 443], [1280, 443], [1281, 443], [1282, 443], [1283, 443], [1284, 443], [1285, 443], [1286, 443], [1287, 443], [1288, 443], [1289, 443], [1290, 443], [1291, 443], [1292, 443], [1293, 443], [1294, 443], [1295, 443], [1296, 443], [1297, 443], [1298, 443], [1299, 443], [1300, 443], [1301, 443], [1302, 443], [1303, 443], [1304, 443], [1305, 443], [1312, 443], [1313, 443], [1314, 443], [1315, 443], [1254, 444], [1255, 444], [1256, 444], [1258, 444], [1259, 444], [1260, 444], [1261, 444], [1262, 444], [1263, 444], [1272, 444], [1273, 444], [1274, 444], [1279, 444], [1280, 444], [1281, 444], [1282, 444], [1295, 444], [1296, 444], [1297, 444], [1298, 444], [1299, 444], [1302, 444], [1303, 444], [1304, 444], [1305, 444], [1306, 444], [1313, 444], [1314, 444], [1315, 444], [1316, 444], [1254, 445], [1255, 445], [1256, 445], [1257, 445], [1258, 445], [1259, 445], [1260, 445], [1261, 445], [1262, 445], [1263, 445], [1264, 445], [1273, 445], [1274, 445], [1280, 445], [1281, 445], [1282, 445], [1283, 445], [1296, 445], [1297, 445], [1298, 445], [1299, 445], [1304, 445], [1305, 445], [1306, 445], [1307, 445], [1308, 445], [1309, 445], [1314, 445], [1315, 445], [1316, 445], [1317, 445], [1318, 445], [1255, 446], [1256, 446], [1257, 446], [1258, 446], [1259, 446], [1261, 446], [1262, 446], [1263, 446], [1264, 446], [1265, 446], [1272, 446], [1273, 446], [1274, 446], [1280, 446], [1281, 446], [1283, 446], [1284, 446], [1285, 446], [1286, 446], [1296, 446], [1297, 446], [1298, 446], [1299, 446], [1305, 446], [1306, 446], [1307, 446], [1308, 446], [1309, 446], [1310, 446], [1315, 446], [1316, 446], [1317, 446], [1318, 446], [1319, 446], [1261, 447], [1262, 447], [1263, 447], [1264, 447], [1265, 447], [1272, 447], [1273, 447], [1275, 447], [1276, 447], [1281, 447], [1282, 447], [1283, 447], [1285, 447], [1286, 447], [1296, 447], [1297, 447], [1298, 447], [1299, 447], [1308, 447], [1309, 447], [1310, 447], [1311, 447], [1317, 447], [1318, 447], [1319, 447], [1320, 447], [1261, 448], [1262, 448], [1263, 448], [1264, 448], [1266, 448], [1267, 448], [1268, 448], [1269, 448], [1272, 448], [1273, 448], [1274, 448], [1275, 448], [1276, 448], [1277, 448], [1282, 448], [1283, 448], [1284, 448], [1285, 448], [1286, 448], [1296, 448], [1297, 448], [1298, 448], [1309, 448], [1310, 448], [1311, 448], [1318, 448], [1319, 448], [1320, 448], [1321, 448], [1261, 449], [1262, 449], [1265, 449], [1266, 449], [1267, 449], [1268, 449], [1269, 449], [1270, 449], [1272, 449], [1273, 449], [1274, 449], [1275, 449], [1276, 449], [1277, 449], [1278, 449], [1310, 449], [1311, 449], [1312, 449], [1319, 449], [1320, 449], [1321, 449], [1322, 449], [1261, 450], [1262, 450], [1263, 450], [1264, 450], [1265, 450], [1266, 450], [1268, 450], [1269, 450], [1270, 450], [1276, 450], [1277, 450], [1278, 450], [1279, 450], [1280, 450], [1310, 450], [1311, 450], [1312, 450], [1313, 450], [1314, 450], [1315, 450], [1316, 450], [1320, 450], [1321, 450], [1322, 450], [1261, 451], [1262, 451], [1263, 451], [1264, 451], [1265, 451], [1266, 451], [1268, 451], [1269, 451], [1270, 451], [1277, 451], [1278, 451], [1279, 451], [1280, 451], [1281, 451], [1311, 451], [1312, 451], [1313, 451], [1314, 451], [1315, 451], [1316, 451], [1317, 451], [1318, 451], [1321, 451], [1322, 451], [1323, 451], [1262, 452], [1263, 452], [1264, 452], [1265, 452], [1266, 452], [1267, 452], [1268, 452], [1269, 452], [1279, 452], [1280, 452], [1281, 452], [1282, 452], [1307, 452], [1308, 452], [1309, 452], [1310, 452], [1315, 452], [1316, 452], [1317, 452], [1318, 452], [1319, 452], [1321, 452], [1322, 452], [1323, 452], [1324, 452], [1262, 453], [1263, 453], [1264, 453], [1265, 453], [1266, 453], [1267, 453], [1268, 453], [1269, 453], [1270, 453], [1271, 453], [1272, 453], [1280, 453], [1281, 453], [1282, 453], [1307, 453], [1308, 453], [1309, 453], [1310, 453], [1317, 453], [1318, 453], [1319, 453], [1322, 453], [1323, 453], [1324, 453], [1325, 453], [1263, 454], [1264, 454], [1266, 454], [1267, 454], [1269, 454], [1270, 454], [1271, 454], [1272, 454], [1281, 454], [1282, 454], [1283, 454], [1307, 454], [1308, 454], [1309, 454], [1310, 454], [1318, 454], [1319, 454], [1320, 454], [1321, 454], [1322, 454], [1323, 454], [1324, 454], [1325, 454], [1326, 454], [1263, 455], [1264, 455], [1265, 455], [1266, 455], [1268, 455], [1269, 455], [1270, 455], [1271, 455], [1272, 455], [1273, 455], [1274, 455], [1281, 455], [1282, 455], [1283, 455], [1284, 455], [1307, 455], [1308, 455], [1309, 455], [1310, 455], [1311, 455], [1312, 455], [1313, 455], [1318, 455], [1319, 455], [1320, 455], [1321, 455], [1322, 455], [1323, 455], [1324, 455], [1325, 455], [1326, 455], [1327, 455], [1264, 456], [1265, 456], [1266, 456], [1267, 456], [1268, 456], [1269, 456], [1270, 456], [1271, 456], [1272, 456], [1274, 456], [1282, 456], [1283, 456], [1284, 456], [1285, 456], [1308, 456], [1309, 456], [1310, 456], [1311, 456], [1312, 456], [1313, 456], [1314, 456], [1315, 456], [1321, 456], [1322, 456], [1323, 456], [1324, 456], [1325, 456], [1326, 456], [1327, 456], [1328, 456], [1329, 456], [1265, 457], [1266, 457], [1267, 457], [1269, 457], [1270, 457], [1271, 457], [1272, 457], [1273, 457], [1274, 457], [1283, 457], [1284, 457], [1285, 457], [1286, 457], [1287, 457], [1309, 457], [1310, 457], [1311, 457], [1312, 457], [1313, 457], [1314, 457], [1315, 457], [1316, 457], [1322, 457], [1323, 457], [1324, 457], [1325, 457], [1326, 457], [1327, 457], [1328, 457], [1329, 457], [1330, 457], [1266, 458], [1267, 458], [1268, 458], [1270, 458], [1271, 458], [1272, 458], [1284, 458], [1285, 458], [1286, 458], [1287, 458], [1288, 458], [1289, 458], [1309, 458], [1310, 458], [1311, 458], [1312, 458], [1314, 458], [1315, 458], [1316, 458], [1317, 458], [1325, 458], [1326, 458], [1327, 458], [1328, 458], [1329, 458], [1330, 458], [1331, 458], [1267, 459], [1268, 459], [1269, 459], [1271, 459], [1272, 459], [1286, 459], [1287, 459], [1288, 459], [1289, 459], [1290, 459], [1310, 459], [1311, 459], [1312, 459], [1313, 459], [1314, 459], [1315, 459], [1316, 459], [1317, 459], [1318, 459], [1319, 459], [1325, 459], [1326, 459], [1327, 459], [1328, 459], [1329, 459], [1330, 459], [1331, 459], [1332, 459], [1268, 460], [1269, 460], [1270, 460], [1288, 460], [1289, 460], [1290, 460], [1291, 460], [1311, 460], [1312, 460], [1313, 460], [1314, 460], [1315, 460], [1316, 460], [1317, 460], [1318, 460], [1319, 460], [1320, 460], [1326, 460], [1327, 460], [1328, 460], [1329, 460], [1330, 460], [1331, 460], [1332, 460], [1333, 460], [1269, 461], [1270, 461], [1271, 461], [1289, 461], [1290, 461], [1291, 461], [1292, 461], [1313, 461], [1314, 461], [1315, 461], [1316, 461], [1318, 461], [1319, 461], [1320, 461], [1327, 461], [1328, 461], [1329, 461], [1330, 461], [1332, 461], [1333, 461], [1334, 461], [1269, 462], [1270, 462], [1271, 462], [1272, 462], [1277, 462], [1278, 462], [1279, 462], [1290, 462], [1291, 462], [1292, 462], [1314, 462], [1315, 462], [1316, 462], [1317, 462], [1319, 462], [1320, 462], [1321, 462], [1328, 462], [1329, 462], [1330, 462], [1331, 462], [1332, 462], [1333, 462], [1334, 462], [1335, 462], [1270, 463], [1271, 463], [1272, 463], [1273, 463], [1275, 463], [1276, 463], [1277, 463], [1278, 463], [1279, 463], [1280, 463], [1281, 463], [1283, 463], [1284, 463], [1285, 463], [1286, 463], [1287, 463], [1288, 463], [1289, 463], [1291, 463], [1292, 463], [1293, 463], [1315, 463], [1316, 463], [1317, 463], [1319, 463], [1320, 463], [1321, 463], [1322, 463], [1330, 463], [1331, 463], [1332, 463], [1333, 463], [1334, 463], [1335, 463], [1336, 463], [1271, 464], [1272, 464], [1273, 464], [1274, 464], [1275, 464], [1276, 464], [1277, 464], [1278, 464], [1279, 464], [1280, 464], [1281, 464], [1282, 464], [1283, 464], [1284, 464], [1285, 464], [1286, 464], [1287, 464], [1288, 464], [1289, 464], [1290, 464], [1291, 464], [1292, 464], [1293, 464], [1294, 464], [1316, 464], [1317, 464], [1318, 464], [1320, 464], [1321, 464], [1322, 464], [1332, 464], [1333, 464], [1334, 464], [1335, 464], [1336, 464], [1337, 464], [1272, 465], [1273, 465], [1274, 465], [1275, 465], [1276, 465], [1280, 465], [1281, 465], [1282, 465], [1283, 465], [1284, 465], [1288, 465], [1289, 465], [1290, 465], [1291, 465], [1292, 465], [1293, 465], [1294, 465], [1295, 465], [1316, 465], [1317, 465], [1318, 465], [1319, 465], [1321, 465], [1322, 465], [1323, 465], [1332, 465], [1333, 465], [1335, 465], [1336, 465], [1337, 465], [1338, 465], [1274, 466], [1275, 466], [1277, 466], [1278, 466], [1279, 466], [1289, 466], [1290, 466], [1291, 466], [1293, 466], [1294, 466], [1295, 466], [1296, 466], [1317, 466], [1318, 466], [1319, 466], [1320, 466], [1321, 466], [1322, 466], [1323, 466], [1324, 466], [1325, 466], [1332, 466], [1333, 466], [1334, 466], [1335, 466], [1336, 466], [1337, 466], [1338, 466], [1339, 466], [1276, 467], [1277, 467], [1278, 467], [1279, 467], [1280, 467], [1290, 467], [1291, 467], [1294, 467], [1295, 467], [1296, 467], [1297, 467], [1318, 467], [1319, 467], [1320, 467], [1321, 467], [1322, 467], [1323, 467], [1324, 467], [1325, 467], [1326, 467], [1327, 467], [1328, 467], [1332, 467], [1333, 467], [1334, 467], [1335, 467], [1336, 467], [1337, 467], [1338, 467], [1339, 467], [1340, 467], [1276, 468], [1277, 468], [1278, 468], [1279, 468], [1280, 468], [1281, 468], [1288, 468], [1289, 468], [1290, 468], [1291, 468], [1295, 468], [1296, 468], [1297, 468], [1298, 468], [1319, 468], [1320, 468], [1321, 468], [1322, 468], [1324, 468], [1325, 468], [1326, 468], [1327, 468], [1328, 468], [1337, 468], [1338, 468], [1339, 468], [1340, 468], [1341, 468], [1276, 469], [1277, 469], [1278, 469], [1279, 469], [1280, 469], [1281, 469], [1282, 469], [1283, 469], [1284, 469], [1286, 469], [1287, 469], [1288, 469], [1289, 469], [1290, 469], [1291, 469], [1292, 469], [1296, 469], [1297, 469], [1298, 469], [1299, 469], [1320, 469], [1321, 469], [1322, 469], [1323, 469], [1327, 469], [1328, 469], [1329, 469], [1337, 469], [1338, 469], [1339, 469], [1341, 469], [1342, 469], [1278, 470], [1279, 470], [1280, 470], [1281, 470], [1282, 470], [1283, 470], [1284, 470], [1285, 470], [1286, 470], [1287, 470], [1288, 470], [1289, 470], [1290, 470], [1292, 470], [1297, 470], [1298, 470], [1299, 470], [1300, 470], [1321, 470], [1322, 470], [1323, 470], [1324, 470], [1327, 470], [1328, 470], [1329, 470], [1339, 470], [1340, 470], [1342, 470], [1343, 470], [1279, 471], [1280, 471], [1281, 471], [1283, 471], [1284, 471], [1285, 471], [1286, 471], [1287, 471], [1290, 471], [1291, 471], [1292, 471], [1298, 471], [1299, 471], [1300, 471], [1301, 471], [1322, 471], [1323, 471], [1324, 471], [1325, 471], [1326, 471], [1328, 471], [1329, 471], [1330, 471], [1331, 471], [1337, 471], [1338, 471], [1339, 471], [1340, 471], [1341, 471], [1343, 471], [1344, 471], [1280, 472], [1281, 472], [1282, 472], [1299, 472], [1300, 472], [1301, 472], [1302, 472], [1323, 472], [1324, 472], [1325, 472], [1326, 472], [1328, 472], [1329, 472], [1330, 472], [1331, 472], [1332, 472], [1333, 472], [1337, 472], [1338, 472], [1339, 472], [1340, 472], [1342, 472], [1344, 472], [1345, 472], [1346, 472], [1280, 473], [1281, 473], [1282, 473], [1283, 473], [1300, 473], [1301, 473], [1302, 473], [1303, 473], [1325, 473], [1326, 473], [1327, 473], [1330, 473], [1331, 473], [1332, 473], [1333, 473], [1334, 473], [1337, 473], [1338, 473], [1339, 473], [1340, 473], [1341, 473], [1342, 473], [1343, 473], [1344, 473], [1345, 473], [1346, 473], [1347, 473], [1281, 474], [1282, 474], [1283, 474], [1284, 474], [1285, 474], [1290, 474], [1291, 474], [1292, 474], [1301, 474], [1302, 474], [1303, 474], [1304, 474], [1325, 474], [1326, 474], [1327, 474], [1328, 474], [1332, 474], [1333, 474], [1334, 474], [1338, 474], [1339, 474], [1340, 474], [1341, 474], [1343, 474], [1344, 474], [1345, 474], [1346, 474], [1347, 474], [1282, 475], [1283, 475], [1284, 475], [1285, 475], [1286, 475], [1289, 475], [1290, 475], [1291, 475], [1292, 475], [1302, 475], [1303, 475], [1304, 475], [1305, 475], [1326, 475], [1327, 475], [1328, 475], [1329, 475], [1333, 475], [1334, 475], [1335, 475], [1336, 475], [1338, 475], [1339, 475], [1340, 475], [1341, 475], [1343, 475], [1344, 475], [1345, 475], [1346, 475], [1347, 475], [1348, 475], [1349, 475], [1284, 476], [1285, 476], [1286, 476], [1287, 476], [1288, 476], [1289, 476], [1290, 476], [1291, 476], [1292, 476], [1293, 476], [1303, 476], [1304, 476], [1305, 476], [1306, 476], [1327, 476], [1328, 476], [1329, 476], [1330, 476], [1331, 476], [1333, 476], [1334, 476], [1335, 476], [1336, 476], [1337, 476], [1344, 476], [1345, 476], [1346, 476], [1347, 476], [1348, 476], [1349, 476], [1350, 476], [1285, 477], [1286, 477], [1287, 477], [1288, 477], [1289, 477], [1290, 477], [1291, 477], [1292, 477], [1293, 477], [1294, 477], [1295, 477], [1296, 477], [1297, 477], [1304, 477], [1305, 477], [1306, 477], [1307, 477], [1328, 477], [1329, 477], [1330, 477], [1331, 477], [1332, 477], [1335, 477], [1336, 477], [1337, 477], [1338, 477], [1346, 477], [1347, 477], [1348, 477], [1349, 477], [1350, 477], [1351, 477], [1287, 478], [1288, 478], [1289, 478], [1292, 478], [1293, 478], [1294, 478], [1295, 478], [1296, 478], [1297, 478], [1298, 478], [1299, 478], [1300, 478], [1305, 478], [1306, 478], [1307, 478], [1308, 478], [1330, 478], [1331, 478], [1332, 478], [1333, 478], [1336, 478], [1337, 478], [1338, 478], [1347, 478], [1348, 478], [1349, 478], [1350, 478], [1351, 478], [1352, 478], [1296, 479], [1297, 479], [1298, 479], [1299, 479], [1300, 479], [1306, 479], [1307, 479], [1308, 479], [1309, 479], [1331, 479], [1332, 479], [1333, 479], [1334, 479], [1336, 479], [1337, 479], [1338, 479], [1348, 479], [1349, 479], [1350, 479], [1351, 479], [1352, 479], [1290, 480], [1291, 480], [1292, 480], [1299, 480], [1300, 480], [1307, 480], [1308, 480], [1309, 480], [1332, 480], [1333, 480], [1334, 480], [1335, 480], [1336, 480], [1337, 480], [1338, 480], [1348, 480], [1349, 480], [1350, 480], [1351, 480], [1352, 480], [1290, 481], [1291, 481], [1292, 481], [1293, 481], [1299, 481], [1300, 481], [1308, 481], [1309, 481], [1310, 481], [1333, 481], [1334, 481], [1335, 481], [1337, 481], [1338, 481], [1339, 481], [1340, 481], [1349, 481], [1350, 481], [1351, 481], [1290, 482], [1291, 482], [1292, 482], [1293, 482], [1294, 482], [1299, 482], [1300, 482], [1301, 482], [1302, 482], [1303, 482], [1304, 482], [1305, 482], [1308, 482], [1309, 482], [1310, 482], [1311, 482], [1312, 482], [1334, 482], [1335, 482], [1336, 482], [1337, 482], [1338, 482], [1339, 482], [1340, 482], [1341, 482], [1290, 483], [1291, 483], [1292, 483], [1293, 483], [1294, 483], [1295, 483], [1298, 483], [1299, 483], [1300, 483], [1301, 483], [1302, 483], [1303, 483], [1304, 483], [1305, 483], [1306, 483], [1307, 483], [1309, 483], [1310, 483], [1311, 483], [1312, 483], [1335, 483], [1336, 483], [1337, 483], [1338, 483], [1340, 483], [1341, 483], [1347, 483], [1348, 483], [1349, 483], [1292, 484], [1293, 484], [1294, 484], [1295, 484], [1296, 484], [1297, 484], [1298, 484], [1299, 484], [1300, 484], [1301, 484], [1302, 484], [1304, 484], [1305, 484], [1306, 484], [1307, 484], [1311, 484], [1312, 484], [1313, 484], [1337, 484], [1338, 484], [1339, 484], [1340, 484], [1341, 484], [1347, 484], [1348, 484], [1349, 484], [1350, 484], [1357, 484], [1358, 484], [1359, 484], [1292, 485], [1293, 485], [1294, 485], [1295, 485], [1296, 485], [1297, 485], [1298, 485], [1299, 485], [1300, 485], [1301, 485], [1302, 485], [1305, 485], [1306, 485], [1307, 485], [1311, 485], [1312, 485], [1313, 485], [1314, 485], [1338, 485], [1339, 485], [1340, 485], [1341, 485], [1347, 485], [1348, 485], [1349, 485], [1350, 485], [1357, 485], [1358, 485], [1359, 485], [1360, 485], [1361, 485], [1293, 486], [1294, 486], [1295, 486], [1297, 486], [1298, 486], [1299, 486], [1300, 486], [1301, 486], [1302, 486], [1303, 486], [1304, 486], [1305, 486], [1306, 486], [1312, 486], [1313, 486], [1314, 486], [1315, 486], [1348, 486], [1349, 486], [1350, 486], [1357, 486], [1358, 486], [1359, 486], [1360, 486], [1361, 486], [1362, 486], [1294, 487], [1295, 487], [1296, 487], [1297, 487], [1298, 487], [1299, 487], [1300, 487], [1302, 487], [1303, 487], [1304, 487], [1305, 487], [1306, 487], [1313, 487], [1314, 487], [1315, 487], [1316, 487], [1357, 487], [1358, 487], [1359, 487], [1361, 487], [1362, 487], [1363, 487], [1295, 488], [1296, 488], [1297, 488], [1298, 488], [1299, 488], [1300, 488], [1301, 488], [1302, 488], [1314, 488], [1315, 488], [1316, 488], [1317, 488], [1344, 488], [1345, 488], [1346, 488], [1358, 488], [1359, 488], [1360, 488], [1362, 488], [1363, 488], [1364, 488], [1300, 489], [1301, 489], [1302, 489], [1303, 489], [1304, 489], [1314, 489], [1315, 489], [1316, 489], [1317, 489], [1318, 489], [1344, 489], [1345, 489], [1346, 489], [1347, 489], [1348, 489], [1359, 489], [1360, 489], [1361, 489], [1362, 489], [1363, 489], [1364, 489], [1301, 490], [1302, 490], [1303, 490], [1304, 490], [1305, 490], [1314, 490], [1315, 490], [1316, 490], [1317, 490], [1318, 490], [1344, 490], [1345, 490], [1346, 490], [1347, 490], [1348, 490], [1349, 490], [1350, 490], [1360, 490], [1361, 490], [1362, 490], [1363, 490], [1364, 490], [1365, 490], [1303, 491], [1304, 491], [1305, 491], [1314, 491], [1315, 491], [1316, 491], [1317, 491], [1318, 491], [1344, 491], [1345, 491], [1346, 491], [1347, 491], [1348, 491], [1349, 491], [1350, 491], [1351, 491], [1360, 491], [1361, 491], [1362, 491], [1363, 491], [1364, 491], [1365, 491], [1366, 491], [1367, 491], [1304, 492], [1305, 492], [1309, 492], [1310, 492], [1311, 492], [1312, 492], [1313, 492], [1314, 492], [1315, 492], [1345, 492], [1346, 492], [1347, 492], [1349, 492], [1350, 492], [1351, 492], [1352, 492], [1353, 492], [1361, 492], [1362, 492], [1363, 492], [1364, 492], [1365, 492], [1366, 492], [1367, 492], [1368, 492], [1304, 493], [1305, 493], [1306, 493], [1307, 493], [1308, 493], [1309, 493], [1310, 493], [1311, 493], [1312, 493], [1313, 493], [1314, 493], [1315, 493], [1345, 493], [1346, 493], [1347, 493], [1348, 493], [1350, 493], [1351, 493], [1352, 493], [1353, 493], [1354, 493], [1363, 493], [1364, 493], [1365, 493], [1367, 493], [1368, 493], [1369, 493], [1304, 494], [1305, 494], [1306, 494], [1307, 494], [1308, 494], [1309, 494], [1310, 494], [1312, 494], [1313, 494], [1314, 494], [1315, 494], [1346, 494], [1347, 494], [1348, 494], [1349, 494], [1352, 494], [1353, 494], [1354, 494], [1363, 494], [1364, 494], [1365, 494], [1366, 494], [1367, 494], [1368, 494], [1369, 494], [1370, 494], [1312, 495], [1313, 495], [1314, 495], [1315, 495], [1347, 495], [1348, 495], [1349, 495], [1350, 495], [1351, 495], [1353, 495], [1354, 495], [1360, 495], [1361, 495], [1362, 495], [1363, 495], [1365, 495], [1366, 495], [1367, 495], [1368, 495], [1369, 495], [1370, 495], [1371, 495], [1312, 496], [1313, 496], [1314, 496], [1315, 496], [1348, 496], [1349, 496], [1350, 496], [1351, 496], [1352, 496], [1353, 496], [1354, 496], [1355, 496], [1356, 496], [1359, 496], [1360, 496], [1361, 496], [1362, 496], [1363, 496], [1364, 496], [1366, 496], [1367, 496], [1368, 496], [1369, 496], [1370, 496], [1371, 496], [1372, 496], [1319, 497], [1320, 497], [1321, 497], [1322, 497], [1323, 497], [1324, 497], [1325, 497], [1326, 497], [1350, 497], [1351, 497], [1352, 497], [1354, 497], [1355, 497], [1356, 497], [1358, 497], [1359, 497], [1360, 497], [1361, 497], [1362, 497], [1363, 497], [1364, 497], [1365, 497], [1366, 497], [1367, 497], [1368, 497], [1370, 497], [1371, 497], [1372, 497], [1373, 497], [1318, 498], [1319, 498], [1320, 498], [1321, 498], [1322, 498], [1323, 498], [1324, 498], [1325, 498], [1326, 498], [1327, 498], [1328, 498], [1351, 498], [1352, 498], [1353, 498], [1354, 498], [1355, 498], [1356, 498], [1358, 498], [1359, 498], [1360, 498], [1364, 498], [1365, 498], [1367, 498], [1368, 498], [1369, 498], [1370, 498], [1371, 498], [1372, 498], [1373, 498], [1374, 498], [1316, 499], [1317, 499], [1318, 499], [1319, 499], [1320, 499], [1321, 499], [1322, 499], [1323, 499], [1324, 499], [1325, 499], [1326, 499], [1327, 499], [1328, 499], [1329, 499], [1352, 499], [1353, 499], [1354, 499], [1355, 499], [1356, 499], [1357, 499], [1358, 499], [1359, 499], [1360, 499], [1361, 499], [1362, 499], [1364, 499], [1365, 499], [1367, 499], [1368, 499], [1369, 499], [1370, 499], [1371, 499], [1372, 499], [1373, 499], [1374, 499], [1316, 500], [1317, 500], [1318, 500], [1319, 500], [1321, 500], [1322, 500], [1323, 500], [1324, 500], [1327, 500], [1328, 500], [1329, 500], [1330, 500], [1353, 500], [1354, 500], [1355, 500], [1357, 500], [1358, 500], [1359, 500], [1360, 500], [1361, 500], [1362, 500], [1363, 500], [1364, 500], [1365, 500], [1367, 500], [1368, 500], [1369, 500], [1370, 500], [1371, 500], [1372, 500], [1373, 500], [1374, 500], [1316, 501], [1317, 501], [1318, 501], [1319, 501], [1320, 501], [1321, 501], [1322, 501], [1323, 501], [1324, 501], [1328, 501], [1329, 501], [1330, 501], [1355, 501], [1356, 501], [1357, 501], [1358, 501], [1359, 501], [1360, 501], [1361, 501], [1362, 501], [1363, 501], [1364, 501], [1365, 501], [1367, 501], [1368, 501], [1369, 501], [1316, 502], [1317, 502], [1318, 502], [1319, 502], [1320, 502], [1321, 502], [1322, 502], [1323, 502], [1324, 502], [1329, 502], [1330, 502], [1331, 502], [1356, 502], [1357, 502], [1358, 502], [1359, 502], [1361, 502], [1362, 502], [1363, 502], [1364, 502], [1321, 503], [1322, 503], [1323, 503], [1329, 503], [1330, 503], [1331, 503], [1332, 503], [1356, 503], [1357, 503], [1358, 503], [1359, 503], [1360, 503], [1361, 503], [1362, 503], [1321, 504], [1322, 504], [1323, 504], [1324, 504], [1325, 504], [1328, 504], [1329, 504], [1331, 504], [1332, 504], [1333, 504], [1334, 504], [1358, 504], [1359, 504], [1360, 504], [1378, 504], [1379, 504], [1380, 504], [1381, 504], [1322, 505], [1323, 505], [1324, 505], [1325, 505], [1326, 505], [1328, 505], [1330, 505], [1331, 505], [1332, 505], [1333, 505], [1334, 505], [1360, 505], [1361, 505], [1362, 505], [1363, 505], [1378, 505], [1379, 505], [1380, 505], [1381, 505], [1382, 505], [1324, 506], [1325, 506], [1326, 506], [1328, 506], [1329, 506], [1330, 506], [1333, 506], [1334, 506], [1335, 506], [1336, 506], [1360, 506], [1361, 506], [1362, 506], [1363, 506], [1364, 506], [1373, 506], [1374, 506], [1375, 506], [1376, 506], [1377, 506], [1378, 506], [1379, 506], [1380, 506], [1381, 506], [1382, 506], [1325, 507], [1326, 507], [1327, 507], [1333, 507], [1334, 507], [1335, 507], [1336, 507], [1337, 507], [1360, 507], [1361, 507], [1362, 507], [1363, 507], [1364, 507], [1365, 507], [1373, 507], [1374, 507], [1376, 507], [1377, 507], [1379, 507], [1380, 507], [1381, 507], [1382, 507], [1325, 508], [1326, 508], [1327, 508], [1328, 508], [1329, 508], [1330, 508], [1331, 508], [1332, 508], [1333, 508], [1335, 508], [1336, 508], [1337, 508], [1338, 508], [1361, 508], [1362, 508], [1363, 508], [1364, 508], [1365, 508], [1366, 508], [1373, 508], [1374, 508], [1375, 508], [1376, 508], [1377, 508], [1317, 509], [1318, 509], [1319, 509], [1326, 509], [1327, 509], [1328, 509], [1329, 509], [1330, 509], [1331, 509], [1332, 509], [1333, 509], [1336, 509], [1337, 509], [1338, 509], [1339, 509], [1362, 509], [1363, 509], [1364, 509], [1365, 509], [1366, 509], [1367, 509], [1317, 510], [1318, 510], [1319, 510], [1320, 510], [1329, 510], [1330, 510], [1331, 510], [1332, 510], [1333, 510], [1334, 510], [1335, 510], [1337, 510], [1338, 510], [1339, 510], [1340, 510], [1363, 510], [1364, 510], [1365, 510], [1366, 510], [1367, 510], [1368, 510], [1317, 511], [1318, 511], [1319, 511], [1320, 511], [1321, 511], [1332, 511], [1333, 511], [1334, 511], [1335, 511], [1336, 511], [1338, 511], [1339, 511], [1340, 511], [1341, 511], [1364, 511], [1365, 511], [1366, 511], [1367, 511], [1368, 511], [1318, 512], [1319, 512], [1320, 512], [1321, 512], [1322, 512], [1323, 512], [1334, 512], [1335, 512], [1336, 512], [1337, 512], [1338, 512], [1339, 512], [1340, 512], [1341, 512], [1342, 512], [1365, 512], [1366, 512], [1367, 512], [1368, 512], [1318, 513], [1319, 513], [1320, 513], [1321, 513], [1322, 513], [1323, 513], [1324, 513], [1335, 513], [1336, 513], [1337, 513], [1338, 513], [1340, 513], [1341, 513], [1342, 513], [1343, 513], [1319, 514], [1320, 514], [1321, 514], [1323, 514], [1324, 514], [1325, 514], [1335, 514], [1336, 514], [1337, 514], [1338, 514], [1341, 514], [1342, 514], [1343, 514], [1344, 514], [1320, 515], [1321, 515], [1322, 515], [1323, 515], [1324, 515], [1325, 515], [1335, 515], [1336, 515], [1337, 515], [1342, 515], [1343, 515], [1344, 515], [1345, 515], [1321, 516], [1322, 516], [1323, 516], [1324, 516], [1325, 516], [1335, 516], [1336, 516], [1337, 516], [1343, 516], [1344, 516], [1345, 516], [1324, 517], [1325, 517], [1326, 517], [1335, 517], [1336, 517], [1337, 517], [1338, 517], [1339, 517], [1344, 517], [1345, 517], [1346, 517], [1324, 518], [1326, 518], [1336, 518], [1337, 518], [1338, 518], [1339, 518], [1344, 518], [1345, 518], [1346, 518], [1347, 518], [1324, 519], [1325, 519], [1326, 519], [1338, 519], [1339, 519], [1340, 519], [1341, 519], [1345, 519], [1346, 519], [1347, 519], [1338, 520], [1339, 520], [1340, 520], [1341, 520], [1342, 520], [1345, 520], [1346, 520], [1347, 520], [1340, 521], [1341, 521], [1342, 521], [1344, 521], [1345, 521], [1346, 521], [1347, 521], [1341, 522], [1342, 522], [1343, 522], [1344, 522], [1345, 522], [1347, 522], [1348, 522], [1349, 522], [1330, 523], [1331, 523], [1332, 523], [1341, 523], [1342, 523], [1343, 523], [1344, 523], [1345, 523], [1346, 523], [1347, 523], [1348, 523], [1349, 523], [1330, 524], [1331, 524], [1332, 524], [1342, 524], [1343, 524], [1344, 524], [1345, 524], [1346, 524], [1347, 524], [1348, 524], [1349, 524], [1351, 524], [1352, 524], [1353, 524], [1330, 525], [1331, 525], [1332, 525], [1342, 525], [1343, 525], [1344, 525], [1345, 525], [1346, 525], [1347, 525], [1348, 525], [1351, 525], [1352, 525], [1353, 525], [1354, 525], [1330, 526], [1331, 526], [1332, 526], [1345, 526], [1346, 526], [1347, 526], [1348, 526], [1351, 526], [1352, 526], [1353, 526], [1354, 526], [1355, 526], [1334, 527], [1335, 527], [1336, 527], [1351, 527], [1352, 527], [1353, 527], [1354, 527], [1355, 527], [1356, 527], [1334, 528], [1335, 528], [1336, 528], [1352, 528], [1353, 528], [1354, 528], [1355, 528], [1356, 528], [1357, 528], [1334, 529], [1335, 529], [1336, 529], [1353, 529], [1354, 529], [1355, 529], [1356, 529], [1357, 529], [1334, 530], [1335, 530], [1336, 530], [1353, 530], [1354, 530], [1355, 530], [1356, 530], [1357, 530], [1358, 530], [1353, 531], [1354, 531], [1355, 531], [1357, 531], [1358, 531], [1354, 532], [1355, 532], [1356, 532], [1357, 532], [1358, 532], [1355, 533], [1356, 533], [1357, 533], [1358, 533], [1347, 542], [1348, 542], [1349, 542], [1350, 542], [1347, 543], [1348, 543], [1349, 543], [1350, 543], [1347, 544], [1348, 544], [1349, 544], [1350, 544], [1347, 545], [1348, 545], [1349, 545], [1350, 545]


