White line left - 




Yellow line left - [1559, 211], [1560, 211], [1557, 212], [1558, 212], [1559, 212], [1560, 212], [1561, 212], [1559, 213], [1560, 213], [1561, 213], [1560, 214], [1561, 214], [1560, 215], [1561, 215], [1559, 216], [1560, 216], [1561, 216], [1549, 217], [1550, 217], [1551, 217], [1559, 217], [1560, 217], [1561, 217], [1547, 218], [1548, 218], [1549, 218], [1550, 218], [1551, 218], [1557, 218], [1558, 218], [1559, 218], [1560, 218], [1550, 219], [1551, 219], [1552, 219], [1553, 219], [1554, 219], [1555, 219], [1556, 219], [1557, 219], [1558, 219], [1559, 219], [1560, 219], [1550, 220], [1551, 220], [1552, 220], [1553, 220], [1554, 220], [1555, 220], [1556, 220], [1557, 220], [1558, 220], [1542, 221], [1543, 221], [1544, 221], [1545, 221], [1546, 221], [1577, 221], [1578, 221], [1579, 221], [1580, 221], [1581, 221], [1542, 222], [1543, 222], [1544, 222], [1545, 222], [1546, 222], [1547, 222], [1548, 222], [1576, 222], [1577, 222], [1578, 222], [1579, 222], [1580, 222], [1581, 222], [1582, 222], [1541, 223], [1542, 223], [1543, 223], [1545, 223], [1546, 223], [1547, 223], [1548, 223], [1576, 223], [1577, 223], [1578, 223], [1579, 223], [1580, 223], [1581, 223], [1582, 223], [1537, 224], [1538, 224], [1541, 224], [1542, 224], [1543, 224], [1544, 224], [1545, 224], [1546, 224], [1547, 224], [1548, 224], [1576, 224], [1577, 224], [1578, 224], [1579, 224], [1580, 224], [1581, 224], [1582, 224], [1536, 225], [1537, 225], [1541, 225], [1542, 225], [1543, 225], [1544, 225], [1545, 225], [1546, 225], [1547, 225], [1579, 225], [1580, 225], [1581, 225], [1534, 226], [1535, 226], [1536, 226], [1541, 226], [1542, 226], [1543, 226], [1544, 226], [1545, 226], [1532, 227], [1533, 227], [1534, 227], [1535, 227], [1565, 231], [1566, 231], [1567, 231], [1568, 231], [1565, 232], [1566, 232], [1567, 232], [1568, 232], [1565, 233], [1566, 233], [1567, 233], [1568, 233]




Yellow line right - [1591, 192], [1592, 192], [1589, 193], [1590, 193], [1591, 193], [1588, 194], [1589, 194], [1590, 194], [1586, 195], [1587, 195], [1588, 195], [1589, 195], [1584, 196], [1585, 196], [1586, 196], [1587, 196], [1588, 196], [1583, 197], [1584, 197], [1585, 197], [1586, 197], [1581, 198], [1582, 198], [1583, 198]




White line right - [1817, 134], [1818, 134], [1819, 134], [1817, 135], [1819, 135], [1817, 136], [1818, 136], [1819, 136], [1815, 150], [1816, 150], [1817, 150], [1814, 151], [1815, 151], [1816, 151], [1817, 151], [1814, 152], [1815, 152], [1816, 152], [1817, 152], [1814, 153], [1815, 153], [1816, 153], [1817, 153], [1813, 154], [1814, 154], [1815, 154], [1816, 154], [1817, 154], [1813, 155], [1814, 155], [1815, 155], [1816, 155], [1817, 155], [1813, 156], [1814, 156], [1816, 156], [1817, 156], [1813, 157], [1814, 157], [1815, 157], [1816, 157], [1817, 157], [1812, 158], [1813, 158], [1814, 158], [1815, 158], [1816, 158], [1817, 158], [1812, 159], [1813, 159], [1815, 159], [1816, 159], [1817, 159], [1812, 160], [1814, 160], [1815, 160], [1816, 160], [1817, 160], [1812, 161], [1813, 161], [1815, 161], [1816, 161], [1817, 161], [1811, 162], [1812, 162], [1813, 162], [1814, 162], [1816, 162], [1811, 163], [1812, 163], [1813, 163], [1814, 163], [1815, 163], [1816, 163], [1817, 163], [1811, 164], [1812, 164], [1813, 164], [1814, 164], [1815, 164], [1816, 164], [1817, 164], [1811, 165], [1812, 165], [1813, 165], [1814, 165], [1815, 165], [1816, 165], [1817, 165], [1811, 166], [1813, 166], [1814, 166], [1815, 166], [1816, 166], [1811, 167], [1812, 167], [1813, 167], [1810, 168], [1811, 168], [1812, 168], [1813, 168], [1810, 169], [1811, 169], [1812, 169], [1810, 170], [1812, 170], [1810, 171], [1812, 171], [1645, 172], [1646, 172], [1647, 172], [1648, 172], [1649, 172], [1810, 172], [1811, 172], [1812, 172], [1813, 172], [1814, 172], [1815, 172], [1816, 172], [1817, 172], [1818, 172], [1819, 172], [1820, 172], [1821, 172], [1644, 173], [1645, 173], [1646, 173], [1647, 173], [1648, 173], [1649, 173], [1650, 173], [1810, 173], [1811, 173], [1812, 173], [1820, 173], [1821, 173], [1822, 173], [1823, 173], [1824, 173], [1643, 174], [1644, 174], [1645, 174], [1646, 174], [1648, 174], [1649, 174], [1650, 174], [1811, 174], [1812, 174], [1813, 174], [1814, 174], [1815, 174], [1816, 174], [1817, 174], [1818, 174], [1819, 174], [1820, 174], [1821, 174], [1643, 175], [1644, 175], [1646, 175], [1647, 175], [1648, 175], [1649, 175], [1650, 175], [1820, 175], [1821, 175], [1822, 175], [1823, 175], [1824, 175], [1642, 176], [1643, 176], [1644, 176], [1645, 176], [1646, 176], [1647, 176], [1648, 176], [1649, 176], [1650, 176], [1641, 177], [1642, 177], [1643, 177], [1644, 177], [1645, 177], [1647, 177], [1648, 177], [1649, 177], [1650, 177], [1641, 178], [1642, 178], [1643, 178], [1644, 178], [1645, 178], [1646, 178], [1647, 178], [1648, 178], [1649, 178], [1650, 178], [1640, 179], [1641, 179], [1642, 179], [1644, 179], [1645, 179], [1646, 179], [1647, 179], [1648, 179], [1649, 179], [1640, 180], [1641, 180], [1642, 180], [1647, 180], [1648, 180], [1649, 180], [1640, 181], [1641, 181], [1642, 181], [1643, 181], [1644, 181], [1645, 181], [1647, 181], [1648, 181], [1649, 181], [1639, 182], [1640, 182], [1641, 182], [1642, 182], [1643, 182], [1644, 182], [1645, 182], [1647, 182], [1648, 182], [1639, 183], [1640, 183], [1642, 183], [1643, 183], [1644, 183], [1645, 183], [1646, 183], [1647, 183], [1648, 183], [1639, 184], [1640, 184], [1641, 184], [1642, 184], [1643, 184], [1644, 184], [1645, 184], [1646, 184], [1647, 184], [1648, 184], [1638, 185], [1639, 185], [1640, 185], [1641, 185], [1642, 185], [1644, 185], [1645, 185], [1646, 185], [1647, 185], [1638, 186], [1639, 186], [1640, 186], [1641, 186], [1642, 186], [1643, 186], [1644, 186], [1645, 186], [1646, 186], [1647, 186], [1638, 187], [1639, 187], [1640, 187], [1641, 187], [1642, 187], [1643, 187], [1644, 187], [1645, 187], [1646, 187], [1647, 187], [1638, 188], [1639, 188], [1640, 188], [1641, 188], [1643, 188], [1644, 188], [1645, 188], [1646, 188], [1637, 189], [1638, 189], [1639, 189], [1640, 189], [1641, 189], [1642, 189], [1643, 189], [1645, 189], [1646, 189], [1637, 190], [1638, 190], [1639, 190], [1640, 190], [1641, 190], [1642, 190], [1643, 190], [1644, 190], [1645, 190], [1646, 190], [1637, 191], [1638, 191], [1639, 191], [1640, 191], [1641, 191], [1642, 191], [1643, 191], [1644, 191], [1645, 191], [1637, 192], [1638, 192], [1639, 192], [1640, 192], [1642, 192], [1643, 192], [1644, 192], [1645, 192], [1636, 193], [1637, 193], [1639, 193], [1641, 193], [1642, 193], [1643, 193], [1644, 193], [1645, 193], [1636, 194], [1637, 194], [1638, 194], [1639, 194], [1640, 194], [1641, 194], [1643, 194], [1644, 194], [1636, 195], [1637, 195], [1638, 195], [1639, 195], [1640, 195], [1641, 195], [1642, 195], [1643, 195], [1644, 195], [1636, 196], [1637, 196], [1638, 196], [1639, 196], [1640, 196], [1641, 196], [1642, 196], [1643, 196], [1483, 256], [1484, 256], [1485, 256], [1482, 257], [1483, 257], [1484, 257], [1485, 257], [1486, 257], [1487, 257], [1488, 257], [1480, 258], [1481, 258], [1482, 258], [1483, 258], [1485, 258], [1486, 258], [1487, 258], [1488, 258], [1489, 258], [1490, 258], [1491, 258], [1478, 259], [1479, 259], [1480, 259], [1481, 259], [1482, 259], [1483, 259], [1484, 259], [1485, 259], [1486, 259], [1488, 259], [1489, 259], [1490, 259], [1491, 259], [1492, 259], [1493, 259], [1494, 259], [1477, 260], [1478, 260], [1479, 260], [1480, 260], [1481, 260], [1482, 260], [1483, 260], [1484, 260], [1485, 260], [1486, 260], [1487, 260], [1488, 260], [1489, 260], [1490, 260], [1491, 260], [1492, 260], [1493, 260], [1494, 260], [1495, 260], [1496, 260], [1479, 261], [1480, 261], [1481, 261], [1482, 261], [1483, 261], [1484, 261], [1485, 261], [1486, 261], [1487, 261], [1489, 261], [1490, 261], [1491, 261], [1492, 261], [1494, 261], [1495, 261], [1496, 261], [1497, 261], [1498, 261], [1499, 261], [1481, 262], [1482, 262], [1483, 262], [1484, 262], [1485, 262], [1486, 262], [1487, 262], [1488, 262], [1489, 262], [1490, 262], [1491, 262], [1492, 262], [1493, 262], [1494, 262], [1495, 262], [1496, 262], [1497, 262], [1498, 262], [1499, 262], [1500, 262], [1501, 262], [1484, 263], [1485, 263], [1486, 263], [1487, 263], [1488, 263], [1489, 263], [1490, 263], [1491, 263], [1492, 263], [1494, 263], [1495, 263], [1496, 263], [1497, 263], [1498, 263], [1499, 263], [1500, 263], [1501, 263], [1502, 263], [1503, 263], [1487, 264], [1488, 264], [1489, 264], [1490, 264], [1491, 264], [1493, 264], [1494, 264], [1495, 264], [1496, 264], [1497, 264], [1498, 264], [1499, 264], [1500, 264], [1501, 264], [1502, 264], [1503, 264], [1504, 264], [1505, 264], [1489, 265], [1490, 265], [1491, 265], [1492, 265], [1493, 265], [1494, 265], [1495, 265], [1496, 265], [1497, 265], [1498, 265], [1500, 265], [1501, 265], [1502, 265], [1503, 265], [1504, 265], [1505, 265], [1506, 265], [1507, 265], [1508, 265], [1492, 266], [1493, 266], [1494, 266], [1495, 266], [1496, 266], [1497, 266], [1498, 266], [1499, 266], [1500, 266], [1501, 266], [1502, 266], [1503, 266], [1504, 266], [1506, 266], [1507, 266], [1508, 266], [1509, 266], [1510, 266], [1511, 266], [1495, 267], [1496, 267], [1497, 267], [1498, 267], [1499, 267], [1500, 267], [1501, 267], [1502, 267], [1503, 267], [1504, 267], [1505, 267], [1506, 267], [1508, 267], [1509, 267], [1510, 267], [1511, 267], [1512, 267], [1513, 267], [1497, 268], [1498, 268], [1499, 268], [1500, 268], [1501, 268], [1502, 268], [1504, 268], [1505, 268], [1506, 268], [1507, 268], [1508, 268], [1509, 268], [1510, 268], [1511, 268], [1512, 268], [1513, 268], [1514, 268], [1515, 268], [1516, 268], [1499, 269], [1500, 269], [1501, 269], [1502, 269], [1503, 269], [1504, 269], [1506, 269], [1507, 269], [1508, 269], [1509, 269], [1510, 269], [1511, 269], [1512, 269], [1514, 269], [1515, 269], [1516, 269], [1517, 269], [1518, 269], [1519, 269], [1503, 270], [1504, 270], [1505, 270], [1506, 270], [1507, 270], [1508, 270], [1509, 270], [1510, 270], [1512, 270], [1513, 270], [1514, 270], [1515, 270], [1516, 270], [1517, 270], [1518, 270], [1519, 270], [1520, 270], [1521, 270], [1505, 271], [1506, 271], [1507, 271], [1508, 271], [1509, 271], [1511, 271], [1512, 271], [1513, 271], [1515, 271], [1516, 271], [1517, 271], [1518, 271], [1520, 271], [1521, 271], [1522, 271], [1798, 271], [1799, 271], [1800, 271], [1801, 271], [1802, 271], [1508, 272], [1509, 272], [1510, 272], [1511, 272], [1512, 272], [1513, 272], [1514, 272], [1515, 272], [1516, 272], [1518, 272], [1519, 272], [1520, 272], [1521, 272], [1522, 272], [1523, 272], [1524, 272], [1525, 272], [1526, 272], [1797, 272], [1798, 272], [1799, 272], [1800, 272], [1801, 272], [1802, 272], [1510, 273], [1511, 273], [1512, 273], [1513, 273], [1514, 273], [1516, 273], [1517, 273], [1518, 273], [1519, 273], [1520, 273], [1521, 273], [1522, 273], [1523, 273], [1524, 273], [1525, 273], [1526, 273], [1527, 273], [1528, 273], [1529, 273], [1797, 273], [1798, 273], [1799, 273], [1800, 273], [1801, 273], [1802, 273], [1513, 274], [1514, 274], [1515, 274], [1516, 274], [1517, 274], [1518, 274], [1519, 274], [1520, 274], [1521, 274], [1522, 274], [1523, 274], [1524, 274], [1525, 274], [1526, 274], [1527, 274], [1528, 274], [1529, 274], [1530, 274], [1531, 274], [1532, 274], [1797, 274], [1798, 274], [1799, 274], [1800, 274], [1801, 274], [1515, 275], [1516, 275], [1517, 275], [1518, 275], [1519, 275], [1520, 275], [1521, 275], [1522, 275], [1523, 275], [1525, 275], [1526, 275], [1527, 275], [1528, 275], [1529, 275], [1530, 275], [1531, 275], [1532, 275], [1533, 275], [1534, 275], [1797, 275], [1798, 275], [1799, 275], [1518, 276], [1519, 276], [1520, 276], [1521, 276], [1522, 276], [1524, 276], [1525, 276], [1526, 276], [1527, 276], [1528, 276], [1529, 276], [1530, 276], [1531, 276], [1533, 276], [1534, 276], [1535, 276], [1536, 276], [1537, 276], [1521, 277], [1522, 277], [1523, 277], [1524, 277], [1525, 277], [1526, 277], [1527, 277], [1528, 277], [1529, 277], [1530, 277], [1531, 277], [1532, 277], [1533, 277], [1535, 277], [1536, 277], [1537, 277], [1538, 277], [1539, 277], [1540, 277], [1523, 278], [1524, 278], [1525, 278], [1526, 278], [1527, 278], [1528, 278], [1529, 278], [1530, 278], [1531, 278], [1532, 278], [1533, 278], [1534, 278], [1535, 278], [1536, 278], [1537, 278], [1538, 278], [1539, 278], [1540, 278], [1541, 278], [1542, 278], [1526, 279], [1527, 279], [1528, 279], [1529, 279], [1530, 279], [1532, 279], [1533, 279], [1534, 279], [1535, 279], [1536, 279], [1537, 279], [1538, 279], [1539, 279], [1541, 279], [1542, 279], [1543, 279], [1544, 279], [1545, 279], [1529, 280], [1530, 280], [1531, 280], [1532, 280], [1533, 280], [1534, 280], [1535, 280], [1536, 280], [1537, 280], [1538, 280], [1539, 280], [1540, 280], [1541, 280], [1543, 280], [1544, 280], [1545, 280], [1546, 280], [1547, 280], [1548, 280], [1531, 281], [1532, 281], [1533, 281], [1534, 281], [1535, 281], [1536, 281], [1538, 281], [1539, 281], [1540, 281], [1542, 281], [1543, 281], [1544, 281], [1545, 281], [1546, 281], [1547, 281], [1548, 281], [1549, 281], [1550, 281], [1551, 281], [1552, 281], [1534, 282], [1535, 282], [1536, 282], [1537, 282], [1538, 282], [1539, 282], [1540, 282], [1541, 282], [1542, 282], [1543, 282], [1544, 282], [1545, 282], [1546, 282], [1547, 282], [1549, 282], [1550, 282], [1551, 282], [1552, 282], [1553, 282], [1554, 282], [1537, 283], [1538, 283], [1539, 283], [1540, 283], [1541, 283], [1543, 283], [1544, 283], [1545, 283], [1546, 283], [1547, 283], [1548, 283], [1549, 283], [1550, 283], [1551, 283], [1552, 283], [1553, 283], [1554, 283], [1555, 283], [1556, 283], [1557, 283], [1540, 284], [1541, 284], [1542, 284], [1543, 284], [1544, 284], [1546, 284], [1547, 284], [1548, 284], [1549, 284], [1550, 284], [1551, 284], [1552, 284], [1553, 284], [1555, 284], [1556, 284], [1557, 284], [1558, 284], [1542, 285], [1543, 285], [1544, 285], [1545, 285], [1546, 285], [1548, 285], [1549, 285], [1550, 285], [1551, 285], [1552, 285], [1553, 285], [1554, 285], [1555, 285], [1556, 285], [1557, 285], [1558, 285], [1559, 285], [1560, 285], [1561, 285], [1545, 286], [1546, 286], [1547, 286], [1548, 286], [1550, 286], [1551, 286], [1552, 286], [1553, 286], [1555, 286], [1556, 286], [1557, 286], [1559, 286], [1560, 286], [1561, 286], [1562, 286], [1563, 286], [1547, 287], [1548, 287], [1549, 287], [1550, 287], [1551, 287], [1553, 287], [1554, 287], [1555, 287], [1556, 287], [1557, 287], [1558, 287], [1559, 287], [1560, 287], [1562, 287], [1563, 287], [1564, 287], [1565, 287], [1566, 287], [1549, 288], [1550, 288], [1551, 288], [1552, 288], [1553, 288], [1554, 288], [1555, 288], [1556, 288], [1557, 288], [1558, 288], [1559, 288], [1560, 288], [1561, 288], [1562, 288], [1564, 288], [1565, 288], [1566, 288], [1567, 288], [1568, 288], [1552, 289], [1553, 289], [1554, 289], [1555, 289], [1556, 289], [1558, 289], [1559, 289], [1560, 289], [1561, 289], [1563, 289], [1564, 289], [1565, 289], [1566, 289], [1567, 289], [1568, 289], [1569, 289], [1570, 289], [1571, 289], [1555, 290], [1556, 290], [1557, 290], [1558, 290], [1559, 290], [1560, 290], [1561, 290], [1562, 290], [1563, 290], [1565, 290], [1566, 290], [1567, 290], [1569, 290], [1570, 290], [1571, 290], [1572, 290], [1573, 290], [1557, 291], [1558, 291], [1559, 291], [1560, 291], [1561, 291], [1562, 291], [1564, 291], [1565, 291], [1566, 291], [1567, 291], [1568, 291], [1569, 291], [1570, 291], [1571, 291], [1572, 291], [1573, 291], [1574, 291], [1575, 291], [1576, 291], [1560, 292], [1561, 292], [1562, 292], [1563, 292], [1564, 292], [1565, 292], [1566, 292], [1567, 292], [1568, 292], [1570, 292], [1571, 292], [1572, 292], [1574, 292], [1575, 292], [1576, 292], [1577, 292], [1578, 292], [1579, 292], [1563, 293], [1564, 293], [1565, 293], [1566, 293], [1567, 293], [1569, 293], [1570, 293], [1571, 293], [1573, 293], [1574, 293], [1575, 293], [1577, 293], [1578, 293], [1579, 293], [1580, 293], [1581, 293], [1566, 294], [1567, 294], [1568, 294], [1569, 294], [1571, 294], [1572, 294], [1573, 294], [1574, 294], [1575, 294], [1576, 294], [1577, 294], [1578, 294], [1579, 294], [1580, 294], [1581, 294], [1582, 294], [1583, 294], [1568, 295], [1569, 295], [1570, 295], [1571, 295], [1572, 295], [1573, 295], [1574, 295], [1575, 295], [1576, 295], [1577, 295], [1578, 295], [1579, 295], [1580, 295], [1582, 295], [1583, 295], [1584, 295], [1585, 295], [1586, 295], [1570, 296], [1571, 296], [1572, 296], [1573, 296], [1574, 296], [1575, 296], [1576, 296], [1577, 296], [1578, 296], [1579, 296], [1581, 296], [1582, 296], [1583, 296], [1584, 296], [1585, 296], [1586, 296], [1587, 296], [1588, 296], [1589, 296], [1573, 297], [1574, 297], [1575, 297], [1576, 297], [1577, 297], [1578, 297], [1579, 297], [1580, 297], [1581, 297], [1582, 297], [1583, 297], [1584, 297], [1585, 297], [1586, 297], [1587, 297], [1588, 297], [1589, 297], [1590, 297], [1591, 297], [1592, 297], [1576, 298], [1577, 298], [1578, 298], [1579, 298], [1580, 298], [1581, 298], [1582, 298], [1583, 298], [1584, 298], [1585, 298], [1586, 298], [1587, 298], [1588, 298], [1590, 298], [1591, 298], [1592, 298], [1593, 298], [1594, 298], [1595, 298], [1578, 299], [1579, 299], [1580, 299], [1581, 299], [1582, 299], [1583, 299], [1585, 299], [1586, 299], [1587, 299], [1589, 299], [1590, 299], [1591, 299], [1592, 299], [1593, 299], [1594, 299], [1595, 299], [1596, 299], [1597, 299], [1581, 300], [1582, 300], [1583, 300], [1584, 300], [1585, 300], [1586, 300], [1587, 300], [1588, 300], [1589, 300], [1591, 300], [1592, 300], [1593, 300], [1594, 300], [1596, 300], [1597, 300], [1598, 300], [1599, 300], [1600, 300], [1584, 301], [1585, 301], [1586, 301], [1587, 301], [1588, 301], [1590, 301], [1591, 301], [1592, 301], [1593, 301], [1594, 301], [1595, 301], [1596, 301], [1598, 301], [1599, 301], [1600, 301], [1601, 301], [1602, 301], [1587, 302], [1588, 302], [1589, 302], [1590, 302], [1591, 302], [1592, 302], [1593, 302], [1594, 302], [1595, 302], [1596, 302], [1597, 302], [1598, 302], [1599, 302], [1601, 302], [1602, 302], [1603, 302], [1604, 302], [1605, 302], [1589, 303], [1590, 303], [1591, 303], [1592, 303], [1593, 303], [1595, 303], [1596, 303], [1597, 303], [1599, 303], [1600, 303], [1601, 303], [1603, 303], [1604, 303], [1605, 303], [1606, 303], [1607, 303], [1592, 304], [1593, 304], [1594, 304], [1595, 304], [1596, 304], [1597, 304], [1598, 304], [1599, 304], [1600, 304], [1601, 304], [1602, 304], [1603, 304], [1604, 304], [1606, 304], [1607, 304], [1608, 304], [1609, 304], [1610, 304], [1594, 305], [1595, 305], [1596, 305], [1597, 305], [1598, 305], [1600, 305], [1601, 305], [1602, 305], [1603, 305], [1604, 305], [1605, 305], [1606, 305], [1608, 305], [1609, 305], [1610, 305], [1611, 305], [1612, 305], [1613, 305], [1597, 306], [1598, 306], [1599, 306], [1600, 306], [1601, 306], [1602, 306], [1603, 306], [1604, 306], [1605, 306], [1606, 306], [1607, 306], [1608, 306], [1609, 306], [1611, 306], [1612, 306], [1613, 306], [1614, 306], [1615, 306], [1616, 306], [1599, 307], [1600, 307], [1601, 307], [1602, 307], [1603, 307], [1605, 307], [1606, 307], [1607, 307], [1608, 307], [1609, 307], [1610, 307], [1611, 307], [1612, 307], [1613, 307], [1614, 307], [1615, 307], [1616, 307], [1617, 307], [1618, 307], [1602, 308], [1603, 308], [1604, 308], [1605, 308], [1606, 308], [1607, 308], [1609, 308], [1610, 308], [1611, 308], [1612, 308], [1613, 308], [1614, 308], [1615, 308], [1616, 308], [1617, 308], [1618, 308], [1619, 308], [1620, 308], [1621, 308], [1604, 309], [1605, 309], [1606, 309], [1607, 309], [1608, 309], [1609, 309], [1611, 309], [1612, 309], [1613, 309], [1614, 309], [1615, 309], [1616, 309], [1617, 309], [1619, 309], [1620, 309], [1621, 309], [1622, 309], [1623, 309], [1624, 309], [1608, 310], [1609, 310], [1610, 310], [1611, 310], [1612, 310], [1613, 310], [1614, 310], [1615, 310], [1616, 310], [1617, 310], [1618, 310], [1619, 310], [1620, 310], [1621, 310], [1622, 310], [1623, 310], [1624, 310], [1625, 310], [1626, 310], [1610, 311], [1611, 311], [1612, 311], [1613, 311], [1614, 311], [1615, 311], [1616, 311], [1617, 311], [1618, 311], [1620, 311], [1621, 311], [1622, 311], [1623, 311], [1624, 311], [1625, 311], [1626, 311], [1627, 311], [1628, 311], [1629, 311], [1613, 312], [1614, 312], [1615, 312], [1616, 312], [1617, 312], [1619, 312], [1620, 312], [1621, 312], [1622, 312], [1623, 312], [1624, 312], [1625, 312], [1626, 312], [1627, 312], [1628, 312], [1629, 312], [1630, 312], [1631, 312], [1615, 313], [1616, 313], [1617, 313], [1618, 313], [1619, 313], [1620, 313], [1621, 313], [1622, 313], [1623, 313], [1624, 313], [1625, 313], [1626, 313], [1627, 313], [1628, 313], [1629, 313], [1630, 313], [1631, 313], [1632, 313], [1633, 313], [1634, 313], [1618, 314], [1619, 314], [1620, 314], [1621, 314], [1622, 314], [1623, 314], [1624, 314], [1625, 314], [1626, 314], [1627, 314], [1628, 314], [1629, 314], [1630, 314], [1631, 314], [1633, 314], [1634, 314], [1635, 314], [1636, 314], [1620, 315], [1621, 315], [1622, 315], [1623, 315], [1625, 315], [1626, 315], [1627, 315], [1628, 315], [1629, 315], [1630, 315], [1631, 315], [1632, 315], [1633, 315], [1634, 315], [1635, 315], [1636, 315], [1637, 315], [1638, 315], [1622, 316], [1623, 316], [1624, 316], [1625, 316], [1626, 316], [1627, 316], [1628, 316], [1629, 316], [1630, 316], [1631, 316], [1632, 316], [1633, 316], [1634, 316], [1635, 316], [1637, 316], [1638, 316], [1639, 316], [1640, 316], [1624, 317], [1625, 317], [1626, 317], [1627, 317], [1628, 317], [1629, 317], [1630, 317], [1631, 317], [1632, 317], [1633, 317], [1634, 317], [1635, 317], [1636, 317], [1637, 317], [1639, 317], [1640, 317], [1641, 317], [1642, 317], [1643, 317], [1627, 318], [1628, 318], [1629, 318], [1630, 318], [1631, 318], [1632, 318], [1633, 318], [1634, 318], [1635, 318], [1636, 318], [1637, 318], [1638, 318], [1639, 318], [1640, 318], [1641, 318], [1642, 318], [1643, 318], [1644, 318], [1645, 318], [1646, 318], [1630, 319], [1631, 319], [1632, 319], [1633, 319], [1634, 319], [1635, 319], [1636, 319], [1637, 319], [1638, 319], [1639, 319], [1642, 319], [1643, 319], [1644, 319], [1645, 319], [1646, 319], [1647, 319], [1648, 319], [1633, 320], [1634, 320], [1635, 320], [1636, 320], [1637, 320], [1638, 320], [1639, 320], [1640, 320], [1645, 320], [1646, 320], [1647, 320], [1648, 320], [1649, 320], [1650, 320], [1651, 320], [1636, 321], [1637, 321], [1638, 321], [1639, 321], [1640, 321], [1641, 321], [1642, 321], [1647, 321], [1648, 321], [1649, 321], [1650, 321], [1651, 321], [1652, 321], [1653, 321], [1639, 322], [1640, 322], [1641, 322], [1642, 322], [1643, 322], [1644, 322], [1650, 322], [1651, 322], [1652, 322], [1653, 322], [1654, 322], [1655, 322], [1656, 322], [1641, 323], [1642, 323], [1643, 323], [1644, 323], [1645, 323], [1646, 323], [1647, 323], [1648, 323], [1652, 323], [1653, 323], [1654, 323], [1655, 323], [1656, 323], [1657, 323], [1658, 323], [1643, 324], [1644, 324], [1645, 324], [1646, 324], [1647, 324], [1648, 324], [1649, 324], [1650, 324], [1655, 324], [1656, 324], [1657, 324], [1658, 324], [1659, 324], [1660, 324], [1647, 325], [1648, 325], [1649, 325], [1650, 325], [1651, 325], [1652, 325], [1653, 325], [1657, 325], [1658, 325], [1659, 325], [1660, 325], [1661, 325], [1662, 325], [1663, 325], [1649, 326], [1650, 326], [1651, 326], [1652, 326], [1653, 326], [1654, 326], [1655, 326], [1659, 326], [1660, 326], [1661, 326], [1662, 326], [1663, 326], [1664, 326], [1665, 326], [1666, 326], [1652, 327], [1653, 327], [1654, 327], [1655, 327], [1656, 327], [1657, 327], [1658, 327], [1662, 327], [1663, 327], [1664, 327], [1665, 327], [1666, 327], [1667, 327], [1668, 327], [1669, 327], [1654, 328], [1655, 328], [1656, 328], [1657, 328], [1658, 328], [1659, 328], [1660, 328], [1661, 328], [1665, 328], [1666, 328], [1667, 328], [1668, 328], [1669, 328], [1670, 328], [1671, 328], [1657, 329], [1658, 329], [1659, 329], [1660, 329], [1661, 329], [1662, 329], [1663, 329], [1668, 329], [1669, 329], [1670, 329], [1671, 329], [1672, 329], [1673, 329], [1674, 329], [1675, 329], [1660, 330], [1661, 330], [1662, 330], [1663, 330], [1664, 330], [1665, 330], [1670, 330], [1671, 330], [1672, 330], [1673, 330], [1674, 330], [1675, 330], [1676, 330], [1677, 330], [1662, 331], [1663, 331], [1664, 331], [1665, 331], [1666, 331], [1667, 331], [1668, 331], [1674, 331], [1675, 331], [1676, 331], [1677, 331], [1678, 331], [1679, 331], [1680, 331], [1664, 332], [1665, 332], [1666, 332], [1667, 332], [1668, 332], [1669, 332], [1670, 332], [1671, 332], [1675, 332], [1676, 332], [1678, 332], [1679, 332], [1680, 332], [1681, 332], [1682, 332], [1667, 333], [1668, 333], [1669, 333], [1670, 333], [1671, 333], [1672, 333], [1673, 333], [1674, 333], [1675, 333], [1676, 333], [1677, 333], [1678, 333], [1679, 333], [1680, 333], [1681, 333], [1682, 333], [1683, 333], [1684, 333], [1685, 333], [1670, 334], [1671, 334], [1672, 334], [1673, 334], [1674, 334], [1675, 334], [1676, 334], [1677, 334], [1678, 334], [1681, 334], [1682, 334], [1683, 334], [1684, 334], [1685, 334], [1686, 334], [1687, 334], [1673, 335], [1674, 335], [1675, 335], [1676, 335], [1677, 335], [1678, 335], [1679, 335], [1683, 335], [1684, 335], [1685, 335], [1686, 335], [1687, 335], [1688, 335], [1689, 335], [1690, 335], [1675, 336], [1676, 336], [1677, 336], [1678, 336], [1679, 336], [1680, 336], [1681, 336], [1683, 336], [1684, 336], [1685, 336], [1686, 336], [1687, 336], [1688, 336], [1689, 336], [1690, 336], [1691, 336], [1692, 336], [1693, 336], [1678, 337], [1679, 337], [1680, 337], [1681, 337], [1682, 337], [1683, 337], [1684, 337], [1685, 337], [1686, 337], [1687, 337], [1688, 337], [1689, 337], [1690, 337], [1691, 337], [1692, 337], [1693, 337], [1694, 337], [1695, 337], [1680, 338], [1681, 338], [1682, 338], [1683, 338], [1684, 338], [1686, 338], [1687, 338], [1688, 338], [1690, 338], [1691, 338], [1692, 338], [1693, 338], [1694, 338], [1695, 338], [1696, 338], [1697, 338], [1698, 338], [1683, 339], [1684, 339], [1685, 339], [1686, 339], [1687, 339], [1688, 339], [1689, 339], [1690, 339], [1691, 339], [1692, 339], [1693, 339], [1694, 339], [1695, 339], [1696, 339], [1697, 339], [1698, 339], [1699, 339], [1700, 339], [1685, 340], [1686, 340], [1687, 340], [1688, 340], [1689, 340], [1690, 340], [1691, 340], [1692, 340], [1693, 340], [1697, 340], [1698, 340], [1699, 340], [1700, 340], [1701, 340], [1702, 340], [1703, 340], [1688, 341], [1689, 341], [1690, 341], [1691, 341], [1692, 341], [1693, 341], [1694, 341], [1699, 341], [1700, 341], [1701, 341], [1702, 341], [1703, 341], [1704, 341], [1705, 341], [1691, 342], [1692, 342], [1693, 342], [1694, 342], [1695, 342], [1696, 342], [1702, 342], [1703, 342], [1704, 342], [1705, 342], [1706, 342], [1707, 342], [1708, 342], [1693, 343], [1694, 343], [1695, 343], [1696, 343], [1697, 343], [1698, 343], [1699, 343], [1704, 343], [1705, 343], [1706, 343], [1707, 343], [1708, 343], [1709, 343], [1710, 343], [1695, 344], [1696, 344], [1697, 344], [1698, 344], [1699, 344], [1700, 344], [1701, 344], [1702, 344], [1707, 344], [1708, 344], [1709, 344], [1710, 344], [1711, 344], [1712, 344], [1698, 345], [1699, 345], [1700, 345], [1701, 345], [1702, 345], [1703, 345], [1704, 345], [1705, 345], [1709, 345], [1710, 345], [1711, 345], [1712, 345], [1713, 345], [1714, 345], [1715, 345], [1701, 346], [1702, 346], [1703, 346], [1704, 346], [1705, 346], [1706, 346], [1707, 346], [1708, 346], [1711, 346], [1712, 346], [1713, 346], [1714, 346], [1715, 346], [1716, 346], [1717, 346], [1718, 346], [1704, 347], [1705, 347], [1706, 347], [1707, 347], [1708, 347], [1709, 347], [1710, 347], [1711, 347], [1714, 347], [1715, 347], [1716, 347], [1717, 347], [1718, 347], [1719, 347], [1720, 347], [1721, 347], [1707, 348], [1708, 348], [1709, 348], [1710, 348], [1711, 348], [1712, 348], [1713, 348], [1717, 348], [1718, 348], [1719, 348], [1720, 348], [1721, 348], [1722, 348], [1723, 348], [1710, 349], [1711, 349], [1712, 349], [1713, 349], [1714, 349], [1715, 349], [1716, 349], [1720, 349], [1721, 349], [1722, 349], [1723, 349], [1724, 349], [1725, 349], [1726, 349], [1712, 350], [1713, 350], [1714, 350], [1715, 350], [1716, 350], [1717, 350], [1718, 350], [1719, 350], [1722, 350], [1723, 350], [1724, 350], [1725, 350], [1726, 350], [1727, 350], [1728, 350], [1715, 351], [1716, 351], [1717, 351], [1718, 351], [1719, 351], [1720, 351], [1721, 351], [1722, 351], [1725, 351], [1726, 351], [1727, 351], [1728, 351], [1729, 351], [1730, 351], [1731, 351], [1732, 351], [1718, 352], [1719, 352], [1720, 352], [1721, 352], [1722, 352], [1723, 352], [1724, 352], [1727, 352], [1728, 352], [1729, 352], [1730, 352], [1731, 352], [1732, 352], [1733, 352], [1734, 352], [1721, 353], [1722, 353], [1723, 353], [1724, 353], [1725, 353], [1726, 353], [1731, 353], [1732, 353], [1733, 353], [1734, 353], [1735, 353], [1736, 353], [1737, 353], [1723, 354], [1724, 354], [1725, 354], [1726, 354], [1727, 354], [1728, 354], [1729, 354], [1733, 354], [1734, 354], [1735, 354], [1736, 354], [1737, 354], [1738, 354], [1739, 354], [1725, 355], [1726, 355], [1727, 355], [1728, 355], [1729, 355], [1730, 355], [1731, 355], [1736, 355], [1737, 355], [1738, 355], [1739, 355], [1740, 355], [1741, 355], [1742, 355], [1728, 356], [1729, 356], [1730, 356], [1731, 356], [1732, 356], [1733, 356], [1734, 356], [1738, 356], [1739, 356], [1740, 356], [1741, 356], [1742, 356], [1743, 356], [1744, 356], [1730, 357], [1731, 357], [1732, 357], [1733, 357], [1734, 357], [1735, 357], [1736, 357], [1737, 357], [1741, 357], [1742, 357], [1743, 357], [1744, 357], [1745, 357], [1746, 357], [1733, 358], [1734, 358], [1735, 358], [1736, 358], [1737, 358], [1738, 358], [1739, 358], [1740, 358], [1743, 358], [1744, 358], [1745, 358], [1746, 358], [1747, 358], [1748, 358], [1736, 359], [1737, 359], [1738, 359], [1739, 359], [1740, 359], [1741, 359], [1742, 359], [1745, 359], [1746, 359], [1747, 359], [1748, 359], [1749, 359], [1750, 359], [1751, 359], [1739, 360], [1740, 360], [1741, 360], [1742, 360], [1743, 360], [1744, 360], [1747, 360], [1748, 360], [1749, 360], [1750, 360], [1751, 360], [1752, 360], [1753, 360], [1754, 360], [1741, 361], [1742, 361], [1743, 361], [1744, 361], [1745, 361], [1746, 361], [1747, 361], [1750, 361], [1751, 361], [1752, 361], [1753, 361], [1754, 361], [1755, 361], [1756, 361], [1757, 361], [1743, 362], [1744, 362], [1745, 362], [1746, 362], [1747, 362], [1748, 362], [1749, 362], [1750, 362], [1753, 362], [1754, 362], [1755, 362], [1756, 362], [1757, 362], [1758, 362], [1759, 362], [1746, 363], [1747, 363], [1748, 363], [1749, 363], [1750, 363], [1751, 363], [1752, 363], [1753, 363], [1756, 363], [1757, 363], [1758, 363], [1759, 363], [1760, 363], [1761, 363], [1762, 363], [1301, 364], [1749, 364], [1750, 364], [1751, 364], [1752, 364], [1753, 364], [1754, 364], [1755, 364], [1756, 364], [1758, 364], [1759, 364], [1760, 364], [1761, 364], [1762, 364], [1763, 364], [1764, 364], [1765, 364], [1300, 365], [1301, 365], [1752, 365], [1753, 365], [1754, 365], [1755, 365], [1756, 365], [1757, 365], [1758, 365], [1761, 365], [1762, 365], [1763, 365], [1764, 365], [1765, 365], [1766, 365], [1767, 365], [1768, 365], [1298, 366], [1299, 366], [1300, 366], [1301, 366], [1302, 366], [1755, 366], [1756, 366], [1757, 366], [1758, 366], [1759, 366], [1760, 366], [1761, 366], [1764, 366], [1765, 366], [1766, 366], [1767, 366], [1768, 366], [1769, 366], [1770, 366], [1299, 367], [1300, 367], [1301, 367], [1302, 367], [1303, 367], [1757, 367], [1758, 367], [1759, 367], [1760, 367], [1761, 367], [1762, 367], [1763, 367], [1767, 367], [1768, 367], [1769, 367], [1770, 367], [1771, 367], [1772, 367], [1300, 368], [1301, 368], [1302, 368], [1303, 368], [1304, 368], [1760, 368], [1761, 368], [1762, 368], [1763, 368], [1764, 368], [1765, 368], [1766, 368], [1769, 368], [1770, 368], [1771, 368], [1772, 368], [1773, 368], [1774, 368], [1775, 368], [1300, 369], [1301, 369], [1302, 369], [1303, 369], [1304, 369], [1305, 369], [1762, 369], [1763, 369], [1764, 369], [1765, 369], [1766, 369], [1767, 369], [1768, 369], [1769, 369], [1771, 369], [1772, 369], [1773, 369], [1774, 369], [1775, 369], [1776, 369], [1777, 369], [1778, 369], [1301, 370], [1302, 370], [1303, 370], [1304, 370], [1305, 370], [1306, 370], [1765, 370], [1766, 370], [1767, 370], [1768, 370], [1769, 370], [1770, 370], [1771, 370], [1772, 370], [1774, 370], [1775, 370], [1776, 370], [1777, 370], [1778, 370], [1779, 370], [1780, 370], [1781, 370], [1290, 371], [1302, 371], [1303, 371], [1304, 371], [1305, 371], [1306, 371], [1768, 371], [1769, 371], [1770, 371], [1771, 371], [1772, 371], [1773, 371], [1774, 371], [1775, 371], [1777, 371], [1778, 371], [1779, 371], [1780, 371], [1781, 371], [1782, 371], [1783, 371], [1288, 372], [1290, 372], [1291, 372], [1303, 372], [1304, 372], [1305, 372], [1306, 372], [1307, 372], [1771, 372], [1772, 372], [1773, 372], [1774, 372], [1775, 372], [1776, 372], [1777, 372], [1780, 372], [1781, 372], [1782, 372], [1783, 372], [1784, 372], [1785, 372], [1786, 372], [1288, 373], [1289, 373], [1291, 373], [1292, 373], [1304, 373], [1305, 373], [1307, 373], [1308, 373], [1774, 373], [1775, 373], [1776, 373], [1777, 373], [1778, 373], [1779, 373], [1780, 373], [1782, 373], [1783, 373], [1784, 373], [1785, 373], [1786, 373], [1787, 373], [1788, 373], [1289, 374], [1290, 374], [1291, 374], [1292, 374], [1293, 374], [1305, 374], [1306, 374], [1307, 374], [1308, 374], [1309, 374], [1776, 374], [1777, 374], [1778, 374], [1779, 374], [1780, 374], [1781, 374], [1782, 374], [1783, 374], [1785, 374], [1786, 374], [1787, 374], [1788, 374], [1789, 374], [1790, 374], [1791, 374], [1290, 375], [1291, 375], [1292, 375], [1293, 375], [1306, 375], [1307, 375], [1308, 375], [1309, 375], [1310, 375], [1779, 375], [1780, 375], [1781, 375], [1782, 375], [1783, 375], [1784, 375], [1785, 375], [1787, 375], [1788, 375], [1789, 375], [1790, 375], [1791, 375], [1792, 375], [1793, 375], [1290, 376], [1291, 376], [1292, 376], [1293, 376], [1294, 376], [1306, 376], [1307, 376], [1308, 376], [1309, 376], [1310, 376], [1311, 376], [1782, 376], [1783, 376], [1784, 376], [1785, 376], [1786, 376], [1787, 376], [1788, 376], [1790, 376], [1791, 376], [1792, 376], [1793, 376], [1794, 376], [1795, 376], [1291, 377], [1292, 377], [1294, 377], [1295, 377], [1307, 377], [1308, 377], [1309, 377], [1310, 377], [1311, 377], [1312, 377], [1784, 377], [1785, 377], [1786, 377], [1787, 377], [1788, 377], [1789, 377], [1790, 377], [1792, 377], [1793, 377], [1794, 377], [1795, 377], [1796, 377], [1797, 377], [1798, 377], [1292, 378], [1293, 378], [1295, 378], [1296, 378], [1308, 378], [1309, 378], [1310, 378], [1311, 378], [1312, 378], [1787, 378], [1788, 378], [1789, 378], [1790, 378], [1791, 378], [1792, 378], [1793, 378], [1794, 378], [1795, 378], [1796, 378], [1797, 378], [1798, 378], [1799, 378], [1800, 378], [1293, 379], [1294, 379], [1295, 379], [1296, 379], [1297, 379], [1309, 379], [1310, 379], [1311, 379], [1312, 379], [1313, 379], [1789, 379], [1790, 379], [1791, 379], [1792, 379], [1793, 379], [1794, 379], [1795, 379], [1796, 379], [1797, 379], [1798, 379], [1799, 379], [1800, 379], [1801, 379], [1802, 379], [1294, 380], [1295, 380], [1296, 380], [1297, 380], [1298, 380], [1310, 380], [1311, 380], [1313, 380], [1314, 380], [1792, 380], [1793, 380], [1794, 380], [1795, 380], [1796, 380], [1797, 380], [1798, 380], [1800, 380], [1801, 380], [1802, 380], [1803, 380], [1804, 380], [1805, 380], [1294, 381], [1295, 381], [1296, 381], [1297, 381], [1298, 381], [1299, 381], [1311, 381], [1312, 381], [1313, 381], [1314, 381], [1315, 381], [1795, 381], [1796, 381], [1797, 381], [1798, 381], [1799, 381], [1800, 381], [1802, 381], [1803, 381], [1804, 381], [1805, 381], [1806, 381], [1295, 382], [1296, 382], [1297, 382], [1298, 382], [1299, 382], [1312, 382], [1313, 382], [1314, 382], [1315, 382], [1316, 382], [1798, 382], [1799, 382], [1800, 382], [1801, 382], [1802, 382], [1803, 382], [1804, 382], [1805, 382], [1806, 382], [1807, 382], [1808, 382], [1809, 382], [1296, 383], [1297, 383], [1298, 383], [1299, 383], [1300, 383], [1312, 383], [1313, 383], [1314, 383], [1315, 383], [1316, 383], [1317, 383], [1800, 383], [1801, 383], [1802, 383], [1803, 383], [1804, 383], [1805, 383], [1806, 383], [1807, 383], [1808, 383], [1809, 383], [1810, 383], [1811, 383], [1812, 383], [1297, 384], [1298, 384], [1300, 384], [1301, 384], [1313, 384], [1314, 384], [1315, 384], [1316, 384], [1317, 384], [1318, 384], [1804, 384], [1805, 384], [1806, 384], [1807, 384], [1808, 384], [1810, 384], [1811, 384], [1812, 384], [1813, 384], [1814, 384], [1815, 384], [1298, 385], [1299, 385], [1301, 385], [1302, 385], [1314, 385], [1315, 385], [1316, 385], [1317, 385], [1318, 385], [1319, 385], [1805, 385], [1806, 385], [1807, 385], [1808, 385], [1809, 385], [1810, 385], [1811, 385], [1812, 385], [1813, 385], [1814, 385], [1815, 385], [1816, 385], [1817, 385], [1818, 385], [1299, 386], [1300, 386], [1301, 386], [1302, 386], [1303, 386], [1315, 386], [1316, 386], [1317, 386], [1318, 386], [1319, 386], [1809, 386], [1810, 386], [1811, 386], [1812, 386], [1813, 386], [1815, 386], [1816, 386], [1817, 386], [1818, 386], [1819, 386], [1820, 386], [1300, 387], [1301, 387], [1302, 387], [1303, 387], [1316, 387], [1317, 387], [1318, 387], [1319, 387], [1320, 387], [1811, 387], [1812, 387], [1813, 387], [1814, 387], [1815, 387], [1816, 387], [1817, 387], [1819, 387], [1820, 387], [1821, 387], [1822, 387], [1300, 388], [1301, 388], [1302, 388], [1303, 388], [1304, 388], [1317, 388], [1318, 388], [1320, 388], [1321, 388], [1813, 388], [1814, 388], [1815, 388], [1816, 388], [1817, 388], [1818, 388], [1819, 388], [1820, 388], [1821, 388], [1822, 388], [1823, 388], [1824, 388], [1301, 389], [1302, 389], [1304, 389], [1305, 389], [1318, 389], [1319, 389], [1321, 389], [1322, 389], [1818, 389], [1819, 389], [1820, 389], [1821, 389], [1822, 389], [1823, 389], [1824, 389], [1302, 390], [1303, 390], [1304, 390], [1305, 390], [1306, 390], [1319, 390], [1320, 390], [1321, 390], [1322, 390], [1821, 390], [1822, 390], [1823, 390], [1824, 390], [1303, 391], [1304, 391], [1305, 391], [1306, 391], [1307, 391], [1308, 391], [1309, 391], [1310, 391], [1311, 391], [1312, 391], [1313, 391], [1314, 391], [1315, 391], [1316, 391], [1317, 391], [1318, 391], [1320, 391], [1321, 391], [1322, 391], [1323, 391], [1822, 391], [1823, 391], [1824, 391], [1303, 392], [1304, 392], [1305, 392], [1306, 392], [1312, 392], [1313, 392], [1314, 392], [1315, 392], [1316, 392], [1317, 392], [1318, 392], [1319, 392], [1320, 392], [1321, 392], [1322, 392], [1323, 392], [1824, 392], [1305, 393], [1306, 393], [1307, 393], [1308, 393], [1309, 393], [1310, 393], [1311, 393], [1312, 393], [1313, 393], [1314, 393], [1315, 393], [1316, 393], [1317, 393], [1318, 393], [1320, 393], [1321, 393], [1322, 393], [1323, 393], [1312, 394], [1313, 394], [1314, 394], [1315, 394], [1316, 394], [1317, 394], [1318, 394], [1319, 394], [1320, 394], [1321, 394], [1322, 394], [1378, 480], [1379, 480], [1380, 480], [1381, 480], [1382, 480], [1383, 480], [1384, 480], [1385, 480], [1386, 480], [1387, 480], [1388, 480], [1389, 480], [1390, 480], [1391, 480], [1392, 480], [1393, 480], [1394, 480], [1395, 480], [1396, 480], [1378, 481], [1379, 481], [1380, 481], [1381, 481], [1395, 481], [1396, 481], [1397, 481], [1378, 482], [1379, 482], [1380, 482], [1381, 482], [1382, 482], [1383, 482], [1384, 482], [1385, 482], [1386, 482], [1387, 482], [1388, 482], [1389, 482], [1390, 482], [1391, 482], [1392, 482], [1393, 482], [1394, 482], [1395, 482], [1397, 482], [1398, 482], [1378, 483], [1379, 483], [1380, 483], [1381, 483], [1395, 483], [1396, 483], [1397, 483], [1398, 483], [1399, 483], [1378, 484], [1379, 484], [1380, 484], [1381, 484], [1382, 484], [1396, 484], [1397, 484], [1398, 484], [1399, 484], [1378, 485], [1379, 485], [1380, 485], [1381, 485], [1382, 485], [1383, 485], [1396, 485], [1397, 485], [1398, 485], [1399, 485], [1379, 486], [1380, 486], [1381, 486], [1382, 486], [1383, 486], [1384, 486], [1397, 486], [1399, 486], [1380, 487], [1381, 487], [1382, 487], [1383, 487], [1384, 487], [1385, 487], [1386, 487], [1388, 487], [1389, 487], [1390, 487], [1391, 487], [1392, 487], [1393, 487], [1394, 487], [1397, 487], [1399, 487], [1381, 488], [1382, 488], [1383, 488], [1384, 488], [1385, 488], [1386, 488], [1388, 488], [1389, 488], [1393, 488], [1394, 488], [1395, 488], [1396, 488], [1397, 488], [1398, 488], [1399, 488], [1383, 489], [1384, 489], [1385, 489], [1386, 489], [1388, 489], [1389, 489], [1390, 489], [1391, 489], [1392, 489], [1393, 489], [1394, 489], [1395, 489], [1397, 489], [1398, 489], [1399, 489], [1394, 490], [1395, 490], [1396, 490], [1397, 490], [1398, 490], [1511, 635], [1512, 635], [1513, 635], [1514, 635], [1515, 635], [1516, 635], [1517, 635], [1510, 636], [1511, 636], [1512, 636], [1513, 636], [1514, 636], [1515, 636], [1516, 636], [1517, 636], [1518, 636], [1519, 636], [1520, 636], [1521, 636], [1522, 636], [1523, 636], [1524, 636], [1525, 636], [1526, 636], [1527, 636], [1528, 636], [1529, 636], [1530, 636], [1531, 636], [1532, 636], [1533, 636], [1534, 636], [1510, 637], [1511, 637], [1512, 637], [1516, 637], [1517, 637], [1518, 637], [1519, 637], [1520, 637], [1521, 637], [1522, 637], [1523, 637], [1524, 637], [1525, 637], [1526, 637], [1527, 637], [1528, 637], [1529, 637], [1530, 637], [1531, 637], [1532, 637], [1533, 637], [1534, 637], [1535, 637], [1536, 637], [1537, 637], [1538, 637], [1539, 637], [1540, 637], [1541, 637], [1510, 638], [1511, 638], [1533, 638], [1534, 638], [1535, 638], [1536, 638], [1537, 638], [1538, 638], [1539, 638], [1540, 638], [1541, 638], [1542, 638], [1543, 638], [1510, 639], [1511, 639], [1512, 639], [1540, 639], [1541, 639], [1542, 639], [1543, 639], [1544, 639], [1510, 640], [1511, 640], [1512, 640], [1542, 640], [1543, 640], [1544, 640], [1545, 640], [1511, 641], [1512, 641], [1513, 641], [1543, 641], [1544, 641], [1545, 641], [1511, 642], [1512, 642], [1513, 642], [1514, 642], [1544, 642], [1545, 642], [1546, 642], [1512, 643], [1513, 643], [1514, 643], [1515, 643], [1544, 643], [1545, 643], [1546, 643], [1547, 643], [1513, 644], [1514, 644], [1515, 644], [1516, 644], [1545, 644], [1546, 644], [1547, 644], [1548, 644], [1514, 645], [1515, 645], [1516, 645], [1517, 645], [1546, 645], [1547, 645], [1548, 645], [1549, 645], [1515, 646], [1516, 646], [1517, 646], [1518, 646], [1536, 646], [1537, 646], [1538, 646], [1539, 646], [1540, 646], [1541, 646], [1542, 646], [1547, 646], [1548, 646], [1549, 646], [1550, 646], [1516, 647], [1517, 647], [1518, 647], [1519, 647], [1535, 647], [1536, 647], [1537, 647], [1538, 647], [1539, 647], [1540, 647], [1541, 647], [1542, 647], [1548, 647], [1549, 647], [1550, 647], [1551, 647], [1517, 648], [1518, 648], [1519, 648], [1520, 648], [1526, 648], [1527, 648], [1528, 648], [1535, 648], [1536, 648], [1537, 648], [1538, 648], [1539, 648], [1540, 648], [1541, 648], [1542, 648], [1549, 648], [1550, 648], [1551, 648], [1552, 648], [1518, 649], [1519, 649], [1520, 649], [1521, 649], [1526, 649], [1527, 649], [1528, 649], [1529, 649], [1530, 649], [1531, 649], [1532, 649], [1535, 649], [1536, 649], [1540, 649], [1541, 649], [1542, 649], [1543, 649], [1550, 649], [1551, 649], [1552, 649], [1553, 649], [1519, 650], [1520, 650], [1521, 650], [1522, 650], [1526, 650], [1527, 650], [1528, 650], [1529, 650], [1530, 650], [1531, 650], [1532, 650], [1533, 650], [1535, 650], [1536, 650], [1541, 650], [1542, 650], [1543, 650], [1544, 650], [1551, 650], [1552, 650], [1553, 650], [1520, 651], [1521, 651], [1522, 651], [1525, 651], [1526, 651], [1527, 651], [1531, 651], [1532, 651], [1533, 651], [1534, 651], [1535, 651], [1536, 651], [1542, 651], [1543, 651], [1544, 651], [1545, 651], [1552, 651], [1553, 651], [1554, 651], [1521, 652], [1522, 652], [1523, 652], [1525, 652], [1526, 652], [1527, 652], [1532, 652], [1533, 652], [1534, 652], [1535, 652], [1536, 652], [1537, 652], [1543, 652], [1544, 652], [1545, 652], [1546, 652], [1547, 652], [1548, 652], [1552, 652], [1553, 652], [1554, 652], [1555, 652], [1521, 653], [1522, 653], [1523, 653], [1524, 653], [1525, 653], [1526, 653], [1532, 653], [1533, 653], [1534, 653], [1535, 653], [1536, 653], [1537, 653], [1543, 653], [1544, 653], [1545, 653], [1546, 653], [1547, 653], [1548, 653], [1553, 653], [1554, 653], [1555, 653], [1556, 653], [1522, 654], [1523, 654], [1524, 654], [1525, 654], [1526, 654], [1533, 654], [1534, 654], [1535, 654], [1536, 654], [1537, 654], [1543, 654], [1544, 654], [1545, 654], [1546, 654], [1547, 654], [1548, 654], [1554, 654], [1555, 654], [1556, 654], [1557, 654], [1523, 655], [1524, 655], [1525, 655], [1526, 655], [1527, 655], [1544, 655], [1545, 655], [1546, 655], [1555, 655], [1556, 655], [1557, 655], [1558, 655], [1523, 656], [1524, 656], [1525, 656], [1526, 656], [1527, 656], [1540, 656], [1541, 656], [1542, 656], [1544, 656], [1545, 656], [1546, 656], [1556, 656], [1557, 656], [1558, 656], [1559, 656], [1524, 657], [1525, 657], [1526, 657], [1527, 657], [1528, 657], [1540, 657], [1541, 657], [1542, 657], [1543, 657], [1545, 657], [1546, 657], [1547, 657], [1557, 657], [1558, 657], [1559, 657], [1560, 657], [1525, 658], [1526, 658], [1527, 658], [1528, 658], [1529, 658], [1540, 658], [1541, 658], [1542, 658], [1543, 658], [1544, 658], [1545, 658], [1546, 658], [1547, 658], [1558, 658], [1559, 658], [1560, 658], [1526, 659], [1527, 659], [1528, 659], [1529, 659], [1540, 659], [1541, 659], [1542, 659], [1543, 659], [1544, 659], [1546, 659], [1547, 659], [1548, 659], [1559, 659], [1560, 659], [1561, 659], [1526, 660], [1527, 660], [1528, 660], [1529, 660], [1530, 660], [1540, 660], [1541, 660], [1542, 660], [1543, 660], [1544, 660], [1545, 660], [1547, 660], [1548, 660], [1549, 660], [1550, 660], [1551, 660], [1552, 660], [1559, 660], [1560, 660], [1561, 660], [1562, 660], [1527, 661], [1528, 661], [1530, 661], [1531, 661], [1534, 661], [1535, 661], [1536, 661], [1540, 661], [1541, 661], [1542, 661], [1543, 661], [1544, 661], [1545, 661], [1546, 661], [1548, 661], [1549, 661], [1550, 661], [1551, 661], [1552, 661], [1560, 661], [1561, 661], [1562, 661], [1563, 661], [1528, 662], [1529, 662], [1531, 662], [1532, 662], [1534, 662], [1535, 662], [1536, 662], [1537, 662], [1538, 662], [1539, 662], [1540, 662], [1541, 662], [1545, 662], [1546, 662], [1547, 662], [1548, 662], [1549, 662], [1550, 662], [1551, 662], [1552, 662], [1553, 662], [1554, 662], [1561, 662], [1562, 662], [1563, 662], [1564, 662], [1529, 663], [1530, 663], [1531, 663], [1532, 663], [1533, 663], [1534, 663], [1535, 663], [1536, 663], [1537, 663], [1538, 663], [1539, 663], [1540, 663], [1541, 663], [1546, 663], [1547, 663], [1548, 663], [1549, 663], [1550, 663], [1554, 663], [1562, 663], [1563, 663], [1564, 663], [1565, 663], [1530, 664], [1531, 664], [1532, 664], [1533, 664], [1534, 664], [1535, 664], [1536, 664], [1537, 664], [1538, 664], [1539, 664], [1540, 664], [1547, 664], [1548, 664], [1549, 664], [1550, 664], [1551, 664], [1552, 664], [1553, 664], [1554, 664], [1563, 664], [1564, 664], [1565, 664], [1566, 664], [1530, 665], [1531, 665], [1532, 665], [1533, 665], [1534, 665], [1535, 665], [1536, 665], [1538, 665], [1539, 665], [1540, 665], [1564, 665], [1565, 665], [1566, 665], [1567, 665], [1531, 666], [1532, 666], [1533, 666], [1534, 666], [1535, 666], [1536, 666], [1537, 666], [1539, 666], [1540, 666], [1565, 666], [1566, 666], [1567, 666], [1532, 667], [1533, 667], [1534, 667], [1535, 667], [1536, 667], [1537, 667], [1538, 667], [1566, 667], [1567, 667], [1568, 667], [1533, 668], [1534, 668], [1535, 668], [1536, 668], [1538, 668], [1539, 668], [1566, 668], [1567, 668], [1568, 668], [1569, 668], [1534, 669], [1535, 669], [1536, 669], [1537, 669], [1538, 669], [1539, 669], [1540, 669], [1567, 669], [1568, 669], [1569, 669], [1570, 669], [1534, 670], [1535, 670], [1536, 670], [1537, 670], [1538, 670], [1539, 670], [1540, 670], [1541, 670], [1568, 670], [1569, 670], [1570, 670], [1571, 670], [1535, 671], [1536, 671], [1537, 671], [1538, 671], [1539, 671], [1540, 671], [1541, 671], [1569, 671], [1570, 671], [1571, 671], [1572, 671], [1536, 672], [1537, 672], [1538, 672], [1540, 672], [1541, 672], [1570, 672], [1571, 672], [1572, 672], [1573, 672], [1537, 673], [1538, 673], [1539, 673], [1540, 673], [1571, 673], [1572, 673], [1573, 673], [1574, 673], [1538, 674], [1539, 674], [1540, 674], [1572, 674], [1573, 674], [1574, 674], [1575, 674], [1539, 675], [1540, 675], [1541, 675], [1573, 675], [1574, 675], [1575, 675], [1539, 676], [1540, 676], [1541, 676], [1542, 676], [1574, 676], [1575, 676], [1576, 676], [1540, 677], [1541, 677], [1542, 677], [1543, 677], [1574, 677], [1575, 677], [1576, 677], [1577, 677], [1541, 678], [1542, 678], [1543, 678], [1544, 678], [1575, 678], [1576, 678], [1577, 678], [1578, 678], [1542, 679], [1543, 679], [1544, 679], [1545, 679], [1576, 679], [1577, 679], [1578, 679], [1579, 679], [1543, 680], [1544, 680], [1545, 680], [1546, 680], [1577, 680], [1578, 680], [1579, 680], [1580, 680], [1544, 681], [1545, 681], [1546, 681], [1547, 681], [1578, 681], [1579, 681], [1580, 681], [1581, 681], [1545, 682], [1546, 682], [1547, 682], [1548, 682], [1579, 682], [1580, 682], [1581, 682], [1546, 683], [1547, 683], [1548, 683], [1549, 683], [1580, 683], [1581, 683], [1582, 683], [1547, 684], [1548, 684], [1549, 684], [1580, 684], [1581, 684], [1582, 684], [1583, 684], [1548, 685], [1549, 685], [1550, 685], [1581, 685], [1582, 685], [1583, 685], [1584, 685], [1548, 686], [1549, 686], [1550, 686], [1551, 686], [1582, 686], [1583, 686], [1584, 686], [1585, 686], [1549, 687], [1550, 687], [1551, 687], [1552, 687], [1583, 687], [1584, 687], [1585, 687], [1586, 687], [1550, 688], [1551, 688], [1552, 688], [1553, 688], [1584, 688], [1585, 688], [1586, 688], [1587, 688], [1551, 689], [1552, 689], [1553, 689], [1585, 689], [1586, 689], [1587, 689], [1588, 689], [1552, 690], [1553, 690], [1554, 690], [1586, 690], [1587, 690], [1588, 690], [1589, 690], [1552, 691], [1553, 691], [1554, 691], [1555, 691], [1587, 691], [1588, 691], [1589, 691], [1553, 692], [1554, 692], [1555, 692], [1556, 692], [1588, 692], [1589, 692], [1590, 692], [1554, 693], [1555, 693], [1556, 693], [1588, 693], [1589, 693], [1590, 693], [1591, 693], [1555, 694], [1556, 694], [1557, 694], [1589, 694], [1590, 694], [1591, 694], [1592, 694], [1555, 695], [1556, 695], [1557, 695], [1558, 695], [1590, 695], [1591, 695], [1592, 695], [1593, 695], [1556, 696], [1557, 696], [1558, 696], [1559, 696], [1591, 696], [1592, 696], [1593, 696], [1594, 696], [1557, 697], [1558, 697], [1559, 697], [1560, 697], [1592, 697], [1593, 697], [1594, 697], [1595, 697], [1558, 698], [1559, 698], [1560, 698], [1561, 698], [1593, 698], [1594, 698], [1595, 698], [1596, 698], [1559, 699], [1560, 699], [1561, 699], [1594, 699], [1595, 699], [1596, 699], [1597, 699], [1560, 700], [1561, 700], [1562, 700], [1595, 700], [1596, 700], [1597, 700], [1598, 700], [1560, 701], [1561, 701], [1562, 701], [1563, 701], [1596, 701], [1597, 701], [1598, 701], [1599, 701], [1561, 702], [1562, 702], [1563, 702], [1564, 702], [1597, 702], [1598, 702], [1599, 702], [1600, 702], [1562, 703], [1563, 703], [1564, 703], [1565, 703], [1598, 703], [1599, 703], [1600, 703], [1563, 704], [1564, 704], [1565, 704], [1599, 704], [1600, 704], [1601, 704], [1564, 705], [1565, 705], [1566, 705], [1599, 705], [1600, 705], [1601, 705], [1602, 705], [1564, 706], [1565, 706], [1566, 706], [1567, 706], [1600, 706], [1601, 706], [1602, 706], [1603, 706], [1565, 707], [1566, 707], [1567, 707], [1568, 707], [1601, 707], [1602, 707], [1603, 707], [1604, 707], [1566, 708], [1567, 708], [1568, 708], [1569, 708], [1602, 708], [1603, 708], [1604, 708], [1605, 708], [1567, 709], [1568, 709], [1569, 709], [1570, 709], [1603, 709], [1604, 709], [1605, 709], [1606, 709], [1568, 710], [1569, 710], [1570, 710], [1571, 710], [1604, 710], [1605, 710], [1606, 710], [1607, 710], [1569, 711], [1570, 711], [1571, 711], [1572, 711], [1605, 711], [1606, 711], [1607, 711], [1608, 711], [1570, 712], [1571, 712], [1572, 712], [1573, 712], [1606, 712], [1607, 712], [1608, 712], [1609, 712], [1571, 713], [1572, 713], [1573, 713], [1574, 713], [1607, 713], [1608, 713], [1609, 713], [1610, 713], [1572, 714], [1573, 714], [1574, 714], [1608, 714], [1609, 714], [1610, 714], [1573, 715], [1574, 715], [1575, 715], [1609, 715], [1610, 715], [1611, 715], [1573, 716], [1574, 716], [1575, 716], [1576, 716], [1609, 716], [1610, 716], [1611, 716], [1612, 716], [1574, 717], [1575, 717], [1576, 717], [1577, 717], [1610, 717], [1611, 717], [1612, 717], [1613, 717], [1575, 718], [1576, 718], [1577, 718], [1578, 718], [1611, 718], [1612, 718], [1613, 718], [1614, 718], [1576, 719], [1577, 719], [1578, 719], [1579, 719], [1612, 719], [1613, 719], [1614, 719], [1615, 719], [1577, 720], [1578, 720], [1579, 720], [1613, 720], [1614, 720], [1615, 720], [1616, 720], [1578, 721], [1579, 721], [1580, 721], [1614, 721], [1615, 721], [1616, 721], [1617, 721], [1578, 722], [1579, 722], [1580, 722], [1581, 722], [1606, 722], [1607, 722], [1608, 722], [1609, 722], [1610, 722], [1615, 722], [1616, 722], [1617, 722], [1618, 722], [1579, 723], [1580, 723], [1581, 723], [1582, 723], [1605, 723], [1606, 723], [1607, 723], [1608, 723], [1609, 723], [1610, 723], [1611, 723], [1616, 723], [1617, 723], [1618, 723], [1619, 723], [1580, 724], [1581, 724], [1582, 724], [1583, 724], [1605, 724], [1606, 724], [1607, 724], [1609, 724], [1610, 724], [1611, 724], [1612, 724], [1617, 724], [1618, 724], [1619, 724], [1620, 724], [1581, 725], [1582, 725], [1583, 725], [1584, 725], [1605, 725], [1606, 725], [1607, 725], [1610, 725], [1611, 725], [1612, 725], [1618, 725], [1619, 725], [1620, 725], [1621, 725], [1582, 726], [1583, 726], [1584, 726], [1585, 726], [1605, 726], [1606, 726], [1607, 726], [1608, 726], [1609, 726], [1610, 726], [1611, 726], [1612, 726], [1619, 726], [1620, 726], [1621, 726], [1583, 727], [1584, 727], [1585, 727], [1586, 727], [1606, 727], [1607, 727], [1608, 727], [1609, 727], [1610, 727], [1611, 727], [1612, 727], [1620, 727], [1621, 727], [1622, 727], [1584, 728], [1585, 728], [1586, 728], [1587, 728], [1620, 728], [1621, 728], [1622, 728], [1623, 728], [1585, 729], [1586, 729], [1587, 729], [1588, 729], [1621, 729], [1622, 729], [1623, 729], [1624, 729], [1586, 730], [1587, 730], [1588, 730], [1622, 730], [1623, 730], [1624, 730], [1625, 730], [1587, 731], [1588, 731], [1589, 731], [1623, 731], [1624, 731], [1625, 731], [1626, 731], [1587, 732], [1588, 732], [1589, 732], [1590, 732], [1624, 732], [1625, 732], [1626, 732], [1627, 732], [1588, 733], [1589, 733], [1590, 733], [1591, 733], [1625, 733], [1626, 733], [1627, 733], [1628, 733], [1589, 734], [1590, 734], [1591, 734], [1592, 734], [1626, 734], [1627, 734], [1628, 734], [1629, 734], [1590, 735], [1591, 735], [1592, 735], [1593, 735], [1627, 735], [1628, 735], [1629, 735], [1630, 735], [1591, 736], [1592, 736], [1593, 736], [1628, 736], [1629, 736], [1630, 736], [1592, 737], [1593, 737], [1594, 737], [1629, 737], [1630, 737], [1631, 737], [1592, 738], [1593, 738], [1594, 738], [1595, 738], [1629, 738], [1630, 738], [1631, 738], [1632, 738], [1593, 739], [1594, 739], [1595, 739], [1596, 739], [1608, 739], [1609, 739], [1610, 739], [1611, 739], [1630, 739], [1631, 739], [1632, 739], [1633, 739], [1594, 740], [1595, 740], [1596, 740], [1608, 740], [1609, 740], [1610, 740], [1611, 740], [1612, 740], [1613, 740], [1614, 740], [1615, 740], [1618, 740], [1619, 740], [1620, 740], [1621, 740], [1622, 740], [1623, 740], [1631, 740], [1632, 740], [1633, 740], [1634, 740], [1595, 741], [1596, 741], [1597, 741], [1608, 741], [1609, 741], [1610, 741], [1611, 741], [1612, 741], [1613, 741], [1614, 741], [1615, 741], [1616, 741], [1617, 741], [1618, 741], [1619, 741], [1620, 741], [1621, 741], [1622, 741], [1623, 741], [1624, 741], [1625, 741], [1632, 741], [1633, 741], [1634, 741], [1635, 741], [1595, 742], [1596, 742], [1597, 742], [1598, 742], [1612, 742], [1613, 742], [1614, 742], [1615, 742], [1616, 742], [1617, 742], [1618, 742], [1619, 742], [1622, 742], [1623, 742], [1624, 742], [1625, 742], [1633, 742], [1634, 742], [1635, 742], [1636, 742], [1596, 743], [1597, 743], [1598, 743], [1616, 743], [1617, 743], [1618, 743], [1619, 743], [1624, 743], [1625, 743], [1634, 743], [1635, 743], [1636, 743], [1637, 743], [1597, 744], [1598, 744], [1599, 744], [1616, 744], [1617, 744], [1618, 744], [1619, 744], [1620, 744], [1621, 744], [1624, 744], [1625, 744], [1626, 744], [1627, 744], [1628, 744], [1629, 744], [1630, 744], [1631, 744], [1635, 744], [1636, 744], [1637, 744], [1638, 744], [1597, 745], [1598, 745], [1599, 745], [1600, 745], [1618, 745], [1619, 745], [1620, 745], [1621, 745], [1622, 745], [1623, 745], [1624, 745], [1625, 745], [1626, 745], [1627, 745], [1630, 745], [1631, 745], [1636, 745], [1637, 745], [1638, 745], [1639, 745], [1598, 746], [1599, 746], [1600, 746], [1601, 746], [1620, 746], [1621, 746], [1622, 746], [1623, 746], [1624, 746], [1625, 746], [1626, 746], [1627, 746], [1628, 746], [1629, 746], [1630, 746], [1631, 746], [1637, 746], [1638, 746], [1639, 746], [1599, 747], [1600, 747], [1601, 747], [1602, 747], [1638, 747], [1639, 747], [1640, 747], [1600, 748], [1601, 748], [1602, 748], [1603, 748], [1638, 748], [1639, 748], [1640, 748], [1641, 748], [1601, 749], [1602, 749], [1603, 749], [1604, 749], [1639, 749], [1640, 749], [1641, 749], [1642, 749], [1602, 750], [1603, 750], [1604, 750], [1605, 750], [1640, 750], [1641, 750], [1642, 750], [1643, 750], [1603, 751], [1604, 751], [1605, 751], [1606, 751], [1641, 751], [1642, 751], [1643, 751], [1644, 751], [1604, 752], [1605, 752], [1606, 752], [1607, 752], [1642, 752], [1643, 752], [1644, 752], [1645, 752], [1605, 753], [1606, 753], [1607, 753], [1608, 753], [1643, 753], [1644, 753], [1645, 753], [1606, 754], [1607, 754], [1608, 754], [1609, 754], [1644, 754], [1645, 754], [1646, 754], [1607, 755], [1608, 755], [1609, 755], [1610, 755], [1644, 755], [1645, 755], [1646, 755], [1647, 755], [1608, 756], [1609, 756], [1610, 756], [1611, 756], [1645, 756], [1646, 756], [1647, 756], [1648, 756], [1609, 757], [1610, 757], [1611, 757], [1612, 757], [1646, 757], [1647, 757], [1648, 757], [1649, 757], [1610, 758], [1611, 758], [1612, 758], [1613, 758], [1647, 758], [1648, 758], [1649, 758], [1650, 758], [1611, 759], [1612, 759], [1613, 759], [1614, 759], [1648, 759], [1649, 759], [1650, 759], [1651, 759], [1612, 760], [1613, 760], [1614, 760], [1649, 760], [1650, 760], [1651, 760], [1613, 761], [1614, 761], [1615, 761], [1650, 761], [1651, 761], [1652, 761], [1613, 762], [1614, 762], [1615, 762], [1616, 762], [1650, 762], [1651, 762], [1652, 762], [1653, 762], [1614, 763], [1615, 763], [1616, 763], [1617, 763], [1651, 763], [1652, 763], [1653, 763], [1654, 763], [1615, 764], [1616, 764], [1617, 764], [1618, 764], [1652, 764], [1653, 764], [1654, 764], [1655, 764], [1616, 765], [1617, 765], [1618, 765], [1653, 765], [1654, 765], [1655, 765], [1656, 765], [1617, 766], [1618, 766], [1619, 766], [1654, 766], [1655, 766], [1656, 766], [1657, 766], [1617, 767], [1618, 767], [1619, 767], [1620, 767], [1655, 767], [1656, 767], [1657, 767], [1658, 767], [1618, 768], [1619, 768], [1620, 768], [1621, 768], [1656, 768], [1657, 768], [1658, 768], [1659, 768], [1619, 769], [1620, 769], [1621, 769], [1622, 769], [1657, 769], [1658, 769], [1659, 769], [1660, 769], [1620, 770], [1621, 770], [1622, 770], [1623, 770], [1658, 770], [1659, 770], [1660, 770], [1661, 770], [1621, 771], [1622, 771], [1623, 771], [1624, 771], [1659, 771], [1660, 771], [1661, 771], [1662, 771], [1622, 772], [1623, 772], [1624, 772], [1625, 772], [1660, 772], [1661, 772], [1662, 772], [1663, 772], [1623, 773], [1624, 773], [1625, 773], [1626, 773], [1661, 773], [1662, 773], [1663, 773], [1624, 774], [1625, 774], [1626, 774], [1627, 774], [1662, 774], [1663, 774], [1664, 774], [1625, 775], [1626, 775], [1627, 775], [1628, 775], [1662, 775], [1663, 775], [1664, 775], [1665, 775], [1626, 776], [1627, 776], [1628, 776], [1629, 776], [1663, 776], [1664, 776], [1665, 776], [1666, 776], [1627, 777], [1628, 777], [1629, 777], [1630, 777], [1664, 777], [1665, 777], [1666, 777], [1667, 777], [1628, 778], [1629, 778], [1630, 778], [1665, 778], [1666, 778], [1667, 778], [1629, 779], [1630, 779], [1631, 779], [1666, 779], [1667, 779], [1668, 779], [1629, 780], [1630, 780], [1631, 780], [1632, 780], [1666, 780], [1667, 780], [1668, 780], [1669, 780], [1630, 781], [1631, 781], [1632, 781], [1667, 781], [1668, 781], [1669, 781], [1670, 781], [1631, 782], [1632, 782], [1633, 782], [1668, 782], [1669, 782], [1670, 782], [1671, 782], [1631, 783], [1632, 783], [1633, 783], [1634, 783], [1669, 783], [1670, 783], [1671, 783], [1672, 783], [1632, 784], [1633, 784], [1634, 784], [1635, 784], [1670, 784], [1671, 784], [1672, 784], [1673, 784], [1633, 785], [1634, 785], [1635, 785], [1636, 785], [1671, 785], [1672, 785], [1673, 785], [1674, 785], [1634, 786], [1635, 786], [1636, 786], [1672, 786], [1673, 786], [1674, 786], [1675, 786], [1635, 787], [1636, 787], [1637, 787], [1673, 787], [1674, 787], [1675, 787], [1676, 787], [1635, 788], [1636, 788], [1637, 788], [1638, 788], [1674, 788], [1675, 788], [1676, 788], [1677, 788], [1636, 789], [1637, 789], [1638, 789], [1639, 789], [1675, 789], [1676, 789], [1677, 789], [1678, 789], [1637, 790], [1638, 790], [1639, 790], [1640, 790], [1676, 790], [1677, 790], [1678, 790], [1679, 790], [1638, 791], [1639, 791], [1640, 791], [1641, 791], [1677, 791], [1678, 791], [1679, 791], [1680, 791], [1639, 792], [1640, 792], [1641, 792], [1678, 792], [1679, 792], [1680, 792], [1681, 792], [1640, 793], [1641, 793], [1642, 793], [1679, 793], [1680, 793], [1681, 793], [1682, 793], [1640, 794], [1641, 794], [1642, 794], [1643, 794], [1680, 794], [1681, 794], [1682, 794], [1683, 794], [1641, 795], [1642, 795], [1643, 795], [1644, 795], [1681, 795], [1682, 795], [1683, 795], [1684, 795], [1642, 796], [1643, 796], [1644, 796], [1645, 796], [1682, 796], [1683, 796], [1684, 796], [1643, 797], [1644, 797], [1645, 797], [1646, 797], [1683, 797], [1684, 797], [1685, 797], [1644, 798], [1645, 798], [1646, 798], [1647, 798], [1683, 798], [1684, 798], [1685, 798], [1686, 798], [1645, 799], [1646, 799], [1647, 799], [1648, 799], [1684, 799], [1685, 799], [1686, 799], [1687, 799], [1646, 800], [1647, 800], [1648, 800], [1649, 800], [1685, 800], [1686, 800], [1687, 800], [1688, 800], [1647, 801], [1648, 801], [1649, 801], [1686, 801], [1687, 801], [1688, 801], [1689, 801], [1648, 802], [1649, 802], [1650, 802], [1687, 802], [1688, 802], [1689, 802], [1648, 803], [1649, 803], [1650, 803], [1651, 803], [1688, 803], [1689, 803], [1690, 803], [1649, 804], [1650, 804], [1651, 804], [1652, 804], [1688, 804], [1689, 804], [1690, 804], [1691, 804], [1650, 805], [1651, 805], [1652, 805], [1653, 805], [1689, 805], [1690, 805], [1691, 805], [1692, 805], [1651, 806], [1652, 806], [1653, 806], [1654, 806], [1690, 806], [1691, 806], [1692, 806], [1693, 806], [1652, 807], [1653, 807], [1654, 807], [1655, 807], [1691, 807], [1692, 807], [1693, 807], [1694, 807], [1653, 808], [1654, 808], [1655, 808], [1692, 808], [1693, 808], [1694, 808], [1695, 808], [1654, 809], [1655, 809], [1656, 809], [1693, 809], [1694, 809], [1695, 809], [1696, 809], [1654, 810], [1655, 810], [1656, 810], [1657, 810], [1694, 810], [1695, 810], [1696, 810], [1697, 810], [1655, 811], [1656, 811], [1657, 811], [1658, 811], [1695, 811], [1696, 811], [1697, 811], [1698, 811], [1656, 812], [1657, 812], [1658, 812], [1659, 812], [1696, 812], [1697, 812], [1698, 812], [1657, 813], [1658, 813], [1659, 813], [1660, 813], [1697, 813], [1698, 813], [1699, 813], [1658, 814], [1659, 814], [1660, 814], [1697, 814], [1698, 814], [1699, 814], [1700, 814], [1659, 815], [1660, 815], [1661, 815], [1698, 815], [1699, 815], [1700, 815], [1701, 815], [1659, 816], [1660, 816], [1661, 816], [1662, 816], [1699, 816], [1700, 816], [1701, 816], [1702, 816], [1660, 817], [1661, 817], [1662, 817], [1663, 817], [1700, 817], [1701, 817], [1702, 817], [1703, 817], [1661, 818], [1662, 818], [1663, 818], [1664, 818], [1701, 818], [1702, 818], [1703, 818], [1704, 818], [1662, 819], [1663, 819], [1664, 819], [1665, 819], [1702, 819], [1703, 819], [1704, 819], [1705, 819], [1663, 820], [1664, 820], [1665, 820], [1703, 820], [1704, 820], [1705, 820], [1706, 820], [1664, 821], [1665, 821], [1666, 821], [1704, 821], [1705, 821], [1706, 821], [1664, 822], [1665, 822], [1666, 822], [1667, 822], [1705, 822], [1706, 822], [1707, 822], [1665, 823], [1666, 823], [1667, 823], [1668, 823], [1705, 823], [1706, 823], [1707, 823], [1708, 823], [1666, 824], [1667, 824], [1668, 824], [1669, 824], [1706, 824], [1707, 824], [1708, 824], [1709, 824], [1667, 825], [1668, 825], [1669, 825], [1670, 825], [1707, 825], [1708, 825], [1709, 825], [1710, 825], [1668, 826], [1669, 826], [1670, 826], [1671, 826], [1708, 826], [1709, 826], [1710, 826], [1711, 826], [1669, 827], [1670, 827], [1671, 827], [1672, 827], [1709, 827], [1710, 827], [1711, 827], [1712, 827], [1670, 828], [1671, 828], [1672, 828], [1673, 828], [1710, 828], [1711, 828], [1712, 828], [1713, 828], [1671, 829], [1672, 829], [1673, 829], [1711, 829], [1712, 829], [1713, 829], [1714, 829], [1672, 830], [1673, 830], [1674, 830], [1712, 830], [1713, 830], [1714, 830], [1715, 830], [1672, 831], [1673, 831], [1674, 831], [1675, 831], [1713, 831], [1714, 831], [1715, 831], [1716, 831], [1673, 832], [1674, 832], [1675, 832], [1676, 832], [1714, 832], [1715, 832], [1716, 832], [1674, 833], [1675, 833], [1676, 833], [1677, 833], [1715, 833], [1716, 833], [1717, 833], [1675, 834], [1676, 834], [1677, 834], [1678, 834], [1715, 834], [1716, 834], [1717, 834], [1718, 834], [1676, 835], [1677, 835], [1678, 835], [1679, 835], [1716, 835], [1717, 835], [1718, 835], [1719, 835], [1677, 836], [1678, 836], [1679, 836], [1717, 836], [1718, 836], [1719, 836], [1720, 836], [1678, 837], [1679, 837], [1680, 837], [1718, 837], [1719, 837], [1720, 837], [1721, 837], [1678, 838], [1679, 838], [1680, 838], [1681, 838], [1719, 838], [1720, 838], [1721, 838], [1679, 839], [1680, 839], [1681, 839], [1682, 839], [1720, 839], [1721, 839], [1722, 839], [1680, 840], [1681, 840], [1682, 840], [1683, 840], [1720, 840], [1721, 840], [1722, 840], [1723, 840], [1681, 841], [1682, 841], [1683, 841], [1684, 841], [1721, 841], [1722, 841], [1723, 841], [1724, 841], [1682, 842], [1683, 842], [1684, 842], [1685, 842], [1722, 842], [1723, 842], [1724, 842], [1725, 842], [1683, 843], [1684, 843], [1685, 843], [1723, 843], [1724, 843], [1725, 843], [1726, 843], [1684, 844], [1685, 844], [1686, 844], [1724, 844], [1725, 844], [1726, 844], [1727, 844], [1684, 845], [1685, 845], [1686, 845], [1687, 845], [1725, 845], [1726, 845], [1727, 845], [1685, 846], [1686, 846], [1687, 846], [1688, 846], [1726, 846], [1727, 846], [1686, 847], [1687, 847], [1688, 847], [1689, 847], [1726, 847], [1727, 847], [1728, 847], [1687, 848], [1688, 848], [1689, 848], [1690, 848], [1726, 848], [1727, 848], [1728, 848], [1729, 848], [1730, 848], [1688, 849], [1689, 849], [1690, 849], [1727, 849], [1728, 849], [1729, 849], [1730, 849], [1689, 850], [1690, 850], [1691, 850], [1729, 850], [1730, 850], [1731, 850], [1689, 851], [1690, 851], [1691, 851], [1692, 851], [1729, 851], [1730, 851], [1731, 851], [1732, 851], [1690, 852], [1691, 852], [1692, 852], [1693, 852], [1730, 852], [1731, 852], [1732, 852], [1733, 852], [1734, 852], [1691, 853], [1692, 853], [1693, 853], [1694, 853], [1731, 853], [1732, 853], [1733, 853], [1734, 853], [1735, 853], [1692, 854], [1693, 854], [1694, 854], [1695, 854], [1733, 854], [1734, 854], [1735, 854], [1693, 855], [1694, 855], [1695, 855], [1734, 855], [1735, 855], [1736, 855], [1737, 855], [1694, 856], [1695, 856], [1696, 856], [1734, 856], [1735, 856], [1736, 856], [1737, 856], [1738, 856], [1694, 857], [1695, 857], [1696, 857], [1697, 857], [1736, 857], [1737, 857], [1738, 857], [1739, 857], [1695, 858], [1696, 858], [1697, 858], [1698, 858], [1737, 858], [1738, 858], [1739, 858], [1740, 858], [1696, 859], [1697, 859], [1698, 859], [1699, 859], [1738, 859], [1739, 859], [1740, 859], [1741, 859], [1697, 860], [1698, 860], [1699, 860], [1700, 860], [1739, 860], [1740, 860], [1741, 860], [1742, 860], [1698, 861], [1699, 861], [1700, 861], [1701, 861], [1740, 861], [1741, 861], [1742, 861], [1743, 861], [1699, 862], [1700, 862], [1701, 862], [1741, 862], [1742, 862], [1743, 862], [1744, 862], [1700, 863], [1701, 863], [1702, 863], [1742, 863], [1743, 863], [1744, 863], [1745, 863], [1700, 864], [1701, 864], [1702, 864], [1703, 864], [1743, 864], [1744, 864], [1745, 864], [1746, 864], [1701, 865], [1702, 865], [1703, 865], [1704, 865], [1744, 865], [1745, 865], [1746, 865], [1747, 865], [1702, 866], [1703, 866], [1704, 866], [1705, 866], [1745, 866], [1746, 866], [1747, 866], [1703, 867], [1704, 867], [1705, 867], [1706, 867], [1746, 867], [1747, 867], [1748, 867], [1704, 868], [1705, 868], [1706, 868], [1707, 868], [1746, 868], [1747, 868], [1748, 868], [1749, 868], [1705, 869], [1706, 869], [1707, 869], [1708, 869], [1747, 869], [1748, 869], [1749, 869], [1750, 869], [1706, 870], [1707, 870], [1708, 870], [1709, 870], [1748, 870], [1749, 870], [1750, 870], [1751, 870], [1707, 871], [1708, 871], [1709, 871], [1749, 871], [1750, 871], [1751, 871], [1752, 871], [1708, 872], [1709, 872], [1710, 872], [1750, 872], [1751, 872], [1752, 872], [1753, 872], [1708, 873], [1709, 873], [1710, 873], [1711, 873], [1751, 873], [1752, 873], [1753, 873], [1754, 873], [1709, 874], [1710, 874], [1711, 874], [1712, 874], [1752, 874], [1753, 874], [1754, 874], [1755, 874], [1710, 875], [1711, 875], [1712, 875], [1713, 875], [1753, 875], [1754, 875], [1755, 875], [1756, 875], [1711, 876], [1712, 876], [1713, 876], [1714, 876], [1754, 876], [1755, 876], [1756, 876], [1757, 876], [1712, 877], [1713, 877], [1714, 877], [1715, 877], [1755, 877], [1756, 877], [1757, 877], [1713, 878], [1714, 878], [1715, 878], [1716, 878], [1756, 878], [1757, 878], [1758, 878], [1714, 879], [1715, 879], [1716, 879], [1756, 879], [1757, 879], [1758, 879], [1759, 879], [1715, 880], [1716, 880], [1717, 880], [1757, 880], [1758, 880], [1759, 880], [1760, 880], [1715, 881], [1716, 881], [1717, 881], [1718, 881], [1758, 881], [1759, 881], [1760, 881], [1761, 881], [1716, 882], [1717, 882], [1718, 882], [1719, 882], [1759, 882], [1760, 882], [1761, 882], [1762, 882], [1717, 883], [1718, 883], [1719, 883], [1720, 883], [1760, 883], [1761, 883], [1762, 883], [1763, 883], [1718, 884], [1719, 884], [1720, 884], [1721, 884], [1761, 884], [1762, 884], [1763, 884], [1764, 884], [1719, 885], [1720, 885], [1721, 885], [1722, 885], [1762, 885], [1763, 885], [1764, 885], [1765, 885], [1720, 886], [1721, 886], [1722, 886], [1723, 886], [1763, 886], [1764, 886], [1765, 886], [1721, 887], [1722, 887], [1723, 887], [1764, 887], [1765, 887], [1766, 887], [1722, 888], [1723, 888], [1724, 888], [1764, 888], [1765, 888], [1766, 888], [1767, 888], [1722, 889], [1723, 889], [1724, 889], [1725, 889], [1765, 889], [1766, 889], [1767, 889], [1768, 889], [1723, 890], [1724, 890], [1725, 890], [1726, 890], [1766, 890], [1767, 890], [1768, 890], [1769, 890], [1724, 891], [1725, 891], [1726, 891], [1727, 891], [1767, 891], [1768, 891], [1769, 891], [1770, 891], [1725, 892], [1726, 892], [1727, 892], [1768, 892], [1769, 892], [1770, 892], [1771, 892], [1726, 893], [1727, 893], [1728, 893], [1769, 893], [1770, 893], [1771, 893], [1772, 893], [1726, 894], [1727, 894], [1728, 894], [1729, 894], [1770, 894], [1771, 894], [1772, 894], [1773, 894], [1727, 895], [1728, 895], [1729, 895], [1730, 895], [1771, 895], [1772, 895], [1773, 895], [1774, 895], [1728, 896], [1729, 896], [1730, 896], [1731, 896], [1772, 896], [1773, 896], [1774, 896], [1775, 896], [1729, 897], [1730, 897], [1731, 897], [1732, 897], [1773, 897], [1774, 897], [1775, 897], [1730, 898], [1731, 898], [1732, 898], [1733, 898], [1774, 898], [1775, 898], [1776, 898], [1731, 899], [1732, 899], [1733, 899], [1774, 899], [1775, 899], [1776, 899], [1777, 899], [1732, 900], [1733, 900], [1734, 900], [1775, 900], [1776, 900], [1777, 900], [1778, 900], [1732, 901], [1733, 901], [1734, 901], [1735, 901], [1776, 901], [1777, 901], [1778, 901], [1779, 901], [1733, 902], [1734, 902], [1735, 902], [1736, 902], [1777, 902], [1778, 902], [1779, 902], [1780, 902], [1734, 903], [1735, 903], [1736, 903], [1737, 903], [1778, 903], [1779, 903], [1780, 903], [1781, 903], [1735, 904], [1736, 904], [1737, 904], [1738, 904], [1779, 904], [1780, 904], [1781, 904], [1736, 905], [1737, 905], [1738, 905], [1739, 905], [1780, 905], [1781, 905], [1782, 905], [1783, 905], [1737, 906], [1738, 906], [1739, 906], [1780, 906], [1781, 906], [1782, 906], [1783, 906], [1784, 906], [1738, 907], [1739, 907], [1740, 907], [1782, 907], [1783, 907], [1784, 907], [1738, 908], [1739, 908], [1740, 908], [1741, 908], [1783, 908], [1784, 908], [1785, 908], [1739, 909], [1740, 909], [1741, 909], [1742, 909], [1783, 909], [1784, 909], [1785, 909], [1786, 909], [1740, 910], [1741, 910], [1742, 910], [1743, 910], [1784, 910], [1785, 910], [1786, 910], [1787, 910], [1741, 911], [1742, 911], [1743, 911], [1744, 911], [1785, 911], [1786, 911], [1787, 911], [1788, 911], [1742, 912], [1743, 912], [1744, 912], [1786, 912], [1787, 912], [1788, 912], [1789, 912], [1743, 913], [1744, 913], [1745, 913], [1787, 913], [1788, 913], [1789, 913], [1790, 913], [1743, 914], [1744, 914], [1745, 914], [1746, 914], [1788, 914], [1789, 914], [1790, 914], [1791, 914], [1744, 915], [1745, 915], [1746, 915], [1747, 915], [1789, 915], [1790, 915], [1791, 915], [1792, 915], [1745, 916], [1746, 916], [1747, 916], [1748, 916], [1790, 916], [1791, 916], [1792, 916], [1793, 916], [1746, 917], [1747, 917], [1748, 917], [1749, 917], [1791, 917], [1792, 917], [1793, 917], [1794, 917], [1747, 918], [1748, 918], [1749, 918], [1750, 918], [1792, 918], [1793, 918], [1794, 918], [1795, 918], [1748, 919], [1749, 919], [1750, 919], [1793, 919], [1794, 919], [1795, 919], [1796, 919], [1749, 920], [1750, 920], [1751, 920], [1794, 920], [1795, 920], [1796, 920], [1749, 921], [1750, 921], [1751, 921], [1752, 921], [1795, 921], [1796, 921], [1797, 921], [1750, 922], [1751, 922], [1752, 922], [1753, 922], [1795, 922], [1796, 922], [1797, 922], [1798, 922], [1751, 923], [1752, 923], [1753, 923], [1754, 923], [1796, 923], [1797, 923], [1798, 923], [1799, 923], [1752, 924], [1753, 924], [1754, 924], [1755, 924], [1797, 924], [1798, 924], [1799, 924], [1800, 924], [1753, 925], [1754, 925], [1755, 925], [1798, 925], [1799, 925], [1800, 925], [1801, 925], [1754, 926], [1755, 926], [1756, 926], [1799, 926], [1800, 926], [1801, 926], [1802, 926], [1754, 927], [1755, 927], [1756, 927], [1757, 927], [1800, 927], [1801, 927], [1802, 927], [1803, 927], [1755, 928], [1756, 928], [1757, 928], [1758, 928], [1801, 928], [1802, 928], [1803, 928], [1804, 928], [1756, 929], [1757, 929], [1758, 929], [1759, 929], [1802, 929], [1803, 929], [1804, 929], [1805, 929], [1757, 930], [1758, 930], [1759, 930], [1760, 930], [1803, 930], [1804, 930], [1805, 930], [1806, 930], [1758, 931], [1759, 931], [1760, 931], [1761, 931], [1804, 931], [1805, 931], [1806, 931], [1759, 932], [1760, 932], [1761, 932], [1805, 932], [1806, 932], [1807, 932], [1760, 933], [1761, 933], [1762, 933], [1805, 933], [1806, 933], [1807, 933], [1808, 933], [1760, 934], [1761, 934], [1762, 934], [1763, 934], [1806, 934], [1807, 934], [1808, 934], [1809, 934], [1761, 935], [1762, 935], [1763, 935], [1764, 935], [1807, 935], [1808, 935], [1809, 935], [1810, 935], [1762, 936], [1763, 936], [1764, 936], [1765, 936], [1808, 936], [1809, 936], [1810, 936], [1811, 936], [1763, 937], [1764, 937], [1765, 937], [1766, 937], [1809, 937], [1810, 937], [1811, 937], [1764, 938], [1765, 938], [1766, 938], [1767, 938], [1810, 938], [1811, 938], [1812, 938], [1765, 939], [1766, 939], [1767, 939], [1768, 939], [1810, 939], [1811, 939], [1812, 939], [1813, 939], [1766, 940], [1767, 940], [1768, 940], [1769, 940], [1811, 940], [1812, 940], [1813, 940], [1814, 940], [1767, 941], [1768, 941], [1769, 941], [1812, 941], [1813, 941], [1814, 941], [1815, 941], [1768, 942], [1769, 942], [1770, 942], [1813, 942], [1814, 942], [1815, 942], [1816, 942], [1768, 943], [1769, 943], [1770, 943], [1771, 943], [1814, 943], [1815, 943], [1816, 943], [1817, 943], [1769, 944], [1770, 944], [1771, 944], [1772, 944], [1815, 944], [1816, 944], [1817, 944], [1818, 944], [1770, 945], [1771, 945], [1772, 945], [1773, 945], [1816, 945], [1817, 945], [1818, 945], [1819, 945], [1771, 946], [1772, 946], [1773, 946], [1817, 946], [1818, 946], [1819, 946], [1820, 946], [1772, 947], [1773, 947], [1774, 947], [1818, 947], [1819, 947], [1820, 947], [1821, 947], [1772, 948], [1773, 948], [1774, 948], [1775, 948], [1819, 948], [1820, 948], [1821, 948], [1773, 949], [1774, 949], [1775, 949], [1776, 949], [1820, 949], [1821, 949], [1822, 949], [1774, 950], [1775, 950], [1776, 950], [1777, 950], [1820, 950], [1821, 950], [1822, 950], [1823, 950], [1775, 951], [1776, 951], [1777, 951], [1778, 951], [1821, 951], [1822, 951], [1823, 951], [1824, 951], [1776, 952], [1777, 952], [1778, 952], [1822, 952], [1823, 952], [1824, 952], [1777, 953], [1778, 953], [1779, 953], [1823, 953], [1824, 953], [1777, 954], [1778, 954], [1779, 954], [1780, 954], [1824, 954], [1778, 955], [1779, 955], [1780, 955], [1781, 955], [1824, 955], [1779, 956], [1780, 956], [1781, 956], [1782, 956], [1780, 957], [1781, 957], [1782, 957], [1783, 957], [1781, 958], [1782, 958], [1783, 958], [1784, 958], [1782, 959], [1783, 959], [1784, 959], [1785, 959], [1783, 960], [1784, 960], [1785, 960], [1784, 961], [1785, 961], [1786, 961], [1784, 962], [1785, 962], [1786, 962], [1787, 962], [1785, 963], [1786, 963], [1787, 963], [1788, 963], [1786, 964], [1787, 964], [1788, 964], [1787, 965], [1788, 965], [1789, 965], [1787, 966], [1788, 966], [1789, 966], [1790, 966], [1788, 967], [1789, 967], [1790, 967], [1791, 967], [1789, 968], [1790, 968], [1791, 968], [1792, 968], [1790, 969], [1791, 969], [1792, 969], [1793, 969], [1791, 970], [1792, 970], [1793, 970], [1792, 971], [1793, 971], [1794, 971], [1792, 972], [1793, 972], [1794, 972], [1795, 972], [1793, 973], [1794, 973], [1795, 973], [1796, 973], [1794, 974], [1795, 974], [1796, 974], [1797, 974], [1795, 975], [1796, 975], [1797, 975], [1798, 975], [1796, 976], [1797, 976], [1798, 976], [1799, 976], [1797, 977], [1798, 977], [1799, 977], [1798, 978], [1799, 978], [1800, 978], [1798, 979], [1799, 979], [1800, 979], [1801, 979], [1799, 980], [1800, 980], [1801, 980], [1802, 980], [1800, 981], [1801, 981], [1802, 981], [1803, 981], [1801, 982], [1802, 982], [1803, 982], [1804, 982], [1802, 983], [1803, 983], [1804, 983], [1803, 984], [1804, 984], [1805, 984], [1803, 985], [1804, 985], [1805, 985], [1806, 985], [1804, 986], [1805, 986], [1806, 986], [1807, 986], [1805, 987], [1806, 987], [1807, 987], [1808, 987], [1806, 988], [1807, 988], [1808, 988], [1809, 988], [1807, 989], [1808, 989], [1809, 989], [1808, 990], [1809, 990], [1810, 990], [1808, 991], [1809, 991], [1810, 991], [1811, 991], [1809, 992], [1810, 992], [1811, 992], [1812, 992], [1810, 993], [1811, 993], [1812, 993], [1813, 993], [1811, 994], [1812, 994], [1813, 994], [1814, 994], [1812, 995], [1813, 995], [1814, 995], [1815, 995], [1813, 996], [1814, 996], [1815, 996], [1816, 996], [1814, 997], [1815, 997], [1816, 997], [1817, 997], [1815, 998], [1816, 998], [1817, 998], [1816, 999], [1817, 999], [1818, 999], [1816, 1000], [1817, 1000], [1818, 1000], [1819, 1000], [1817, 1001], [1818, 1001], [1819, 1001], [1820, 1001], [1821, 1001], [1818, 1002], [1819, 1002], [1820, 1002], [1821, 1002], [1820, 1003], [1821, 1003], [1822, 1003], [1820, 1004], [1821, 1004], [1822, 1004], [1823, 1004], [1821, 1005], [1822, 1005], [1823, 1005], [1824, 1005], [1822, 1006], [1823, 1006], [1824, 1006], [1823, 1007], [1824, 1007], [1824, 1008]


