White line left - 




Yellow line left - [1532, 227], [1533, 227], [1530, 228], [1531, 228], [1532, 228], [1529, 229], [1530, 229], [1531, 229], [1517, 236], [1518, 236], [1519, 236], [1515, 237], [1516, 237], [1517, 237], [1518, 237], [1519, 237], [1520, 237], [1521, 237], [1522, 237], [1523, 237], [1526, 237], [1527, 237], [1528, 237], [1529, 237], [1530, 237], [1518, 238], [1519, 238], [1520, 238], [1521, 238], [1522, 238], [1523, 238], [1524, 238], [1525, 238], [1526, 238], [1527, 238], [1528, 238], [1529, 238], [1530, 238], [1522, 239], [1523, 239], [1524, 239], [1525, 239], [1526, 239], [1527, 239], [1529, 239], [1530, 239], [1523, 240], [1524, 240], [1525, 240], [1528, 240], [1529, 240], [1530, 240], [1528, 241], [1529, 241], [1530, 241], [1531, 241], [1528, 242], [1529, 242], [1530, 242], [1531, 242], [1532, 242], [1533, 242], [1534, 242], [1535, 242], [1536, 242], [1537, 242], [1538, 242], [1539, 242], [1540, 242], [1541, 242], [1542, 242], [1543, 242], [1544, 242], [1530, 243], [1531, 243], [1532, 243], [1533, 243], [1534, 243], [1535, 243], [1536, 243], [1537, 243], [1538, 243], [1539, 243], [1540, 243], [1541, 243], [1542, 243], [1543, 243], [1544, 243], [1545, 243], [1546, 243], [1547, 243], [1548, 243], [1549, 243], [1550, 243], [1551, 243], [1552, 243], [1541, 244], [1542, 244], [1543, 244], [1544, 244], [1545, 244], [1546, 244], [1547, 244], [1548, 244], [1549, 244], [1550, 244], [1551, 244], [1552, 244], [1542, 245], [1543, 245], [1544, 245], [1551, 245], [1552, 245], [1542, 246], [1544, 246], [1547, 246], [1548, 246], [1549, 246], [1551, 246], [1552, 246], [1553, 246], [1554, 246], [1555, 246], [1556, 246], [1542, 247], [1543, 247], [1544, 247], [1546, 247], [1547, 247], [1548, 247], [1549, 247], [1551, 247], [1552, 247], [1553, 247], [1554, 247], [1555, 247], [1556, 247], [1546, 248], [1547, 248], [1548, 248], [1549, 248], [1551, 248], [1552, 248], [1553, 248], [1554, 248], [1555, 248], [1556, 248], [1546, 249], [1547, 249], [1548, 249], [1549, 249], [1551, 249], [1552, 249], [1553, 249], [1554, 249], [1555, 249], [1550, 250], [1551, 250], [1552, 250], [1553, 250], [1554, 250], [1555, 250], [1550, 251], [1551, 251], [1552, 251], [1547, 252], [1548, 252], [1549, 252], [1550, 252], [1551, 252], [1536, 253], [1537, 253], [1538, 253], [1544, 253], [1545, 253], [1546, 253], [1547, 253], [1548, 253], [1549, 253], [1550, 253], [1551, 253], [1535, 254], [1536, 254], [1537, 254], [1538, 254], [1539, 254], [1540, 254], [1541, 254], [1542, 254], [1543, 254], [1544, 254], [1545, 254], [1546, 254], [1547, 254], [1548, 254], [1535, 255], [1536, 255], [1537, 255], [1538, 255], [1539, 255], [1540, 255], [1541, 255], [1542, 255], [1543, 255], [1544, 255], [1545, 255], [1533, 256], [1534, 256], [1535, 256], [1536, 256], [1531, 257], [1532, 257], [1533, 257], [1534, 257], [1535, 257], [1536, 257], [1528, 258], [1529, 258], [1530, 258], [1531, 258], [1532, 258], [1533, 258], [1534, 258], [1535, 258], [1536, 258], [1527, 259], [1528, 259], [1529, 259], [1530, 259], [1531, 259], [1532, 259], [1527, 260], [1528, 260], [1529, 260], [1525, 261], [1526, 261], [1527, 261], [1528, 261], [1473, 262], [1474, 262], [1525, 262], [1526, 262], [1527, 262], [1528, 262], [1472, 263], [1517, 263], [1518, 263], [1519, 263], [1520, 263], [1521, 263], [1522, 263], [1523, 263], [1524, 263], [1525, 263], [1526, 263], [1471, 264], [1472, 264], [1502, 264], [1503, 264], [1504, 264], [1505, 264], [1506, 264], [1515, 264], [1516, 264], [1517, 264], [1518, 264], [1519, 264], [1520, 264], [1521, 264], [1522, 264], [1523, 264], [1524, 264], [1525, 264], [1526, 264], [1471, 265], [1472, 265], [1498, 265], [1499, 265], [1500, 265], [1501, 265], [1502, 265], [1503, 265], [1504, 265], [1505, 265], [1506, 265], [1508, 265], [1509, 265], [1510, 265], [1513, 265], [1514, 265], [1515, 265], [1516, 265], [1517, 265], [1518, 265], [1519, 265], [1520, 265], [1521, 265], [1522, 265], [1471, 266], [1472, 266], [1495, 266], [1496, 266], [1497, 266], [1498, 266], [1499, 266], [1500, 266], [1501, 266], [1502, 266], [1503, 266], [1505, 266], [1506, 266], [1507, 266], [1508, 266], [1509, 266], [1510, 266], [1511, 266], [1512, 266], [1513, 266], [1514, 266], [1515, 266], [1516, 266], [1517, 266], [1518, 266], [1519, 266], [1471, 267], [1472, 267], [1473, 267], [1474, 267], [1495, 267], [1496, 267], [1497, 267], [1498, 267], [1499, 267], [1500, 267], [1501, 267], [1505, 267], [1506, 267], [1507, 267], [1508, 267], [1509, 267], [1510, 267], [1511, 267], [1512, 267], [1513, 267], [1514, 267], [1515, 267], [1471, 268], [1472, 268], [1473, 268], [1474, 268], [1475, 268], [1476, 268], [1477, 268], [1495, 268], [1496, 268], [1498, 268], [1499, 268], [1500, 268], [1501, 268], [1507, 268], [1508, 268], [1509, 268], [1510, 268], [1511, 268], [1512, 268], [1513, 268], [1514, 268], [1515, 268], [1471, 269], [1472, 269], [1473, 269], [1474, 269], [1475, 269], [1476, 269], [1477, 269], [1478, 269], [1480, 269], [1481, 269], [1482, 269], [1483, 269], [1484, 269], [1485, 269], [1495, 269], [1496, 269], [1497, 269], [1510, 269], [1511, 269], [1512, 269], [1513, 269], [1514, 269], [1515, 269], [1471, 270], [1472, 270], [1473, 270], [1474, 270], [1475, 270], [1476, 270], [1477, 270], [1478, 270], [1480, 270], [1481, 270], [1482, 270], [1483, 270], [1484, 270], [1485, 270], [1486, 270], [1495, 270], [1496, 270], [1497, 270], [1498, 270], [1512, 270], [1513, 270], [1514, 270], [1515, 270], [1471, 271], [1472, 271], [1473, 271], [1474, 271], [1475, 271], [1476, 271], [1477, 271], [1478, 271], [1480, 271], [1481, 271], [1482, 271], [1483, 271], [1485, 271], [1486, 271], [1487, 271], [1488, 271], [1489, 271], [1490, 271], [1491, 271], [1492, 271], [1493, 271], [1494, 271], [1496, 271], [1497, 271], [1498, 271], [1471, 272], [1472, 272], [1473, 272], [1474, 272], [1475, 272], [1480, 272], [1481, 272], [1482, 272], [1483, 272], [1484, 272], [1485, 272], [1486, 272], [1487, 272], [1488, 272], [1489, 272], [1490, 272], [1491, 272], [1492, 272], [1493, 272], [1494, 272], [1497, 272], [1498, 272], [1471, 273], [1472, 273], [1473, 273], [1474, 273], [1475, 273], [1476, 273], [1477, 273], [1478, 273], [1479, 273], [1480, 273], [1483, 273], [1484, 273], [1485, 273], [1486, 273], [1493, 273], [1494, 273], [1497, 273], [1498, 273], [1499, 273], [1471, 274], [1472, 274], [1473, 274], [1474, 274], [1475, 274], [1476, 274], [1477, 274], [1478, 274], [1479, 274], [1480, 274], [1481, 274], [1482, 274], [1483, 274], [1484, 274], [1485, 274], [1486, 274], [1491, 274], [1492, 274], [1493, 274], [1494, 274], [1497, 274], [1498, 274], [1499, 274], [1479, 275], [1480, 275], [1481, 275], [1482, 275], [1483, 275], [1484, 275], [1491, 275], [1492, 275], [1493, 275], [1494, 275], [1495, 275], [1496, 275], [1497, 275], [1498, 275], [1499, 275], [1479, 276], [1480, 276], [1481, 276], [1491, 276], [1492, 276], [1493, 276], [1494, 276], [1495, 276], [1496, 276], [1497, 276], [1498, 276], [1493, 277], [1494, 277], [1495, 277], [1496, 277]




Yellow line right - [1619, 216], [1620, 216], [1621, 216], [1615, 217], [1616, 217], [1617, 217], [1618, 217], [1619, 217], [1620, 217], [1621, 217], [1622, 217], [1623, 217], [1624, 217], [1615, 218], [1617, 218], [1618, 218], [1619, 218], [1620, 218], [1621, 218], [1622, 218], [1623, 218], [1624, 218], [1615, 219], [1616, 219], [1617, 219], [1618, 219], [1619, 219], [1620, 219], [1621, 219], [1622, 219], [1623, 219], [1624, 219], [1617, 220], [1618, 220], [1619, 220]




White line right - [1446, 278], [1447, 278], [1445, 279], [1446, 279], [1447, 279], [1448, 279], [1449, 279], [1443, 280], [1444, 280], [1445, 280], [1446, 280], [1447, 280], [1448, 280], [1449, 280], [1450, 280], [1451, 280], [1443, 281], [1444, 281], [1445, 281], [1446, 281], [1447, 281], [1448, 281], [1449, 281], [1450, 281], [1451, 281], [1463, 281], [1464, 281], [1465, 281], [1466, 281], [1467, 281], [1468, 281], [1469, 281], [1470, 281], [1448, 282], [1449, 282], [1450, 282], [1451, 282], [1461, 282], [1462, 282], [1463, 282], [1464, 282], [1465, 282], [1466, 282], [1467, 282], [1468, 282], [1469, 282], [1470, 282], [1471, 282], [1457, 283], [1458, 283], [1459, 283], [1460, 283], [1461, 283], [1462, 283], [1463, 283], [1464, 283], [1469, 283], [1470, 283], [1471, 283], [1457, 284], [1458, 284], [1459, 284], [1460, 284], [1461, 284], [1462, 284], [1470, 284], [1471, 284], [1472, 284], [1457, 285], [1458, 285], [1459, 285], [1460, 285], [1470, 285], [1471, 285], [1472, 285], [1458, 286], [1459, 286], [1460, 286], [1461, 286], [1462, 286], [1463, 286], [1471, 286], [1472, 286], [1459, 287], [1460, 287], [1461, 287], [1462, 287], [1463, 287], [1464, 287], [1465, 287], [1466, 287], [1467, 287], [1471, 287], [1472, 287], [1473, 287], [1474, 287], [1462, 288], [1463, 288], [1464, 288], [1465, 288], [1466, 288], [1467, 288], [1468, 288], [1469, 288], [1471, 288], [1472, 288], [1473, 288], [1474, 288], [1475, 288], [1476, 288], [1477, 288], [1466, 289], [1467, 289], [1468, 289], [1469, 289], [1470, 289], [1471, 289], [1473, 289], [1474, 289], [1475, 289], [1476, 289], [1477, 289], [1478, 289], [1479, 289], [1468, 290], [1469, 290], [1470, 290], [1471, 290], [1472, 290], [1473, 290], [1474, 290], [1476, 290], [1477, 290], [1478, 290], [1479, 290], [1470, 291], [1471, 291], [1472, 291], [1473, 291], [1474, 291], [1475, 291], [1476, 291], [1477, 291], [1478, 291], [1479, 291], [1473, 292], [1474, 292], [1475, 292], [1476, 292], [1477, 292], [1478, 292], [1479, 292], [1485, 293], [1486, 293], [1487, 293], [1488, 293], [1489, 293], [1490, 293], [1491, 293], [1492, 293], [1485, 294], [1486, 294], [1487, 294], [1488, 294], [1489, 294], [1490, 294], [1491, 294], [1492, 294], [1493, 294], [1494, 294], [1495, 294], [1485, 295], [1486, 295], [1487, 295], [1488, 295], [1491, 295], [1492, 295], [1493, 295], [1494, 295], [1495, 295], [1496, 295], [1497, 295], [1498, 295], [1485, 296], [1486, 296], [1487, 296], [1488, 296], [1489, 296], [1490, 296], [1491, 296], [1494, 296], [1495, 296], [1496, 296], [1497, 296], [1498, 296], [1499, 296], [1500, 296], [1487, 297], [1488, 297], [1489, 297], [1490, 297], [1491, 297], [1492, 297], [1493, 297], [1497, 297], [1498, 297], [1499, 297], [1500, 297], [1501, 297], [1502, 297], [1490, 298], [1491, 298], [1492, 298], [1493, 298], [1494, 298], [1495, 298], [1499, 298], [1500, 298], [1501, 298], [1502, 298], [1503, 298], [1492, 299], [1493, 299], [1494, 299], [1495, 299], [1496, 299], [1497, 299], [1498, 299], [1499, 299], [1500, 299], [1501, 299], [1502, 299], [1503, 299], [1504, 299], [1494, 300], [1495, 300], [1496, 300], [1497, 300], [1498, 300], [1499, 300], [1500, 300], [1501, 300], [1502, 300], [1503, 300], [1504, 300], [1506, 300], [1507, 300], [1508, 300], [1499, 301], [1500, 301], [1501, 301], [1502, 301], [1503, 301], [1504, 301], [1506, 301], [1507, 301], [1508, 301], [1509, 301], [1510, 301], [1511, 301], [1506, 302], [1507, 302], [1508, 302], [1509, 302], [1510, 302], [1511, 302], [1512, 302], [1513, 302], [1514, 302], [1515, 302], [1516, 302], [1517, 302], [1507, 303], [1508, 303], [1509, 303], [1510, 303], [1511, 303], [1512, 303], [1513, 303], [1514, 303], [1515, 303], [1516, 303], [1517, 303], [1518, 303], [1519, 303], [1520, 303], [1509, 304], [1510, 304], [1511, 304], [1512, 304], [1513, 304], [1514, 304], [1515, 304], [1516, 304], [1517, 304], [1518, 304], [1519, 304], [1520, 304], [1521, 304], [1522, 304], [1512, 305], [1513, 305], [1514, 305], [1515, 305], [1516, 305], [1517, 305], [1519, 305], [1520, 305], [1521, 305], [1522, 305], [1523, 305], [1524, 305], [1525, 305], [1514, 306], [1515, 306], [1516, 306], [1517, 306], [1518, 306], [1519, 306], [1520, 306], [1521, 306], [1522, 306], [1523, 306], [1524, 306], [1525, 306], [1526, 306], [1527, 306], [1528, 306], [1516, 307], [1517, 307], [1518, 307], [1519, 307], [1520, 307], [1521, 307], [1522, 307], [1523, 307], [1525, 307], [1526, 307], [1527, 307], [1528, 307], [1529, 307], [1530, 307], [1531, 307], [1532, 307], [1521, 308], [1522, 308], [1523, 308], [1524, 308], [1525, 308], [1526, 308], [1527, 308], [1528, 308], [1529, 308], [1530, 308], [1531, 308], [1532, 308], [1533, 308], [1534, 308], [1535, 308], [1523, 309], [1524, 309], [1525, 309], [1526, 309], [1527, 309], [1528, 309], [1531, 309], [1532, 309], [1533, 309], [1534, 309], [1535, 309], [1536, 309], [1537, 309], [1538, 309], [1525, 310], [1526, 310], [1527, 310], [1528, 310], [1529, 310], [1530, 310], [1531, 310], [1534, 310], [1535, 310], [1536, 310], [1537, 310], [1538, 310], [1539, 310], [1540, 310], [1527, 311], [1528, 311], [1529, 311], [1530, 311], [1531, 311], [1532, 311], [1533, 311], [1534, 311], [1537, 311], [1538, 311], [1539, 311], [1540, 311], [1541, 311], [1542, 311], [1530, 312], [1531, 312], [1532, 312], [1533, 312], [1534, 312], [1535, 312], [1536, 312], [1537, 312], [1538, 312], [1539, 312], [1540, 312], [1541, 312], [1542, 312], [1543, 312], [1544, 312], [1545, 312], [1533, 313], [1534, 313], [1535, 313], [1536, 313], [1537, 313], [1538, 313], [1539, 313], [1540, 313], [1541, 313], [1542, 313], [1543, 313], [1544, 313], [1545, 313], [1546, 313], [1547, 313], [1548, 313], [1537, 314], [1538, 314], [1539, 314], [1540, 314], [1541, 314], [1542, 314], [1543, 314], [1545, 314], [1546, 314], [1547, 314], [1548, 314], [1549, 314], [1550, 314], [1551, 314], [1552, 314], [1539, 315], [1540, 315], [1541, 315], [1542, 315], [1543, 315], [1544, 315], [1545, 315], [1546, 315], [1548, 315], [1549, 315], [1550, 315], [1551, 315], [1552, 315], [1553, 315], [1554, 315], [1555, 315], [1543, 316], [1544, 316], [1545, 316], [1546, 316], [1547, 316], [1548, 316], [1549, 316], [1551, 316], [1552, 316], [1553, 316], [1554, 316], [1555, 316], [1556, 316], [1557, 316], [1558, 316], [1546, 317], [1547, 317], [1548, 317], [1549, 317], [1550, 317], [1554, 317], [1555, 317], [1556, 317], [1557, 317], [1558, 317], [1559, 317], [1548, 318], [1549, 318], [1550, 318], [1551, 318], [1552, 318], [1557, 318], [1558, 318], [1559, 318], [1560, 318], [1549, 319], [1550, 319], [1551, 319], [1552, 319], [1553, 319], [1554, 319], [1555, 319], [1558, 319], [1559, 319], [1560, 319], [1561, 319], [1551, 320], [1552, 320], [1553, 320], [1554, 320], [1555, 320], [1556, 320], [1557, 320], [1558, 320], [1559, 320], [1560, 320], [1561, 320], [1554, 321], [1555, 321], [1556, 321], [1557, 321], [1558, 321], [1559, 321], [1560, 321], [1561, 321], [1585, 327], [1586, 327], [1587, 327], [1584, 328], [1585, 328], [1586, 328], [1587, 328], [1588, 328], [1589, 328], [1590, 328], [1584, 329], [1585, 329], [1586, 329], [1587, 329], [1588, 329], [1589, 329], [1590, 329], [1591, 329], [1592, 329], [1593, 329], [1594, 329], [1584, 330], [1585, 330], [1586, 330], [1587, 330], [1588, 330], [1589, 330], [1591, 330], [1592, 330], [1593, 330], [1594, 330], [1595, 330], [1596, 330], [1597, 330], [1586, 331], [1587, 331], [1588, 331], [1589, 331], [1590, 331], [1591, 331], [1592, 331], [1594, 331], [1595, 331], [1596, 331], [1597, 331], [1598, 331], [1599, 331], [1600, 331], [1590, 332], [1591, 332], [1592, 332], [1593, 332], [1594, 332], [1595, 332], [1596, 332], [1597, 332], [1598, 332], [1599, 332], [1600, 332], [1601, 332], [1602, 332], [1603, 332], [1604, 332], [1592, 333], [1593, 333], [1594, 333], [1595, 333], [1596, 333], [1597, 333], [1599, 333], [1600, 333], [1601, 333], [1602, 333], [1603, 333], [1604, 333], [1605, 333], [1606, 333], [1607, 333], [1594, 334], [1595, 334], [1596, 334], [1597, 334], [1598, 334], [1599, 334], [1600, 334], [1603, 334], [1604, 334], [1605, 334], [1606, 334], [1607, 334], [1608, 334], [1609, 334], [1610, 334], [1596, 335], [1597, 335], [1598, 335], [1599, 335], [1600, 335], [1601, 335], [1602, 335], [1606, 335], [1607, 335], [1608, 335], [1609, 335], [1610, 335], [1611, 335], [1612, 335], [1613, 335], [1599, 336], [1600, 336], [1601, 336], [1602, 336], [1603, 336], [1604, 336], [1605, 336], [1609, 336], [1610, 336], [1611, 336], [1612, 336], [1613, 336], [1614, 336], [1615, 336], [1616, 336], [1617, 336], [1601, 337], [1602, 337], [1603, 337], [1604, 337], [1605, 337], [1606, 337], [1607, 337], [1608, 337], [1612, 337], [1613, 337], [1614, 337], [1615, 337], [1616, 337], [1617, 337], [1618, 337], [1619, 337], [1604, 338], [1605, 338], [1606, 338], [1607, 338], [1608, 338], [1609, 338], [1610, 338], [1611, 338], [1616, 338], [1617, 338], [1618, 338], [1619, 338], [1620, 338], [1621, 338], [1622, 338], [1607, 339], [1608, 339], [1609, 339], [1610, 339], [1611, 339], [1612, 339], [1613, 339], [1618, 339], [1619, 339], [1620, 339], [1621, 339], [1622, 339], [1623, 339], [1624, 339], [1610, 340], [1611, 340], [1612, 340], [1613, 340], [1614, 340], [1615, 340], [1616, 340], [1621, 340], [1622, 340], [1623, 340], [1624, 340], [1625, 340], [1626, 340], [1612, 341], [1613, 341], [1614, 341], [1615, 341], [1616, 341], [1617, 341], [1618, 341], [1623, 341], [1624, 341], [1625, 341], [1626, 341], [1627, 341], [1628, 341], [1615, 342], [1616, 342], [1617, 342], [1618, 342], [1619, 342], [1620, 342], [1621, 342], [1622, 342], [1625, 342], [1626, 342], [1627, 342], [1628, 342], [1629, 342], [1630, 342], [1617, 343], [1618, 343], [1619, 343], [1620, 343], [1621, 343], [1622, 343], [1623, 343], [1624, 343], [1625, 343], [1627, 343], [1628, 343], [1629, 343], [1630, 343], [1621, 344], [1622, 344], [1623, 344], [1624, 344], [1625, 344], [1626, 344], [1627, 344], [1628, 344], [1629, 344], [1630, 344], [1624, 345], [1625, 345], [1626, 345], [1627, 345], [1628, 345], [1629, 345], [1630, 345], [1655, 352], [1656, 352], [1657, 352], [1658, 352], [1659, 352], [1660, 352], [1661, 352], [1655, 353], [1656, 353], [1657, 353], [1658, 353], [1659, 353], [1660, 353], [1661, 353], [1662, 353], [1663, 353], [1664, 353], [1655, 354], [1656, 354], [1657, 354], [1658, 354], [1660, 354], [1661, 354], [1662, 354], [1663, 354], [1664, 354], [1665, 354], [1666, 354], [1667, 354], [1668, 354], [1656, 355], [1657, 355], [1658, 355], [1659, 355], [1660, 355], [1661, 355], [1663, 355], [1664, 355], [1665, 355], [1666, 355], [1667, 355], [1668, 355], [1669, 355], [1670, 355], [1671, 355], [1672, 355], [1657, 356], [1658, 356], [1659, 356], [1660, 356], [1661, 356], [1662, 356], [1663, 356], [1667, 356], [1668, 356], [1669, 356], [1670, 356], [1671, 356], [1672, 356], [1673, 356], [1674, 356], [1675, 356], [1660, 357], [1661, 357], [1662, 357], [1663, 357], [1664, 357], [1665, 357], [1666, 357], [1671, 357], [1672, 357], [1673, 357], [1674, 357], [1675, 357], [1676, 357], [1677, 357], [1678, 357], [1662, 358], [1663, 358], [1664, 358], [1665, 358], [1666, 358], [1667, 358], [1668, 358], [1674, 358], [1675, 358], [1676, 358], [1677, 358], [1678, 358], [1679, 358], [1680, 358], [1681, 358], [1665, 359], [1666, 359], [1667, 359], [1668, 359], [1669, 359], [1670, 359], [1671, 359], [1677, 359], [1678, 359], [1679, 359], [1680, 359], [1681, 359], [1682, 359], [1683, 359], [1684, 359], [1667, 360], [1668, 360], [1669, 360], [1670, 360], [1671, 360], [1672, 360], [1673, 360], [1674, 360], [1680, 360], [1681, 360], [1682, 360], [1683, 360], [1684, 360], [1685, 360], [1686, 360], [1670, 361], [1671, 361], [1672, 361], [1673, 361], [1674, 361], [1675, 361], [1676, 361], [1677, 361], [1683, 361], [1684, 361], [1685, 361], [1686, 361], [1687, 361], [1688, 361], [1689, 361], [1673, 362], [1674, 362], [1675, 362], [1676, 362], [1677, 362], [1678, 362], [1679, 362], [1680, 362], [1685, 362], [1686, 362], [1687, 362], [1688, 362], [1689, 362], [1690, 362], [1691, 362], [1692, 362], [1676, 363], [1677, 363], [1678, 363], [1679, 363], [1680, 363], [1681, 363], [1682, 363], [1688, 363], [1689, 363], [1690, 363], [1691, 363], [1692, 363], [1693, 363], [1694, 363], [1695, 363], [1679, 364], [1680, 364], [1681, 364], [1682, 364], [1683, 364], [1684, 364], [1685, 364], [1691, 364], [1692, 364], [1693, 364], [1694, 364], [1695, 364], [1696, 364], [1697, 364], [1681, 365], [1682, 365], [1683, 365], [1684, 365], [1685, 365], [1686, 365], [1687, 365], [1688, 365], [1694, 365], [1695, 365], [1696, 365], [1697, 365], [1698, 365], [1699, 365], [1700, 365], [1684, 366], [1685, 366], [1686, 366], [1687, 366], [1688, 366], [1689, 366], [1690, 366], [1691, 366], [1696, 366], [1697, 366], [1698, 366], [1699, 366], [1700, 366], [1701, 366], [1702, 366], [1703, 366], [1687, 367], [1688, 367], [1689, 367], [1690, 367], [1691, 367], [1692, 367], [1693, 367], [1694, 367], [1699, 367], [1700, 367], [1701, 367], [1702, 367], [1703, 367], [1704, 367], [1705, 367], [1690, 368], [1691, 368], [1692, 368], [1693, 368], [1694, 368], [1695, 368], [1696, 368], [1697, 368], [1702, 368], [1703, 368], [1704, 368], [1705, 368], [1706, 368], [1707, 368], [1708, 368], [1693, 369], [1694, 369], [1695, 369], [1696, 369], [1697, 369], [1698, 369], [1699, 369], [1700, 369], [1701, 369], [1704, 369], [1705, 369], [1706, 369], [1707, 369], [1708, 369], [1709, 369], [1710, 369], [1711, 369], [1696, 370], [1697, 370], [1698, 370], [1699, 370], [1700, 370], [1701, 370], [1702, 370], [1703, 370], [1704, 370], [1707, 370], [1708, 370], [1709, 370], [1710, 370], [1711, 370], [1712, 370], [1713, 370], [1700, 371], [1701, 371], [1702, 371], [1703, 371], [1704, 371], [1705, 371], [1706, 371], [1707, 371], [1710, 371], [1711, 371], [1712, 371], [1713, 371], [1714, 371], [1703, 372], [1704, 372], [1705, 372], [1706, 372], [1707, 372], [1708, 372], [1709, 372], [1710, 372], [1712, 372], [1713, 372], [1714, 372], [1706, 373], [1707, 373], [1708, 373], [1709, 373], [1710, 373], [1711, 373], [1712, 373], [1713, 373], [1714, 373], [1709, 374], [1710, 374], [1711, 374], [1712, 374], [1713, 374], [1745, 384], [1746, 384], [1747, 384], [1748, 384], [1749, 384], [1750, 384], [1751, 384], [1752, 384], [1753, 384], [1745, 385], [1746, 385], [1747, 385], [1748, 385], [1749, 385], [1750, 385], [1751, 385], [1752, 385], [1753, 385], [1754, 385], [1755, 385], [1756, 385], [1757, 385], [1745, 386], [1746, 386], [1747, 386], [1748, 386], [1749, 386], [1752, 386], [1753, 386], [1754, 386], [1755, 386], [1756, 386], [1757, 386], [1758, 386], [1759, 386], [1760, 386], [1746, 387], [1747, 387], [1748, 387], [1749, 387], [1750, 387], [1751, 387], [1756, 387], [1757, 387], [1758, 387], [1759, 387], [1760, 387], [1761, 387], [1762, 387], [1763, 387], [1748, 388], [1749, 388], [1750, 388], [1751, 388], [1752, 388], [1753, 388], [1759, 388], [1760, 388], [1761, 388], [1762, 388], [1763, 388], [1764, 388], [1765, 388], [1766, 388], [1750, 389], [1751, 389], [1752, 389], [1753, 389], [1754, 389], [1755, 389], [1756, 389], [1762, 389], [1763, 389], [1764, 389], [1765, 389], [1766, 389], [1767, 389], [1768, 389], [1769, 389], [1752, 390], [1753, 390], [1754, 390], [1755, 390], [1756, 390], [1757, 390], [1758, 390], [1759, 390], [1765, 390], [1766, 390], [1767, 390], [1768, 390], [1769, 390], [1770, 390], [1771, 390], [1755, 391], [1756, 391], [1757, 391], [1758, 391], [1759, 391], [1760, 391], [1761, 391], [1762, 391], [1768, 391], [1769, 391], [1770, 391], [1771, 391], [1772, 391], [1773, 391], [1774, 391], [1758, 392], [1759, 392], [1760, 392], [1761, 392], [1762, 392], [1763, 392], [1764, 392], [1765, 392], [1770, 392], [1771, 392], [1772, 392], [1773, 392], [1774, 392], [1775, 392], [1776, 392], [1777, 392], [1761, 393], [1762, 393], [1763, 393], [1764, 393], [1765, 393], [1766, 393], [1767, 393], [1768, 393], [1773, 393], [1774, 393], [1775, 393], [1776, 393], [1777, 393], [1778, 393], [1779, 393], [1780, 393], [1764, 394], [1765, 394], [1766, 394], [1767, 394], [1768, 394], [1769, 394], [1770, 394], [1771, 394], [1776, 394], [1777, 394], [1778, 394], [1779, 394], [1780, 394], [1781, 394], [1782, 394], [1783, 394], [1767, 395], [1768, 395], [1769, 395], [1770, 395], [1771, 395], [1772, 395], [1773, 395], [1774, 395], [1779, 395], [1780, 395], [1781, 395], [1782, 395], [1783, 395], [1784, 395], [1785, 395], [1786, 395], [1770, 396], [1771, 396], [1772, 396], [1773, 396], [1774, 396], [1775, 396], [1776, 396], [1782, 396], [1783, 396], [1784, 396], [1785, 396], [1786, 396], [1787, 396], [1788, 396], [1789, 396], [1773, 397], [1774, 397], [1775, 397], [1776, 397], [1777, 397], [1778, 397], [1779, 397], [1785, 397], [1786, 397], [1787, 397], [1788, 397], [1789, 397], [1790, 397], [1791, 397], [1792, 397], [1775, 398], [1776, 398], [1777, 398], [1778, 398], [1779, 398], [1780, 398], [1781, 398], [1788, 398], [1789, 398], [1790, 398], [1791, 398], [1792, 398], [1793, 398], [1794, 398], [1795, 398], [1778, 399], [1779, 399], [1780, 399], [1781, 399], [1782, 399], [1783, 399], [1784, 399], [1791, 399], [1792, 399], [1793, 399], [1794, 399], [1795, 399], [1796, 399], [1797, 399], [1798, 399], [1241, 400], [1242, 400], [1780, 400], [1781, 400], [1782, 400], [1783, 400], [1784, 400], [1785, 400], [1786, 400], [1787, 400], [1794, 400], [1795, 400], [1796, 400], [1797, 400], [1798, 400], [1799, 400], [1800, 400], [1239, 401], [1240, 401], [1241, 401], [1242, 401], [1243, 401], [1783, 401], [1784, 401], [1785, 401], [1786, 401], [1787, 401], [1788, 401], [1789, 401], [1797, 401], [1798, 401], [1799, 401], [1800, 401], [1801, 401], [1802, 401], [1803, 401], [1238, 402], [1239, 402], [1240, 402], [1241, 402], [1242, 402], [1243, 402], [1244, 402], [1786, 402], [1787, 402], [1788, 402], [1789, 402], [1790, 402], [1791, 402], [1799, 402], [1800, 402], [1801, 402], [1802, 402], [1803, 402], [1804, 402], [1805, 402], [1806, 402], [1240, 403], [1241, 403], [1242, 403], [1243, 403], [1244, 403], [1245, 403], [1788, 403], [1789, 403], [1790, 403], [1791, 403], [1792, 403], [1793, 403], [1794, 403], [1802, 403], [1803, 403], [1804, 403], [1805, 403], [1806, 403], [1807, 403], [1808, 403], [1809, 403], [1241, 404], [1242, 404], [1243, 404], [1244, 404], [1245, 404], [1246, 404], [1790, 404], [1791, 404], [1792, 404], [1793, 404], [1794, 404], [1795, 404], [1796, 404], [1797, 404], [1805, 404], [1806, 404], [1807, 404], [1808, 404], [1809, 404], [1810, 404], [1811, 404], [1242, 405], [1243, 405], [1244, 405], [1245, 405], [1246, 405], [1247, 405], [1793, 405], [1794, 405], [1795, 405], [1796, 405], [1797, 405], [1798, 405], [1799, 405], [1800, 405], [1801, 405], [1808, 405], [1809, 405], [1810, 405], [1811, 405], [1812, 405], [1813, 405], [1814, 405], [1231, 406], [1243, 406], [1244, 406], [1245, 406], [1246, 406], [1247, 406], [1248, 406], [1796, 406], [1797, 406], [1798, 406], [1799, 406], [1800, 406], [1801, 406], [1802, 406], [1803, 406], [1804, 406], [1810, 406], [1811, 406], [1812, 406], [1813, 406], [1814, 406], [1815, 406], [1816, 406], [1229, 407], [1230, 407], [1231, 407], [1232, 407], [1244, 407], [1245, 407], [1246, 407], [1247, 407], [1248, 407], [1249, 407], [1800, 407], [1801, 407], [1802, 407], [1803, 407], [1804, 407], [1805, 407], [1806, 407], [1807, 407], [1813, 407], [1814, 407], [1815, 407], [1816, 407], [1817, 407], [1818, 407], [1819, 407], [1228, 408], [1229, 408], [1230, 408], [1231, 408], [1232, 408], [1233, 408], [1245, 408], [1246, 408], [1247, 408], [1248, 408], [1249, 408], [1250, 408], [1803, 408], [1804, 408], [1805, 408], [1806, 408], [1807, 408], [1808, 408], [1809, 408], [1810, 408], [1815, 408], [1816, 408], [1817, 408], [1818, 408], [1819, 408], [1820, 408], [1821, 408], [1822, 408], [1229, 409], [1230, 409], [1231, 409], [1232, 409], [1233, 409], [1234, 409], [1246, 409], [1247, 409], [1248, 409], [1249, 409], [1250, 409], [1251, 409], [1806, 409], [1807, 409], [1808, 409], [1809, 409], [1810, 409], [1811, 409], [1812, 409], [1818, 409], [1819, 409], [1820, 409], [1821, 409], [1822, 409], [1823, 409], [1824, 409], [1230, 410], [1231, 410], [1232, 410], [1233, 410], [1234, 410], [1235, 410], [1236, 410], [1248, 410], [1249, 410], [1250, 410], [1251, 410], [1252, 410], [1809, 410], [1810, 410], [1811, 410], [1812, 410], [1813, 410], [1814, 410], [1815, 410], [1821, 410], [1822, 410], [1823, 410], [1824, 410], [1231, 411], [1232, 411], [1233, 411], [1234, 411], [1235, 411], [1236, 411], [1237, 411], [1248, 411], [1249, 411], [1250, 411], [1251, 411], [1252, 411], [1253, 411], [1811, 411], [1812, 411], [1813, 411], [1814, 411], [1815, 411], [1816, 411], [1817, 411], [1818, 411], [1819, 411], [1820, 411], [1821, 411], [1823, 411], [1824, 411], [1232, 412], [1233, 412], [1234, 412], [1236, 412], [1237, 412], [1249, 412], [1250, 412], [1251, 412], [1252, 412], [1253, 412], [1254, 412], [1255, 412], [1814, 412], [1815, 412], [1816, 412], [1817, 412], [1818, 412], [1819, 412], [1820, 412], [1821, 412], [1822, 412], [1823, 412], [1824, 412], [1233, 413], [1234, 413], [1235, 413], [1236, 413], [1237, 413], [1238, 413], [1250, 413], [1251, 413], [1252, 413], [1253, 413], [1254, 413], [1255, 413], [1256, 413], [1820, 413], [1821, 413], [1822, 413], [1823, 413], [1824, 413], [1234, 414], [1235, 414], [1236, 414], [1237, 414], [1238, 414], [1239, 414], [1251, 414], [1252, 414], [1253, 414], [1254, 414], [1255, 414], [1256, 414], [1257, 414], [1824, 414], [1235, 415], [1236, 415], [1237, 415], [1238, 415], [1239, 415], [1240, 415], [1252, 415], [1253, 415], [1254, 415], [1255, 415], [1256, 415], [1257, 415], [1258, 415], [1236, 416], [1237, 416], [1238, 416], [1239, 416], [1240, 416], [1241, 416], [1242, 416], [1254, 416], [1255, 416], [1256, 416], [1257, 416], [1258, 416], [1259, 416], [1237, 417], [1238, 417], [1239, 417], [1240, 417], [1241, 417], [1242, 417], [1243, 417], [1255, 417], [1256, 417], [1257, 417], [1258, 417], [1259, 417], [1260, 417], [1238, 418], [1239, 418], [1240, 418], [1242, 418], [1243, 418], [1256, 418], [1257, 418], [1258, 418], [1260, 418], [1261, 418], [1239, 419], [1240, 419], [1241, 419], [1242, 419], [1243, 419], [1244, 419], [1245, 419], [1246, 419], [1258, 419], [1259, 419], [1260, 419], [1261, 419], [1262, 419], [1240, 420], [1241, 420], [1242, 420], [1243, 420], [1244, 420], [1245, 420], [1246, 420], [1247, 420], [1248, 420], [1259, 420], [1260, 420], [1261, 420], [1262, 420], [1263, 420], [1241, 421], [1242, 421], [1243, 421], [1244, 421], [1245, 421], [1246, 421], [1247, 421], [1248, 421], [1249, 421], [1250, 421], [1251, 421], [1252, 421], [1253, 421], [1259, 421], [1260, 421], [1261, 421], [1262, 421], [1263, 421], [1264, 421], [1242, 422], [1243, 422], [1244, 422], [1245, 422], [1247, 422], [1248, 422], [1249, 422], [1250, 422], [1251, 422], [1252, 422], [1253, 422], [1254, 422], [1255, 422], [1256, 422], [1260, 422], [1261, 422], [1262, 422], [1263, 422], [1264, 422], [1243, 423], [1244, 423], [1245, 423], [1246, 423], [1247, 423], [1250, 423], [1251, 423], [1252, 423], [1253, 423], [1254, 423], [1255, 423], [1256, 423], [1257, 423], [1258, 423], [1259, 423], [1261, 423], [1262, 423], [1264, 423], [1265, 423], [1244, 424], [1245, 424], [1246, 424], [1247, 424], [1248, 424], [1255, 424], [1256, 424], [1257, 424], [1258, 424], [1259, 424], [1260, 424], [1261, 424], [1262, 424], [1263, 424], [1264, 424], [1265, 424], [1266, 424], [1246, 425], [1247, 425], [1248, 425], [1249, 425], [1250, 425], [1251, 425], [1252, 425], [1253, 425], [1258, 425], [1259, 425], [1260, 425], [1261, 425], [1262, 425], [1263, 425], [1264, 425], [1265, 425], [1266, 425], [1267, 425], [1247, 426], [1248, 426], [1249, 426], [1250, 426], [1251, 426], [1252, 426], [1253, 426], [1254, 426], [1255, 426], [1256, 426], [1257, 426], [1258, 426], [1259, 426], [1265, 426], [1266, 426], [1267, 426], [1268, 426], [1252, 427], [1253, 427], [1254, 427], [1255, 427], [1256, 427], [1257, 427], [1258, 427], [1259, 427], [1260, 427], [1266, 427], [1267, 427], [1268, 427], [1258, 428], [1259, 428], [1260, 428], [1261, 428], [1267, 428], [1268, 428], [1269, 428], [1270, 428], [1259, 429], [1260, 429], [1261, 429], [1267, 429], [1268, 429], [1269, 429], [1270, 429], [1271, 429], [1260, 430], [1261, 430], [1262, 430], [1269, 430], [1270, 430], [1271, 430], [1272, 430], [1260, 431], [1261, 431], [1262, 431], [1263, 431], [1270, 431], [1271, 431], [1272, 431], [1261, 432], [1262, 432], [1263, 432], [1264, 432], [1271, 432], [1272, 432], [1262, 433], [1263, 433], [1264, 433], [1265, 433], [1266, 433], [1267, 433], [1268, 433], [1269, 433], [1270, 433], [1271, 433], [1272, 433], [1263, 434], [1264, 434], [1265, 434], [1266, 434], [1267, 434], [1268, 434], [1269, 434], [1270, 434], [1271, 434], [1272, 434], [1269, 435], [1270, 435], [1271, 435], [1279, 442], [1280, 442], [1281, 442], [1282, 442], [1283, 442], [1284, 442], [1285, 442], [1269, 443], [1270, 443], [1271, 443], [1272, 443], [1273, 443], [1274, 443], [1275, 443], [1276, 443], [1277, 443], [1278, 443], [1279, 443], [1280, 443], [1281, 443], [1282, 443], [1283, 443], [1284, 443], [1285, 443], [1286, 443], [1287, 443], [1268, 444], [1269, 444], [1270, 444], [1271, 444], [1272, 444], [1273, 444], [1274, 444], [1275, 444], [1276, 444], [1277, 444], [1278, 444], [1279, 444], [1280, 444], [1284, 444], [1285, 444], [1286, 444], [1287, 444], [1288, 444], [1268, 445], [1269, 445], [1270, 445], [1286, 445], [1287, 445], [1288, 445], [1268, 446], [1269, 446], [1270, 446], [1287, 446], [1288, 446], [1289, 446], [1268, 447], [1269, 447], [1270, 447], [1287, 447], [1288, 447], [1289, 447], [1290, 447], [1269, 448], [1270, 448], [1271, 448], [1288, 448], [1289, 448], [1290, 448], [1291, 448], [1269, 449], [1270, 449], [1271, 449], [1272, 449], [1289, 449], [1290, 449], [1291, 449], [1292, 449], [1293, 449], [1270, 450], [1271, 450], [1272, 450], [1273, 450], [1290, 450], [1291, 450], [1292, 450], [1293, 450], [1294, 450], [1271, 451], [1272, 451], [1273, 451], [1274, 451], [1292, 451], [1293, 451], [1294, 451], [1272, 452], [1273, 452], [1274, 452], [1275, 452], [1293, 452], [1294, 452], [1295, 452], [1296, 452], [1273, 453], [1274, 453], [1275, 453], [1276, 453], [1293, 453], [1294, 453], [1295, 453], [1296, 453], [1297, 453], [1274, 454], [1275, 454], [1276, 454], [1277, 454], [1295, 454], [1296, 454], [1297, 454], [1298, 454], [1275, 455], [1276, 455], [1277, 455], [1278, 455], [1296, 455], [1297, 455], [1298, 455], [1299, 455], [1276, 456], [1277, 456], [1278, 456], [1279, 456], [1297, 456], [1298, 456], [1299, 456], [1300, 456], [1277, 457], [1278, 457], [1279, 457], [1280, 457], [1298, 457], [1299, 457], [1300, 457], [1301, 457], [1278, 458], [1279, 458], [1280, 458], [1281, 458], [1299, 458], [1300, 458], [1301, 458], [1302, 458], [1279, 459], [1280, 459], [1281, 459], [1282, 459], [1300, 459], [1301, 459], [1302, 459], [1303, 459], [1280, 460], [1281, 460], [1282, 460], [1283, 460], [1301, 460], [1302, 460], [1303, 460], [1304, 460], [1281, 461], [1282, 461], [1283, 461], [1284, 461], [1302, 461], [1303, 461], [1304, 461], [1305, 461], [1282, 462], [1283, 462], [1284, 462], [1285, 462], [1303, 462], [1304, 462], [1305, 462], [1306, 462], [1283, 463], [1284, 463], [1285, 463], [1286, 463], [1304, 463], [1305, 463], [1306, 463], [1307, 463], [1284, 464], [1285, 464], [1286, 464], [1287, 464], [1305, 464], [1306, 464], [1307, 464], [1308, 464], [1285, 465], [1286, 465], [1287, 465], [1288, 465], [1306, 465], [1307, 465], [1308, 465], [1309, 465], [1286, 466], [1287, 466], [1288, 466], [1289, 466], [1307, 466], [1308, 466], [1309, 466], [1310, 466], [1287, 467], [1288, 467], [1289, 467], [1290, 467], [1308, 467], [1309, 467], [1310, 467], [1311, 467], [1288, 468], [1289, 468], [1290, 468], [1291, 468], [1309, 468], [1310, 468], [1311, 468], [1312, 468], [1313, 468], [1289, 469], [1290, 469], [1291, 469], [1292, 469], [1310, 469], [1311, 469], [1312, 469], [1313, 469], [1314, 469], [1290, 470], [1291, 470], [1292, 470], [1293, 470], [1312, 470], [1313, 470], [1314, 470], [1315, 470], [1291, 471], [1292, 471], [1293, 471], [1294, 471], [1311, 471], [1312, 471], [1314, 471], [1315, 471], [1316, 471], [1292, 472], [1293, 472], [1294, 472], [1295, 472], [1311, 472], [1312, 472], [1313, 472], [1315, 472], [1316, 472], [1317, 472], [1293, 473], [1294, 473], [1295, 473], [1296, 473], [1311, 473], [1312, 473], [1313, 473], [1314, 473], [1315, 473], [1316, 473], [1317, 473], [1318, 473], [1294, 474], [1295, 474], [1296, 474], [1297, 474], [1306, 474], [1307, 474], [1308, 474], [1309, 474], [1310, 474], [1311, 474], [1312, 474], [1313, 474], [1314, 474], [1315, 474], [1317, 474], [1318, 474], [1319, 474], [1295, 475], [1296, 475], [1297, 475], [1298, 475], [1306, 475], [1307, 475], [1308, 475], [1309, 475], [1310, 475], [1311, 475], [1312, 475], [1313, 475], [1314, 475], [1315, 475], [1316, 475], [1318, 475], [1319, 475], [1320, 475], [1296, 476], [1297, 476], [1298, 476], [1299, 476], [1306, 476], [1307, 476], [1309, 476], [1310, 476], [1311, 476], [1312, 476], [1313, 476], [1314, 476], [1315, 476], [1316, 476], [1317, 476], [1318, 476], [1319, 476], [1320, 476], [1321, 476], [1297, 477], [1298, 477], [1299, 477], [1300, 477], [1306, 477], [1307, 477], [1312, 477], [1313, 477], [1314, 477], [1316, 477], [1317, 477], [1318, 477], [1320, 477], [1321, 477], [1322, 477], [1298, 478], [1299, 478], [1300, 478], [1301, 478], [1306, 478], [1307, 478], [1316, 478], [1317, 478], [1318, 478], [1319, 478], [1320, 478], [1321, 478], [1322, 478], [1323, 478], [1299, 479], [1300, 479], [1301, 479], [1302, 479], [1306, 479], [1307, 479], [1308, 479], [1318, 479], [1319, 479], [1320, 479], [1321, 479], [1322, 479], [1323, 479], [1324, 479], [1300, 480], [1301, 480], [1302, 480], [1303, 480], [1306, 480], [1307, 480], [1308, 480], [1309, 480], [1320, 480], [1321, 480], [1322, 480], [1323, 480], [1324, 480], [1325, 480], [1301, 481], [1302, 481], [1303, 481], [1304, 481], [1307, 481], [1308, 481], [1309, 481], [1321, 481], [1322, 481], [1323, 481], [1324, 481], [1325, 481], [1326, 481], [1302, 482], [1303, 482], [1304, 482], [1305, 482], [1308, 482], [1309, 482], [1310, 482], [1322, 482], [1323, 482], [1325, 482], [1326, 482], [1327, 482], [1303, 483], [1304, 483], [1305, 483], [1306, 483], [1308, 483], [1309, 483], [1310, 483], [1311, 483], [1322, 483], [1323, 483], [1324, 483], [1325, 483], [1326, 483], [1327, 483], [1328, 483], [1304, 484], [1305, 484], [1306, 484], [1307, 484], [1309, 484], [1310, 484], [1311, 484], [1312, 484], [1323, 484], [1324, 484], [1325, 484], [1326, 484], [1327, 484], [1328, 484], [1329, 484], [1305, 485], [1306, 485], [1307, 485], [1308, 485], [1310, 485], [1311, 485], [1312, 485], [1313, 485], [1314, 485], [1325, 485], [1326, 485], [1327, 485], [1328, 485], [1329, 485], [1330, 485], [1306, 486], [1307, 486], [1308, 486], [1309, 486], [1311, 486], [1312, 486], [1313, 486], [1314, 486], [1326, 486], [1327, 486], [1328, 486], [1329, 486], [1330, 486], [1331, 486], [1307, 487], [1308, 487], [1309, 487], [1310, 487], [1313, 487], [1314, 487], [1327, 487], [1328, 487], [1329, 487], [1330, 487], [1331, 487], [1332, 487], [1308, 488], [1309, 488], [1310, 488], [1311, 488], [1313, 488], [1314, 488], [1328, 488], [1329, 488], [1330, 488], [1331, 488], [1332, 488], [1333, 488], [1309, 489], [1310, 489], [1311, 489], [1312, 489], [1313, 489], [1314, 489], [1329, 489], [1330, 489], [1331, 489], [1332, 489], [1333, 489], [1334, 489], [1310, 490], [1311, 490], [1312, 490], [1313, 490], [1314, 490], [1315, 490], [1330, 490], [1331, 490], [1332, 490], [1333, 490], [1334, 490], [1335, 490], [1311, 491], [1312, 491], [1313, 491], [1314, 491], [1315, 491], [1316, 491], [1322, 491], [1323, 491], [1324, 491], [1325, 491], [1326, 491], [1327, 491], [1331, 491], [1332, 491], [1334, 491], [1335, 491], [1336, 491], [1312, 492], [1313, 492], [1314, 492], [1315, 492], [1316, 492], [1317, 492], [1322, 492], [1323, 492], [1324, 492], [1325, 492], [1326, 492], [1327, 492], [1331, 492], [1332, 492], [1333, 492], [1335, 492], [1336, 492], [1337, 492], [1313, 493], [1314, 493], [1315, 493], [1316, 493], [1317, 493], [1318, 493], [1321, 493], [1322, 493], [1323, 493], [1324, 493], [1325, 493], [1326, 493], [1327, 493], [1328, 493], [1329, 493], [1330, 493], [1331, 493], [1332, 493], [1333, 493], [1334, 493], [1335, 493], [1336, 493], [1337, 493], [1338, 493], [1314, 494], [1315, 494], [1316, 494], [1317, 494], [1318, 494], [1319, 494], [1320, 494], [1321, 494], [1322, 494], [1323, 494], [1326, 494], [1327, 494], [1328, 494], [1329, 494], [1330, 494], [1331, 494], [1332, 494], [1333, 494], [1334, 494], [1335, 494], [1336, 494], [1337, 494], [1338, 494], [1339, 494], [1315, 495], [1316, 495], [1317, 495], [1318, 495], [1319, 495], [1320, 495], [1321, 495], [1322, 495], [1329, 495], [1330, 495], [1331, 495], [1332, 495], [1333, 495], [1334, 495], [1335, 495], [1336, 495], [1337, 495], [1338, 495], [1339, 495], [1340, 495], [1316, 496], [1317, 496], [1319, 496], [1320, 496], [1332, 496], [1333, 496], [1334, 496], [1335, 496], [1336, 496], [1337, 496], [1338, 496], [1339, 496], [1340, 496], [1341, 496], [1316, 497], [1317, 497], [1318, 497], [1319, 497], [1333, 497], [1334, 497], [1335, 497], [1337, 497], [1338, 497], [1339, 497], [1340, 497], [1341, 497], [1342, 497], [1317, 498], [1318, 498], [1319, 498], [1320, 498], [1334, 498], [1335, 498], [1336, 498], [1338, 498], [1339, 498], [1340, 498], [1342, 498], [1343, 498], [1318, 499], [1319, 499], [1320, 499], [1321, 499], [1334, 499], [1335, 499], [1336, 499], [1340, 499], [1341, 499], [1343, 499], [1344, 499], [1319, 500], [1320, 500], [1321, 500], [1322, 500], [1335, 500], [1336, 500], [1337, 500], [1338, 500], [1341, 500], [1342, 500], [1344, 500], [1345, 500], [1320, 501], [1321, 501], [1322, 501], [1323, 501], [1324, 501], [1330, 501], [1331, 501], [1332, 501], [1333, 501], [1334, 501], [1335, 501], [1336, 501], [1337, 501], [1338, 501], [1342, 501], [1343, 501], [1345, 501], [1346, 501], [1347, 501], [1321, 502], [1322, 502], [1323, 502], [1324, 502], [1330, 502], [1331, 502], [1332, 502], [1333, 502], [1334, 502], [1335, 502], [1336, 502], [1337, 502], [1338, 502], [1343, 502], [1344, 502], [1345, 502], [1346, 502], [1347, 502], [1348, 502], [1323, 503], [1324, 503], [1325, 503], [1330, 503], [1331, 503], [1332, 503], [1335, 503], [1336, 503], [1337, 503], [1344, 503], [1345, 503], [1346, 503], [1347, 503], [1348, 503], [1349, 503], [1323, 504], [1324, 504], [1325, 504], [1326, 504], [1330, 504], [1331, 504], [1332, 504], [1345, 504], [1346, 504], [1347, 504], [1348, 504], [1349, 504], [1324, 505], [1325, 505], [1326, 505], [1327, 505], [1331, 505], [1332, 505], [1346, 505], [1347, 505], [1348, 505], [1349, 505], [1350, 505], [1325, 506], [1326, 506], [1327, 506], [1328, 506], [1331, 506], [1332, 506], [1333, 506], [1347, 506], [1348, 506], [1350, 506], [1351, 506], [1326, 507], [1327, 507], [1328, 507], [1329, 507], [1331, 507], [1332, 507], [1333, 507], [1334, 507], [1348, 507], [1349, 507], [1351, 507], [1352, 507], [1327, 508], [1328, 508], [1329, 508], [1330, 508], [1332, 508], [1333, 508], [1334, 508], [1335, 508], [1336, 508], [1349, 508], [1350, 508], [1351, 508], [1352, 508], [1353, 508], [1328, 509], [1329, 509], [1330, 509], [1331, 509], [1333, 509], [1334, 509], [1335, 509], [1336, 509], [1337, 509], [1338, 509], [1350, 509], [1351, 509], [1352, 509], [1353, 509], [1354, 509], [1329, 510], [1330, 510], [1331, 510], [1332, 510], [1335, 510], [1336, 510], [1337, 510], [1338, 510], [1339, 510], [1340, 510], [1350, 510], [1351, 510], [1352, 510], [1353, 510], [1354, 510], [1355, 510], [1330, 511], [1331, 511], [1332, 511], [1333, 511], [1337, 511], [1338, 511], [1339, 511], [1340, 511], [1341, 511], [1351, 511], [1352, 511], [1353, 511], [1354, 511], [1355, 511], [1356, 511], [1331, 512], [1332, 512], [1333, 512], [1334, 512], [1339, 512], [1340, 512], [1341, 512], [1342, 512], [1352, 512], [1353, 512], [1354, 512], [1355, 512], [1356, 512], [1357, 512], [1332, 513], [1333, 513], [1334, 513], [1335, 513], [1340, 513], [1341, 513], [1342, 513], [1343, 513], [1344, 513], [1353, 513], [1354, 513], [1355, 513], [1356, 513], [1357, 513], [1358, 513], [1333, 514], [1334, 514], [1335, 514], [1336, 514], [1341, 514], [1342, 514], [1343, 514], [1344, 514], [1354, 514], [1355, 514], [1356, 514], [1357, 514], [1358, 514], [1359, 514], [1334, 515], [1335, 515], [1336, 515], [1337, 515], [1343, 515], [1344, 515], [1345, 515], [1355, 515], [1356, 515], [1357, 515], [1359, 515], [1360, 515], [1335, 516], [1336, 516], [1337, 516], [1338, 516], [1343, 516], [1344, 516], [1345, 516], [1346, 516], [1357, 516], [1358, 516], [1359, 516], [1360, 516], [1361, 516], [1336, 517], [1337, 517], [1338, 517], [1339, 517], [1344, 517], [1345, 517], [1346, 517], [1347, 517], [1358, 517], [1359, 517], [1360, 517], [1361, 517], [1362, 517], [1337, 518], [1338, 518], [1339, 518], [1340, 518], [1345, 518], [1346, 518], [1347, 518], [1348, 518], [1349, 518], [1358, 518], [1359, 518], [1360, 518], [1361, 518], [1362, 518], [1363, 518], [1338, 519], [1339, 519], [1340, 519], [1341, 519], [1346, 519], [1347, 519], [1348, 519], [1349, 519], [1350, 519], [1359, 519], [1360, 519], [1361, 519], [1362, 519], [1363, 519], [1364, 519], [1339, 520], [1340, 520], [1341, 520], [1342, 520], [1348, 520], [1349, 520], [1350, 520], [1360, 520], [1361, 520], [1362, 520], [1363, 520], [1364, 520], [1365, 520], [1366, 520], [1340, 521], [1341, 521], [1342, 521], [1343, 521], [1349, 521], [1350, 521], [1361, 521], [1362, 521], [1364, 521], [1365, 521], [1366, 521], [1367, 521], [1341, 522], [1342, 522], [1343, 522], [1344, 522], [1349, 522], [1350, 522], [1351, 522], [1361, 522], [1362, 522], [1363, 522], [1364, 522], [1365, 522], [1366, 522], [1367, 522], [1368, 522], [1342, 523], [1343, 523], [1344, 523], [1345, 523], [1349, 523], [1350, 523], [1351, 523], [1352, 523], [1353, 523], [1362, 523], [1363, 523], [1364, 523], [1366, 523], [1367, 523], [1368, 523], [1369, 523], [1343, 524], [1344, 524], [1345, 524], [1346, 524], [1350, 524], [1351, 524], [1352, 524], [1353, 524], [1354, 524], [1355, 524], [1356, 524], [1357, 524], [1358, 524], [1359, 524], [1363, 524], [1364, 524], [1365, 524], [1367, 524], [1368, 524], [1369, 524], [1370, 524], [1344, 525], [1345, 525], [1346, 525], [1347, 525], [1352, 525], [1353, 525], [1354, 525], [1355, 525], [1356, 525], [1357, 525], [1358, 525], [1359, 525], [1360, 525], [1361, 525], [1362, 525], [1363, 525], [1364, 525], [1365, 525], [1366, 525], [1368, 525], [1369, 525], [1370, 525], [1371, 525], [1345, 526], [1346, 526], [1347, 526], [1348, 526], [1358, 526], [1359, 526], [1360, 526], [1361, 526], [1362, 526], [1363, 526], [1365, 526], [1366, 526], [1369, 526], [1370, 526], [1371, 526], [1372, 526], [1346, 527], [1347, 527], [1348, 527], [1349, 527], [1358, 527], [1359, 527], [1360, 527], [1361, 527], [1362, 527], [1363, 527], [1364, 527], [1365, 527], [1366, 527], [1370, 527], [1371, 527], [1372, 527], [1373, 527], [1347, 528], [1348, 528], [1349, 528], [1350, 528], [1362, 528], [1363, 528], [1364, 528], [1365, 528], [1369, 528], [1370, 528], [1372, 528], [1373, 528], [1374, 528], [1348, 529], [1349, 529], [1350, 529], [1369, 529], [1370, 529], [1371, 529], [1372, 529], [1373, 529], [1374, 529], [1375, 529], [1349, 530], [1350, 530], [1351, 530], [1369, 530], [1370, 530], [1371, 530], [1372, 530], [1373, 530], [1374, 530], [1375, 530], [1376, 530], [1349, 531], [1350, 531], [1351, 531], [1352, 531], [1369, 531], [1370, 531], [1372, 531], [1373, 531], [1374, 531], [1375, 531], [1376, 531], [1377, 531], [1350, 532], [1351, 532], [1352, 532], [1353, 532], [1369, 532], [1370, 532], [1373, 532], [1374, 532], [1375, 532], [1376, 532], [1377, 532], [1378, 532], [1351, 533], [1352, 533], [1353, 533], [1354, 533], [1369, 533], [1370, 533], [1371, 533], [1374, 533], [1375, 533], [1376, 533], [1377, 533], [1378, 533], [1379, 533], [1352, 534], [1353, 534], [1354, 534], [1355, 534], [1369, 534], [1370, 534], [1371, 534], [1372, 534], [1373, 534], [1375, 534], [1376, 534], [1377, 534], [1378, 534], [1379, 534], [1380, 534], [1353, 535], [1354, 535], [1355, 535], [1356, 535], [1370, 535], [1371, 535], [1372, 535], [1373, 535], [1374, 535], [1375, 535], [1376, 535], [1377, 535], [1378, 535], [1379, 535], [1380, 535], [1381, 535], [1354, 536], [1355, 536], [1356, 536], [1357, 536], [1372, 536], [1373, 536], [1374, 536], [1375, 536], [1376, 536], [1378, 536], [1379, 536], [1380, 536], [1381, 536], [1382, 536], [1355, 537], [1356, 537], [1357, 537], [1358, 537], [1374, 537], [1375, 537], [1376, 537], [1377, 537], [1379, 537], [1380, 537], [1381, 537], [1382, 537], [1383, 537], [1356, 538], [1357, 538], [1358, 538], [1359, 538], [1376, 538], [1377, 538], [1378, 538], [1380, 538], [1381, 538], [1382, 538], [1383, 538], [1384, 538], [1357, 539], [1358, 539], [1359, 539], [1360, 539], [1377, 539], [1378, 539], [1379, 539], [1381, 539], [1382, 539], [1383, 539], [1384, 539], [1385, 539], [1358, 540], [1359, 540], [1360, 540], [1361, 540], [1378, 540], [1379, 540], [1380, 540], [1381, 540], [1382, 540], [1384, 540], [1385, 540], [1386, 540], [1359, 541], [1360, 541], [1361, 541], [1362, 541], [1379, 541], [1380, 541], [1381, 541], [1382, 541], [1383, 541], [1385, 541], [1386, 541], [1387, 541], [1360, 542], [1361, 542], [1362, 542], [1363, 542], [1380, 542], [1381, 542], [1382, 542], [1383, 542], [1384, 542], [1385, 542], [1386, 542], [1387, 542], [1388, 542], [1361, 543], [1362, 543], [1363, 543], [1364, 543], [1382, 543], [1383, 543], [1384, 543], [1386, 543], [1387, 543], [1388, 543], [1389, 543], [1362, 544], [1363, 544], [1364, 544], [1365, 544], [1387, 544], [1388, 544], [1389, 544], [1390, 544], [1363, 545], [1364, 545], [1365, 545], [1366, 545], [1388, 545], [1389, 545], [1390, 545], [1391, 545], [1364, 546], [1365, 546], [1366, 546], [1367, 546], [1389, 546], [1390, 546], [1391, 546], [1392, 546], [1365, 547], [1366, 547], [1367, 547], [1368, 547], [1390, 547], [1391, 547], [1392, 547], [1393, 547], [1366, 548], [1367, 548], [1368, 548], [1369, 548], [1389, 548], [1390, 548], [1391, 548], [1392, 548], [1393, 548], [1394, 548], [1367, 549], [1368, 549], [1369, 549], [1370, 549], [1389, 549], [1390, 549], [1391, 549], [1392, 549], [1393, 549], [1394, 549], [1395, 549], [1368, 550], [1369, 550], [1370, 550], [1371, 550], [1389, 550], [1390, 550], [1392, 550], [1393, 550], [1394, 550], [1395, 550], [1396, 550], [1369, 551], [1370, 551], [1371, 551], [1389, 551], [1390, 551], [1391, 551], [1392, 551], [1393, 551], [1394, 551], [1395, 551], [1396, 551], [1397, 551], [1398, 551], [1370, 552], [1371, 552], [1372, 552], [1390, 552], [1391, 552], [1392, 552], [1393, 552], [1394, 552], [1395, 552], [1396, 552], [1397, 552], [1398, 552], [1399, 552], [1370, 553], [1371, 553], [1372, 553], [1373, 553], [1392, 553], [1393, 553], [1394, 553], [1395, 553], [1396, 553], [1398, 553], [1399, 553], [1400, 553], [1371, 554], [1372, 554], [1373, 554], [1374, 554], [1393, 554], [1394, 554], [1396, 554], [1397, 554], [1399, 554], [1400, 554], [1401, 554], [1372, 555], [1373, 555], [1374, 555], [1375, 555], [1393, 555], [1394, 555], [1395, 555], [1397, 555], [1398, 555], [1400, 555], [1401, 555], [1373, 556], [1374, 556], [1375, 556], [1376, 556], [1394, 556], [1395, 556], [1396, 556], [1398, 556], [1399, 556], [1400, 556], [1401, 556], [1402, 556], [1374, 557], [1375, 557], [1376, 557], [1377, 557], [1395, 557], [1396, 557], [1397, 557], [1398, 557], [1399, 557], [1400, 557], [1401, 557], [1402, 557], [1403, 557], [1375, 558], [1376, 558], [1377, 558], [1378, 558], [1396, 558], [1397, 558], [1398, 558], [1399, 558], [1400, 558], [1401, 558], [1402, 558], [1403, 558], [1404, 558], [1405, 558], [1376, 559], [1377, 559], [1378, 559], [1379, 559], [1389, 559], [1390, 559], [1391, 559], [1392, 559], [1396, 559], [1397, 559], [1398, 559], [1399, 559], [1400, 559], [1402, 559], [1403, 559], [1404, 559], [1405, 559], [1406, 559], [1377, 560], [1378, 560], [1379, 560], [1380, 560], [1389, 560], [1390, 560], [1391, 560], [1392, 560], [1393, 560], [1394, 560], [1395, 560], [1396, 560], [1397, 560], [1398, 560], [1399, 560], [1400, 560], [1401, 560], [1402, 560], [1403, 560], [1404, 560], [1405, 560], [1406, 560], [1407, 560], [1378, 561], [1379, 561], [1380, 561], [1381, 561], [1389, 561], [1390, 561], [1391, 561], [1392, 561], [1393, 561], [1394, 561], [1395, 561], [1396, 561], [1397, 561], [1401, 561], [1402, 561], [1403, 561], [1404, 561], [1405, 561], [1406, 561], [1407, 561], [1408, 561], [1379, 562], [1380, 562], [1381, 562], [1382, 562], [1391, 562], [1392, 562], [1393, 562], [1394, 562], [1396, 562], [1397, 562], [1401, 562], [1402, 562], [1404, 562], [1405, 562], [1406, 562], [1407, 562], [1408, 562], [1409, 562], [1380, 563], [1381, 563], [1382, 563], [1383, 563], [1391, 563], [1392, 563], [1393, 563], [1394, 563], [1396, 563], [1397, 563], [1401, 563], [1402, 563], [1405, 563], [1406, 563], [1407, 563], [1408, 563], [1409, 563], [1410, 563], [1381, 564], [1382, 564], [1383, 564], [1384, 564], [1391, 564], [1392, 564], [1393, 564], [1394, 564], [1395, 564], [1396, 564], [1397, 564], [1398, 564], [1400, 564], [1401, 564], [1402, 564], [1406, 564], [1407, 564], [1408, 564], [1409, 564], [1410, 564], [1411, 564], [1382, 565], [1383, 565], [1384, 565], [1385, 565], [1393, 565], [1394, 565], [1395, 565], [1396, 565], [1397, 565], [1398, 565], [1399, 565], [1400, 565], [1401, 565], [1402, 565], [1407, 565], [1408, 565], [1409, 565], [1410, 565], [1411, 565], [1412, 565], [1383, 566], [1384, 566], [1385, 566], [1386, 566], [1394, 566], [1395, 566], [1397, 566], [1398, 566], [1399, 566], [1400, 566], [1402, 566], [1403, 566], [1408, 566], [1409, 566], [1410, 566], [1411, 566], [1412, 566], [1413, 566], [1384, 567], [1385, 567], [1386, 567], [1387, 567], [1394, 567], [1395, 567], [1396, 567], [1397, 567], [1400, 567], [1401, 567], [1402, 567], [1403, 567], [1409, 567], [1410, 567], [1411, 567], [1412, 567], [1413, 567], [1414, 567], [1385, 568], [1386, 568], [1387, 568], [1388, 568], [1394, 568], [1395, 568], [1396, 568], [1397, 568], [1398, 568], [1399, 568], [1400, 568], [1401, 568], [1402, 568], [1403, 568], [1410, 568], [1411, 568], [1412, 568], [1413, 568], [1414, 568], [1415, 568], [1386, 569], [1387, 569], [1388, 569], [1389, 569], [1395, 569], [1396, 569], [1397, 569], [1398, 569], [1399, 569], [1400, 569], [1411, 569], [1412, 569], [1413, 569], [1414, 569], [1415, 569], [1416, 569], [1387, 570], [1388, 570], [1389, 570], [1390, 570], [1397, 570], [1398, 570], [1399, 570], [1400, 570], [1412, 570], [1413, 570], [1414, 570], [1415, 570], [1416, 570], [1417, 570], [1388, 571], [1389, 571], [1390, 571], [1391, 571], [1398, 571], [1399, 571], [1400, 571], [1401, 571], [1402, 571], [1413, 571], [1414, 571], [1415, 571], [1416, 571], [1417, 571], [1418, 571], [1389, 572], [1390, 572], [1391, 572], [1392, 572], [1399, 572], [1400, 572], [1401, 572], [1402, 572], [1414, 572], [1415, 572], [1416, 572], [1417, 572], [1418, 572], [1419, 572], [1390, 573], [1391, 573], [1392, 573], [1393, 573], [1400, 573], [1401, 573], [1402, 573], [1415, 573], [1416, 573], [1417, 573], [1418, 573], [1419, 573], [1420, 573], [1391, 574], [1392, 574], [1393, 574], [1400, 574], [1401, 574], [1402, 574], [1403, 574], [1404, 574], [1405, 574], [1406, 574], [1407, 574], [1408, 574], [1409, 574], [1416, 574], [1417, 574], [1418, 574], [1419, 574], [1420, 574], [1421, 574], [1392, 575], [1393, 575], [1394, 575], [1401, 575], [1402, 575], [1403, 575], [1404, 575], [1405, 575], [1406, 575], [1407, 575], [1408, 575], [1409, 575], [1410, 575], [1411, 575], [1417, 575], [1418, 575], [1419, 575], [1420, 575], [1421, 575], [1422, 575], [1392, 576], [1393, 576], [1394, 576], [1395, 576], [1401, 576], [1402, 576], [1403, 576], [1404, 576], [1405, 576], [1406, 576], [1407, 576], [1408, 576], [1409, 576], [1410, 576], [1411, 576], [1413, 576], [1414, 576], [1415, 576], [1416, 576], [1418, 576], [1419, 576], [1421, 576], [1422, 576], [1423, 576], [1393, 577], [1394, 577], [1395, 577], [1396, 577], [1402, 577], [1403, 577], [1404, 577], [1405, 577], [1406, 577], [1407, 577], [1408, 577], [1409, 577], [1411, 577], [1412, 577], [1413, 577], [1414, 577], [1415, 577], [1416, 577], [1417, 577], [1418, 577], [1419, 577], [1420, 577], [1421, 577], [1422, 577], [1423, 577], [1424, 577], [1394, 578], [1395, 578], [1396, 578], [1397, 578], [1404, 578], [1405, 578], [1406, 578], [1407, 578], [1408, 578], [1409, 578], [1410, 578], [1411, 578], [1412, 578], [1413, 578], [1414, 578], [1415, 578], [1416, 578], [1417, 578], [1419, 578], [1420, 578], [1421, 578], [1422, 578], [1423, 578], [1424, 578], [1425, 578], [1395, 579], [1396, 579], [1397, 579], [1398, 579], [1406, 579], [1407, 579], [1408, 579], [1409, 579], [1410, 579], [1411, 579], [1412, 579], [1413, 579], [1414, 579], [1415, 579], [1416, 579], [1417, 579], [1418, 579], [1419, 579], [1420, 579], [1421, 579], [1422, 579], [1424, 579], [1425, 579], [1426, 579], [1396, 580], [1397, 580], [1398, 580], [1399, 580], [1409, 580], [1410, 580], [1413, 580], [1414, 580], [1416, 580], [1417, 580], [1418, 580], [1419, 580], [1420, 580], [1421, 580], [1423, 580], [1425, 580], [1426, 580], [1427, 580], [1397, 581], [1398, 581], [1399, 581], [1400, 581], [1409, 581], [1410, 581], [1411, 581], [1412, 581], [1413, 581], [1414, 581], [1417, 581], [1418, 581], [1419, 581], [1420, 581], [1421, 581], [1422, 581], [1424, 581], [1426, 581], [1427, 581], [1428, 581], [1398, 582], [1399, 582], [1400, 582], [1401, 582], [1409, 582], [1410, 582], [1411, 582], [1412, 582], [1413, 582], [1422, 582], [1423, 582], [1424, 582], [1425, 582], [1427, 582], [1428, 582], [1429, 582], [1399, 583], [1400, 583], [1401, 583], [1402, 583], [1422, 583], [1423, 583], [1424, 583], [1425, 583], [1426, 583], [1427, 583], [1428, 583], [1429, 583], [1430, 583], [1400, 584], [1401, 584], [1402, 584], [1403, 584], [1422, 584], [1423, 584], [1424, 584], [1425, 584], [1426, 584], [1427, 584], [1428, 584], [1429, 584], [1430, 584], [1431, 584], [1401, 585], [1402, 585], [1403, 585], [1404, 585], [1418, 585], [1419, 585], [1420, 585], [1421, 585], [1422, 585], [1423, 585], [1424, 585], [1427, 585], [1428, 585], [1429, 585], [1430, 585], [1431, 585], [1432, 585], [1402, 586], [1403, 586], [1404, 586], [1405, 586], [1416, 586], [1417, 586], [1418, 586], [1419, 586], [1420, 586], [1421, 586], [1422, 586], [1423, 586], [1424, 586], [1428, 586], [1429, 586], [1431, 586], [1432, 586], [1433, 586], [1403, 587], [1404, 587], [1405, 587], [1406, 587], [1416, 587], [1417, 587], [1418, 587], [1419, 587], [1420, 587], [1421, 587], [1422, 587], [1423, 587], [1425, 587], [1426, 587], [1428, 587], [1429, 587], [1430, 587], [1432, 587], [1433, 587], [1434, 587], [1404, 588], [1405, 588], [1406, 588], [1407, 588], [1416, 588], [1417, 588], [1418, 588], [1419, 588], [1424, 588], [1426, 588], [1429, 588], [1430, 588], [1431, 588], [1432, 588], [1433, 588], [1434, 588], [1435, 588], [1405, 589], [1406, 589], [1407, 589], [1408, 589], [1417, 589], [1418, 589], [1419, 589], [1420, 589], [1421, 589], [1424, 589], [1425, 589], [1426, 589], [1430, 589], [1431, 589], [1432, 589], [1433, 589], [1434, 589], [1435, 589], [1436, 589], [1406, 590], [1407, 590], [1408, 590], [1409, 590], [1418, 590], [1419, 590], [1420, 590], [1421, 590], [1432, 590], [1433, 590], [1434, 590], [1435, 590], [1436, 590], [1437, 590], [1407, 591], [1408, 591], [1409, 591], [1410, 591], [1419, 591], [1420, 591], [1421, 591], [1433, 591], [1434, 591], [1435, 591], [1436, 591], [1437, 591], [1438, 591], [1408, 592], [1409, 592], [1410, 592], [1411, 592], [1419, 592], [1420, 592], [1434, 592], [1435, 592], [1436, 592], [1437, 592], [1438, 592], [1439, 592], [1409, 593], [1410, 593], [1411, 593], [1412, 593], [1419, 593], [1420, 593], [1421, 593], [1435, 593], [1436, 593], [1437, 593], [1438, 593], [1439, 593], [1440, 593], [1410, 594], [1411, 594], [1412, 594], [1413, 594], [1419, 594], [1420, 594], [1421, 594], [1422, 594], [1423, 594], [1424, 594], [1436, 594], [1437, 594], [1438, 594], [1439, 594], [1440, 594], [1441, 594], [1411, 595], [1412, 595], [1413, 595], [1414, 595], [1420, 595], [1421, 595], [1422, 595], [1423, 595], [1424, 595], [1425, 595], [1437, 595], [1438, 595], [1439, 595], [1440, 595], [1441, 595], [1442, 595], [1412, 596], [1413, 596], [1414, 596], [1415, 596], [1423, 596], [1424, 596], [1425, 596], [1438, 596], [1439, 596], [1440, 596], [1441, 596], [1442, 596], [1443, 596], [1413, 597], [1414, 597], [1415, 597], [1416, 597], [1424, 597], [1425, 597], [1439, 597], [1440, 597], [1442, 597], [1443, 597], [1444, 597], [1414, 598], [1415, 598], [1416, 598], [1417, 598], [1424, 598], [1425, 598], [1439, 598], [1440, 598], [1441, 598], [1442, 598], [1443, 598], [1444, 598], [1445, 598], [1415, 599], [1416, 599], [1417, 599], [1418, 599], [1424, 599], [1425, 599], [1426, 599], [1440, 599], [1441, 599], [1442, 599], [1443, 599], [1444, 599], [1445, 599], [1446, 599], [1416, 600], [1417, 600], [1418, 600], [1419, 600], [1424, 600], [1425, 600], [1426, 600], [1427, 600], [1428, 600], [1442, 600], [1443, 600], [1444, 600], [1445, 600], [1446, 600], [1447, 600], [1417, 601], [1418, 601], [1419, 601], [1420, 601], [1425, 601], [1426, 601], [1427, 601], [1428, 601], [1441, 601], [1442, 601], [1443, 601], [1444, 601], [1446, 601], [1447, 601], [1448, 601], [1418, 602], [1419, 602], [1420, 602], [1421, 602], [1427, 602], [1428, 602], [1429, 602], [1440, 602], [1441, 602], [1442, 602], [1443, 602], [1444, 602], [1445, 602], [1446, 602], [1447, 602], [1448, 602], [1449, 602], [1419, 603], [1420, 603], [1421, 603], [1422, 603], [1427, 603], [1428, 603], [1429, 603], [1430, 603], [1431, 603], [1437, 603], [1438, 603], [1439, 603], [1440, 603], [1441, 603], [1442, 603], [1443, 603], [1444, 603], [1445, 603], [1447, 603], [1448, 603], [1449, 603], [1450, 603], [1420, 604], [1421, 604], [1422, 604], [1423, 604], [1428, 604], [1429, 604], [1430, 604], [1431, 604], [1437, 604], [1438, 604], [1439, 604], [1441, 604], [1442, 604], [1443, 604], [1444, 604], [1446, 604], [1447, 604], [1449, 604], [1450, 604], [1451, 604], [1421, 605], [1422, 605], [1423, 605], [1424, 605], [1430, 605], [1431, 605], [1432, 605], [1433, 605], [1434, 605], [1435, 605], [1436, 605], [1437, 605], [1438, 605], [1439, 605], [1440, 605], [1441, 605], [1442, 605], [1443, 605], [1444, 605], [1445, 605], [1446, 605], [1447, 605], [1448, 605], [1449, 605], [1450, 605], [1451, 605], [1452, 605], [1422, 606], [1423, 606], [1424, 606], [1425, 606], [1430, 606], [1431, 606], [1432, 606], [1433, 606], [1434, 606], [1435, 606], [1436, 606], [1437, 606], [1438, 606], [1439, 606], [1440, 606], [1443, 606], [1444, 606], [1445, 606], [1446, 606], [1447, 606], [1448, 606], [1449, 606], [1450, 606], [1451, 606], [1452, 606], [1453, 606], [1423, 607], [1424, 607], [1425, 607], [1426, 607], [1438, 607], [1439, 607], [1440, 607], [1449, 607], [1450, 607], [1452, 607], [1453, 607], [1454, 607], [1424, 608], [1425, 608], [1426, 608], [1427, 608], [1438, 608], [1439, 608], [1440, 608], [1449, 608], [1450, 608], [1451, 608], [1453, 608], [1454, 608], [1455, 608], [1425, 609], [1426, 609], [1427, 609], [1438, 609], [1439, 609], [1440, 609], [1443, 609], [1444, 609], [1445, 609], [1450, 609], [1451, 609], [1452, 609], [1454, 609], [1455, 609], [1456, 609], [1426, 610], [1427, 610], [1428, 610], [1439, 610], [1440, 610], [1441, 610], [1443, 610], [1444, 610], [1445, 610], [1446, 610], [1447, 610], [1451, 610], [1452, 610], [1453, 610], [1455, 610], [1456, 610], [1457, 610], [1426, 611], [1427, 611], [1428, 611], [1429, 611], [1439, 611], [1440, 611], [1441, 611], [1442, 611], [1443, 611], [1444, 611], [1445, 611], [1446, 611], [1447, 611], [1448, 611], [1449, 611], [1452, 611], [1453, 611], [1454, 611], [1456, 611], [1457, 611], [1458, 611], [1427, 612], [1428, 612], [1429, 612], [1430, 612], [1440, 612], [1441, 612], [1442, 612], [1443, 612], [1444, 612], [1445, 612], [1446, 612], [1447, 612], [1448, 612], [1449, 612], [1450, 612], [1451, 612], [1452, 612], [1453, 612], [1454, 612], [1455, 612], [1456, 612], [1457, 612], [1458, 612], [1459, 612], [1428, 613], [1429, 613], [1430, 613], [1431, 613], [1442, 613], [1443, 613], [1444, 613], [1448, 613], [1449, 613], [1450, 613], [1451, 613], [1452, 613], [1454, 613], [1455, 613], [1456, 613], [1458, 613], [1459, 613], [1460, 613], [1429, 614], [1430, 614], [1431, 614], [1432, 614], [1451, 614], [1452, 614], [1453, 614], [1454, 614], [1455, 614], [1457, 614], [1458, 614], [1459, 614], [1460, 614], [1461, 614], [1430, 615], [1431, 615], [1432, 615], [1433, 615], [1451, 615], [1452, 615], [1453, 615], [1454, 615], [1455, 615], [1456, 615], [1457, 615], [1459, 615], [1460, 615], [1461, 615], [1462, 615], [1431, 616], [1432, 616], [1433, 616], [1434, 616], [1453, 616], [1454, 616], [1455, 616], [1460, 616], [1461, 616], [1462, 616], [1463, 616], [1432, 617], [1433, 617], [1434, 617], [1435, 617], [1453, 617], [1454, 617], [1455, 617], [1461, 617], [1462, 617], [1463, 617], [1464, 617], [1433, 618], [1434, 618], [1435, 618], [1436, 618], [1462, 618], [1463, 618], [1464, 618], [1465, 618], [1434, 619], [1435, 619], [1436, 619], [1437, 619], [1463, 619], [1464, 619], [1465, 619], [1466, 619], [1435, 620], [1436, 620], [1437, 620], [1438, 620], [1464, 620], [1465, 620], [1466, 620], [1467, 620], [1436, 621], [1437, 621], [1438, 621], [1439, 621], [1465, 621], [1466, 621], [1467, 621], [1468, 621], [1437, 622], [1438, 622], [1439, 622], [1440, 622], [1466, 622], [1467, 622], [1468, 622], [1469, 622], [1438, 623], [1439, 623], [1440, 623], [1441, 623], [1467, 623], [1468, 623], [1469, 623], [1470, 623], [1439, 624], [1440, 624], [1441, 624], [1442, 624], [1468, 624], [1469, 624], [1470, 624], [1471, 624], [1440, 625], [1441, 625], [1442, 625], [1443, 625], [1469, 625], [1470, 625], [1471, 625], [1472, 625], [1441, 626], [1442, 626], [1443, 626], [1444, 626], [1470, 626], [1471, 626], [1472, 626], [1473, 626], [1442, 627], [1443, 627], [1444, 627], [1445, 627], [1471, 627], [1472, 627], [1473, 627], [1474, 627], [1443, 628], [1444, 628], [1445, 628], [1446, 628], [1472, 628], [1473, 628], [1474, 628], [1475, 628], [1444, 629], [1445, 629], [1446, 629], [1447, 629], [1473, 629], [1474, 629], [1475, 629], [1476, 629], [1445, 630], [1446, 630], [1447, 630], [1448, 630], [1474, 630], [1475, 630], [1476, 630], [1477, 630], [1446, 631], [1447, 631], [1448, 631], [1475, 631], [1476, 631], [1477, 631], [1478, 631], [1447, 632], [1448, 632], [1449, 632], [1476, 632], [1477, 632], [1478, 632], [1479, 632], [1447, 633], [1448, 633], [1449, 633], [1450, 633], [1477, 633], [1478, 633], [1479, 633], [1480, 633], [1448, 634], [1449, 634], [1450, 634], [1451, 634], [1478, 634], [1479, 634], [1480, 634], [1481, 634], [1449, 635], [1450, 635], [1451, 635], [1452, 635], [1479, 635], [1480, 635], [1481, 635], [1482, 635], [1450, 636], [1451, 636], [1452, 636], [1453, 636], [1480, 636], [1481, 636], [1482, 636], [1483, 636], [1451, 637], [1452, 637], [1453, 637], [1454, 637], [1481, 637], [1482, 637], [1483, 637], [1484, 637], [1452, 638], [1453, 638], [1454, 638], [1455, 638], [1482, 638], [1483, 638], [1484, 638], [1485, 638], [1453, 639], [1454, 639], [1455, 639], [1456, 639], [1483, 639], [1484, 639], [1485, 639], [1486, 639], [1454, 640], [1455, 640], [1456, 640], [1484, 640], [1485, 640], [1486, 640], [1487, 640], [1455, 641], [1456, 641], [1457, 641], [1485, 641], [1486, 641], [1487, 641], [1488, 641], [1455, 642], [1456, 642], [1457, 642], [1458, 642], [1486, 642], [1487, 642], [1488, 642], [1489, 642], [1456, 643], [1457, 643], [1458, 643], [1459, 643], [1487, 643], [1488, 643], [1489, 643], [1490, 643], [1457, 644], [1458, 644], [1459, 644], [1460, 644], [1488, 644], [1489, 644], [1490, 644], [1491, 644], [1458, 645], [1459, 645], [1460, 645], [1461, 645], [1489, 645], [1490, 645], [1491, 645], [1492, 645], [1493, 645], [1459, 646], [1460, 646], [1461, 646], [1462, 646], [1490, 646], [1491, 646], [1492, 646], [1493, 646], [1494, 646], [1460, 647], [1461, 647], [1462, 647], [1463, 647], [1492, 647], [1493, 647], [1494, 647], [1495, 647], [1461, 648], [1462, 648], [1463, 648], [1464, 648], [1493, 648], [1494, 648], [1495, 648], [1462, 649], [1463, 649], [1464, 649], [1465, 649], [1494, 649], [1495, 649], [1496, 649], [1463, 650], [1464, 650], [1465, 650], [1494, 650], [1495, 650], [1496, 650], [1497, 650], [1498, 650], [1464, 651], [1465, 651], [1466, 651], [1495, 651], [1496, 651], [1497, 651], [1498, 651], [1499, 651], [1464, 652], [1465, 652], [1466, 652], [1467, 652], [1497, 652], [1498, 652], [1499, 652], [1500, 652], [1465, 653], [1466, 653], [1467, 653], [1468, 653], [1498, 653], [1499, 653], [1500, 653], [1501, 653], [1466, 654], [1467, 654], [1468, 654], [1469, 654], [1499, 654], [1500, 654], [1501, 654], [1502, 654], [1467, 655], [1468, 655], [1469, 655], [1470, 655], [1500, 655], [1501, 655], [1502, 655], [1503, 655], [1468, 656], [1469, 656], [1470, 656], [1471, 656], [1501, 656], [1502, 656], [1503, 656], [1504, 656], [1469, 657], [1470, 657], [1471, 657], [1472, 657], [1502, 657], [1503, 657], [1504, 657], [1505, 657], [1470, 658], [1471, 658], [1472, 658], [1473, 658], [1503, 658], [1504, 658], [1505, 658], [1506, 658], [1471, 659], [1472, 659], [1473, 659], [1474, 659], [1504, 659], [1505, 659], [1506, 659], [1507, 659], [1472, 660], [1473, 660], [1474, 660], [1475, 660], [1505, 660], [1506, 660], [1507, 660], [1508, 660], [1473, 661], [1474, 661], [1475, 661], [1476, 661], [1506, 661], [1507, 661], [1508, 661], [1509, 661], [1474, 662], [1475, 662], [1476, 662], [1477, 662], [1507, 662], [1508, 662], [1509, 662], [1510, 662], [1475, 663], [1476, 663], [1477, 663], [1478, 663], [1508, 663], [1509, 663], [1510, 663], [1511, 663], [1476, 664], [1477, 664], [1478, 664], [1479, 664], [1509, 664], [1510, 664], [1511, 664], [1512, 664], [1477, 665], [1478, 665], [1479, 665], [1480, 665], [1510, 665], [1511, 665], [1512, 665], [1513, 665], [1478, 666], [1479, 666], [1480, 666], [1481, 666], [1511, 666], [1512, 666], [1513, 666], [1514, 666], [1479, 667], [1480, 667], [1481, 667], [1482, 667], [1512, 667], [1513, 667], [1514, 667], [1515, 667], [1480, 668], [1481, 668], [1482, 668], [1483, 668], [1513, 668], [1514, 668], [1515, 668], [1516, 668], [1481, 669], [1482, 669], [1483, 669], [1484, 669], [1514, 669], [1515, 669], [1516, 669], [1517, 669], [1482, 670], [1483, 670], [1484, 670], [1485, 670], [1515, 670], [1516, 670], [1517, 670], [1518, 670], [1483, 671], [1484, 671], [1485, 671], [1486, 671], [1516, 671], [1517, 671], [1518, 671], [1519, 671], [1484, 672], [1485, 672], [1486, 672], [1487, 672], [1517, 672], [1518, 672], [1519, 672], [1520, 672], [1485, 673], [1486, 673], [1487, 673], [1488, 673], [1518, 673], [1519, 673], [1520, 673], [1521, 673], [1486, 674], [1487, 674], [1488, 674], [1489, 674], [1519, 674], [1520, 674], [1521, 674], [1522, 674], [1487, 675], [1488, 675], [1489, 675], [1490, 675], [1520, 675], [1521, 675], [1522, 675], [1523, 675], [1488, 676], [1489, 676], [1490, 676], [1491, 676], [1521, 676], [1522, 676], [1523, 676], [1524, 676], [1489, 677], [1490, 677], [1491, 677], [1492, 677], [1522, 677], [1523, 677], [1524, 677], [1525, 677], [1490, 678], [1491, 678], [1492, 678], [1493, 678], [1523, 678], [1524, 678], [1525, 678], [1526, 678], [1491, 679], [1492, 679], [1493, 679], [1494, 679], [1524, 679], [1525, 679], [1526, 679], [1527, 679], [1492, 680], [1493, 680], [1494, 680], [1495, 680], [1496, 680], [1497, 680], [1498, 680], [1499, 680], [1500, 680], [1525, 680], [1526, 680], [1527, 680], [1528, 680], [1493, 681], [1494, 681], [1495, 681], [1496, 681], [1497, 681], [1498, 681], [1499, 681], [1500, 681], [1501, 681], [1502, 681], [1526, 681], [1527, 681], [1528, 681], [1499, 682], [1500, 682], [1501, 682], [1502, 682], [1503, 682], [1504, 682], [1527, 682], [1528, 682], [1501, 683], [1502, 683], [1503, 683], [1504, 683], [1505, 683], [1506, 683], [1507, 683], [1525, 683], [1526, 683], [1527, 683], [1528, 683], [1503, 684], [1504, 684], [1505, 684], [1506, 684], [1507, 684], [1508, 684], [1523, 684], [1524, 684], [1525, 684], [1526, 684], [1527, 684], [1528, 684], [1506, 685], [1507, 685], [1508, 685], [1509, 685], [1510, 685], [1511, 685], [1512, 685], [1513, 685], [1514, 685], [1515, 685], [1516, 685], [1517, 685], [1518, 685], [1519, 685], [1520, 685], [1521, 685], [1522, 685], [1523, 685], [1524, 685], [1525, 685], [1526, 685], [1507, 686], [1508, 686], [1509, 686], [1510, 686], [1511, 686], [1512, 686], [1513, 686], [1514, 686], [1515, 686], [1516, 686], [1517, 686], [1518, 686], [1519, 686], [1520, 686], [1521, 686], [1522, 686], [1523, 686], [1524, 686]


