White line left - [461, 863], [459, 864], [460, 864], [458, 865], [459, 865], [460, 865], [457, 866], [458, 866], [459, 866], [457, 867], [458, 867], [459, 867], [456, 868], [457, 868], [458, 868], [456, 869], [457, 869], [458, 869], [455, 870], [456, 870], [457, 870], [455, 871], [456, 871], [457, 871], [454, 872], [455, 872], [456, 872], [453, 873], [454, 873], [455, 873], [456, 873], [453, 874], [454, 874], [455, 874], [452, 875], [453, 875], [454, 875], [452, 876], [453, 876], [454, 876], [451, 877], [452, 877], [453, 877], [450, 878], [451, 878], [452, 878], [453, 878], [450, 879], [451, 879], [452, 879], [449, 880], [450, 880], [451, 880], [449, 881], [450, 881], [451, 881], [448, 882], [449, 882], [450, 882], [447, 883], [448, 883], [449, 883], [450, 883], [447, 884], [448, 884], [449, 884], [446, 885], [447, 885], [448, 885], [446, 886], [447, 886], [448, 886], [445, 887], [446, 887], [447, 887], [445, 888], [446, 888], [447, 888], [444, 889], [445, 889], [446, 889], [444, 890], [445, 890], [446, 890], [444, 891], [445, 891], [443, 892], [444, 892], [445, 892], [442, 893], [443, 893], [444, 893], [445, 893], [441, 894], [442, 894], [443, 894], [444, 894], [441, 895], [442, 895], [443, 895], [440, 896], [441, 896], [442, 896], [440, 897], [441, 897], [442, 897], [439, 898], [440, 898], [441, 898], [400, 899], [401, 899], [439, 899], [440, 899], [441, 899], [398, 900], [399, 900], [400, 900], [438, 900], [439, 900], [440, 900], [397, 901], [398, 901], [399, 901], [438, 901], [439, 901], [440, 901], [396, 902], [397, 902], [398, 902], [399, 902], [437, 902], [438, 902], [439, 902], [396, 903], [397, 903], [398, 903], [436, 903], [437, 903], [438, 903], [439, 903], [395, 904], [396, 904], [397, 904], [436, 904], [437, 904], [438, 904], [395, 905], [396, 905], [397, 905], [436, 905], [437, 905], [394, 906], [395, 906], [396, 906], [435, 906], [436, 906], [437, 906], [394, 907], [395, 907], [396, 907], [434, 907], [435, 907], [436, 907], [437, 907], [393, 908], [394, 908], [395, 908], [434, 908], [435, 908], [436, 908], [392, 909], [393, 909], [394, 909], [395, 909], [434, 909], [435, 909], [392, 910], [393, 910], [394, 910], [433, 910], [434, 910], [435, 910], [391, 911], [392, 911], [393, 911], [433, 911], [434, 911], [435, 911], [391, 912], [392, 912], [393, 912], [433, 912], [434, 912], [390, 913], [391, 913], [392, 913], [432, 913], [433, 913], [434, 913], [389, 914], [390, 914], [391, 914], [392, 914], [432, 914], [433, 914], [434, 914], [389, 915], [390, 915], [391, 915], [432, 915], [433, 915], [388, 916], [389, 916], [390, 916], [431, 916], [432, 916], [433, 916], [388, 917], [389, 917], [390, 917], [431, 917], [432, 917], [433, 917], [387, 918], [388, 918], [389, 918], [430, 918], [431, 918], [432, 918], [387, 919], [388, 919], [389, 919], [430, 919], [431, 919], [432, 919], [386, 920], [387, 920], [388, 920], [430, 920], [431, 920], [385, 921], [386, 921], [387, 921], [388, 921], [429, 921], [430, 921], [431, 921], [385, 922], [386, 922], [387, 922], [429, 922], [430, 922], [431, 922], [384, 923], [385, 923], [386, 923], [428, 923], [429, 923], [430, 923], [384, 924], [385, 924], [386, 924], [427, 924], [428, 924], [429, 924], [430, 924], [383, 925], [384, 925], [385, 925], [427, 925], [428, 925], [429, 925], [383, 926], [384, 926], [385, 926], [427, 926], [428, 926], [382, 927], [383, 927], [384, 927], [426, 927], [427, 927], [428, 927], [382, 928], [383, 928], [384, 928], [425, 928], [426, 928], [427, 928], [428, 928], [381, 929], [382, 929], [383, 929], [425, 929], [426, 929], [427, 929], [381, 930], [382, 930], [383, 930], [424, 930], [425, 930], [426, 930], [380, 931], [381, 931], [382, 931], [424, 931], [425, 931], [426, 931], [380, 932], [381, 932], [382, 932], [423, 932], [424, 932], [425, 932], [379, 933], [380, 933], [381, 933], [423, 933], [424, 933], [425, 933], [378, 934], [379, 934], [380, 934], [381, 934], [422, 934], [423, 934], [424, 934], [378, 935], [379, 935], [380, 935], [421, 935], [422, 935], [423, 935], [424, 935], [377, 936], [378, 936], [379, 936], [421, 936], [422, 936], [423, 936], [376, 937], [377, 937], [378, 937], [379, 937], [420, 937], [421, 937], [422, 937], [376, 938], [377, 938], [378, 938], [420, 938], [421, 938], [422, 938], [375, 939], [376, 939], [377, 939], [419, 939], [420, 939], [421, 939], [375, 940], [376, 940], [377, 940], [419, 940], [420, 940], [421, 940], [374, 941], [375, 941], [376, 941], [418, 941], [419, 941], [420, 941], [374, 942], [375, 942], [376, 942], [418, 942], [419, 942], [420, 942], [373, 943], [374, 943], [375, 943], [417, 943], [418, 943], [419, 943], [372, 944], [373, 944], [374, 944], [375, 944], [416, 944], [417, 944], [418, 944], [419, 944], [372, 945], [373, 945], [374, 945], [415, 945], [416, 945], [417, 945], [418, 945], [371, 946], [372, 946], [373, 946], [415, 946], [416, 946], [417, 946], [371, 947], [372, 947], [373, 947], [415, 947], [416, 947], [371, 948], [372, 948], [414, 948], [415, 948], [416, 948], [370, 949], [371, 949], [372, 949], [414, 949], [415, 949], [416, 949], [369, 950], [370, 950], [371, 950], [372, 950], [413, 950], [414, 950], [415, 950], [369, 951], [370, 951], [371, 951], [413, 951], [414, 951], [415, 951], [369, 952], [370, 952], [412, 952], [413, 952], [414, 952], [368, 953], [369, 953], [370, 953], [411, 953], [412, 953], [413, 953], [414, 953], [368, 954], [369, 954], [370, 954], [411, 954], [412, 954], [413, 954], [367, 955], [368, 955], [369, 955], [410, 955], [411, 955], [412, 955], [367, 956], [368, 956], [369, 956], [410, 956], [411, 956], [412, 956], [366, 957], [367, 957], [368, 957], [409, 957], [410, 957], [411, 957], [366, 958], [367, 958], [368, 958], [408, 958], [409, 958], [410, 958], [411, 958], [366, 959], [367, 959], [408, 959], [409, 959], [410, 959], [365, 960], [366, 960], [367, 960], [408, 960], [409, 960], [364, 961], [365, 961], [366, 961], [367, 961], [407, 961], [408, 961], [409, 961], [364, 962], [365, 962], [366, 962], [406, 962], [407, 962], [408, 962], [409, 962], [363, 963], [364, 963], [365, 963], [406, 963], [407, 963], [408, 963], [362, 964], [363, 964], [364, 964], [365, 964], [406, 964], [407, 964], [361, 965], [362, 965], [363, 965], [364, 965], [405, 965], [406, 965], [407, 965], [361, 966], [362, 966], [363, 966], [405, 966], [406, 966], [407, 966], [360, 967], [361, 967], [362, 967], [404, 967], [405, 967], [406, 967], [360, 968], [361, 968], [362, 968], [403, 968], [404, 968], [405, 968], [406, 968], [359, 969], [360, 969], [361, 969], [403, 969], [404, 969], [405, 969], [358, 970], [359, 970], [360, 970], [361, 970], [403, 970], [404, 970], [358, 971], [359, 971], [360, 971], [402, 971], [403, 971], [404, 971], [358, 972], [359, 972], [402, 972], [403, 972], [404, 972], [357, 973], [358, 973], [359, 973], [401, 973], [402, 973], [403, 973], [356, 974], [357, 974], [358, 974], [359, 974], [400, 974], [401, 974], [402, 974], [403, 974], [355, 975], [356, 975], [357, 975], [358, 975], [400, 975], [401, 975], [402, 975], [355, 976], [356, 976], [357, 976], [399, 976], [400, 976], [401, 976], [355, 977], [356, 977], [398, 977], [399, 977], [400, 977], [401, 977], [355, 978], [356, 978], [398, 978], [399, 978], [400, 978], [355, 979], [356, 979], [397, 979], [398, 979], [399, 979], [355, 980], [356, 980], [361, 980], [362, 980], [363, 980], [364, 980], [397, 980], [398, 980], [399, 980], [355, 981], [356, 981], [360, 981], [361, 981], [362, 981], [363, 981], [364, 981], [396, 981], [397, 981], [398, 981], [355, 982], [356, 982], [360, 982], [361, 982], [362, 982], [363, 982], [364, 982], [396, 982], [397, 982], [398, 982], [355, 983], [356, 983], [360, 983], [361, 983], [362, 983], [363, 983], [364, 983], [395, 983], [396, 983], [397, 983], [355, 984], [356, 984], [360, 984], [361, 984], [362, 984], [363, 984], [364, 984], [395, 984], [396, 984], [397, 984], [354, 985], [355, 985], [356, 985], [357, 985], [360, 985], [361, 985], [362, 985], [394, 985], [395, 985], [396, 985], [354, 986], [355, 986], [356, 986], [357, 986], [358, 986], [359, 986], [393, 986], [394, 986], [395, 986], [396, 986], [354, 987], [355, 987], [356, 987], [357, 987], [358, 987], [359, 987], [393, 987], [394, 987], [395, 987], [351, 988], [352, 988], [353, 988], [354, 988], [355, 988], [356, 988], [357, 988], [358, 988], [359, 988], [393, 988], [394, 988], [349, 989], [350, 989], [351, 989], [352, 989], [353, 989], [354, 989], [355, 989], [392, 989], [393, 989], [394, 989], [349, 990], [350, 990], [351, 990], [352, 990], [391, 990], [392, 990], [393, 990], [394, 990], [349, 991], [350, 991], [391, 991], [392, 991], [393, 991], [348, 992], [349, 992], [350, 992], [390, 992], [391, 992], [392, 992], [348, 993], [349, 993], [350, 993], [390, 993], [391, 993], [392, 993], [347, 994], [348, 994], [349, 994], [389, 994], [390, 994], [391, 994], [346, 995], [347, 995], [348, 995], [349, 995], [388, 995], [389, 995], [390, 995], [391, 995], [345, 996], [346, 996], [347, 996], [348, 996], [388, 996], [389, 996], [390, 996], [343, 997], [344, 997], [345, 997], [346, 997], [347, 997], [387, 997], [388, 997], [389, 997], [343, 998], [344, 998], [345, 998], [346, 998], [386, 998], [387, 998], [388, 998], [389, 998], [342, 999], [343, 999], [344, 999], [385, 999], [386, 999], [387, 999], [388, 999], [342, 1000], [343, 1000], [344, 1000], [385, 1000], [386, 1000], [387, 1000], [341, 1001], [342, 1001], [343, 1001], [384, 1001], [385, 1001], [386, 1001], [340, 1002], [341, 1002], [342, 1002], [343, 1002], [384, 1002], [385, 1002], [386, 1002], [339, 1003], [340, 1003], [341, 1003], [342, 1003], [383, 1003], [384, 1003], [385, 1003], [338, 1004], [339, 1004], [340, 1004], [341, 1004], [383, 1004], [384, 1004], [385, 1004], [338, 1005], [339, 1005], [340, 1005], [383, 1005], [384, 1005], [337, 1006], [338, 1006], [339, 1006], [377, 1006], [378, 1006], [379, 1006], [382, 1006], [383, 1006], [384, 1006], [336, 1007], [337, 1007], [338, 1007], [339, 1007], [375, 1007], [376, 1007], [377, 1007], [378, 1007], [379, 1007], [382, 1007], [383, 1007], [384, 1007], [336, 1008], [337, 1008], [338, 1008], [373, 1008], [374, 1008], [375, 1008], [376, 1008], [377, 1008], [378, 1008], [379, 1008], [381, 1008], [382, 1008], [383, 1008], [336, 1009], [337, 1009], [373, 1009], [374, 1009], [375, 1009], [376, 1009], [377, 1009], [378, 1009], [379, 1009], [381, 1009], [382, 1009], [383, 1009], [336, 1010], [337, 1010], [347, 1010], [348, 1010], [349, 1010], [373, 1010], [374, 1010], [377, 1010], [378, 1010], [380, 1010], [381, 1010], [382, 1010], [335, 1011], [336, 1011], [337, 1011], [346, 1011], [347, 1011], [348, 1011], [349, 1011], [373, 1011], [374, 1011], [376, 1011], [377, 1011], [378, 1011], [380, 1011], [381, 1011], [382, 1011], [334, 1012], [335, 1012], [336, 1012], [337, 1012], [346, 1012], [347, 1012], [348, 1012], [349, 1012], [372, 1012], [373, 1012], [374, 1012], [375, 1012], [376, 1012], [377, 1012], [378, 1012], [379, 1012], [380, 1012], [381, 1012], [333, 1013], [334, 1013], [335, 1013], [336, 1013], [346, 1013], [347, 1013], [348, 1013], [349, 1013], [372, 1013], [373, 1013], [375, 1013], [376, 1013], [377, 1013], [378, 1013], [379, 1013], [380, 1013], [381, 1013], [333, 1014], [334, 1014], [335, 1014], [346, 1014], [347, 1014], [348, 1014], [349, 1014], [370, 1014], [371, 1014], [372, 1014], [373, 1014], [374, 1014], [375, 1014], [376, 1014], [378, 1014], [379, 1014], [380, 1014], [332, 1015], [333, 1015], [334, 1015], [346, 1015], [347, 1015], [348, 1015], [368, 1015], [369, 1015], [370, 1015], [371, 1015], [372, 1015], [373, 1015], [374, 1015], [375, 1015], [376, 1015], [377, 1015], [378, 1015], [379, 1015], [331, 1016], [332, 1016], [333, 1016], [334, 1016], [366, 1016], [367, 1016], [368, 1016], [369, 1016], [370, 1016], [371, 1016], [374, 1016], [375, 1016], [376, 1016], [377, 1016], [378, 1016], [379, 1016], [330, 1017], [331, 1017], [332, 1017], [333, 1017], [365, 1017], [366, 1017], [367, 1017], [368, 1017], [369, 1017], [375, 1017], [376, 1017], [377, 1017], [378, 1017], [330, 1018], [331, 1018], [332, 1018], [365, 1018], [366, 1018], [367, 1018], [374, 1018], [375, 1018], [376, 1018], [329, 1019], [330, 1019], [331, 1019], [364, 1019], [365, 1019], [366, 1019], [373, 1019], [374, 1019], [375, 1019], [376, 1019], [328, 1020], [329, 1020], [330, 1020], [331, 1020], [363, 1020], [364, 1020], [365, 1020], [366, 1020], [373, 1020], [374, 1020], [375, 1020], [376, 1020], [328, 1021], [329, 1021], [330, 1021], [362, 1021], [363, 1021], [364, 1021], [365, 1021], [372, 1021], [373, 1021], [375, 1021], [376, 1021], [327, 1022], [328, 1022], [329, 1022], [361, 1022], [362, 1022], [363, 1022], [364, 1022], [371, 1022], [372, 1022], [373, 1022], [374, 1022], [375, 1022], [327, 1023], [328, 1023], [329, 1023], [360, 1023], [361, 1023], [362, 1023], [363, 1023], [370, 1023], [371, 1023], [372, 1023], [373, 1023], [374, 1023], [375, 1023], [326, 1024], [327, 1024], [328, 1024], [359, 1024], [360, 1024], [361, 1024], [362, 1024], [369, 1024], [370, 1024], [371, 1024], [373, 1024], [374, 1024], [326, 1025], [327, 1025], [328, 1025], [359, 1025], [360, 1025], [361, 1025], [369, 1025], [370, 1025], [371, 1025], [372, 1025], [373, 1025], [374, 1025], [325, 1026], [326, 1026], [327, 1026], [358, 1026], [359, 1026], [360, 1026], [369, 1026], [370, 1026], [371, 1026], [372, 1026], [373, 1026], [324, 1027], [325, 1027], [326, 1027], [327, 1027], [357, 1027], [358, 1027], [359, 1027], [360, 1027], [369, 1027], [370, 1027], [371, 1027], [372, 1027], [373, 1027], [324, 1028], [325, 1028], [326, 1028], [356, 1028], [357, 1028], [358, 1028], [359, 1028], [369, 1028], [370, 1028], [371, 1028], [372, 1028], [323, 1029], [324, 1029], [325, 1029], [356, 1029], [357, 1029], [358, 1029], [369, 1029], [370, 1029], [371, 1029], [372, 1029], [323, 1030], [324, 1030], [325, 1030], [355, 1030], [356, 1030], [357, 1030], [322, 1031], [323, 1031], [324, 1031], [353, 1031], [354, 1031], [355, 1031], [356, 1031], [357, 1031], [322, 1032], [323, 1032], [324, 1032], [353, 1032], [354, 1032], [355, 1032], [356, 1032], [366, 1032], [367, 1032], [368, 1032], [321, 1033], [322, 1033], [323, 1033], [352, 1033], [353, 1033], [354, 1033], [366, 1033], [367, 1033], [368, 1033], [320, 1034], [321, 1034], [322, 1034], [323, 1034], [352, 1034], [353, 1034], [354, 1034], [365, 1034], [366, 1034], [367, 1034], [368, 1034], [319, 1035], [320, 1035], [321, 1035], [322, 1035], [350, 1035], [351, 1035], [352, 1035], [353, 1035], [364, 1035], [365, 1035], [366, 1035], [367, 1035], [368, 1035], [319, 1036], [320, 1036], [321, 1036], [349, 1036], [350, 1036], [351, 1036], [352, 1036], [353, 1036], [364, 1036], [365, 1036], [366, 1036], [367, 1036], [368, 1036], [318, 1037], [319, 1037], [320, 1037], [348, 1037], [349, 1037], [350, 1037], [351, 1037], [364, 1037], [365, 1037], [366, 1037], [367, 1037], [318, 1038], [319, 1038], [320, 1038], [348, 1038], [349, 1038], [350, 1038], [362, 1038], [363, 1038], [364, 1038], [365, 1038], [317, 1039], [318, 1039], [319, 1039], [347, 1039], [348, 1039], [349, 1039], [361, 1039], [362, 1039], [363, 1039], [364, 1039], [365, 1039], [316, 1040], [317, 1040], [318, 1040], [319, 1040], [347, 1040], [348, 1040], [349, 1040], [359, 1040], [360, 1040], [361, 1040], [362, 1040], [364, 1040], [365, 1040], [316, 1041], [317, 1041], [318, 1041], [346, 1041], [347, 1041], [348, 1041], [359, 1041], [360, 1041], [361, 1041], [362, 1041], [363, 1041], [364, 1041], [365, 1041], [315, 1042], [316, 1042], [317, 1042], [336, 1042], [337, 1042], [338, 1042], [346, 1042], [347, 1042], [348, 1042], [358, 1042], [359, 1042], [360, 1042], [363, 1042], [364, 1042], [314, 1043], [315, 1043], [316, 1043], [317, 1043], [336, 1043], [338, 1043], [345, 1043], [346, 1043], [347, 1043], [357, 1043], [358, 1043], [359, 1043], [360, 1043], [363, 1043], [364, 1043], [314, 1044], [315, 1044], [316, 1044], [336, 1044], [337, 1044], [338, 1044], [345, 1044], [346, 1044], [347, 1044], [356, 1044], [357, 1044], [358, 1044], [359, 1044], [362, 1044], [363, 1044], [364, 1044], [313, 1045], [314, 1045], [315, 1045], [344, 1045], [345, 1045], [346, 1045], [354, 1045], [355, 1045], [356, 1045], [357, 1045], [358, 1045], [362, 1045], [363, 1045], [364, 1045], [313, 1046], [314, 1046], [315, 1046], [343, 1046], [344, 1046], [345, 1046], [346, 1046], [354, 1046], [355, 1046], [356, 1046], [357, 1046], [361, 1046], [362, 1046], [363, 1046], [312, 1047], [313, 1047], [314, 1047], [343, 1047], [344, 1047], [346, 1047], [347, 1047], [353, 1047], [354, 1047], [355, 1047], [361, 1047], [362, 1047], [363, 1047], [311, 1048], [312, 1048], [313, 1048], [314, 1048], [343, 1048], [344, 1048], [345, 1048], [346, 1048], [347, 1048], [348, 1048], [349, 1048], [350, 1048], [351, 1048], [352, 1048], [353, 1048], [354, 1048], [355, 1048], [360, 1048], [361, 1048], [362, 1048], [311, 1049], [312, 1049], [313, 1049], [343, 1049], [344, 1049], [345, 1049], [346, 1049], [347, 1049], [348, 1049], [349, 1049], [350, 1049], [351, 1049], [352, 1049], [353, 1049], [354, 1049], [360, 1049], [361, 1049], [362, 1049], [310, 1050], [311, 1050], [312, 1050], [343, 1050], [344, 1050], [345, 1050], [359, 1050], [360, 1050], [361, 1050], [310, 1051], [311, 1051], [312, 1051], [359, 1051], [360, 1051], [361, 1051], [310, 1052], [311, 1052], [358, 1052], [359, 1052], [360, 1052], [309, 1053], [310, 1053], [311, 1053], [358, 1053], [359, 1053], [360, 1053], [309, 1054], [310, 1054], [311, 1054], [357, 1054], [358, 1054], [359, 1054], [308, 1055], [309, 1055], [310, 1055], [356, 1055], [357, 1055], [358, 1055], [359, 1055], [307, 1056], [308, 1056], [309, 1056], [310, 1056], [356, 1056], [357, 1056], [358, 1056], [307, 1057], [308, 1057], [309, 1057], [355, 1057], [356, 1057], [357, 1057], [306, 1058], [307, 1058], [308, 1058], [355, 1058], [356, 1058], [357, 1058], [306, 1059], [307, 1059], [308, 1059], [354, 1059], [355, 1059], [356, 1059], [305, 1060], [306, 1060], [307, 1060], [354, 1060], [355, 1060], [356, 1060], [305, 1061], [306, 1061], [307, 1061], [353, 1061], [354, 1061], [355, 1061], [304, 1062], [305, 1062], [306, 1062], [353, 1062], [354, 1062], [355, 1062], [303, 1063], [304, 1063], [305, 1063], [306, 1063], [352, 1063], [353, 1063], [354, 1063], [303, 1064], [304, 1064], [305, 1064], [351, 1064], [352, 1064], [353, 1064], [354, 1064], [303, 1065], [304, 1065], [321, 1065], [322, 1065], [323, 1065], [351, 1065], [352, 1065], [353, 1065], [302, 1066], [303, 1066], [304, 1066], [320, 1066], [321, 1066], [322, 1066], [323, 1066], [350, 1066], [351, 1066], [352, 1066], [302, 1067], [303, 1067], [304, 1067], [319, 1067], [320, 1067], [322, 1067], [323, 1067], [349, 1067], [350, 1067], [351, 1067], [352, 1067], [301, 1068], [302, 1068], [303, 1068], [317, 1068], [318, 1068], [319, 1068], [320, 1068], [321, 1068], [322, 1068], [349, 1068], [350, 1068], [351, 1068], [301, 1069], [302, 1069], [303, 1069], [317, 1069], [318, 1069], [319, 1069], [320, 1069], [321, 1069], [348, 1069], [349, 1069], [350, 1069], [300, 1070], [301, 1070], [302, 1070], [317, 1070], [318, 1070], [320, 1070], [321, 1070], [348, 1070], [349, 1070], [350, 1070], [300, 1071], [301, 1071], [302, 1071], [312, 1071], [313, 1071], [314, 1071], [315, 1071], [316, 1071], [317, 1071], [318, 1071], [320, 1071], [321, 1071], [347, 1071], [348, 1071], [349, 1071], [299, 1072], [300, 1072], [301, 1072], [310, 1072], [311, 1072], [312, 1072], [313, 1072], [314, 1072], [315, 1072], [316, 1072], [317, 1072], [318, 1072], [320, 1072], [321, 1072], [347, 1072], [348, 1072], [349, 1072], [299, 1073], [300, 1073], [301, 1073], [309, 1073], [310, 1073], [311, 1073], [312, 1073], [313, 1073], [319, 1073], [320, 1073], [321, 1073], [346, 1073], [347, 1073], [348, 1073], [298, 1074], [299, 1074], [300, 1074], [308, 1074], [309, 1074], [310, 1074], [311, 1074], [319, 1074], [320, 1074], [321, 1074], [345, 1074], [346, 1074], [347, 1074], [348, 1074], [298, 1075], [299, 1075], [300, 1075], [307, 1075], [308, 1075], [309, 1075], [310, 1075], [318, 1075], [319, 1075], [320, 1075], [344, 1075], [345, 1075], [346, 1075], [347, 1075], [298, 1076], [299, 1076], [300, 1076], [307, 1076], [308, 1076], [309, 1076], [318, 1076], [319, 1076], [320, 1076], [344, 1076], [345, 1076], [346, 1076], [298, 1077], [299, 1077], [300, 1077], [306, 1077], [307, 1077], [308, 1077], [317, 1077], [318, 1077], [319, 1077], [344, 1077], [345, 1077], [299, 1078], [300, 1078], [306, 1078], [307, 1078], [308, 1078], [316, 1078], [317, 1078], [318, 1078], [319, 1078], [343, 1078], [344, 1078], [345, 1078], [299, 1079], [300, 1079], [306, 1079], [307, 1079], [316, 1079], [317, 1079], [318, 1079], [343, 1079], [344, 1079], [345, 1079]




Yellow line left - [189, 1024], [188, 1025], [189, 1025], [186, 1026], [187, 1026], [188, 1026], [184, 1027], [185, 1027], [186, 1027], [187, 1027], [188, 1027], [183, 1028], [184, 1028], [185, 1028], [186, 1028], [187, 1028], [182, 1029], [183, 1029], [184, 1029], [185, 1029], [186, 1029], [182, 1030], [183, 1030], [184, 1030], [185, 1030], [186, 1030], [187, 1030], [182, 1031], [183, 1031], [184, 1031], [185, 1031], [186, 1031], [187, 1031], [183, 1032], [184, 1032], [185, 1032], [186, 1032], [187, 1032], [184, 1033], [185, 1033], [186, 1033], [184, 1034], [185, 1034], [186, 1034], [182, 1035], [183, 1035], [184, 1035], [185, 1035], [178, 1036], [179, 1036], [180, 1036], [181, 1036], [182, 1036], [183, 1036], [184, 1036], [185, 1036], [178, 1037], [179, 1037], [180, 1037], [181, 1037], [182, 1037], [183, 1037], [178, 1038], [179, 1038], [180, 1038], [181, 1038], [178, 1039], [179, 1039], [180, 1039], [178, 1040], [179, 1040], [180, 1040], [177, 1041], [178, 1041], [179, 1041], [180, 1041], [174, 1042], [175, 1042], [176, 1042], [177, 1042], [178, 1042], [179, 1042], [180, 1042], [173, 1043], [174, 1043], [175, 1043], [176, 1043], [177, 1043], [178, 1043], [173, 1044], [174, 1044], [175, 1044], [172, 1045], [173, 1045], [174, 1045], [172, 1046], [173, 1046], [174, 1046], [169, 1047], [170, 1047], [171, 1047], [172, 1047], [173, 1047], [169, 1048], [170, 1048], [171, 1048], [172, 1048], [173, 1048], [169, 1049], [170, 1049], [171, 1049], [172, 1049], [168, 1050], [169, 1050], [170, 1050], [166, 1051], [167, 1051], [168, 1051], [169, 1051], [170, 1051], [142, 1052], [166, 1052], [167, 1052], [168, 1052], [169, 1052], [140, 1053], [142, 1053], [145, 1053], [146, 1053], [147, 1053], [154, 1053], [155, 1053], [156, 1053], [157, 1053], [158, 1053], [159, 1053], [166, 1053], [167, 1053], [169, 1053], [139, 1054], [140, 1054], [141, 1054], [143, 1054], [144, 1054], [145, 1054], [146, 1054], [147, 1054], [154, 1054], [156, 1054], [157, 1054], [158, 1054], [159, 1054], [164, 1054], [165, 1054], [166, 1054], [167, 1054], [168, 1054], [169, 1054], [139, 1055], [140, 1055], [141, 1055], [142, 1055], [143, 1055], [144, 1055], [145, 1055], [146, 1055], [147, 1055], [148, 1055], [154, 1055], [155, 1055], [156, 1055], [157, 1055], [158, 1055], [159, 1055], [163, 1055], [164, 1055], [165, 1055], [166, 1055], [167, 1055], [168, 1055], [140, 1056], [141, 1056], [142, 1056], [143, 1056], [144, 1056], [145, 1056], [146, 1056], [147, 1056], [148, 1056], [156, 1056], [157, 1056], [158, 1056], [159, 1056], [160, 1056], [163, 1056], [164, 1056], [165, 1056], [166, 1056], [167, 1056], [168, 1056], [147, 1057], [148, 1057], [149, 1057], [157, 1057], [158, 1057], [159, 1057], [160, 1057], [163, 1057], [164, 1057], [165, 1057], [166, 1057], [167, 1057], [168, 1057], [143, 1058], [144, 1058], [145, 1058], [147, 1058], [148, 1058], [149, 1058], [157, 1058], [158, 1058], [159, 1058], [160, 1058], [164, 1058], [165, 1058], [167, 1058], [168, 1058], [140, 1059], [141, 1059], [142, 1059], [143, 1059], [144, 1059], [145, 1059], [146, 1059], [147, 1059], [148, 1059], [149, 1059], [164, 1059], [165, 1059], [166, 1059], [167, 1059], [140, 1060], [141, 1060], [142, 1060], [143, 1060], [144, 1060], [145, 1060], [146, 1060], [147, 1060], [148, 1060], [165, 1060], [166, 1060], [167, 1060], [140, 1061], [141, 1061], [144, 1061], [145, 1061], [146, 1061], [165, 1061], [166, 1061], [167, 1061], [139, 1062], [140, 1062], [141, 1062], [164, 1062], [165, 1062], [166, 1062], [167, 1062], [139, 1063], [140, 1063], [141, 1063], [164, 1063], [165, 1063], [166, 1063], [138, 1064], [139, 1064], [140, 1064], [162, 1064], [163, 1064], [164, 1064], [165, 1064], [137, 1065], [138, 1065], [139, 1065], [140, 1065], [161, 1065], [162, 1065], [163, 1065], [164, 1065], [165, 1065], [137, 1066], [138, 1066], [139, 1066], [160, 1066], [161, 1066], [162, 1066], [163, 1066], [117, 1067], [118, 1067], [119, 1067], [120, 1067], [137, 1067], [138, 1067], [139, 1067], [160, 1067], [161, 1067], [162, 1067], [115, 1068], [116, 1068], [117, 1068], [118, 1068], [119, 1068], [120, 1068], [121, 1068], [122, 1068], [123, 1068], [124, 1068], [125, 1068], [126, 1068], [127, 1068], [137, 1068], [138, 1068], [139, 1068], [140, 1068], [159, 1068], [160, 1068], [161, 1068], [115, 1069], [116, 1069], [117, 1069], [118, 1069], [119, 1069], [120, 1069], [121, 1069], [122, 1069], [123, 1069], [124, 1069], [125, 1069], [126, 1069], [127, 1069], [128, 1069], [136, 1069], [137, 1069], [138, 1069], [140, 1069], [159, 1069], [160, 1069], [161, 1069], [112, 1070], [114, 1070], [115, 1070], [116, 1070], [117, 1070], [118, 1070], [119, 1070], [120, 1070], [121, 1070], [122, 1070], [123, 1070], [124, 1070], [125, 1070], [126, 1070], [127, 1070], [128, 1070], [135, 1070], [136, 1070], [137, 1070], [138, 1070], [139, 1070], [140, 1070], [159, 1070], [160, 1070], [111, 1071], [112, 1071], [113, 1071], [114, 1071], [115, 1071], [116, 1071], [117, 1071], [118, 1071], [119, 1071], [120, 1071], [121, 1071], [122, 1071], [123, 1071], [124, 1071], [125, 1071], [126, 1071], [127, 1071], [128, 1071], [132, 1071], [133, 1071], [134, 1071], [135, 1071], [136, 1071], [137, 1071], [159, 1071], [160, 1071], [111, 1072], [112, 1072], [113, 1072], [114, 1072], [115, 1072], [116, 1072], [117, 1072], [118, 1072], [119, 1072], [120, 1072], [121, 1072], [122, 1072], [123, 1072], [124, 1072], [125, 1072], [126, 1072], [127, 1072], [128, 1072], [131, 1072], [132, 1072], [133, 1072], [134, 1072], [135, 1072], [136, 1072], [158, 1072], [159, 1072], [160, 1072], [112, 1073], [114, 1073], [115, 1073], [116, 1073], [117, 1073], [118, 1073], [119, 1073], [120, 1073], [121, 1073], [126, 1073], [127, 1073], [128, 1073], [129, 1073], [130, 1073], [131, 1073], [132, 1073], [133, 1073], [157, 1073], [158, 1073], [159, 1073], [160, 1073], [112, 1074], [113, 1074], [114, 1074], [115, 1074], [116, 1074], [117, 1074], [119, 1074], [120, 1074], [121, 1074], [127, 1074], [128, 1074], [129, 1074], [130, 1074], [131, 1074], [132, 1074], [157, 1074], [158, 1074], [159, 1074], [114, 1075], [115, 1075], [116, 1075], [117, 1075], [127, 1075], [128, 1075], [129, 1075], [156, 1075], [157, 1075], [158, 1075], [114, 1076], [115, 1076], [116, 1076], [117, 1076], [127, 1076], [128, 1076], [129, 1076], [156, 1076], [157, 1076], [158, 1076], [114, 1077], [115, 1077], [116, 1077], [117, 1077], [155, 1077], [156, 1077], [157, 1077], [98, 1078], [99, 1078], [114, 1078], [115, 1078], [116, 1078], [117, 1078], [155, 1078], [156, 1078], [157, 1078], [97, 1079], [98, 1079], [114, 1079], [115, 1079], [116, 1079], [117, 1079], [155, 1079], [156, 1079]




Yellow line right - [1387, 505], [1388, 505], [1389, 505], [1390, 505], [1391, 505], [1392, 505], [1393, 505], [1394, 505], [1395, 505], [1396, 505], [1386, 506], [1387, 506], [1388, 506], [1389, 506], [1390, 506], [1391, 506], [1392, 506], [1393, 506], [1394, 506], [1395, 506], [1396, 506], [1397, 506], [1386, 507], [1387, 507], [1388, 507], [1395, 507], [1396, 507], [1397, 507], [1398, 507], [1386, 508], [1387, 508], [1396, 508], [1397, 508], [1398, 508], [1399, 508], [1386, 509], [1387, 509], [1397, 509], [1398, 509], [1399, 509], [1386, 510], [1387, 510], [1388, 510], [1389, 510], [1394, 510], [1395, 510], [1396, 510], [1397, 510], [1398, 510], [1399, 510], [1386, 511], [1387, 511], [1388, 511], [1389, 511], [1390, 511], [1391, 511], [1392, 511], [1393, 511], [1394, 511], [1395, 511], [1396, 511], [1397, 511], [1398, 511], [1399, 511], [1388, 512], [1389, 512], [1390, 512], [1391, 512], [1392, 512], [1393, 512], [1394, 512], [1395, 512]




White line right - [1731, 109], [1729, 110], [1730, 110], [1731, 110], [1728, 111], [1730, 111], [1731, 111], [1726, 112], [1727, 112], [1728, 112], [1729, 112], [1730, 112], [1724, 113], [1725, 113], [1726, 113], [1727, 113], [1729, 113], [1730, 113], [1723, 114], [1724, 114], [1725, 114], [1726, 114], [1727, 114], [1728, 114], [1729, 114], [1723, 115], [1724, 115], [1725, 115], [1726, 115], [1727, 115], [1728, 115], [1729, 115], [1723, 116], [1724, 116], [1725, 116], [1726, 116], [1727, 116], [1728, 116], [1723, 117], [1724, 117], [1725, 117], [1726, 117], [1727, 117], [1722, 118], [1723, 118], [1724, 118], [1725, 118], [1726, 118], [1727, 118], [1722, 119], [1723, 119], [1724, 119], [1726, 119], [1727, 119], [1722, 120], [1723, 120], [1725, 120], [1726, 120], [1727, 120], [1721, 121], [1722, 121], [1723, 121], [1725, 121], [1726, 121], [1727, 121], [1721, 122], [1722, 122], [1723, 122], [1724, 122], [1725, 122], [1726, 122], [1721, 123], [1722, 123], [1723, 123], [1724, 123], [1725, 123], [1726, 123], [1721, 124], [1722, 124], [1723, 124], [1724, 124], [1725, 124], [1713, 155], [1714, 155], [1715, 155], [1713, 156], [1715, 156], [1713, 157], [1714, 157], [1715, 157], [1711, 158], [1712, 158], [1713, 158], [1711, 159], [1713, 159], [1711, 160], [1712, 160], [1713, 160], [1709, 164], [1710, 164], [1711, 164], [1712, 164], [1709, 165], [1710, 165], [1711, 165], [1712, 165], [1709, 166], [1710, 166], [1711, 166], [1712, 166], [1709, 167], [1710, 167], [1711, 167], [1701, 190], [1702, 190], [1703, 190], [1704, 190], [1700, 191], [1701, 191], [1702, 191], [1703, 191], [1704, 191], [1700, 192], [1701, 192], [1702, 192], [1703, 192], [1704, 192], [1699, 193], [1700, 193], [1701, 193], [1703, 193], [1704, 193], [1699, 194], [1700, 194], [1701, 194], [1702, 194], [1703, 194], [1704, 194], [1699, 195], [1700, 195], [1702, 195], [1703, 195], [1704, 195], [1699, 196], [1700, 196], [1701, 196], [1702, 196], [1703, 196], [1699, 197], [1700, 197], [1701, 197], [1702, 197], [1703, 197], [1466, 266], [1467, 266], [1468, 266], [1469, 266], [1465, 267], [1466, 267], [1467, 267], [1468, 267], [1469, 267], [1470, 267], [1471, 267], [1472, 267], [1473, 267], [1466, 268], [1467, 268], [1468, 268], [1469, 268], [1471, 268], [1472, 268], [1473, 268], [1474, 268], [1475, 268], [1476, 268], [1487, 268], [1488, 268], [1489, 268], [1490, 268], [1491, 268], [1492, 268], [1493, 268], [1494, 268], [1495, 268], [1496, 268], [1497, 268], [1468, 269], [1469, 269], [1470, 269], [1471, 269], [1472, 269], [1473, 269], [1475, 269], [1476, 269], [1477, 269], [1478, 269], [1479, 269], [1480, 269], [1486, 269], [1487, 269], [1488, 269], [1489, 269], [1490, 269], [1491, 269], [1492, 269], [1493, 269], [1494, 269], [1495, 269], [1496, 269], [1497, 269], [1471, 270], [1472, 270], [1473, 270], [1474, 270], [1475, 270], [1476, 270], [1477, 270], [1478, 270], [1479, 270], [1480, 270], [1481, 270], [1482, 270], [1483, 270], [1484, 270], [1486, 270], [1487, 270], [1488, 270], [1496, 270], [1497, 270], [1475, 271], [1476, 271], [1477, 271], [1478, 271], [1479, 271], [1481, 271], [1482, 271], [1483, 271], [1484, 271], [1485, 271], [1486, 271], [1487, 271], [1488, 271], [1489, 271], [1490, 271], [1491, 271], [1492, 271], [1493, 271], [1494, 271], [1495, 271], [1496, 271], [1497, 271], [1477, 272], [1478, 272], [1479, 272], [1480, 272], [1481, 272], [1482, 272], [1484, 272], [1485, 272], [1486, 272], [1487, 272], [1488, 272], [1489, 272], [1490, 272], [1491, 272], [1492, 272], [1493, 272], [1494, 272], [1495, 272], [1496, 272], [1497, 272], [1480, 273], [1481, 273], [1482, 273], [1483, 273], [1484, 273], [1485, 273], [1486, 273], [1487, 273], [1488, 273], [1489, 273], [1490, 273], [1491, 273], [1492, 273], [1482, 274], [1483, 274], [1484, 274], [1485, 274], [1486, 274], [1487, 274], [1488, 274], [1490, 274], [1491, 274], [1492, 274], [1493, 274], [1494, 274], [1485, 275], [1486, 275], [1487, 275], [1488, 275], [1489, 275], [1490, 275], [1491, 275], [1493, 275], [1494, 275], [1495, 275], [1496, 275], [1497, 275], [1498, 275], [1489, 276], [1490, 276], [1491, 276], [1492, 276], [1493, 276], [1494, 276], [1495, 276], [1496, 276], [1497, 276], [1498, 276], [1499, 276], [1500, 276], [1501, 276], [1492, 277], [1493, 277], [1494, 277], [1495, 277], [1496, 277], [1497, 277], [1499, 277], [1500, 277], [1501, 277], [1502, 277], [1503, 277], [1495, 278], [1496, 278], [1497, 278], [1498, 278], [1499, 278], [1500, 278], [1501, 278], [1502, 278], [1503, 278], [1504, 278], [1505, 278], [1506, 278], [1498, 279], [1499, 279], [1500, 279], [1501, 279], [1502, 279], [1503, 279], [1504, 279], [1505, 279], [1506, 279], [1507, 279], [1508, 279], [1509, 279], [1510, 279], [1500, 280], [1501, 280], [1502, 280], [1503, 280], [1504, 280], [1505, 280], [1506, 280], [1509, 280], [1510, 280], [1511, 280], [1512, 280], [1513, 280], [1504, 281], [1505, 281], [1506, 281], [1507, 281], [1508, 281], [1509, 281], [1510, 281], [1511, 281], [1512, 281], [1513, 281], [1514, 281], [1515, 281], [1516, 281], [1509, 282], [1510, 282], [1511, 282], [1512, 282], [1514, 282], [1515, 282], [1516, 282], [1517, 282], [1518, 282], [1519, 282], [1511, 283], [1512, 283], [1513, 283], [1514, 283], [1515, 283], [1517, 283], [1518, 283], [1519, 283], [1520, 283], [1521, 283], [1513, 284], [1514, 284], [1515, 284], [1516, 284], [1517, 284], [1518, 284], [1519, 284], [1520, 284], [1521, 284], [1516, 285], [1517, 285], [1518, 285], [1519, 285], [1520, 285], [1521, 285], [1535, 289], [1536, 289], [1537, 289], [1538, 289], [1539, 289], [1535, 290], [1536, 290], [1537, 290], [1538, 290], [1539, 290], [1540, 290], [1535, 291], [1536, 291], [1537, 291], [1538, 291], [1539, 291], [1540, 291], [1537, 292], [1538, 292], [1539, 292], [1540, 292], [1552, 294], [1553, 294], [1554, 294], [1555, 294], [1552, 295], [1553, 295], [1554, 295], [1555, 295], [1556, 295], [1557, 295], [1558, 295], [1552, 296], [1553, 296], [1554, 296], [1555, 296], [1557, 296], [1558, 296], [1554, 297], [1555, 297], [1556, 297], [1557, 297], [1558, 297], [1780, 368], [1781, 368], [1782, 368], [1783, 368], [1780, 369], [1781, 369], [1782, 369], [1783, 369], [1784, 369], [1785, 369], [1786, 369], [1787, 369], [1788, 369], [1789, 369], [1780, 370], [1781, 370], [1782, 370], [1784, 370], [1785, 370], [1786, 370], [1787, 370], [1788, 370], [1789, 370], [1790, 370], [1791, 370], [1792, 370], [1793, 370], [1781, 371], [1782, 371], [1783, 371], [1784, 371], [1785, 371], [1786, 371], [1788, 371], [1789, 371], [1790, 371], [1791, 371], [1792, 371], [1793, 371], [1794, 371], [1795, 371], [1796, 371], [1783, 372], [1784, 372], [1785, 372], [1786, 372], [1787, 372], [1788, 372], [1789, 372], [1790, 372], [1792, 372], [1793, 372], [1794, 372], [1795, 372], [1796, 372], [1797, 372], [1798, 372], [1785, 373], [1786, 373], [1787, 373], [1788, 373], [1789, 373], [1790, 373], [1791, 373], [1792, 373], [1793, 373], [1795, 373], [1796, 373], [1797, 373], [1798, 373], [1799, 373], [1789, 374], [1790, 374], [1791, 374], [1792, 374], [1793, 374], [1794, 374], [1795, 374], [1796, 374], [1797, 374], [1798, 374], [1799, 374], [1792, 375], [1793, 375], [1794, 375], [1795, 375], [1796, 375], [1797, 375], [1798, 375], [1799, 375], [1378, 504], [1379, 504], [1380, 504], [1381, 504], [1382, 504], [1383, 504], [1378, 505], [1379, 505], [1380, 505], [1381, 505], [1382, 505], [1383, 505], [1384, 505], [1378, 506], [1379, 506], [1382, 506], [1383, 506], [1384, 506], [1378, 507], [1379, 507], [1380, 507], [1383, 507], [1384, 507], [1378, 508], [1379, 508], [1380, 508], [1381, 508], [1382, 508], [1383, 508], [1384, 508], [1379, 509], [1380, 509], [1381, 509], [1382, 509], [1383, 509], [1384, 509], [1381, 510], [1382, 510], [1383, 510], [1384, 510]


