White line left - 




Yellow line left - [1150, 454], [1151, 454], [1152, 454], [1153, 454], [1154, 454], [1155, 454], [1149, 455], [1150, 455], [1151, 455], [1152, 455], [1153, 455], [1154, 455], [1155, 455], [1156, 455], [1146, 456], [1147, 456], [1154, 456], [1155, 456], [1156, 456], [1145, 457], [1146, 457], [1147, 457], [1148, 457], [1154, 457], [1155, 457], [1156, 457], [1146, 458], [1147, 458], [1148, 458], [1149, 458], [1154, 458], [1155, 458], [1156, 458], [1147, 459], [1148, 459], [1149, 459], [1150, 459], [1153, 459], [1154, 459], [1155, 459], [1148, 460], [1149, 460], [1150, 460], [1151, 460], [1152, 460], [1153, 460], [1154, 460], [1155, 460], [1149, 461], [1150, 461], [1151, 461], [1152, 461], [1153, 461], [1154, 461], [1161, 462], [1162, 462], [1163, 462], [1161, 463], [1162, 463], [1163, 463], [1161, 464], [1162, 464], [1163, 464], [1161, 465], [1162, 465], [1163, 465], [1160, 469], [1161, 469], [1162, 469], [1160, 470], [1161, 470], [1162, 470], [1163, 470], [1164, 470], [1165, 470], [1160, 471], [1161, 471], [1162, 471], [1163, 471], [1164, 471], [1165, 471], [1161, 472], [1162, 472], [1163, 472], [1164, 472], [1165, 472], [1162, 473], [1163, 473], [1164, 473], [1165, 473], [1162, 474], [1163, 474], [1164, 474], [1166, 476], [1167, 476], [1168, 476], [1166, 477], [1167, 477], [1168, 477], [1169, 477], [1166, 478], [1167, 478], [1168, 478], [1169, 478], [1166, 479], [1167, 479], [1168, 479], [1169, 479], [1167, 480], [1168, 480], [1169, 480]




Yellow line right - [1203, 504], [1204, 504], [1205, 504], [1206, 504], [1197, 505], [1198, 505], [1199, 505], [1203, 505], [1204, 505], [1205, 505], [1206, 505], [1195, 506], [1196, 506], [1197, 506], [1198, 506], [1199, 506], [1200, 506], [1201, 506], [1202, 506], [1203, 506], [1204, 506], [1205, 506], [1206, 506], [1207, 506], [1195, 507], [1196, 507], [1197, 507], [1198, 507], [1199, 507], [1200, 507], [1201, 507], [1202, 507], [1203, 507], [1204, 507], [1205, 507], [1206, 507], [1207, 507], [1194, 508], [1195, 508], [1196, 508], [1198, 508], [1199, 508], [1200, 508], [1201, 508], [1202, 508], [1203, 508], [1204, 508], [1205, 508], [1206, 508], [1207, 508], [1194, 509], [1195, 509], [1196, 509], [1200, 509], [1201, 509], [1202, 509], [1203, 509], [1204, 509], [1205, 509], [1206, 509], [1194, 510], [1195, 510], [1196, 510], [1197, 510], [1200, 510], [1201, 510], [1202, 510], [1203, 510], [1195, 511], [1196, 511], [1197, 511], [1200, 511], [1201, 511], [1202, 511], [1203, 511], [1196, 512], [1197, 512], [1198, 512], [1200, 512], [1201, 512], [1202, 512], [1196, 513], [1197, 513], [1198, 513], [1199, 513], [1200, 513], [1201, 513], [1202, 513], [1197, 514], [1198, 514], [1199, 514], [1200, 514], [1201, 514], [1198, 515], [1199, 515], [1200, 515]




White line right - [1746, 229], [1747, 229], [1748, 229], [1749, 229], [1750, 229], [1751, 229], [1752, 229], [1753, 229], [1754, 229], [1755, 229], [1756, 229], [1757, 229], [1742, 230], [1743, 230], [1744, 230], [1745, 230], [1746, 230], [1747, 230], [1748, 230], [1749, 230], [1756, 230], [1757, 230], [1768, 230], [1769, 230], [1770, 230], [1771, 230], [1772, 230], [1773, 230], [1774, 230], [1775, 230], [1776, 230], [1741, 231], [1742, 231], [1743, 231], [1744, 231], [1745, 231], [1747, 231], [1748, 231], [1749, 231], [1750, 231], [1751, 231], [1752, 231], [1753, 231], [1754, 231], [1755, 231], [1756, 231], [1757, 231], [1768, 231], [1769, 231], [1773, 231], [1774, 231], [1775, 231], [1776, 231], [1777, 231], [1778, 231], [1779, 231], [1780, 231], [1781, 231], [1782, 231], [1783, 231], [1784, 231], [1785, 231], [1786, 231], [1787, 231], [1788, 231], [1740, 232], [1741, 232], [1742, 232], [1744, 232], [1745, 232], [1746, 232], [1747, 232], [1748, 232], [1749, 232], [1768, 232], [1769, 232], [1770, 232], [1771, 232], [1772, 232], [1773, 232], [1774, 232], [1775, 232], [1776, 232], [1779, 232], [1780, 232], [1781, 232], [1782, 232], [1783, 232], [1784, 232], [1787, 232], [1788, 232], [1789, 232], [1790, 232], [1791, 232], [1792, 232], [1793, 232], [1794, 232], [1795, 232], [1796, 232], [1797, 232], [1798, 232], [1799, 232], [1800, 232], [1801, 232], [1802, 232], [1803, 232], [1739, 233], [1740, 233], [1741, 233], [1743, 233], [1744, 233], [1745, 233], [1746, 233], [1773, 233], [1774, 233], [1775, 233], [1776, 233], [1777, 233], [1778, 233], [1779, 233], [1780, 233], [1781, 233], [1782, 233], [1783, 233], [1784, 233], [1785, 233], [1786, 233], [1787, 233], [1788, 233], [1789, 233], [1790, 233], [1791, 233], [1792, 233], [1793, 233], [1794, 233], [1795, 233], [1796, 233], [1797, 233], [1798, 233], [1799, 233], [1800, 233], [1801, 233], [1802, 233], [1803, 233], [1804, 233], [1805, 233], [1806, 233], [1807, 233], [1808, 233], [1809, 233], [1810, 233], [1811, 233], [1812, 233], [1813, 233], [1814, 233], [1738, 234], [1739, 234], [1740, 234], [1741, 234], [1742, 234], [1743, 234], [1744, 234], [1779, 234], [1780, 234], [1781, 234], [1782, 234], [1783, 234], [1784, 234], [1787, 234], [1788, 234], [1789, 234], [1790, 234], [1791, 234], [1792, 234], [1793, 234], [1794, 234], [1795, 234], [1796, 234], [1797, 234], [1798, 234], [1799, 234], [1800, 234], [1801, 234], [1802, 234], [1803, 234], [1804, 234], [1805, 234], [1806, 234], [1807, 234], [1808, 234], [1809, 234], [1810, 234], [1811, 234], [1812, 234], [1813, 234], [1814, 234], [1815, 234], [1816, 234], [1817, 234], [1818, 234], [1819, 234], [1738, 235], [1739, 235], [1740, 235], [1741, 235], [1742, 235], [1743, 235], [1789, 235], [1790, 235], [1791, 235], [1792, 235], [1793, 235], [1794, 235], [1795, 235], [1796, 235], [1797, 235], [1798, 235], [1799, 235], [1800, 235], [1801, 235], [1802, 235], [1803, 235], [1804, 235], [1805, 235], [1806, 235], [1807, 235], [1808, 235], [1809, 235], [1810, 235], [1811, 235], [1812, 235], [1814, 235], [1815, 235], [1816, 235], [1817, 235], [1818, 235], [1819, 235], [1820, 235], [1821, 235], [1738, 236], [1739, 236], [1740, 236], [1741, 236], [1742, 236], [1743, 236], [1792, 236], [1793, 236], [1794, 236], [1795, 236], [1800, 236], [1801, 236], [1802, 236], [1803, 236], [1804, 236], [1805, 236], [1806, 236], [1807, 236], [1808, 236], [1809, 236], [1810, 236], [1811, 236], [1812, 236], [1813, 236], [1814, 236], [1815, 236], [1816, 236], [1817, 236], [1819, 236], [1820, 236], [1821, 236], [1822, 236], [1823, 236], [1738, 237], [1739, 237], [1740, 237], [1741, 237], [1742, 237], [1812, 237], [1813, 237], [1814, 237], [1815, 237], [1816, 237], [1817, 237], [1818, 237], [1819, 237], [1821, 237], [1822, 237], [1823, 237], [1824, 237], [1738, 238], [1739, 238], [1740, 238], [1741, 238], [1812, 238], [1813, 238], [1814, 238], [1817, 238], [1818, 238], [1819, 238], [1820, 238], [1821, 238], [1823, 238], [1824, 238], [1737, 239], [1738, 239], [1740, 239], [1741, 239], [1819, 239], [1820, 239], [1821, 239], [1822, 239], [1823, 239], [1824, 239], [1737, 240], [1738, 240], [1739, 240], [1740, 240], [1820, 240], [1821, 240], [1822, 240], [1823, 240], [1824, 240], [1737, 241], [1738, 241], [1739, 241], [1740, 241], [1820, 241], [1821, 241], [1822, 241], [1823, 241], [1824, 241], [1736, 242], [1737, 242], [1739, 242], [1740, 242], [1819, 242], [1820, 242], [1821, 242], [1822, 242], [1823, 242], [1824, 242], [1736, 243], [1737, 243], [1738, 243], [1739, 243], [1808, 243], [1809, 243], [1810, 243], [1818, 243], [1819, 243], [1820, 243], [1822, 243], [1823, 243], [1736, 244], [1737, 244], [1738, 244], [1739, 244], [1807, 244], [1808, 244], [1809, 244], [1810, 244], [1818, 244], [1819, 244], [1821, 244], [1822, 244], [1823, 244], [1735, 245], [1736, 245], [1738, 245], [1739, 245], [1807, 245], [1808, 245], [1809, 245], [1810, 245], [1816, 245], [1817, 245], [1818, 245], [1819, 245], [1820, 245], [1821, 245], [1822, 245], [1735, 246], [1736, 246], [1737, 246], [1738, 246], [1807, 246], [1808, 246], [1809, 246], [1815, 246], [1816, 246], [1817, 246], [1818, 246], [1820, 246], [1821, 246], [1735, 247], [1736, 247], [1737, 247], [1738, 247], [1811, 247], [1812, 247], [1813, 247], [1815, 247], [1816, 247], [1817, 247], [1818, 247], [1819, 247], [1820, 247], [1821, 247], [1735, 248], [1736, 248], [1737, 248], [1738, 248], [1810, 248], [1811, 248], [1812, 248], [1813, 248], [1814, 248], [1815, 248], [1816, 248], [1817, 248], [1818, 248], [1819, 248], [1820, 248], [1734, 249], [1735, 249], [1736, 249], [1737, 249], [1738, 249], [1810, 249], [1811, 249], [1812, 249], [1813, 249], [1814, 249], [1815, 249], [1816, 249], [1817, 249], [1818, 249], [1819, 249], [1734, 250], [1735, 250], [1737, 250], [1738, 250], [1810, 250], [1811, 250], [1812, 250], [1813, 250], [1814, 250], [1815, 250], [1816, 250], [1817, 250], [1818, 250], [1734, 251], [1735, 251], [1736, 251], [1737, 251], [1738, 251], [1812, 251], [1813, 251], [1814, 251], [1816, 251], [1817, 251], [1818, 251], [1733, 252], [1734, 252], [1735, 252], [1736, 252], [1737, 252], [1811, 252], [1812, 252], [1813, 252], [1814, 252], [1815, 252], [1816, 252], [1817, 252], [1733, 253], [1734, 253], [1735, 253], [1736, 253], [1737, 253], [1810, 253], [1811, 253], [1812, 253], [1813, 253], [1814, 253], [1815, 253], [1816, 253], [1733, 254], [1734, 254], [1735, 254], [1736, 254], [1810, 254], [1811, 254], [1812, 254], [1813, 254], [1814, 254], [1815, 254], [1816, 254], [1732, 255], [1733, 255], [1734, 255], [1735, 255], [1736, 255], [1760, 255], [1761, 255], [1762, 255], [1763, 255], [1764, 255], [1765, 255], [1766, 255], [1767, 255], [1768, 255], [1769, 255], [1770, 255], [1771, 255], [1772, 255], [1773, 255], [1774, 255], [1775, 255], [1802, 255], [1803, 255], [1804, 255], [1807, 255], [1808, 255], [1809, 255], [1810, 255], [1811, 255], [1813, 255], [1814, 255], [1815, 255], [1732, 256], [1733, 256], [1734, 256], [1735, 256], [1736, 256], [1760, 256], [1761, 256], [1762, 256], [1763, 256], [1764, 256], [1765, 256], [1766, 256], [1767, 256], [1768, 256], [1769, 256], [1770, 256], [1772, 256], [1773, 256], [1774, 256], [1775, 256], [1802, 256], [1803, 256], [1804, 256], [1807, 256], [1808, 256], [1809, 256], [1810, 256], [1811, 256], [1812, 256], [1813, 256], [1814, 256], [1732, 257], [1733, 257], [1734, 257], [1735, 257], [1736, 257], [1760, 257], [1761, 257], [1762, 257], [1763, 257], [1764, 257], [1765, 257], [1766, 257], [1767, 257], [1768, 257], [1769, 257], [1770, 257], [1771, 257], [1772, 257], [1773, 257], [1774, 257], [1775, 257], [1802, 257], [1803, 257], [1804, 257], [1805, 257], [1806, 257], [1807, 257], [1808, 257], [1809, 257], [1810, 257], [1811, 257], [1812, 257], [1813, 257], [1814, 257], [1731, 258], [1732, 258], [1733, 258], [1734, 258], [1735, 258], [1736, 258], [1760, 258], [1761, 258], [1762, 258], [1763, 258], [1764, 258], [1765, 258], [1766, 258], [1767, 258], [1768, 258], [1769, 258], [1770, 258], [1772, 258], [1773, 258], [1774, 258], [1775, 258], [1802, 258], [1803, 258], [1804, 258], [1805, 258], [1806, 258], [1807, 258], [1808, 258], [1811, 258], [1812, 258], [1813, 258], [1731, 259], [1732, 259], [1733, 259], [1734, 259], [1735, 259], [1803, 259], [1804, 259], [1805, 259], [1806, 259], [1807, 259], [1810, 259], [1811, 259], [1812, 259], [1731, 260], [1732, 260], [1733, 260], [1734, 260], [1735, 260], [1804, 260], [1805, 260], [1806, 260], [1807, 260], [1809, 260], [1810, 260], [1811, 260], [1812, 260], [1730, 261], [1731, 261], [1732, 261], [1733, 261], [1734, 261], [1735, 261], [1740, 261], [1741, 261], [1742, 261], [1743, 261], [1804, 261], [1805, 261], [1806, 261], [1807, 261], [1808, 261], [1809, 261], [1810, 261], [1811, 261], [1730, 262], [1731, 262], [1733, 262], [1734, 262], [1740, 262], [1741, 262], [1742, 262], [1743, 262], [1744, 262], [1804, 262], [1805, 262], [1806, 262], [1808, 262], [1809, 262], [1810, 262], [1730, 263], [1731, 263], [1732, 263], [1733, 263], [1734, 263], [1740, 263], [1741, 263], [1742, 263], [1743, 263], [1744, 263], [1804, 263], [1805, 263], [1806, 263], [1807, 263], [1808, 263], [1809, 263], [1729, 264], [1730, 264], [1731, 264], [1732, 264], [1733, 264], [1741, 264], [1742, 264], [1743, 264], [1744, 264], [1803, 264], [1804, 264], [1805, 264], [1807, 264], [1808, 264], [1809, 264], [1729, 265], [1730, 265], [1731, 265], [1732, 265], [1733, 265], [1802, 265], [1803, 265], [1804, 265], [1806, 265], [1807, 265], [1808, 265], [1729, 266], [1730, 266], [1732, 266], [1733, 266], [1735, 266], [1736, 266], [1737, 266], [1738, 266], [1791, 266], [1792, 266], [1793, 266], [1794, 266], [1801, 266], [1802, 266], [1803, 266], [1804, 266], [1805, 266], [1806, 266], [1807, 266], [1729, 267], [1730, 267], [1732, 267], [1733, 267], [1735, 267], [1736, 267], [1737, 267], [1738, 267], [1791, 267], [1792, 267], [1793, 267], [1794, 267], [1800, 267], [1801, 267], [1802, 267], [1803, 267], [1804, 267], [1805, 267], [1806, 267], [1729, 268], [1730, 268], [1731, 268], [1732, 268], [1733, 268], [1734, 268], [1735, 268], [1736, 268], [1737, 268], [1738, 268], [1791, 268], [1792, 268], [1793, 268], [1794, 268], [1795, 268], [1796, 268], [1800, 268], [1801, 268], [1802, 268], [1803, 268], [1804, 268], [1805, 268], [1806, 268], [1729, 269], [1730, 269], [1731, 269], [1732, 269], [1733, 269], [1734, 269], [1735, 269], [1736, 269], [1791, 269], [1792, 269], [1793, 269], [1794, 269], [1795, 269], [1796, 269], [1799, 269], [1800, 269], [1801, 269], [1803, 269], [1804, 269], [1805, 269], [1730, 270], [1731, 270], [1732, 270], [1733, 270], [1734, 270], [1735, 270], [1736, 270], [1737, 270], [1738, 270], [1779, 270], [1780, 270], [1781, 270], [1782, 270], [1783, 270], [1784, 270], [1785, 270], [1786, 270], [1787, 270], [1793, 270], [1794, 270], [1795, 270], [1796, 270], [1797, 270], [1798, 270], [1799, 270], [1800, 270], [1801, 270], [1802, 270], [1803, 270], [1804, 270], [1733, 271], [1734, 271], [1735, 271], [1736, 271], [1738, 271], [1779, 271], [1780, 271], [1784, 271], [1785, 271], [1786, 271], [1787, 271], [1795, 271], [1797, 271], [1798, 271], [1799, 271], [1800, 271], [1801, 271], [1802, 271], [1803, 271], [1804, 271], [1736, 272], [1737, 272], [1738, 272], [1779, 272], [1780, 272], [1781, 272], [1782, 272], [1783, 272], [1784, 272], [1785, 272], [1786, 272], [1787, 272], [1795, 272], [1796, 272], [1797, 272], [1798, 272], [1799, 272], [1801, 272], [1802, 272], [1803, 272], [1784, 273], [1785, 273], [1786, 273], [1787, 273], [1797, 273], [1798, 273], [1800, 273], [1801, 273], [1802, 273], [1796, 274], [1797, 274], [1798, 274], [1799, 274], [1800, 274], [1801, 274], [1802, 274], [1793, 275], [1794, 275], [1795, 275], [1796, 275], [1797, 275], [1799, 275], [1800, 275], [1801, 275], [1789, 276], [1790, 276], [1791, 276], [1792, 276], [1793, 276], [1794, 276], [1795, 276], [1796, 276], [1797, 276], [1798, 276], [1799, 276], [1800, 276], [1789, 277], [1790, 277], [1793, 277], [1794, 277], [1795, 277], [1796, 277], [1797, 277], [1798, 277], [1799, 277], [1789, 278], [1790, 278], [1791, 278], [1792, 278], [1793, 278], [1794, 278], [1795, 278], [1421, 293], [1422, 293], [1423, 293], [1424, 293], [1425, 293], [1419, 294], [1421, 294], [1422, 294], [1423, 294], [1424, 294], [1425, 294], [1426, 294], [1427, 294], [1428, 294], [1418, 295], [1419, 295], [1420, 295], [1421, 295], [1422, 295], [1423, 295], [1424, 295], [1425, 295], [1426, 295], [1427, 295], [1428, 295], [1429, 295], [1430, 295], [1431, 295], [1416, 296], [1417, 296], [1418, 296], [1419, 296], [1420, 296], [1421, 296], [1422, 296], [1423, 296], [1424, 296], [1425, 296], [1427, 296], [1428, 296], [1429, 296], [1430, 296], [1431, 296], [1432, 296], [1433, 296], [1414, 297], [1415, 297], [1416, 297], [1418, 297], [1419, 297], [1420, 297], [1421, 297], [1422, 297], [1424, 297], [1425, 297], [1426, 297], [1427, 297], [1428, 297], [1430, 297], [1431, 297], [1432, 297], [1433, 297], [1434, 297], [1435, 297], [1436, 297], [1437, 297], [1413, 298], [1414, 298], [1415, 298], [1416, 298], [1417, 298], [1418, 298], [1419, 298], [1421, 298], [1422, 298], [1423, 298], [1424, 298], [1425, 298], [1426, 298], [1427, 298], [1428, 298], [1429, 298], [1430, 298], [1432, 298], [1433, 298], [1434, 298], [1435, 298], [1436, 298], [1437, 298], [1438, 298], [1439, 298], [1440, 298], [1416, 299], [1417, 299], [1418, 299], [1419, 299], [1420, 299], [1421, 299], [1422, 299], [1423, 299], [1424, 299], [1425, 299], [1426, 299], [1427, 299], [1428, 299], [1429, 299], [1430, 299], [1431, 299], [1436, 299], [1437, 299], [1438, 299], [1439, 299], [1440, 299], [1441, 299], [1442, 299], [1443, 299], [1419, 300], [1420, 300], [1421, 300], [1422, 300], [1423, 300], [1424, 300], [1425, 300], [1427, 300], [1428, 300], [1429, 300], [1430, 300], [1431, 300], [1434, 300], [1435, 300], [1436, 300], [1439, 300], [1440, 300], [1441, 300], [1442, 300], [1443, 300], [1444, 300], [1445, 300], [1446, 300], [1421, 301], [1422, 301], [1423, 301], [1424, 301], [1425, 301], [1426, 301], [1427, 301], [1428, 301], [1430, 301], [1431, 301], [1434, 301], [1436, 301], [1437, 301], [1438, 301], [1439, 301], [1440, 301], [1442, 301], [1443, 301], [1444, 301], [1445, 301], [1446, 301], [1447, 301], [1448, 301], [1449, 301], [1425, 302], [1426, 302], [1427, 302], [1428, 302], [1429, 302], [1430, 302], [1431, 302], [1432, 302], [1434, 302], [1435, 302], [1436, 302], [1437, 302], [1438, 302], [1439, 302], [1440, 302], [1441, 302], [1442, 302], [1443, 302], [1445, 302], [1446, 302], [1447, 302], [1448, 302], [1449, 302], [1450, 302], [1451, 302], [1452, 302], [1428, 303], [1429, 303], [1430, 303], [1431, 303], [1432, 303], [1433, 303], [1434, 303], [1436, 303], [1437, 303], [1438, 303], [1439, 303], [1440, 303], [1442, 303], [1443, 303], [1444, 303], [1445, 303], [1446, 303], [1448, 303], [1449, 303], [1450, 303], [1451, 303], [1452, 303], [1453, 303], [1454, 303], [1455, 303], [1431, 304], [1432, 304], [1433, 304], [1434, 304], [1435, 304], [1436, 304], [1437, 304], [1439, 304], [1440, 304], [1441, 304], [1442, 304], [1443, 304], [1445, 304], [1446, 304], [1447, 304], [1448, 304], [1449, 304], [1450, 304], [1451, 304], [1452, 304], [1453, 304], [1454, 304], [1455, 304], [1456, 304], [1457, 304], [1458, 304], [1433, 305], [1434, 305], [1435, 305], [1436, 305], [1437, 305], [1438, 305], [1439, 305], [1440, 305], [1441, 305], [1442, 305], [1443, 305], [1444, 305], [1445, 305], [1446, 305], [1447, 305], [1448, 305], [1449, 305], [1450, 305], [1451, 305], [1452, 305], [1454, 305], [1455, 305], [1456, 305], [1457, 305], [1458, 305], [1459, 305], [1460, 305], [1461, 305], [1437, 306], [1438, 306], [1439, 306], [1440, 306], [1441, 306], [1442, 306], [1443, 306], [1444, 306], [1445, 306], [1446, 306], [1447, 306], [1448, 306], [1449, 306], [1451, 306], [1452, 306], [1453, 306], [1454, 306], [1455, 306], [1457, 306], [1458, 306], [1459, 306], [1460, 306], [1461, 306], [1462, 306], [1463, 306], [1464, 306], [1440, 307], [1441, 307], [1442, 307], [1443, 307], [1444, 307], [1445, 307], [1446, 307], [1448, 307], [1449, 307], [1450, 307], [1451, 307], [1452, 307], [1453, 307], [1454, 307], [1455, 307], [1456, 307], [1460, 307], [1461, 307], [1462, 307], [1463, 307], [1464, 307], [1465, 307], [1466, 307], [1467, 307], [1443, 308], [1444, 308], [1445, 308], [1446, 308], [1447, 308], [1448, 308], [1449, 308], [1451, 308], [1452, 308], [1453, 308], [1454, 308], [1455, 308], [1456, 308], [1457, 308], [1458, 308], [1459, 308], [1460, 308], [1463, 308], [1464, 308], [1465, 308], [1466, 308], [1467, 308], [1468, 308], [1469, 308], [1470, 308], [1446, 309], [1447, 309], [1448, 309], [1449, 309], [1450, 309], [1451, 309], [1452, 309], [1453, 309], [1454, 309], [1455, 309], [1456, 309], [1457, 309], [1458, 309], [1459, 309], [1460, 309], [1461, 309], [1462, 309], [1463, 309], [1464, 309], [1466, 309], [1467, 309], [1468, 309], [1469, 309], [1470, 309], [1471, 309], [1472, 309], [1449, 310], [1450, 310], [1451, 310], [1452, 310], [1453, 310], [1454, 310], [1455, 310], [1457, 310], [1458, 310], [1459, 310], [1460, 310], [1461, 310], [1462, 310], [1463, 310], [1464, 310], [1465, 310], [1466, 310], [1467, 310], [1469, 310], [1470, 310], [1471, 310], [1472, 310], [1473, 310], [1474, 310], [1475, 310], [1451, 311], [1452, 311], [1453, 311], [1454, 311], [1455, 311], [1456, 311], [1457, 311], [1458, 311], [1459, 311], [1460, 311], [1461, 311], [1462, 311], [1463, 311], [1465, 311], [1466, 311], [1467, 311], [1468, 311], [1469, 311], [1471, 311], [1472, 311], [1473, 311], [1474, 311], [1475, 311], [1476, 311], [1477, 311], [1478, 311], [1454, 312], [1455, 312], [1456, 312], [1457, 312], [1458, 312], [1459, 312], [1460, 312], [1462, 312], [1463, 312], [1464, 312], [1465, 312], [1466, 312], [1467, 312], [1468, 312], [1469, 312], [1470, 312], [1471, 312], [1472, 312], [1473, 312], [1475, 312], [1476, 312], [1477, 312], [1478, 312], [1479, 312], [1480, 312], [1481, 312], [1457, 313], [1458, 313], [1459, 313], [1460, 313], [1461, 313], [1462, 313], [1463, 313], [1465, 313], [1466, 313], [1467, 313], [1468, 313], [1469, 313], [1470, 313], [1471, 313], [1472, 313], [1473, 313], [1474, 313], [1475, 313], [1476, 313], [1478, 313], [1479, 313], [1480, 313], [1481, 313], [1482, 313], [1483, 313], [1484, 313], [1460, 314], [1461, 314], [1462, 314], [1463, 314], [1464, 314], [1465, 314], [1467, 314], [1468, 314], [1469, 314], [1470, 314], [1471, 314], [1472, 314], [1473, 314], [1474, 314], [1475, 314], [1476, 314], [1477, 314], [1478, 314], [1479, 314], [1481, 314], [1482, 314], [1483, 314], [1484, 314], [1485, 314], [1486, 314], [1487, 314], [1463, 315], [1464, 315], [1465, 315], [1466, 315], [1467, 315], [1468, 315], [1469, 315], [1471, 315], [1472, 315], [1473, 315], [1474, 315], [1475, 315], [1477, 315], [1478, 315], [1479, 315], [1480, 315], [1481, 315], [1482, 315], [1483, 315], [1484, 315], [1485, 315], [1486, 315], [1487, 315], [1488, 315], [1489, 315], [1490, 315], [1465, 316], [1466, 316], [1467, 316], [1468, 316], [1469, 316], [1470, 316], [1471, 316], [1472, 316], [1473, 316], [1474, 316], [1475, 316], [1476, 316], [1477, 316], [1478, 316], [1480, 316], [1481, 316], [1482, 316], [1483, 316], [1486, 316], [1487, 316], [1488, 316], [1489, 316], [1490, 316], [1491, 316], [1492, 316], [1493, 316], [1469, 317], [1470, 317], [1471, 317], [1472, 317], [1473, 317], [1474, 317], [1476, 317], [1477, 317], [1478, 317], [1479, 317], [1480, 317], [1481, 317], [1482, 317], [1483, 317], [1484, 317], [1489, 317], [1490, 317], [1491, 317], [1492, 317], [1493, 317], [1494, 317], [1495, 317], [1496, 317], [1471, 318], [1472, 318], [1473, 318], [1474, 318], [1475, 318], [1476, 318], [1477, 318], [1479, 318], [1480, 318], [1481, 318], [1482, 318], [1483, 318], [1484, 318], [1485, 318], [1486, 318], [1487, 318], [1488, 318], [1489, 318], [1490, 318], [1492, 318], [1493, 318], [1494, 318], [1495, 318], [1496, 318], [1497, 318], [1498, 318], [1499, 318], [1474, 319], [1475, 319], [1476, 319], [1477, 319], [1478, 319], [1479, 319], [1480, 319], [1482, 319], [1483, 319], [1484, 319], [1485, 319], [1486, 319], [1487, 319], [1488, 319], [1489, 319], [1490, 319], [1491, 319], [1492, 319], [1493, 319], [1495, 319], [1496, 319], [1497, 319], [1498, 319], [1499, 319], [1500, 319], [1501, 319], [1502, 319], [1477, 320], [1478, 320], [1479, 320], [1480, 320], [1481, 320], [1482, 320], [1483, 320], [1485, 320], [1486, 320], [1487, 320], [1488, 320], [1489, 320], [1491, 320], [1492, 320], [1493, 320], [1494, 320], [1495, 320], [1496, 320], [1497, 320], [1498, 320], [1499, 320], [1500, 320], [1501, 320], [1502, 320], [1503, 320], [1504, 320], [1505, 320], [1506, 320], [1480, 321], [1481, 321], [1482, 321], [1483, 321], [1484, 321], [1485, 321], [1487, 321], [1488, 321], [1489, 321], [1490, 321], [1491, 321], [1492, 321], [1494, 321], [1495, 321], [1496, 321], [1497, 321], [1498, 321], [1499, 321], [1500, 321], [1501, 321], [1502, 321], [1503, 321], [1504, 321], [1505, 321], [1506, 321], [1507, 321], [1508, 321], [1509, 321], [1482, 322], [1483, 322], [1484, 322], [1485, 322], [1486, 322], [1487, 322], [1488, 322], [1489, 322], [1490, 322], [1491, 322], [1492, 322], [1493, 322], [1494, 322], [1495, 322], [1497, 322], [1498, 322], [1499, 322], [1500, 322], [1501, 322], [1502, 322], [1505, 322], [1506, 322], [1507, 322], [1508, 322], [1509, 322], [1510, 322], [1511, 322], [1512, 322], [1485, 323], [1486, 323], [1487, 323], [1488, 323], [1489, 323], [1490, 323], [1491, 323], [1492, 323], [1493, 323], [1494, 323], [1495, 323], [1496, 323], [1497, 323], [1498, 323], [1500, 323], [1501, 323], [1502, 323], [1503, 323], [1504, 323], [1505, 323], [1508, 323], [1509, 323], [1510, 323], [1511, 323], [1512, 323], [1513, 323], [1514, 323], [1515, 323], [1488, 324], [1489, 324], [1490, 324], [1491, 324], [1492, 324], [1493, 324], [1494, 324], [1496, 324], [1497, 324], [1498, 324], [1499, 324], [1500, 324], [1501, 324], [1502, 324], [1503, 324], [1504, 324], [1505, 324], [1506, 324], [1507, 324], [1508, 324], [1511, 324], [1512, 324], [1513, 324], [1514, 324], [1515, 324], [1516, 324], [1517, 324], [1518, 324], [1491, 325], [1492, 325], [1493, 325], [1494, 325], [1495, 325], [1496, 325], [1497, 325], [1498, 325], [1499, 325], [1500, 325], [1501, 325], [1502, 325], [1503, 325], [1504, 325], [1506, 325], [1507, 325], [1508, 325], [1509, 325], [1510, 325], [1511, 325], [1514, 325], [1515, 325], [1516, 325], [1517, 325], [1518, 325], [1519, 325], [1520, 325], [1521, 325], [1494, 326], [1495, 326], [1496, 326], [1497, 326], [1498, 326], [1499, 326], [1500, 326], [1502, 326], [1503, 326], [1504, 326], [1505, 326], [1506, 326], [1507, 326], [1509, 326], [1510, 326], [1511, 326], [1512, 326], [1513, 326], [1514, 326], [1515, 326], [1517, 326], [1518, 326], [1519, 326], [1520, 326], [1521, 326], [1522, 326], [1523, 326], [1524, 326], [1498, 327], [1499, 327], [1500, 327], [1501, 327], [1502, 327], [1503, 327], [1504, 327], [1506, 327], [1507, 327], [1508, 327], [1509, 327], [1510, 327], [1511, 327], [1512, 327], [1513, 327], [1514, 327], [1515, 327], [1516, 327], [1517, 327], [1518, 327], [1520, 327], [1521, 327], [1522, 327], [1523, 327], [1524, 327], [1525, 327], [1526, 327], [1527, 327], [1500, 328], [1501, 328], [1502, 328], [1503, 328], [1504, 328], [1505, 328], [1506, 328], [1507, 328], [1508, 328], [1509, 328], [1510, 328], [1511, 328], [1512, 328], [1513, 328], [1515, 328], [1516, 328], [1517, 328], [1518, 328], [1519, 328], [1520, 328], [1521, 328], [1523, 328], [1524, 328], [1525, 328], [1526, 328], [1527, 328], [1528, 328], [1529, 328], [1530, 328], [1504, 329], [1505, 329], [1506, 329], [1507, 329], [1508, 329], [1509, 329], [1510, 329], [1511, 329], [1512, 329], [1513, 329], [1514, 329], [1515, 329], [1516, 329], [1518, 329], [1519, 329], [1520, 329], [1521, 329], [1522, 329], [1523, 329], [1524, 329], [1526, 329], [1527, 329], [1528, 329], [1529, 329], [1530, 329], [1531, 329], [1532, 329], [1533, 329], [1506, 330], [1507, 330], [1508, 330], [1509, 330], [1510, 330], [1511, 330], [1512, 330], [1513, 330], [1514, 330], [1515, 330], [1516, 330], [1517, 330], [1518, 330], [1519, 330], [1520, 330], [1521, 330], [1522, 330], [1523, 330], [1524, 330], [1525, 330], [1526, 330], [1527, 330], [1529, 330], [1530, 330], [1531, 330], [1532, 330], [1533, 330], [1534, 330], [1535, 330], [1536, 330], [1510, 331], [1511, 331], [1512, 331], [1513, 331], [1514, 331], [1515, 331], [1516, 331], [1517, 331], [1518, 331], [1519, 331], [1520, 331], [1521, 331], [1522, 331], [1523, 331], [1524, 331], [1525, 331], [1526, 331], [1527, 331], [1528, 331], [1529, 331], [1532, 331], [1533, 331], [1534, 331], [1535, 331], [1536, 331], [1537, 331], [1538, 331], [1539, 331], [1513, 332], [1514, 332], [1515, 332], [1516, 332], [1517, 332], [1518, 332], [1519, 332], [1520, 332], [1521, 332], [1522, 332], [1523, 332], [1524, 332], [1525, 332], [1527, 332], [1528, 332], [1529, 332], [1530, 332], [1531, 332], [1532, 332], [1533, 332], [1535, 332], [1536, 332], [1537, 332], [1538, 332], [1539, 332], [1540, 332], [1541, 332], [1542, 332], [1516, 333], [1517, 333], [1518, 333], [1519, 333], [1520, 333], [1521, 333], [1522, 333], [1523, 333], [1524, 333], [1525, 333], [1526, 333], [1527, 333], [1528, 333], [1530, 333], [1531, 333], [1532, 333], [1533, 333], [1534, 333], [1535, 333], [1538, 333], [1539, 333], [1540, 333], [1541, 333], [1542, 333], [1543, 333], [1544, 333], [1545, 333], [1518, 334], [1519, 334], [1520, 334], [1521, 334], [1522, 334], [1523, 334], [1524, 334], [1526, 334], [1527, 334], [1528, 334], [1529, 334], [1530, 334], [1531, 334], [1533, 334], [1534, 334], [1535, 334], [1536, 334], [1537, 334], [1538, 334], [1539, 334], [1540, 334], [1541, 334], [1542, 334], [1543, 334], [1544, 334], [1545, 334], [1546, 334], [1547, 334], [1548, 334], [1521, 335], [1522, 335], [1523, 335], [1524, 335], [1525, 335], [1526, 335], [1527, 335], [1528, 335], [1529, 335], [1530, 335], [1531, 335], [1532, 335], [1533, 335], [1535, 335], [1536, 335], [1537, 335], [1538, 335], [1539, 335], [1540, 335], [1541, 335], [1542, 335], [1544, 335], [1545, 335], [1546, 335], [1547, 335], [1548, 335], [1549, 335], [1550, 335], [1551, 335], [1524, 336], [1525, 336], [1526, 336], [1527, 336], [1528, 336], [1529, 336], [1530, 336], [1532, 336], [1533, 336], [1534, 336], [1535, 336], [1536, 336], [1537, 336], [1538, 336], [1540, 336], [1541, 336], [1542, 336], [1543, 336], [1544, 336], [1545, 336], [1547, 336], [1548, 336], [1549, 336], [1550, 336], [1551, 336], [1552, 336], [1553, 336], [1527, 337], [1528, 337], [1529, 337], [1530, 337], [1531, 337], [1532, 337], [1534, 337], [1535, 337], [1536, 337], [1537, 337], [1538, 337], [1539, 337], [1540, 337], [1541, 337], [1542, 337], [1543, 337], [1544, 337], [1545, 337], [1546, 337], [1547, 337], [1550, 337], [1551, 337], [1552, 337], [1553, 337], [1554, 337], [1555, 337], [1556, 337], [1530, 338], [1531, 338], [1532, 338], [1533, 338], [1534, 338], [1535, 338], [1536, 338], [1538, 338], [1539, 338], [1540, 338], [1541, 338], [1542, 338], [1543, 338], [1544, 338], [1545, 338], [1546, 338], [1547, 338], [1548, 338], [1549, 338], [1550, 338], [1552, 338], [1553, 338], [1554, 338], [1555, 338], [1556, 338], [1557, 338], [1558, 338], [1559, 338], [1532, 339], [1533, 339], [1534, 339], [1535, 339], [1536, 339], [1537, 339], [1538, 339], [1540, 339], [1541, 339], [1542, 339], [1543, 339], [1544, 339], [1545, 339], [1546, 339], [1547, 339], [1548, 339], [1549, 339], [1550, 339], [1551, 339], [1552, 339], [1553, 339], [1554, 339], [1555, 339], [1556, 339], [1557, 339], [1558, 339], [1559, 339], [1560, 339], [1561, 339], [1562, 339], [1563, 339], [1535, 340], [1536, 340], [1537, 340], [1538, 340], [1539, 340], [1540, 340], [1541, 340], [1543, 340], [1544, 340], [1545, 340], [1546, 340], [1547, 340], [1548, 340], [1550, 340], [1551, 340], [1552, 340], [1553, 340], [1554, 340], [1555, 340], [1556, 340], [1558, 340], [1559, 340], [1560, 340], [1561, 340], [1562, 340], [1563, 340], [1564, 340], [1565, 340], [1566, 340], [1538, 341], [1539, 341], [1540, 341], [1541, 341], [1542, 341], [1543, 341], [1544, 341], [1545, 341], [1546, 341], [1547, 341], [1548, 341], [1549, 341], [1550, 341], [1551, 341], [1552, 341], [1554, 341], [1555, 341], [1556, 341], [1557, 341], [1558, 341], [1559, 341], [1562, 341], [1563, 341], [1564, 341], [1565, 341], [1566, 341], [1567, 341], [1568, 341], [1569, 341], [1541, 342], [1542, 342], [1543, 342], [1544, 342], [1545, 342], [1546, 342], [1547, 342], [1549, 342], [1550, 342], [1551, 342], [1552, 342], [1553, 342], [1554, 342], [1555, 342], [1556, 342], [1557, 342], [1558, 342], [1559, 342], [1560, 342], [1561, 342], [1562, 342], [1565, 342], [1566, 342], [1567, 342], [1568, 342], [1569, 342], [1570, 342], [1571, 342], [1572, 342], [1544, 343], [1545, 343], [1546, 343], [1547, 343], [1548, 343], [1549, 343], [1550, 343], [1551, 343], [1552, 343], [1553, 343], [1554, 343], [1555, 343], [1556, 343], [1557, 343], [1558, 343], [1559, 343], [1560, 343], [1561, 343], [1562, 343], [1563, 343], [1564, 343], [1565, 343], [1568, 343], [1569, 343], [1570, 343], [1571, 343], [1572, 343], [1573, 343], [1574, 343], [1575, 343], [1547, 344], [1548, 344], [1549, 344], [1550, 344], [1551, 344], [1552, 344], [1553, 344], [1554, 344], [1555, 344], [1556, 344], [1557, 344], [1558, 344], [1559, 344], [1560, 344], [1561, 344], [1562, 344], [1563, 344], [1564, 344], [1565, 344], [1566, 344], [1567, 344], [1568, 344], [1569, 344], [1571, 344], [1572, 344], [1573, 344], [1574, 344], [1575, 344], [1576, 344], [1577, 344], [1578, 344], [1550, 345], [1551, 345], [1552, 345], [1553, 345], [1554, 345], [1555, 345], [1556, 345], [1557, 345], [1558, 345], [1559, 345], [1560, 345], [1561, 345], [1562, 345], [1563, 345], [1564, 345], [1565, 345], [1566, 345], [1567, 345], [1568, 345], [1569, 345], [1570, 345], [1571, 345], [1572, 345], [1574, 345], [1575, 345], [1576, 345], [1577, 345], [1578, 345], [1579, 345], [1580, 345], [1581, 345], [1553, 346], [1554, 346], [1555, 346], [1556, 346], [1557, 346], [1558, 346], [1559, 346], [1561, 346], [1562, 346], [1563, 346], [1564, 346], [1565, 346], [1566, 346], [1567, 346], [1568, 346], [1569, 346], [1570, 346], [1571, 346], [1572, 346], [1573, 346], [1574, 346], [1575, 346], [1577, 346], [1578, 346], [1579, 346], [1580, 346], [1581, 346], [1582, 346], [1583, 346], [1584, 346], [1556, 347], [1557, 347], [1558, 347], [1559, 347], [1560, 347], [1561, 347], [1562, 347], [1563, 347], [1564, 347], [1565, 347], [1566, 347], [1567, 347], [1568, 347], [1569, 347], [1570, 347], [1571, 347], [1572, 347], [1573, 347], [1574, 347], [1575, 347], [1576, 347], [1577, 347], [1578, 347], [1580, 347], [1581, 347], [1582, 347], [1583, 347], [1584, 347], [1585, 347], [1586, 347], [1587, 347], [1558, 348], [1559, 348], [1560, 348], [1561, 348], [1562, 348], [1563, 348], [1564, 348], [1565, 348], [1566, 348], [1567, 348], [1568, 348], [1569, 348], [1570, 348], [1571, 348], [1572, 348], [1573, 348], [1574, 348], [1575, 348], [1576, 348], [1577, 348], [1578, 348], [1579, 348], [1580, 348], [1581, 348], [1583, 348], [1584, 348], [1585, 348], [1586, 348], [1587, 348], [1588, 348], [1589, 348], [1590, 348], [1562, 349], [1563, 349], [1564, 349], [1565, 349], [1566, 349], [1567, 349], [1568, 349], [1569, 349], [1570, 349], [1571, 349], [1572, 349], [1573, 349], [1574, 349], [1575, 349], [1576, 349], [1577, 349], [1578, 349], [1579, 349], [1580, 349], [1581, 349], [1582, 349], [1583, 349], [1584, 349], [1586, 349], [1587, 349], [1588, 349], [1589, 349], [1590, 349], [1591, 349], [1592, 349], [1593, 349], [1564, 350], [1565, 350], [1566, 350], [1567, 350], [1568, 350], [1569, 350], [1570, 350], [1571, 350], [1573, 350], [1574, 350], [1575, 350], [1576, 350], [1577, 350], [1578, 350], [1579, 350], [1580, 350], [1581, 350], [1582, 350], [1583, 350], [1584, 350], [1585, 350], [1586, 350], [1587, 350], [1589, 350], [1590, 350], [1591, 350], [1592, 350], [1593, 350], [1594, 350], [1595, 350], [1596, 350], [1567, 351], [1568, 351], [1569, 351], [1570, 351], [1571, 351], [1572, 351], [1573, 351], [1574, 351], [1575, 351], [1577, 351], [1578, 351], [1579, 351], [1580, 351], [1581, 351], [1582, 351], [1583, 351], [1584, 351], [1585, 351], [1586, 351], [1587, 351], [1588, 351], [1589, 351], [1592, 351], [1593, 351], [1594, 351], [1595, 351], [1596, 351], [1597, 351], [1598, 351], [1599, 351], [1570, 352], [1571, 352], [1572, 352], [1573, 352], [1574, 352], [1575, 352], [1576, 352], [1577, 352], [1578, 352], [1579, 352], [1580, 352], [1581, 352], [1582, 352], [1583, 352], [1584, 352], [1585, 352], [1587, 352], [1588, 352], [1589, 352], [1590, 352], [1591, 352], [1592, 352], [1593, 352], [1595, 352], [1596, 352], [1597, 352], [1598, 352], [1599, 352], [1600, 352], [1601, 352], [1602, 352], [1603, 352], [1574, 353], [1575, 353], [1576, 353], [1577, 353], [1578, 353], [1579, 353], [1580, 353], [1581, 353], [1582, 353], [1583, 353], [1584, 353], [1585, 353], [1586, 353], [1587, 353], [1588, 353], [1590, 353], [1591, 353], [1592, 353], [1593, 353], [1594, 353], [1595, 353], [1598, 353], [1599, 353], [1600, 353], [1601, 353], [1602, 353], [1603, 353], [1604, 353], [1605, 353], [1576, 354], [1577, 354], [1578, 354], [1579, 354], [1580, 354], [1581, 354], [1582, 354], [1583, 354], [1585, 354], [1586, 354], [1587, 354], [1588, 354], [1589, 354], [1590, 354], [1591, 354], [1593, 354], [1594, 354], [1595, 354], [1596, 354], [1597, 354], [1598, 354], [1602, 354], [1603, 354], [1604, 354], [1605, 354], [1606, 354], [1607, 354], [1608, 354], [1579, 355], [1580, 355], [1581, 355], [1582, 355], [1583, 355], [1584, 355], [1585, 355], [1586, 355], [1589, 355], [1590, 355], [1591, 355], [1592, 355], [1593, 355], [1594, 355], [1595, 355], [1596, 355], [1597, 355], [1598, 355], [1599, 355], [1600, 355], [1601, 355], [1604, 355], [1605, 355], [1606, 355], [1607, 355], [1608, 355], [1609, 355], [1610, 355], [1611, 355], [1582, 356], [1583, 356], [1584, 356], [1585, 356], [1586, 356], [1587, 356], [1588, 356], [1589, 356], [1591, 356], [1592, 356], [1593, 356], [1594, 356], [1595, 356], [1596, 356], [1598, 356], [1599, 356], [1600, 356], [1601, 356], [1602, 356], [1603, 356], [1604, 356], [1605, 356], [1607, 356], [1608, 356], [1609, 356], [1610, 356], [1611, 356], [1612, 356], [1613, 356], [1614, 356], [1585, 357], [1586, 357], [1587, 357], [1588, 357], [1589, 357], [1590, 357], [1591, 357], [1592, 357], [1594, 357], [1595, 357], [1596, 357], [1597, 357], [1598, 357], [1599, 357], [1600, 357], [1602, 357], [1603, 357], [1604, 357], [1605, 357], [1606, 357], [1607, 357], [1610, 357], [1611, 357], [1612, 357], [1613, 357], [1614, 357], [1615, 357], [1616, 357], [1617, 357], [1588, 358], [1589, 358], [1590, 358], [1591, 358], [1592, 358], [1593, 358], [1594, 358], [1595, 358], [1596, 358], [1597, 358], [1598, 358], [1599, 358], [1600, 358], [1601, 358], [1602, 358], [1603, 358], [1604, 358], [1605, 358], [1606, 358], [1607, 358], [1613, 358], [1614, 358], [1615, 358], [1616, 358], [1617, 358], [1618, 358], [1619, 358], [1620, 358], [1591, 359], [1592, 359], [1593, 359], [1594, 359], [1595, 359], [1596, 359], [1597, 359], [1598, 359], [1601, 359], [1602, 359], [1603, 359], [1604, 359], [1605, 359], [1606, 359], [1607, 359], [1608, 359], [1609, 359], [1610, 359], [1611, 359], [1612, 359], [1613, 359], [1614, 359], [1616, 359], [1617, 359], [1618, 359], [1619, 359], [1620, 359], [1621, 359], [1622, 359], [1623, 359], [1594, 360], [1595, 360], [1596, 360], [1597, 360], [1598, 360], [1599, 360], [1600, 360], [1601, 360], [1604, 360], [1605, 360], [1606, 360], [1607, 360], [1609, 360], [1610, 360], [1611, 360], [1612, 360], [1613, 360], [1614, 360], [1615, 360], [1616, 360], [1617, 360], [1618, 360], [1619, 360], [1620, 360], [1621, 360], [1622, 360], [1623, 360], [1624, 360], [1625, 360], [1626, 360], [1597, 361], [1598, 361], [1599, 361], [1600, 361], [1601, 361], [1602, 361], [1603, 361], [1605, 361], [1606, 361], [1607, 361], [1608, 361], [1609, 361], [1610, 361], [1611, 361], [1612, 361], [1614, 361], [1615, 361], [1616, 361], [1617, 361], [1618, 361], [1619, 361], [1622, 361], [1623, 361], [1624, 361], [1625, 361], [1626, 361], [1627, 361], [1628, 361], [1629, 361], [1600, 362], [1601, 362], [1602, 362], [1603, 362], [1604, 362], [1605, 362], [1606, 362], [1609, 362], [1610, 362], [1611, 362], [1612, 362], [1613, 362], [1614, 362], [1617, 362], [1618, 362], [1619, 362], [1620, 362], [1621, 362], [1622, 362], [1623, 362], [1625, 362], [1626, 362], [1627, 362], [1628, 362], [1629, 362], [1630, 362], [1631, 362], [1632, 362], [1602, 363], [1603, 363], [1604, 363], [1605, 363], [1606, 363], [1607, 363], [1608, 363], [1609, 363], [1612, 363], [1613, 363], [1614, 363], [1615, 363], [1616, 363], [1617, 363], [1618, 363], [1619, 363], [1620, 363], [1621, 363], [1622, 363], [1623, 363], [1624, 363], [1625, 363], [1628, 363], [1629, 363], [1630, 363], [1631, 363], [1632, 363], [1633, 363], [1634, 363], [1635, 363], [1605, 364], [1606, 364], [1607, 364], [1608, 364], [1609, 364], [1610, 364], [1611, 364], [1612, 364], [1613, 364], [1614, 364], [1615, 364], [1616, 364], [1617, 364], [1618, 364], [1619, 364], [1622, 364], [1623, 364], [1624, 364], [1625, 364], [1626, 364], [1627, 364], [1628, 364], [1629, 364], [1631, 364], [1632, 364], [1633, 364], [1634, 364], [1635, 364], [1636, 364], [1637, 364], [1608, 365], [1609, 365], [1610, 365], [1611, 365], [1612, 365], [1613, 365], [1614, 365], [1615, 365], [1616, 365], [1617, 365], [1618, 365], [1619, 365], [1620, 365], [1621, 365], [1622, 365], [1623, 365], [1624, 365], [1625, 365], [1626, 365], [1627, 365], [1628, 365], [1629, 365], [1630, 365], [1631, 365], [1632, 365], [1634, 365], [1635, 365], [1636, 365], [1637, 365], [1638, 365], [1639, 365], [1640, 365], [1641, 365], [1611, 366], [1612, 366], [1613, 366], [1614, 366], [1615, 366], [1616, 366], [1617, 366], [1619, 366], [1620, 366], [1621, 366], [1622, 366], [1623, 366], [1624, 366], [1625, 366], [1626, 366], [1628, 366], [1629, 366], [1630, 366], [1631, 366], [1632, 366], [1633, 366], [1634, 366], [1636, 366], [1637, 366], [1638, 366], [1639, 366], [1640, 366], [1641, 366], [1642, 366], [1643, 366], [1614, 367], [1615, 367], [1616, 367], [1617, 367], [1618, 367], [1619, 367], [1620, 367], [1621, 367], [1622, 367], [1623, 367], [1624, 367], [1625, 367], [1626, 367], [1627, 367], [1628, 367], [1631, 367], [1632, 367], [1633, 367], [1634, 367], [1635, 367], [1636, 367], [1637, 367], [1638, 367], [1640, 367], [1641, 367], [1642, 367], [1643, 367], [1644, 367], [1645, 367], [1646, 367], [1647, 367], [1617, 368], [1618, 368], [1619, 368], [1620, 368], [1621, 368], [1622, 368], [1623, 368], [1624, 368], [1625, 368], [1626, 368], [1627, 368], [1628, 368], [1629, 368], [1630, 368], [1631, 368], [1632, 368], [1633, 368], [1634, 368], [1635, 368], [1636, 368], [1637, 368], [1638, 368], [1639, 368], [1640, 368], [1641, 368], [1642, 368], [1643, 368], [1644, 368], [1645, 368], [1646, 368], [1647, 368], [1648, 368], [1649, 368], [1620, 369], [1621, 369], [1622, 369], [1623, 369], [1624, 369], [1625, 369], [1626, 369], [1627, 369], [1628, 369], [1629, 369], [1630, 369], [1631, 369], [1632, 369], [1633, 369], [1634, 369], [1636, 369], [1637, 369], [1638, 369], [1639, 369], [1640, 369], [1641, 369], [1642, 369], [1643, 369], [1646, 369], [1647, 369], [1648, 369], [1649, 369], [1650, 369], [1651, 369], [1652, 369], [1623, 370], [1624, 370], [1625, 370], [1626, 370], [1627, 370], [1628, 370], [1629, 370], [1631, 370], [1632, 370], [1633, 370], [1634, 370], [1635, 370], [1636, 370], [1640, 370], [1641, 370], [1642, 370], [1643, 370], [1644, 370], [1645, 370], [1646, 370], [1647, 370], [1648, 370], [1649, 370], [1650, 370], [1651, 370], [1652, 370], [1653, 370], [1654, 370], [1655, 370], [1625, 371], [1626, 371], [1627, 371], [1628, 371], [1629, 371], [1630, 371], [1631, 371], [1632, 371], [1633, 371], [1634, 371], [1635, 371], [1636, 371], [1637, 371], [1638, 371], [1639, 371], [1640, 371], [1642, 371], [1643, 371], [1644, 371], [1645, 371], [1646, 371], [1647, 371], [1648, 371], [1649, 371], [1651, 371], [1652, 371], [1653, 371], [1654, 371], [1655, 371], [1656, 371], [1657, 371], [1658, 371], [1628, 372], [1629, 372], [1630, 372], [1631, 372], [1632, 372], [1633, 372], [1634, 372], [1636, 372], [1637, 372], [1638, 372], [1639, 372], [1640, 372], [1641, 372], [1642, 372], [1643, 372], [1644, 372], [1645, 372], [1646, 372], [1647, 372], [1648, 372], [1649, 372], [1650, 372], [1651, 372], [1654, 372], [1655, 372], [1656, 372], [1657, 372], [1658, 372], [1659, 372], [1660, 372], [1661, 372], [1632, 373], [1633, 373], [1634, 373], [1635, 373], [1636, 373], [1637, 373], [1638, 373], [1639, 373], [1640, 373], [1641, 373], [1642, 373], [1643, 373], [1644, 373], [1645, 373], [1646, 373], [1647, 373], [1648, 373], [1650, 373], [1651, 373], [1657, 373], [1658, 373], [1659, 373], [1660, 373], [1661, 373], [1662, 373], [1663, 373], [1664, 373], [1665, 373], [1634, 374], [1635, 374], [1636, 374], [1637, 374], [1638, 374], [1639, 374], [1640, 374], [1641, 374], [1647, 374], [1648, 374], [1649, 374], [1650, 374], [1651, 374], [1652, 374], [1653, 374], [1654, 374], [1655, 374], [1656, 374], [1657, 374], [1660, 374], [1661, 374], [1662, 374], [1663, 374], [1664, 374], [1665, 374], [1666, 374], [1667, 374], [1637, 375], [1638, 375], [1639, 375], [1640, 375], [1641, 375], [1642, 375], [1643, 375], [1644, 375], [1645, 375], [1649, 375], [1650, 375], [1651, 375], [1652, 375], [1653, 375], [1654, 375], [1655, 375], [1656, 375], [1657, 375], [1658, 375], [1659, 375], [1660, 375], [1661, 375], [1662, 375], [1664, 375], [1665, 375], [1666, 375], [1667, 375], [1668, 375], [1669, 375], [1670, 375], [1671, 375], [1640, 376], [1641, 376], [1642, 376], [1643, 376], [1644, 376], [1645, 376], [1646, 376], [1647, 376], [1650, 376], [1651, 376], [1652, 376], [1653, 376], [1654, 376], [1655, 376], [1656, 376], [1657, 376], [1658, 376], [1659, 376], [1660, 376], [1661, 376], [1662, 376], [1663, 376], [1664, 376], [1666, 376], [1667, 376], [1668, 376], [1669, 376], [1670, 376], [1671, 376], [1672, 376], [1673, 376], [1644, 377], [1645, 377], [1646, 377], [1647, 377], [1648, 377], [1649, 377], [1650, 377], [1651, 377], [1652, 377], [1653, 377], [1654, 377], [1655, 377], [1656, 377], [1657, 377], [1658, 377], [1660, 377], [1661, 377], [1662, 377], [1663, 377], [1664, 377], [1665, 377], [1666, 377], [1667, 377], [1670, 377], [1671, 377], [1672, 377], [1673, 377], [1674, 377], [1675, 377], [1676, 377], [1677, 377], [1646, 378], [1647, 378], [1648, 378], [1649, 378], [1650, 378], [1651, 378], [1652, 378], [1653, 378], [1654, 378], [1655, 378], [1656, 378], [1657, 378], [1658, 378], [1659, 378], [1660, 378], [1661, 378], [1662, 378], [1663, 378], [1664, 378], [1665, 378], [1666, 378], [1667, 378], [1668, 378], [1669, 378], [1670, 378], [1672, 378], [1673, 378], [1674, 378], [1675, 378], [1676, 378], [1677, 378], [1678, 378], [1679, 378], [1649, 379], [1650, 379], [1651, 379], [1652, 379], [1653, 379], [1654, 379], [1655, 379], [1656, 379], [1658, 379], [1659, 379], [1660, 379], [1661, 379], [1662, 379], [1663, 379], [1664, 379], [1665, 379], [1666, 379], [1667, 379], [1668, 379], [1669, 379], [1670, 379], [1671, 379], [1672, 379], [1673, 379], [1676, 379], [1677, 379], [1678, 379], [1679, 379], [1680, 379], [1681, 379], [1682, 379], [1683, 379], [1652, 380], [1653, 380], [1654, 380], [1655, 380], [1656, 380], [1657, 380], [1658, 380], [1659, 380], [1661, 380], [1662, 380], [1663, 380], [1664, 380], [1665, 380], [1666, 380], [1667, 380], [1669, 380], [1670, 380], [1671, 380], [1672, 380], [1673, 380], [1674, 380], [1675, 380], [1676, 380], [1678, 380], [1679, 380], [1680, 380], [1681, 380], [1682, 380], [1683, 380], [1684, 380], [1685, 380], [1686, 380], [1655, 381], [1656, 381], [1657, 381], [1658, 381], [1659, 381], [1660, 381], [1661, 381], [1662, 381], [1663, 381], [1664, 381], [1665, 381], [1666, 381], [1667, 381], [1668, 381], [1669, 381], [1670, 381], [1672, 381], [1673, 381], [1674, 381], [1675, 381], [1676, 381], [1677, 381], [1678, 381], [1679, 381], [1680, 381], [1681, 381], [1682, 381], [1683, 381], [1684, 381], [1685, 381], [1686, 381], [1687, 381], [1688, 381], [1689, 381], [1658, 382], [1659, 382], [1660, 382], [1661, 382], [1662, 382], [1663, 382], [1664, 382], [1665, 382], [1666, 382], [1667, 382], [1668, 382], [1669, 382], [1670, 382], [1671, 382], [1672, 382], [1675, 382], [1676, 382], [1677, 382], [1678, 382], [1679, 382], [1680, 382], [1681, 382], [1682, 382], [1685, 382], [1686, 382], [1687, 382], [1688, 382], [1689, 382], [1690, 382], [1691, 382], [1692, 382], [1662, 383], [1663, 383], [1664, 383], [1665, 383], [1666, 383], [1667, 383], [1668, 383], [1669, 383], [1670, 383], [1671, 383], [1672, 383], [1673, 383], [1674, 383], [1675, 383], [1680, 383], [1681, 383], [1682, 383], [1683, 383], [1684, 383], [1685, 383], [1688, 383], [1689, 383], [1690, 383], [1691, 383], [1692, 383], [1693, 383], [1694, 383], [1695, 383], [1696, 383], [1664, 384], [1665, 384], [1666, 384], [1667, 384], [1668, 384], [1669, 384], [1670, 384], [1672, 384], [1673, 384], [1674, 384], [1675, 384], [1676, 384], [1677, 384], [1681, 384], [1682, 384], [1683, 384], [1684, 384], [1685, 384], [1686, 384], [1687, 384], [1688, 384], [1689, 384], [1691, 384], [1692, 384], [1693, 384], [1694, 384], [1695, 384], [1696, 384], [1697, 384], [1698, 384], [1667, 385], [1668, 385], [1669, 385], [1670, 385], [1671, 385], [1672, 385], [1673, 385], [1675, 385], [1676, 385], [1677, 385], [1678, 385], [1679, 385], [1680, 385], [1681, 385], [1684, 385], [1685, 385], [1686, 385], [1687, 385], [1688, 385], [1689, 385], [1690, 385], [1691, 385], [1692, 385], [1695, 385], [1696, 385], [1697, 385], [1698, 385], [1699, 385], [1700, 385], [1701, 385], [1670, 386], [1671, 386], [1672, 386], [1673, 386], [1674, 386], [1675, 386], [1676, 386], [1677, 386], [1678, 386], [1679, 386], [1680, 386], [1681, 386], [1682, 386], [1683, 386], [1684, 386], [1688, 386], [1689, 386], [1690, 386], [1691, 386], [1692, 386], [1693, 386], [1694, 386], [1695, 386], [1697, 386], [1698, 386], [1699, 386], [1700, 386], [1701, 386], [1702, 386], [1703, 386], [1704, 386], [1673, 387], [1674, 387], [1675, 387], [1676, 387], [1677, 387], [1678, 387], [1679, 387], [1681, 387], [1682, 387], [1683, 387], [1684, 387], [1685, 387], [1686, 387], [1687, 387], [1688, 387], [1689, 387], [1691, 387], [1692, 387], [1693, 387], [1694, 387], [1695, 387], [1696, 387], [1697, 387], [1698, 387], [1700, 387], [1701, 387], [1702, 387], [1703, 387], [1704, 387], [1705, 387], [1706, 387], [1707, 387], [1676, 388], [1677, 388], [1678, 388], [1679, 388], [1680, 388], [1681, 388], [1682, 388], [1684, 388], [1685, 388], [1686, 388], [1687, 388], [1688, 388], [1689, 388], [1690, 388], [1691, 388], [1692, 388], [1694, 388], [1695, 388], [1696, 388], [1697, 388], [1698, 388], [1699, 388], [1700, 388], [1701, 388], [1702, 388], [1703, 388], [1704, 388], [1705, 388], [1706, 388], [1707, 388], [1708, 388], [1709, 388], [1679, 389], [1680, 389], [1681, 389], [1682, 389], [1683, 389], [1684, 389], [1685, 389], [1686, 389], [1688, 389], [1689, 389], [1690, 389], [1691, 389], [1692, 389], [1693, 389], [1694, 389], [1695, 389], [1697, 389], [1698, 389], [1699, 389], [1700, 389], [1701, 389], [1702, 389], [1703, 389], [1704, 389], [1705, 389], [1706, 389], [1707, 389], [1708, 389], [1709, 389], [1710, 389], [1711, 389], [1712, 389], [1682, 390], [1683, 390], [1684, 390], [1685, 390], [1686, 390], [1687, 390], [1688, 390], [1689, 390], [1691, 390], [1692, 390], [1693, 390], [1694, 390], [1695, 390], [1696, 390], [1697, 390], [1698, 390], [1701, 390], [1702, 390], [1703, 390], [1704, 390], [1705, 390], [1706, 390], [1707, 390], [1708, 390], [1709, 390], [1710, 390], [1711, 390], [1712, 390], [1713, 390], [1714, 390], [1715, 390], [1685, 391], [1686, 391], [1687, 391], [1688, 391], [1689, 391], [1690, 391], [1691, 391], [1692, 391], [1694, 391], [1695, 391], [1696, 391], [1697, 391], [1698, 391], [1699, 391], [1700, 391], [1704, 391], [1705, 391], [1706, 391], [1707, 391], [1708, 391], [1709, 391], [1711, 391], [1712, 391], [1713, 391], [1714, 391], [1715, 391], [1716, 391], [1717, 391], [1718, 391], [1688, 392], [1689, 392], [1690, 392], [1691, 392], [1692, 392], [1693, 392], [1694, 392], [1695, 392], [1697, 392], [1698, 392], [1699, 392], [1700, 392], [1701, 392], [1702, 392], [1703, 392], [1706, 392], [1707, 392], [1708, 392], [1709, 392], [1710, 392], [1711, 392], [1712, 392], [1714, 392], [1715, 392], [1716, 392], [1717, 392], [1718, 392], [1719, 392], [1720, 392], [1721, 392], [1691, 393], [1692, 393], [1693, 393], [1694, 393], [1695, 393], [1696, 393], [1697, 393], [1698, 393], [1699, 393], [1700, 393], [1701, 393], [1702, 393], [1703, 393], [1704, 393], [1705, 393], [1706, 393], [1708, 393], [1709, 393], [1710, 393], [1711, 393], [1712, 393], [1713, 393], [1714, 393], [1715, 393], [1717, 393], [1718, 393], [1719, 393], [1720, 393], [1721, 393], [1722, 393], [1723, 393], [1724, 393], [1694, 394], [1695, 394], [1696, 394], [1697, 394], [1698, 394], [1699, 394], [1700, 394], [1701, 394], [1702, 394], [1703, 394], [1704, 394], [1705, 394], [1706, 394], [1707, 394], [1708, 394], [1709, 394], [1711, 394], [1712, 394], [1713, 394], [1714, 394], [1715, 394], [1716, 394], [1717, 394], [1718, 394], [1720, 394], [1721, 394], [1722, 394], [1723, 394], [1724, 394], [1725, 394], [1726, 394], [1727, 394], [1697, 395], [1698, 395], [1699, 395], [1700, 395], [1701, 395], [1702, 395], [1703, 395], [1705, 395], [1706, 395], [1707, 395], [1708, 395], [1709, 395], [1710, 395], [1711, 395], [1712, 395], [1714, 395], [1715, 395], [1716, 395], [1717, 395], [1718, 395], [1719, 395], [1720, 395], [1723, 395], [1724, 395], [1725, 395], [1726, 395], [1727, 395], [1728, 395], [1729, 395], [1730, 395], [1700, 396], [1701, 396], [1702, 396], [1703, 396], [1704, 396], [1705, 396], [1706, 396], [1708, 396], [1709, 396], [1710, 396], [1711, 396], [1712, 396], [1713, 396], [1714, 396], [1715, 396], [1716, 396], [1718, 396], [1719, 396], [1720, 396], [1721, 396], [1722, 396], [1723, 396], [1724, 396], [1726, 396], [1727, 396], [1728, 396], [1729, 396], [1730, 396], [1731, 396], [1732, 396], [1733, 396], [1702, 397], [1703, 397], [1704, 397], [1705, 397], [1706, 397], [1707, 397], [1708, 397], [1709, 397], [1710, 397], [1711, 397], [1712, 397], [1713, 397], [1714, 397], [1715, 397], [1716, 397], [1717, 397], [1718, 397], [1720, 397], [1721, 397], [1722, 397], [1723, 397], [1724, 397], [1725, 397], [1726, 397], [1727, 397], [1728, 397], [1729, 397], [1730, 397], [1731, 397], [1732, 397], [1733, 397], [1734, 397], [1735, 397], [1736, 397], [1705, 398], [1706, 398], [1707, 398], [1708, 398], [1709, 398], [1710, 398], [1711, 398], [1712, 398], [1716, 398], [1717, 398], [1718, 398], [1719, 398], [1720, 398], [1723, 398], [1724, 398], [1725, 398], [1726, 398], [1727, 398], [1728, 398], [1729, 398], [1730, 398], [1732, 398], [1733, 398], [1734, 398], [1735, 398], [1736, 398], [1737, 398], [1738, 398], [1739, 398], [1709, 399], [1710, 399], [1711, 399], [1712, 399], [1713, 399], [1714, 399], [1715, 399], [1718, 399], [1719, 399], [1720, 399], [1721, 399], [1722, 399], [1723, 399], [1727, 399], [1728, 399], [1729, 399], [1730, 399], [1731, 399], [1732, 399], [1733, 399], [1735, 399], [1736, 399], [1737, 399], [1738, 399], [1739, 399], [1740, 399], [1741, 399], [1742, 399], [1711, 400], [1712, 400], [1713, 400], [1714, 400], [1715, 400], [1716, 400], [1717, 400], [1718, 400], [1719, 400], [1720, 400], [1721, 400], [1722, 400], [1723, 400], [1724, 400], [1725, 400], [1726, 400], [1729, 400], [1730, 400], [1731, 400], [1732, 400], [1733, 400], [1734, 400], [1735, 400], [1736, 400], [1737, 400], [1738, 400], [1739, 400], [1740, 400], [1741, 400], [1742, 400], [1743, 400], [1744, 400], [1714, 401], [1715, 401], [1716, 401], [1717, 401], [1718, 401], [1719, 401], [1720, 401], [1721, 401], [1722, 401], [1723, 401], [1724, 401], [1725, 401], [1726, 401], [1727, 401], [1728, 401], [1729, 401], [1732, 401], [1733, 401], [1734, 401], [1735, 401], [1736, 401], [1737, 401], [1738, 401], [1739, 401], [1740, 401], [1741, 401], [1742, 401], [1743, 401], [1744, 401], [1745, 401], [1746, 401], [1747, 401], [1748, 401], [1717, 402], [1718, 402], [1719, 402], [1720, 402], [1721, 402], [1722, 402], [1723, 402], [1724, 402], [1725, 402], [1726, 402], [1727, 402], [1728, 402], [1729, 402], [1730, 402], [1731, 402], [1736, 402], [1737, 402], [1738, 402], [1739, 402], [1740, 402], [1741, 402], [1742, 402], [1744, 402], [1745, 402], [1746, 402], [1747, 402], [1748, 402], [1749, 402], [1750, 402], [1751, 402], [1720, 403], [1721, 403], [1722, 403], [1723, 403], [1724, 403], [1725, 403], [1726, 403], [1727, 403], [1728, 403], [1729, 403], [1730, 403], [1731, 403], [1732, 403], [1733, 403], [1734, 403], [1735, 403], [1739, 403], [1740, 403], [1741, 403], [1742, 403], [1743, 403], [1744, 403], [1745, 403], [1746, 403], [1747, 403], [1748, 403], [1749, 403], [1750, 403], [1751, 403], [1752, 403], [1753, 403], [1754, 403], [1723, 404], [1724, 404], [1725, 404], [1726, 404], [1727, 404], [1728, 404], [1729, 404], [1731, 404], [1732, 404], [1733, 404], [1734, 404], [1735, 404], [1736, 404], [1737, 404], [1738, 404], [1742, 404], [1743, 404], [1744, 404], [1745, 404], [1746, 404], [1747, 404], [1748, 404], [1749, 404], [1750, 404], [1751, 404], [1752, 404], [1753, 404], [1754, 404], [1755, 404], [1756, 404], [1757, 404], [1726, 405], [1727, 405], [1728, 405], [1729, 405], [1730, 405], [1731, 405], [1732, 405], [1733, 405], [1734, 405], [1735, 405], [1736, 405], [1737, 405], [1738, 405], [1739, 405], [1740, 405], [1741, 405], [1745, 405], [1746, 405], [1747, 405], [1748, 405], [1749, 405], [1750, 405], [1751, 405], [1753, 405], [1754, 405], [1755, 405], [1756, 405], [1757, 405], [1758, 405], [1759, 405], [1760, 405], [1729, 406], [1730, 406], [1731, 406], [1732, 406], [1733, 406], [1734, 406], [1735, 406], [1736, 406], [1737, 406], [1738, 406], [1739, 406], [1740, 406], [1741, 406], [1742, 406], [1743, 406], [1748, 406], [1749, 406], [1750, 406], [1751, 406], [1752, 406], [1753, 406], [1756, 406], [1757, 406], [1758, 406], [1759, 406], [1760, 406], [1761, 406], [1762, 406], [1763, 406], [1732, 407], [1733, 407], [1734, 407], [1735, 407], [1736, 407], [1737, 407], [1738, 407], [1739, 407], [1740, 407], [1741, 407], [1742, 407], [1743, 407], [1744, 407], [1745, 407], [1746, 407], [1750, 407], [1751, 407], [1752, 407], [1753, 407], [1754, 407], [1755, 407], [1756, 407], [1757, 407], [1759, 407], [1760, 407], [1761, 407], [1762, 407], [1763, 407], [1764, 407], [1765, 407], [1766, 407], [1735, 408], [1736, 408], [1737, 408], [1738, 408], [1739, 408], [1740, 408], [1741, 408], [1743, 408], [1744, 408], [1745, 408], [1746, 408], [1747, 408], [1748, 408], [1749, 408], [1752, 408], [1753, 408], [1754, 408], [1755, 408], [1756, 408], [1757, 408], [1758, 408], [1759, 408], [1760, 408], [1762, 408], [1763, 408], [1764, 408], [1765, 408], [1766, 408], [1767, 408], [1768, 408], [1769, 408], [1738, 409], [1739, 409], [1740, 409], [1741, 409], [1742, 409], [1743, 409], [1744, 409], [1746, 409], [1747, 409], [1748, 409], [1749, 409], [1750, 409], [1751, 409], [1752, 409], [1753, 409], [1756, 409], [1757, 409], [1758, 409], [1759, 409], [1760, 409], [1761, 409], [1762, 409], [1763, 409], [1764, 409], [1765, 409], [1766, 409], [1767, 409], [1768, 409], [1769, 409], [1770, 409], [1771, 409], [1772, 409], [1741, 410], [1742, 410], [1743, 410], [1744, 410], [1745, 410], [1746, 410], [1747, 410], [1748, 410], [1749, 410], [1750, 410], [1751, 410], [1752, 410], [1753, 410], [1754, 410], [1755, 410], [1756, 410], [1757, 410], [1759, 410], [1760, 410], [1761, 410], [1762, 410], [1763, 410], [1764, 410], [1765, 410], [1766, 410], [1768, 410], [1769, 410], [1770, 410], [1771, 410], [1772, 410], [1773, 410], [1774, 410], [1744, 411], [1745, 411], [1746, 411], [1747, 411], [1748, 411], [1749, 411], [1750, 411], [1751, 411], [1752, 411], [1753, 411], [1754, 411], [1755, 411], [1756, 411], [1757, 411], [1758, 411], [1759, 411], [1763, 411], [1764, 411], [1765, 411], [1766, 411], [1767, 411], [1768, 411], [1769, 411], [1771, 411], [1772, 411], [1773, 411], [1774, 411], [1775, 411], [1776, 411], [1777, 411], [1778, 411], [1746, 412], [1747, 412], [1748, 412], [1749, 412], [1750, 412], [1751, 412], [1752, 412], [1753, 412], [1754, 412], [1756, 412], [1757, 412], [1758, 412], [1759, 412], [1760, 412], [1761, 412], [1765, 412], [1766, 412], [1767, 412], [1768, 412], [1769, 412], [1770, 412], [1771, 412], [1772, 412], [1773, 412], [1774, 412], [1775, 412], [1776, 412], [1777, 412], [1778, 412], [1779, 412], [1780, 412], [1750, 413], [1751, 413], [1752, 413], [1753, 413], [1754, 413], [1755, 413], [1756, 413], [1757, 413], [1758, 413], [1759, 413], [1760, 413], [1761, 413], [1762, 413], [1763, 413], [1764, 413], [1768, 413], [1769, 413], [1770, 413], [1771, 413], [1772, 413], [1773, 413], [1774, 413], [1775, 413], [1777, 413], [1778, 413], [1779, 413], [1780, 413], [1781, 413], [1782, 413], [1783, 413], [1784, 413], [1753, 414], [1754, 414], [1755, 414], [1756, 414], [1757, 414], [1758, 414], [1759, 414], [1760, 414], [1761, 414], [1762, 414], [1763, 414], [1764, 414], [1765, 414], [1766, 414], [1771, 414], [1772, 414], [1773, 414], [1774, 414], [1775, 414], [1776, 414], [1779, 414], [1780, 414], [1781, 414], [1782, 414], [1783, 414], [1784, 414], [1785, 414], [1786, 414], [1787, 414], [1756, 415], [1757, 415], [1758, 415], [1759, 415], [1760, 415], [1761, 415], [1762, 415], [1763, 415], [1764, 415], [1765, 415], [1766, 415], [1767, 415], [1768, 415], [1769, 415], [1770, 415], [1772, 415], [1773, 415], [1774, 415], [1775, 415], [1776, 415], [1777, 415], [1778, 415], [1779, 415], [1780, 415], [1781, 415], [1783, 415], [1784, 415], [1785, 415], [1786, 415], [1787, 415], [1788, 415], [1789, 415], [1790, 415], [1758, 416], [1759, 416], [1760, 416], [1761, 416], [1762, 416], [1763, 416], [1764, 416], [1765, 416], [1766, 416], [1767, 416], [1768, 416], [1769, 416], [1770, 416], [1771, 416], [1772, 416], [1773, 416], [1775, 416], [1776, 416], [1777, 416], [1778, 416], [1779, 416], [1780, 416], [1781, 416], [1782, 416], [1783, 416], [1784, 416], [1786, 416], [1787, 416], [1788, 416], [1789, 416], [1790, 416], [1791, 416], [1792, 416], [1793, 416], [1761, 417], [1762, 417], [1763, 417], [1764, 417], [1765, 417], [1766, 417], [1767, 417], [1768, 417], [1769, 417], [1770, 417], [1771, 417], [1772, 417], [1773, 417], [1774, 417], [1775, 417], [1776, 417], [1780, 417], [1781, 417], [1782, 417], [1783, 417], [1784, 417], [1785, 417], [1786, 417], [1787, 417], [1789, 417], [1790, 417], [1791, 417], [1792, 417], [1793, 417], [1794, 417], [1795, 417], [1796, 417], [1765, 418], [1766, 418], [1767, 418], [1768, 418], [1769, 418], [1770, 418], [1771, 418], [1772, 418], [1773, 418], [1774, 418], [1775, 418], [1776, 418], [1777, 418], [1778, 418], [1779, 418], [1783, 418], [1784, 418], [1785, 418], [1786, 418], [1787, 418], [1788, 418], [1789, 418], [1790, 418], [1792, 418], [1793, 418], [1794, 418], [1795, 418], [1796, 418], [1797, 418], [1798, 418], [1799, 418], [1767, 419], [1768, 419], [1769, 419], [1770, 419], [1771, 419], [1772, 419], [1773, 419], [1774, 419], [1775, 419], [1776, 419], [1777, 419], [1778, 419], [1779, 419], [1780, 419], [1781, 419], [1782, 419], [1786, 419], [1787, 419], [1788, 419], [1789, 419], [1790, 419], [1791, 419], [1792, 419], [1793, 419], [1794, 419], [1795, 419], [1796, 419], [1797, 419], [1798, 419], [1799, 419], [1800, 419], [1801, 419], [1802, 419], [1770, 420], [1771, 420], [1772, 420], [1773, 420], [1774, 420], [1775, 420], [1776, 420], [1777, 420], [1778, 420], [1779, 420], [1780, 420], [1781, 420], [1782, 420], [1783, 420], [1784, 420], [1785, 420], [1786, 420], [1789, 420], [1790, 420], [1791, 420], [1792, 420], [1793, 420], [1794, 420], [1795, 420], [1796, 420], [1797, 420], [1798, 420], [1799, 420], [1800, 420], [1801, 420], [1802, 420], [1803, 420], [1804, 420], [1805, 420], [1773, 421], [1774, 421], [1775, 421], [1776, 421], [1777, 421], [1778, 421], [1779, 421], [1780, 421], [1782, 421], [1783, 421], [1784, 421], [1785, 421], [1786, 421], [1787, 421], [1788, 421], [1793, 421], [1794, 421], [1795, 421], [1796, 421], [1797, 421], [1798, 421], [1799, 421], [1801, 421], [1802, 421], [1803, 421], [1804, 421], [1805, 421], [1806, 421], [1807, 421], [1808, 421], [1776, 422], [1777, 422], [1778, 422], [1779, 422], [1780, 422], [1781, 422], [1782, 422], [1783, 422], [1785, 422], [1786, 422], [1787, 422], [1788, 422], [1789, 422], [1790, 422], [1796, 422], [1797, 422], [1798, 422], [1799, 422], [1800, 422], [1801, 422], [1804, 422], [1805, 422], [1806, 422], [1807, 422], [1808, 422], [1809, 422], [1810, 422], [1780, 423], [1781, 423], [1782, 423], [1783, 423], [1784, 423], [1785, 423], [1786, 423], [1787, 423], [1788, 423], [1789, 423], [1790, 423], [1791, 423], [1792, 423], [1793, 423], [1798, 423], [1799, 423], [1800, 423], [1801, 423], [1802, 423], [1803, 423], [1804, 423], [1805, 423], [1806, 423], [1807, 423], [1808, 423], [1809, 423], [1810, 423], [1811, 423], [1812, 423], [1813, 423], [1782, 424], [1783, 424], [1784, 424], [1785, 424], [1786, 424], [1787, 424], [1788, 424], [1790, 424], [1791, 424], [1792, 424], [1793, 424], [1794, 424], [1795, 424], [1796, 424], [1800, 424], [1801, 424], [1802, 424], [1803, 424], [1804, 424], [1805, 424], [1806, 424], [1807, 424], [1808, 424], [1810, 424], [1811, 424], [1812, 424], [1813, 424], [1814, 424], [1815, 424], [1816, 424], [1817, 424], [1785, 425], [1786, 425], [1787, 425], [1788, 425], [1789, 425], [1790, 425], [1791, 425], [1793, 425], [1794, 425], [1795, 425], [1796, 425], [1797, 425], [1798, 425], [1799, 425], [1800, 425], [1805, 425], [1806, 425], [1807, 425], [1808, 425], [1809, 425], [1810, 425], [1812, 425], [1813, 425], [1814, 425], [1815, 425], [1816, 425], [1817, 425], [1818, 425], [1819, 425], [1788, 426], [1789, 426], [1790, 426], [1791, 426], [1792, 426], [1793, 426], [1794, 426], [1796, 426], [1797, 426], [1798, 426], [1799, 426], [1800, 426], [1801, 426], [1802, 426], [1806, 426], [1807, 426], [1808, 426], [1809, 426], [1810, 426], [1811, 426], [1812, 426], [1813, 426], [1816, 426], [1817, 426], [1818, 426], [1819, 426], [1820, 426], [1821, 426], [1822, 426], [1791, 427], [1792, 427], [1793, 427], [1794, 427], [1795, 427], [1796, 427], [1797, 427], [1798, 427], [1799, 427], [1800, 427], [1801, 427], [1802, 427], [1803, 427], [1804, 427], [1805, 427], [1809, 427], [1810, 427], [1811, 427], [1812, 427], [1813, 427], [1814, 427], [1815, 427], [1816, 427], [1818, 427], [1819, 427], [1820, 427], [1821, 427], [1822, 427], [1823, 427], [1824, 427], [1794, 428], [1795, 428], [1796, 428], [1797, 428], [1798, 428], [1799, 428], [1800, 428], [1801, 428], [1802, 428], [1803, 428], [1804, 428], [1805, 428], [1806, 428], [1812, 428], [1813, 428], [1814, 428], [1815, 428], [1816, 428], [1817, 428], [1818, 428], [1819, 428], [1821, 428], [1822, 428], [1823, 428], [1824, 428], [1797, 429], [1798, 429], [1799, 429], [1800, 429], [1801, 429], [1802, 429], [1803, 429], [1804, 429], [1805, 429], [1806, 429], [1807, 429], [1808, 429], [1809, 429], [1810, 429], [1815, 429], [1816, 429], [1817, 429], [1818, 429], [1819, 429], [1820, 429], [1821, 429], [1822, 429], [1823, 429], [1824, 429], [1799, 430], [1800, 430], [1801, 430], [1802, 430], [1803, 430], [1804, 430], [1805, 430], [1806, 430], [1807, 430], [1808, 430], [1809, 430], [1810, 430], [1811, 430], [1812, 430], [1813, 430], [1818, 430], [1819, 430], [1820, 430], [1821, 430], [1822, 430], [1823, 430], [1824, 430], [1802, 431], [1803, 431], [1804, 431], [1805, 431], [1806, 431], [1807, 431], [1808, 431], [1810, 431], [1811, 431], [1812, 431], [1813, 431], [1814, 431], [1815, 431], [1816, 431], [1817, 431], [1822, 431], [1823, 431], [1824, 431], [1805, 432], [1806, 432], [1807, 432], [1808, 432], [1809, 432], [1810, 432], [1811, 432], [1813, 432], [1814, 432], [1815, 432], [1816, 432], [1817, 432], [1818, 432], [1819, 432], [1820, 432], [1824, 432], [1808, 433], [1809, 433], [1810, 433], [1811, 433], [1812, 433], [1813, 433], [1814, 433], [1815, 433], [1816, 433], [1817, 433], [1818, 433], [1819, 433], [1820, 433], [1821, 433], [1822, 433], [1823, 433], [1811, 434], [1812, 434], [1813, 434], [1814, 434], [1815, 434], [1816, 434], [1817, 434], [1818, 434], [1819, 434], [1820, 434], [1821, 434], [1822, 434], [1823, 434], [1824, 434], [1814, 435], [1815, 435], [1816, 435], [1817, 435], [1818, 435], [1819, 435], [1820, 435], [1821, 435], [1822, 435], [1823, 435], [1824, 435], [1817, 436], [1818, 436], [1819, 436], [1820, 436], [1821, 436], [1822, 436], [1823, 436], [1824, 436], [1820, 437], [1821, 437], [1822, 437], [1823, 437], [1824, 437], [1822, 438], [1823, 438], [1824, 438]


