White line left - [609, 775], [607, 776], [608, 776], [606, 777], [607, 777], [608, 777], [605, 778], [606, 778], [607, 778], [604, 779], [605, 779], [606, 779], [607, 779], [604, 780], [605, 780], [606, 780], [603, 781], [604, 781], [605, 781], [602, 782], [603, 782], [604, 782], [605, 782], [602, 783], [603, 783], [604, 783], [601, 784], [602, 784], [603, 784], [601, 785], [602, 785], [603, 785], [600, 786], [601, 786], [602, 786], [600, 787], [601, 787], [602, 787], [599, 788], [600, 788], [601, 788], [598, 789], [599, 789], [600, 789], [601, 789], [597, 790], [598, 790], [599, 790], [600, 790], [597, 791], [598, 791], [599, 791], [596, 792], [597, 792], [598, 792], [596, 793], [597, 793], [598, 793], [595, 794], [596, 794], [597, 794], [594, 795], [595, 795], [596, 795], [597, 795], [594, 796], [595, 796], [596, 796], [593, 797], [594, 797], [595, 797], [592, 798], [593, 798], [594, 798], [595, 798], [592, 799], [593, 799], [594, 799], [591, 800], [592, 800], [593, 800], [591, 801], [592, 801], [593, 801], [590, 802], [591, 802], [592, 802], [590, 803], [591, 803], [592, 803], [589, 804], [590, 804], [591, 804], [589, 805], [590, 805], [591, 805], [588, 806], [589, 806], [590, 806], [588, 807], [589, 807], [590, 807], [553, 808], [587, 808], [588, 808], [589, 808], [552, 809], [587, 809], [588, 809], [589, 809], [550, 810], [551, 810], [552, 810], [586, 810], [587, 810], [588, 810], [549, 811], [550, 811], [551, 811], [586, 811], [587, 811], [588, 811], [548, 812], [549, 812], [550, 812], [551, 812], [585, 812], [586, 812], [587, 812], [547, 813], [548, 813], [549, 813], [550, 813], [584, 813], [585, 813], [586, 813], [587, 813], [547, 814], [548, 814], [549, 814], [584, 814], [585, 814], [586, 814], [546, 815], [547, 815], [548, 815], [583, 815], [584, 815], [585, 815], [546, 816], [547, 816], [548, 816], [583, 816], [584, 816], [585, 816], [545, 817], [546, 817], [547, 817], [582, 817], [583, 817], [584, 817], [545, 818], [546, 818], [547, 818], [581, 818], [582, 818], [583, 818], [584, 818], [544, 819], [545, 819], [546, 819], [581, 819], [582, 819], [583, 819], [543, 820], [544, 820], [545, 820], [546, 820], [580, 820], [581, 820], [582, 820], [542, 821], [543, 821], [544, 821], [545, 821], [579, 821], [580, 821], [581, 821], [582, 821], [542, 822], [543, 822], [544, 822], [579, 822], [580, 822], [581, 822], [541, 823], [542, 823], [543, 823], [578, 823], [579, 823], [580, 823], [541, 824], [542, 824], [543, 824], [578, 824], [579, 824], [580, 824], [540, 825], [541, 825], [542, 825], [577, 825], [578, 825], [579, 825], [539, 826], [540, 826], [541, 826], [542, 826], [576, 826], [577, 826], [578, 826], [579, 826], [538, 827], [539, 827], [540, 827], [541, 827], [576, 827], [577, 827], [578, 827], [538, 828], [539, 828], [540, 828], [575, 828], [576, 828], [577, 828], [537, 829], [538, 829], [539, 829], [575, 829], [576, 829], [577, 829], [536, 830], [537, 830], [538, 830], [539, 830], [575, 830], [576, 830], [535, 831], [536, 831], [537, 831], [538, 831], [574, 831], [575, 831], [576, 831], [535, 832], [536, 832], [537, 832], [573, 832], [574, 832], [575, 832], [576, 832], [534, 833], [535, 833], [536, 833], [573, 833], [574, 833], [575, 833], [534, 834], [535, 834], [536, 834], [572, 834], [573, 834], [574, 834], [533, 835], [534, 835], [535, 835], [572, 835], [573, 835], [574, 835], [532, 836], [533, 836], [534, 836], [535, 836], [571, 836], [572, 836], [573, 836], [531, 837], [532, 837], [533, 837], [534, 837], [570, 837], [571, 837], [572, 837], [573, 837], [531, 838], [532, 838], [533, 838], [569, 838], [570, 838], [571, 838], [572, 838], [530, 839], [531, 839], [532, 839], [569, 839], [570, 839], [571, 839], [529, 840], [530, 840], [531, 840], [532, 840], [568, 840], [569, 840], [570, 840], [529, 841], [530, 841], [531, 841], [567, 841], [568, 841], [569, 841], [570, 841], [528, 842], [529, 842], [530, 842], [567, 842], [568, 842], [569, 842], [528, 843], [529, 843], [530, 843], [566, 843], [567, 843], [568, 843], [527, 844], [528, 844], [529, 844], [565, 844], [566, 844], [567, 844], [568, 844], [526, 845], [527, 845], [528, 845], [529, 845], [565, 845], [566, 845], [567, 845], [526, 846], [527, 846], [528, 846], [564, 846], [565, 846], [566, 846], [525, 847], [526, 847], [527, 847], [564, 847], [565, 847], [566, 847], [525, 848], [526, 848], [527, 848], [563, 848], [564, 848], [565, 848], [524, 849], [525, 849], [526, 849], [563, 849], [564, 849], [565, 849], [524, 850], [525, 850], [526, 850], [562, 850], [563, 850], [564, 850], [523, 851], [524, 851], [525, 851], [561, 851], [562, 851], [563, 851], [564, 851], [523, 852], [524, 852], [525, 852], [561, 852], [562, 852], [563, 852], [522, 853], [523, 853], [524, 853], [560, 853], [561, 853], [562, 853], [521, 854], [522, 854], [523, 854], [524, 854], [560, 854], [561, 854], [562, 854], [521, 855], [522, 855], [523, 855], [559, 855], [560, 855], [561, 855], [520, 856], [521, 856], [522, 856], [559, 856], [560, 856], [561, 856], [519, 857], [520, 857], [521, 857], [522, 857], [558, 857], [559, 857], [560, 857], [519, 858], [520, 858], [521, 858], [557, 858], [558, 858], [559, 858], [560, 858], [518, 859], [519, 859], [520, 859], [557, 859], [558, 859], [559, 859], [517, 860], [518, 860], [519, 860], [520, 860], [556, 860], [557, 860], [558, 860], [517, 861], [518, 861], [519, 861], [556, 861], [557, 861], [558, 861], [516, 862], [517, 862], [518, 862], [555, 862], [556, 862], [557, 862], [515, 863], [516, 863], [517, 863], [518, 863], [554, 863], [555, 863], [556, 863], [557, 863], [514, 864], [515, 864], [516, 864], [517, 864], [554, 864], [555, 864], [556, 864], [514, 865], [515, 865], [516, 865], [553, 865], [554, 865], [555, 865], [513, 866], [514, 866], [515, 866], [553, 866], [554, 866], [555, 866], [512, 867], [513, 867], [514, 867], [515, 867], [552, 867], [553, 867], [554, 867], [512, 868], [513, 868], [514, 868], [551, 868], [552, 868], [553, 868], [554, 868], [511, 869], [512, 869], [513, 869], [551, 869], [552, 869], [553, 869], [511, 870], [512, 870], [513, 870], [550, 870], [551, 870], [552, 870], [510, 871], [511, 871], [512, 871], [550, 871], [551, 871], [552, 871], [509, 872], [510, 872], [511, 872], [512, 872], [549, 872], [550, 872], [551, 872], [508, 873], [509, 873], [510, 873], [511, 873], [548, 873], [549, 873], [550, 873], [551, 873], [508, 874], [509, 874], [510, 874], [548, 874], [549, 874], [550, 874], [507, 875], [508, 875], [509, 875], [547, 875], [548, 875], [549, 875], [506, 876], [507, 876], [508, 876], [509, 876], [547, 876], [548, 876], [549, 876], [506, 877], [507, 877], [508, 877], [546, 877], [547, 877], [548, 877], [505, 878], [506, 878], [507, 878], [545, 878], [546, 878], [547, 878], [548, 878], [505, 879], [506, 879], [507, 879], [545, 879], [546, 879], [547, 879], [504, 880], [505, 880], [506, 880], [544, 880], [545, 880], [546, 880], [503, 881], [504, 881], [505, 881], [506, 881], [543, 881], [544, 881], [545, 881], [546, 881], [503, 882], [504, 882], [505, 882], [543, 882], [544, 882], [545, 882], [502, 883], [503, 883], [504, 883], [542, 883], [543, 883], [544, 883], [501, 884], [502, 884], [503, 884], [504, 884], [541, 884], [542, 884], [543, 884], [544, 884], [501, 885], [502, 885], [503, 885], [540, 885], [541, 885], [542, 885], [543, 885], [500, 886], [501, 886], [502, 886], [540, 886], [541, 886], [542, 886], [500, 887], [501, 887], [502, 887], [539, 887], [540, 887], [541, 887], [499, 888], [500, 888], [501, 888], [539, 888], [540, 888], [541, 888], [498, 889], [499, 889], [500, 889], [501, 889], [538, 889], [539, 889], [540, 889], [498, 890], [499, 890], [500, 890], [538, 890], [539, 890], [540, 890], [497, 891], [498, 891], [499, 891], [537, 891], [538, 891], [539, 891], [496, 892], [497, 892], [498, 892], [499, 892], [537, 892], [538, 892], [539, 892], [496, 893], [497, 893], [498, 893], [536, 893], [537, 893], [538, 893], [495, 894], [496, 894], [497, 894], [535, 894], [536, 894], [537, 894], [538, 894], [494, 895], [495, 895], [496, 895], [497, 895], [535, 895], [536, 895], [537, 895], [494, 896], [495, 896], [496, 896], [534, 896], [535, 896], [536, 896], [493, 897], [494, 897], [495, 897], [534, 897], [535, 897], [536, 897], [492, 898], [493, 898], [494, 898], [495, 898], [533, 898], [534, 898], [535, 898], [492, 899], [493, 899], [494, 899], [532, 899], [533, 899], [534, 899], [535, 899], [491, 900], [492, 900], [493, 900], [532, 900], [533, 900], [534, 900], [490, 901], [491, 901], [492, 901], [493, 901], [531, 901], [532, 901], [533, 901], [489, 902], [490, 902], [491, 902], [492, 902], [531, 902], [532, 902], [533, 902], [489, 903], [490, 903], [491, 903], [530, 903], [531, 903], [532, 903], [488, 904], [489, 904], [490, 904], [529, 904], [530, 904], [531, 904], [532, 904], [488, 905], [489, 905], [490, 905], [529, 905], [530, 905], [531, 905], [487, 906], [488, 906], [489, 906], [528, 906], [529, 906], [530, 906], [487, 907], [488, 907], [489, 907], [528, 907], [529, 907], [530, 907], [486, 908], [487, 908], [488, 908], [527, 908], [528, 908], [529, 908], [485, 909], [486, 909], [487, 909], [488, 909], [527, 909], [528, 909], [529, 909], [485, 910], [486, 910], [487, 910], [526, 910], [527, 910], [528, 910], [484, 911], [485, 911], [486, 911], [525, 911], [526, 911], [527, 911], [528, 911], [483, 912], [484, 912], [485, 912], [486, 912], [525, 912], [526, 912], [527, 912], [483, 913], [484, 913], [485, 913], [524, 913], [525, 913], [526, 913], [482, 914], [483, 914], [484, 914], [524, 914], [525, 914], [526, 914], [481, 915], [482, 915], [483, 915], [484, 915], [523, 915], [524, 915], [525, 915], [481, 916], [482, 916], [483, 916], [523, 916], [524, 916], [525, 916], [480, 917], [481, 917], [482, 917], [522, 917], [523, 917], [524, 917], [479, 918], [480, 918], [481, 918], [482, 918], [521, 918], [522, 918], [523, 918], [524, 918], [479, 919], [480, 919], [481, 919], [521, 919], [522, 919], [523, 919], [478, 920], [479, 920], [480, 920], [520, 920], [521, 920], [522, 920], [477, 921], [478, 921], [479, 921], [480, 921], [520, 921], [521, 921], [522, 921], [477, 922], [478, 922], [479, 922], [519, 922], [520, 922], [521, 922], [476, 923], [477, 923], [478, 923], [519, 923], [520, 923], [521, 923], [475, 924], [476, 924], [477, 924], [478, 924], [518, 924], [519, 924], [520, 924], [475, 925], [476, 925], [477, 925], [517, 925], [518, 925], [519, 925], [520, 925], [474, 926], [475, 926], [476, 926], [517, 926], [518, 926], [519, 926], [474, 927], [475, 927], [476, 927], [516, 927], [517, 927], [518, 927], [473, 928], [474, 928], [475, 928], [516, 928], [517, 928], [518, 928], [472, 929], [473, 929], [474, 929], [475, 929], [515, 929], [516, 929], [517, 929], [472, 930], [473, 930], [474, 930], [515, 930], [516, 930], [517, 930], [471, 931], [472, 931], [473, 931], [514, 931], [515, 931], [516, 931], [471, 932], [472, 932], [473, 932], [513, 932], [514, 932], [515, 932], [516, 932], [470, 933], [471, 933], [472, 933], [513, 933], [514, 933], [515, 933], [470, 934], [471, 934], [472, 934], [512, 934], [513, 934], [514, 934], [469, 935], [470, 935], [471, 935], [511, 935], [512, 935], [513, 935], [514, 935], [468, 936], [469, 936], [470, 936], [471, 936], [511, 936], [512, 936], [513, 936], [468, 937], [469, 937], [470, 937], [510, 937], [511, 937], [512, 937], [467, 938], [468, 938], [469, 938], [509, 938], [510, 938], [511, 938], [512, 938], [466, 939], [467, 939], [468, 939], [469, 939], [509, 939], [510, 939], [511, 939], [466, 940], [467, 940], [468, 940], [508, 940], [509, 940], [510, 940], [465, 941], [466, 941], [467, 941], [508, 941], [509, 941], [510, 941], [465, 942], [466, 942], [467, 942], [507, 942], [508, 942], [509, 942], [464, 943], [465, 943], [466, 943], [507, 943], [508, 943], [509, 943], [463, 944], [464, 944], [465, 944], [466, 944], [506, 944], [507, 944], [508, 944], [462, 945], [463, 945], [464, 945], [465, 945], [505, 945], [506, 945], [507, 945], [508, 945], [462, 946], [463, 946], [464, 946], [505, 946], [506, 946], [507, 946], [461, 947], [462, 947], [463, 947], [504, 947], [505, 947], [506, 947], [460, 948], [461, 948], [462, 948], [463, 948], [503, 948], [504, 948], [505, 948], [506, 948], [460, 949], [461, 949], [462, 949], [503, 949], [504, 949], [505, 949], [459, 950], [460, 950], [461, 950], [502, 950], [503, 950], [504, 950], [459, 951], [460, 951], [461, 951], [501, 951], [502, 951], [503, 951], [504, 951], [458, 952], [459, 952], [460, 952], [501, 952], [502, 952], [503, 952], [458, 953], [459, 953], [460, 953], [500, 953], [501, 953], [502, 953], [457, 954], [458, 954], [459, 954], [500, 954], [501, 954], [502, 954], [456, 955], [457, 955], [458, 955], [459, 955], [499, 955], [500, 955], [501, 955], [456, 956], [457, 956], [458, 956], [498, 956], [499, 956], [500, 956], [501, 956], [455, 957], [456, 957], [457, 957], [497, 957], [498, 957], [499, 957], [500, 957], [454, 958], [455, 958], [456, 958], [457, 958], [497, 958], [498, 958], [499, 958], [453, 959], [454, 959], [455, 959], [456, 959], [496, 959], [497, 959], [498, 959], [453, 960], [454, 960], [455, 960], [495, 960], [496, 960], [497, 960], [498, 960], [452, 961], [453, 961], [454, 961], [495, 961], [496, 961], [497, 961], [451, 962], [452, 962], [453, 962], [454, 962], [494, 962], [495, 962], [496, 962], [450, 963], [451, 963], [452, 963], [453, 963], [493, 963], [494, 963], [495, 963], [496, 963], [450, 964], [451, 964], [452, 964], [493, 964], [494, 964], [495, 964], [449, 965], [450, 965], [451, 965], [492, 965], [493, 965], [494, 965], [448, 966], [449, 966], [450, 966], [451, 966], [492, 966], [493, 966], [494, 966], [448, 967], [449, 967], [450, 967], [490, 967], [491, 967], [492, 967], [493, 967], [447, 968], [448, 968], [449, 968], [490, 968], [491, 968], [492, 968], [493, 968], [446, 969], [447, 969], [448, 969], [449, 969], [489, 969], [490, 969], [491, 969], [446, 970], [447, 970], [448, 970], [488, 970], [489, 970], [490, 970], [491, 970], [445, 971], [446, 971], [447, 971], [488, 971], [489, 971], [490, 971], [445, 972], [446, 972], [447, 972], [487, 972], [488, 972], [489, 972], [444, 973], [445, 973], [446, 973], [486, 973], [487, 973], [488, 973], [489, 973], [443, 974], [444, 974], [445, 974], [446, 974], [486, 974], [487, 974], [488, 974], [443, 975], [444, 975], [445, 975], [485, 975], [486, 975], [487, 975], [442, 976], [443, 976], [444, 976], [485, 976], [486, 976], [487, 976], [441, 977], [442, 977], [443, 977], [444, 977], [484, 977], [485, 977], [486, 977], [440, 978], [441, 978], [442, 978], [443, 978], [484, 978], [485, 978], [486, 978], [440, 979], [441, 979], [442, 979], [484, 979], [485, 979], [439, 980], [440, 980], [441, 980], [483, 980], [484, 980], [485, 980], [438, 981], [439, 981], [440, 981], [441, 981], [483, 981], [484, 981], [485, 981], [438, 982], [439, 982], [440, 982], [482, 982], [483, 982], [484, 982], [437, 983], [438, 983], [439, 983], [481, 983], [482, 983], [483, 983], [484, 983], [437, 984], [438, 984], [439, 984], [481, 984], [482, 984], [483, 984], [436, 985], [437, 985], [438, 985], [480, 985], [481, 985], [482, 985], [435, 986], [436, 986], [437, 986], [438, 986], [480, 986], [481, 986], [482, 986], [435, 987], [436, 987], [437, 987], [479, 987], [480, 987], [481, 987], [434, 988], [435, 988], [436, 988], [479, 988], [480, 988], [481, 988], [434, 989], [435, 989], [436, 989], [478, 989], [479, 989], [480, 989], [433, 990], [434, 990], [435, 990], [478, 990], [479, 990], [480, 990], [432, 991], [433, 991], [434, 991], [435, 991], [477, 991], [478, 991], [479, 991], [431, 992], [432, 992], [433, 992], [434, 992], [476, 992], [477, 992], [478, 992], [479, 992], [431, 993], [432, 993], [433, 993], [476, 993], [477, 993], [478, 993], [430, 994], [431, 994], [432, 994], [476, 994], [477, 994], [429, 995], [430, 995], [431, 995], [432, 995], [475, 995], [476, 995], [477, 995], [429, 996], [430, 996], [431, 996], [474, 996], [475, 996], [476, 996], [477, 996], [428, 997], [429, 997], [430, 997], [473, 997], [474, 997], [475, 997], [476, 997], [427, 998], [428, 998], [429, 998], [430, 998], [473, 998], [474, 998], [475, 998], [427, 999], [428, 999], [429, 999], [472, 999], [473, 999], [474, 999], [426, 1000], [427, 1000], [428, 1000], [471, 1000], [472, 1000], [473, 1000], [474, 1000], [426, 1001], [427, 1001], [428, 1001], [470, 1001], [471, 1001], [472, 1001], [473, 1001], [425, 1002], [426, 1002], [427, 1002], [470, 1002], [471, 1002], [472, 1002], [424, 1003], [425, 1003], [426, 1003], [427, 1003], [469, 1003], [470, 1003], [471, 1003], [424, 1004], [425, 1004], [426, 1004], [469, 1004], [470, 1004], [471, 1004], [423, 1005], [424, 1005], [425, 1005], [468, 1005], [469, 1005], [470, 1005], [422, 1006], [423, 1006], [424, 1006], [425, 1006], [467, 1006], [468, 1006], [469, 1006], [470, 1006], [422, 1007], [423, 1007], [424, 1007], [466, 1007], [467, 1007], [468, 1007], [469, 1007], [421, 1008], [422, 1008], [423, 1008], [466, 1008], [467, 1008], [468, 1008], [420, 1009], [421, 1009], [422, 1009], [423, 1009], [465, 1009], [466, 1009], [467, 1009], [419, 1010], [420, 1010], [421, 1010], [422, 1010], [465, 1010], [466, 1010], [467, 1010], [419, 1011], [420, 1011], [421, 1011], [464, 1011], [465, 1011], [466, 1011], [418, 1012], [419, 1012], [420, 1012], [464, 1012], [465, 1012], [466, 1012], [417, 1013], [418, 1013], [419, 1013], [420, 1013], [463, 1013], [464, 1013], [465, 1013], [416, 1014], [417, 1014], [418, 1014], [419, 1014], [462, 1014], [463, 1014], [464, 1014], [465, 1014], [416, 1015], [417, 1015], [418, 1015], [462, 1015], [463, 1015], [464, 1015], [415, 1016], [416, 1016], [417, 1016], [462, 1016], [463, 1016], [414, 1017], [415, 1017], [416, 1017], [417, 1017], [461, 1017], [462, 1017], [463, 1017], [414, 1018], [415, 1018], [416, 1018], [460, 1018], [461, 1018], [462, 1018], [463, 1018], [413, 1019], [414, 1019], [415, 1019], [460, 1019], [461, 1019], [462, 1019], [412, 1020], [413, 1020], [414, 1020], [415, 1020], [459, 1020], [460, 1020], [461, 1020], [412, 1021], [413, 1021], [414, 1021], [459, 1021], [460, 1021], [461, 1021], [411, 1022], [412, 1022], [413, 1022], [458, 1022], [459, 1022], [460, 1022], [411, 1023], [412, 1023], [413, 1023], [457, 1023], [458, 1023], [459, 1023], [460, 1023], [410, 1024], [411, 1024], [412, 1024], [457, 1024], [458, 1024], [459, 1024], [409, 1025], [410, 1025], [411, 1025], [412, 1025], [456, 1025], [457, 1025], [458, 1025], [409, 1026], [410, 1026], [411, 1026], [456, 1026], [457, 1026], [458, 1026], [408, 1027], [409, 1027], [410, 1027], [455, 1027], [456, 1027], [457, 1027], [408, 1028], [409, 1028], [410, 1028], [455, 1028], [456, 1028], [457, 1028], [407, 1029], [408, 1029], [409, 1029], [454, 1029], [455, 1029], [456, 1029], [406, 1030], [407, 1030], [408, 1030], [409, 1030], [453, 1030], [454, 1030], [455, 1030], [456, 1030], [406, 1031], [407, 1031], [408, 1031], [453, 1031], [454, 1031], [455, 1031], [405, 1032], [406, 1032], [407, 1032], [452, 1032], [453, 1032], [454, 1032], [405, 1033], [406, 1033], [407, 1033], [452, 1033], [453, 1033], [454, 1033], [404, 1034], [405, 1034], [406, 1034], [451, 1034], [452, 1034], [453, 1034], [403, 1035], [404, 1035], [405, 1035], [406, 1035], [450, 1035], [451, 1035], [452, 1035], [453, 1035], [403, 1036], [404, 1036], [405, 1036], [450, 1036], [451, 1036], [452, 1036], [402, 1037], [403, 1037], [404, 1037], [449, 1037], [450, 1037], [451, 1037], [401, 1038], [402, 1038], [403, 1038], [404, 1038], [448, 1038], [449, 1038], [450, 1038], [451, 1038], [401, 1039], [402, 1039], [403, 1039], [448, 1039], [449, 1039], [450, 1039], [400, 1040], [401, 1040], [402, 1040], [447, 1040], [448, 1040], [449, 1040], [399, 1041], [400, 1041], [401, 1041], [402, 1041], [446, 1041], [447, 1041], [448, 1041], [449, 1041], [398, 1042], [399, 1042], [400, 1042], [401, 1042], [446, 1042], [447, 1042], [448, 1042], [398, 1043], [399, 1043], [400, 1043], [445, 1043], [446, 1043], [447, 1043], [397, 1044], [398, 1044], [399, 1044], [444, 1044], [445, 1044], [446, 1044], [447, 1044], [397, 1045], [398, 1045], [399, 1045], [443, 1045], [444, 1045], [445, 1045], [446, 1045], [396, 1046], [397, 1046], [398, 1046], [443, 1046], [444, 1046], [445, 1046], [395, 1047], [396, 1047], [397, 1047], [398, 1047], [442, 1047], [443, 1047], [444, 1047], [394, 1048], [395, 1048], [396, 1048], [397, 1048], [442, 1048], [443, 1048], [444, 1048], [393, 1049], [394, 1049], [395, 1049], [396, 1049], [441, 1049], [442, 1049], [443, 1049], [393, 1050], [394, 1050], [395, 1050], [440, 1050], [441, 1050], [442, 1050], [443, 1050], [392, 1051], [393, 1051], [394, 1051], [440, 1051], [441, 1051], [442, 1051], [391, 1052], [392, 1052], [393, 1052], [394, 1052], [439, 1052], [440, 1052], [441, 1052], [390, 1053], [391, 1053], [392, 1053], [393, 1053], [438, 1053], [439, 1053], [440, 1053], [441, 1053], [390, 1054], [391, 1054], [392, 1054], [438, 1054], [439, 1054], [440, 1054], [389, 1055], [390, 1055], [391, 1055], [437, 1055], [438, 1055], [439, 1055], [389, 1056], [390, 1056], [391, 1056], [437, 1056], [438, 1056], [439, 1056], [388, 1057], [389, 1057], [390, 1057], [436, 1057], [437, 1057], [438, 1057], [387, 1058], [388, 1058], [389, 1058], [390, 1058], [436, 1058], [437, 1058], [438, 1058], [387, 1059], [388, 1059], [389, 1059], [435, 1059], [436, 1059], [437, 1059], [386, 1060], [387, 1060], [388, 1060], [435, 1060], [436, 1060], [437, 1060], [386, 1061], [387, 1061], [388, 1061], [434, 1061], [435, 1061], [436, 1061], [385, 1062], [386, 1062], [387, 1062], [434, 1062], [435, 1062], [436, 1062], [384, 1063], [385, 1063], [386, 1063], [387, 1063], [433, 1063], [434, 1063], [435, 1063], [384, 1064], [385, 1064], [386, 1064], [432, 1064], [433, 1064], [434, 1064], [435, 1064], [383, 1065], [384, 1065], [385, 1065], [432, 1065], [433, 1065], [434, 1065], [382, 1066], [383, 1066], [384, 1066], [385, 1066], [431, 1066], [432, 1066], [433, 1066], [382, 1067], [383, 1067], [384, 1067], [430, 1067], [431, 1067], [432, 1067], [433, 1067], [381, 1068], [382, 1068], [383, 1068], [430, 1068], [431, 1068], [432, 1068], [380, 1069], [381, 1069], [382, 1069], [383, 1069], [429, 1069], [430, 1069], [431, 1069], [380, 1070], [381, 1070], [382, 1070], [429, 1070], [430, 1070], [431, 1070], [379, 1071], [380, 1071], [381, 1071], [428, 1071], [429, 1071], [430, 1071], [378, 1072], [379, 1072], [380, 1072], [381, 1072], [427, 1072], [428, 1072], [429, 1072], [430, 1072], [377, 1073], [378, 1073], [379, 1073], [380, 1073], [427, 1073], [428, 1073], [429, 1073], [377, 1074], [378, 1074], [379, 1074], [426, 1074], [427, 1074], [428, 1074], [376, 1075], [377, 1075], [378, 1075], [426, 1075], [427, 1075], [428, 1075], [376, 1076], [377, 1076], [378, 1076], [425, 1076], [426, 1076], [427, 1076], [375, 1077], [376, 1077], [377, 1077], [424, 1077], [425, 1077], [426, 1077], [427, 1077], [375, 1078], [376, 1078], [377, 1078], [424, 1078], [425, 1078], [426, 1078], [375, 1079], [376, 1079], [424, 1079], [425, 1079]




Yellow line left - [242, 993], [241, 994], [242, 994], [241, 995], [242, 995], [240, 996], [241, 996], [242, 996], [239, 997], [240, 997], [241, 997], [242, 997], [238, 998], [239, 998], [240, 998], [241, 998], [238, 999], [239, 999], [240, 999], [236, 1000], [237, 1000], [238, 1000], [239, 1000], [236, 1001], [237, 1001], [238, 1001], [239, 1001], [235, 1002], [236, 1002], [237, 1002], [233, 1003], [234, 1003], [235, 1003], [236, 1003], [237, 1003], [232, 1004], [233, 1004], [234, 1004], [235, 1004], [236, 1004], [231, 1005], [232, 1005], [233, 1005], [234, 1005], [230, 1006], [231, 1006], [232, 1006], [233, 1006], [229, 1007], [230, 1007], [231, 1007], [232, 1007], [228, 1008], [229, 1008], [230, 1008], [231, 1008], [228, 1009], [229, 1009], [230, 1009], [227, 1010], [228, 1010], [229, 1010], [226, 1011], [227, 1011], [228, 1011], [229, 1011], [225, 1012], [226, 1012], [227, 1012], [228, 1012], [224, 1013], [225, 1013], [226, 1013], [227, 1013], [224, 1014], [225, 1014], [226, 1014], [223, 1015], [224, 1015], [225, 1015], [223, 1016], [224, 1016], [225, 1016], [222, 1017], [223, 1017], [224, 1017], [221, 1018], [222, 1018], [223, 1018], [224, 1018], [220, 1019], [221, 1019], [222, 1019], [223, 1019], [219, 1020], [220, 1020], [221, 1020], [222, 1020], [218, 1021], [219, 1021], [220, 1021], [221, 1021], [218, 1022], [219, 1022], [220, 1022], [217, 1023], [218, 1023], [219, 1023], [216, 1024], [217, 1024], [218, 1024], [219, 1024], [215, 1025], [216, 1025], [217, 1025], [218, 1025], [213, 1026], [214, 1026], [215, 1026], [216, 1026], [217, 1026], [212, 1027], [213, 1027], [214, 1027], [215, 1027], [216, 1027], [211, 1028], [212, 1028], [213, 1028], [214, 1028], [210, 1029], [211, 1029], [212, 1029], [213, 1029], [209, 1030], [210, 1030], [211, 1030], [212, 1030], [209, 1031], [210, 1031], [211, 1031], [208, 1032], [209, 1032], [210, 1032], [207, 1033], [208, 1033], [209, 1033], [210, 1033], [206, 1034], [207, 1034], [208, 1034], [209, 1034], [204, 1035], [205, 1035], [206, 1035], [207, 1035], [208, 1035], [202, 1036], [203, 1036], [204, 1036], [205, 1036], [206, 1036], [207, 1036], [201, 1037], [202, 1037], [203, 1037], [204, 1037], [205, 1037], [200, 1038], [201, 1038], [202, 1038], [203, 1038], [199, 1039], [200, 1039], [201, 1039], [202, 1039], [197, 1040], [198, 1040], [199, 1040], [200, 1040], [201, 1040], [195, 1041], [196, 1041], [197, 1041], [198, 1041], [199, 1041], [200, 1041], [194, 1042], [195, 1042], [196, 1042], [197, 1042], [198, 1042], [199, 1042], [200, 1042], [188, 1043], [189, 1043], [190, 1043], [191, 1043], [194, 1043], [195, 1043], [196, 1043], [186, 1044], [187, 1044], [188, 1044], [189, 1044], [190, 1044], [191, 1044], [192, 1044], [193, 1044], [194, 1044], [195, 1044], [184, 1045], [185, 1045], [186, 1045], [187, 1045], [188, 1045], [189, 1045], [190, 1045], [191, 1045], [192, 1045], [193, 1045], [194, 1045], [195, 1045], [181, 1046], [182, 1046], [183, 1046], [184, 1046], [185, 1046], [186, 1046], [187, 1046], [188, 1046], [189, 1046], [181, 1047], [182, 1047], [183, 1047], [184, 1047], [185, 1047], [186, 1047], [181, 1048], [182, 1048], [184, 1048], [185, 1048], [186, 1048], [181, 1049], [182, 1049], [184, 1049], [185, 1049], [186, 1049], [180, 1050], [181, 1050], [182, 1050], [183, 1050], [184, 1050], [185, 1050], [180, 1051], [181, 1051], [182, 1051], [183, 1051], [180, 1052], [181, 1052], [182, 1052], [183, 1052], [182, 1053], [183, 1053], [182, 1054], [183, 1054], [182, 1055], [183, 1055], [184, 1055], [177, 1056], [178, 1056], [179, 1056], [180, 1056], [181, 1056], [182, 1056], [183, 1056], [184, 1056], [176, 1057], [177, 1057], [178, 1057], [179, 1057], [180, 1057], [181, 1057], [182, 1057], [183, 1057], [184, 1057], [175, 1058], [176, 1058], [177, 1058], [178, 1058], [179, 1058], [180, 1058], [181, 1058], [182, 1058], [183, 1058], [184, 1058], [175, 1059], [176, 1059], [177, 1059], [179, 1059], [180, 1059], [181, 1059], [182, 1059], [183, 1059], [175, 1060], [176, 1060], [175, 1061], [176, 1061], [177, 1061], [174, 1062], [175, 1062], [176, 1062], [177, 1062], [173, 1063], [174, 1063], [175, 1063], [176, 1063], [177, 1063], [171, 1064], [172, 1064], [173, 1064], [174, 1064], [175, 1064], [171, 1065], [172, 1065], [173, 1065], [174, 1065], [171, 1066], [172, 1066], [170, 1067], [171, 1067], [172, 1067], [170, 1068], [171, 1068], [172, 1068], [169, 1069], [170, 1069], [171, 1069], [169, 1070], [170, 1070], [171, 1070], [168, 1071], [169, 1071], [170, 1071], [167, 1072], [168, 1072], [169, 1072], [170, 1072], [167, 1073], [168, 1073], [169, 1073], [167, 1074], [168, 1074], [169, 1074], [167, 1075], [168, 1075], [169, 1075], [167, 1076], [168, 1076], [169, 1076], [166, 1077], [167, 1077], [168, 1077], [166, 1078], [167, 1078], [168, 1078], [166, 1079], [167, 1079]




Yellow line right - [1315, 356], [1316, 356], [1317, 356], [1315, 357], [1316, 357], [1317, 357], [1314, 358], [1315, 358], [1316, 358], [1317, 358], [1314, 359], [1315, 359], [1316, 359], [1317, 359], [1314, 360], [1315, 360], [1316, 360], [1317, 360], [1321, 360], [1322, 360], [1323, 360], [1324, 360], [1325, 360], [1326, 360], [1315, 361], [1316, 361], [1317, 361], [1321, 361], [1322, 361], [1323, 361], [1324, 361], [1325, 361], [1326, 361], [1318, 362], [1319, 362], [1320, 362], [1321, 362], [1322, 362], [1323, 362], [1324, 362], [1325, 362], [1326, 362], [1327, 362], [1318, 363], [1319, 363], [1320, 363], [1321, 363], [1322, 363], [1323, 363], [1324, 363], [1325, 363], [1326, 363], [1327, 363], [1328, 363], [1318, 364], [1319, 364], [1320, 364], [1321, 364], [1323, 364], [1326, 364], [1327, 364], [1328, 364], [1329, 364], [1330, 364], [1319, 365], [1320, 365], [1321, 365], [1322, 365], [1323, 365], [1327, 365], [1328, 365], [1329, 365], [1330, 365], [1331, 365], [1320, 366], [1321, 366], [1322, 366], [1323, 366], [1324, 366], [1329, 366], [1330, 366], [1331, 366], [1332, 366], [1333, 366], [1322, 367], [1323, 367], [1324, 367], [1330, 367], [1331, 367], [1332, 367], [1333, 367], [1334, 367], [1323, 368], [1324, 368], [1325, 368], [1332, 368], [1333, 368], [1334, 368], [1335, 368], [1323, 369], [1324, 369], [1325, 369], [1326, 369], [1333, 369], [1334, 369], [1335, 369], [1336, 369], [1324, 370], [1325, 370], [1326, 370], [1327, 370], [1334, 370], [1335, 370], [1336, 370], [1337, 370], [1303, 371], [1304, 371], [1305, 371], [1306, 371], [1325, 371], [1326, 371], [1327, 371], [1328, 371], [1335, 371], [1336, 371], [1337, 371], [1338, 371], [1302, 372], [1303, 372], [1304, 372], [1305, 372], [1306, 372], [1307, 372], [1326, 372], [1327, 372], [1328, 372], [1329, 372], [1330, 372], [1331, 372], [1332, 372], [1333, 372], [1334, 372], [1336, 372], [1337, 372], [1338, 372], [1339, 372], [1302, 373], [1303, 373], [1304, 373], [1305, 373], [1306, 373], [1307, 373], [1327, 373], [1328, 373], [1329, 373], [1330, 373], [1331, 373], [1332, 373], [1333, 373], [1334, 373], [1335, 373], [1337, 373], [1338, 373], [1339, 373], [1302, 374], [1303, 374], [1306, 374], [1307, 374], [1308, 374], [1328, 374], [1329, 374], [1330, 374], [1331, 374], [1333, 374], [1334, 374], [1335, 374], [1336, 374], [1338, 374], [1339, 374], [1340, 374], [1302, 375], [1303, 375], [1306, 375], [1307, 375], [1308, 375], [1334, 375], [1335, 375], [1336, 375], [1337, 375], [1338, 375], [1339, 375], [1340, 375], [1302, 376], [1303, 376], [1304, 376], [1305, 376], [1306, 376], [1307, 376], [1308, 376], [1335, 376], [1336, 376], [1337, 376], [1338, 376], [1339, 376], [1340, 376], [1302, 377], [1303, 377], [1304, 377], [1305, 377], [1306, 377], [1307, 377], [1309, 377], [1310, 377], [1311, 377], [1341, 377], [1342, 377], [1343, 377], [1344, 377], [1345, 377], [1346, 377], [1308, 378], [1309, 378], [1310, 378], [1311, 378], [1312, 378], [1340, 378], [1341, 378], [1342, 378], [1343, 378], [1344, 378], [1345, 378], [1346, 378], [1306, 379], [1307, 379], [1308, 379], [1309, 379], [1310, 379], [1311, 379], [1312, 379], [1313, 379], [1340, 379], [1341, 379], [1342, 379], [1345, 379], [1346, 379], [1347, 379], [1305, 380], [1306, 380], [1307, 380], [1308, 380], [1309, 380], [1311, 380], [1312, 380], [1313, 380], [1314, 380], [1315, 380], [1340, 380], [1341, 380], [1344, 380], [1345, 380], [1346, 380], [1347, 380], [1305, 381], [1306, 381], [1307, 381], [1312, 381], [1313, 381], [1314, 381], [1315, 381], [1316, 381], [1339, 381], [1340, 381], [1341, 381], [1343, 381], [1344, 381], [1345, 381], [1346, 381], [1347, 381], [1305, 382], [1306, 382], [1307, 382], [1314, 382], [1315, 382], [1316, 382], [1317, 382], [1339, 382], [1340, 382], [1341, 382], [1343, 382], [1344, 382], [1345, 382], [1306, 383], [1307, 383], [1308, 383], [1315, 383], [1316, 383], [1317, 383], [1318, 383], [1339, 383], [1340, 383], [1341, 383], [1342, 383], [1343, 383], [1344, 383], [1345, 383], [1306, 384], [1307, 384], [1308, 384], [1309, 384], [1316, 384], [1317, 384], [1318, 384], [1319, 384], [1340, 384], [1341, 384], [1342, 384], [1343, 384], [1344, 384], [1345, 384], [1307, 385], [1308, 385], [1309, 385], [1310, 385], [1317, 385], [1318, 385], [1319, 385], [1320, 385], [1341, 385], [1342, 385], [1343, 385], [1344, 385], [1345, 385], [1308, 386], [1309, 386], [1310, 386], [1311, 386], [1318, 386], [1319, 386], [1320, 386], [1321, 386], [1322, 386], [1342, 386], [1343, 386], [1344, 386], [1345, 386], [1309, 387], [1310, 387], [1311, 387], [1312, 387], [1319, 387], [1320, 387], [1321, 387], [1322, 387], [1323, 387], [1310, 388], [1311, 388], [1312, 388], [1313, 388], [1314, 388], [1315, 388], [1316, 388], [1321, 388], [1322, 388], [1323, 388], [1324, 388], [1311, 389], [1312, 389], [1313, 389], [1314, 389], [1315, 389], [1316, 389], [1317, 389], [1318, 389], [1322, 389], [1323, 389], [1324, 389], [1313, 390], [1314, 390], [1315, 390], [1316, 390], [1317, 390], [1318, 390], [1323, 390], [1324, 390], [1325, 390], [1317, 391], [1318, 391], [1319, 391], [1323, 391], [1324, 391], [1325, 391], [1326, 391], [1317, 392], [1318, 392], [1319, 392], [1320, 392], [1324, 392], [1325, 392], [1326, 392], [1327, 392], [1318, 393], [1319, 393], [1320, 393], [1321, 393], [1322, 393], [1323, 393], [1324, 393], [1326, 393], [1327, 393], [1328, 393], [1319, 394], [1320, 394], [1321, 394], [1322, 394], [1323, 394], [1324, 394], [1325, 394], [1326, 394], [1327, 394], [1328, 394], [1323, 395], [1324, 395], [1325, 395], [1327, 395], [1328, 395], [1322, 396], [1323, 396], [1324, 396], [1325, 396], [1326, 396], [1327, 396], [1328, 396], [1322, 397], [1323, 397], [1324, 397], [1326, 397], [1327, 397], [1328, 397], [1322, 398], [1323, 398], [1324, 398], [1325, 398], [1326, 398], [1327, 398], [1322, 399], [1323, 399], [1324, 399], [1325, 399], [1326, 399], [1327, 399], [1328, 399], [1324, 400], [1325, 400], [1326, 400], [1327, 400], [1328, 400], [1324, 401], [1325, 401], [1326, 401], [1327, 401], [1328, 401], [1325, 402], [1326, 402], [1327, 402], [1328, 402]




White line right - [1750, 98], [1738, 125], [1739, 125], [1740, 125], [1741, 125], [1742, 125], [1737, 126], [1738, 126], [1739, 126], [1740, 126], [1741, 126], [1742, 126], [1737, 127], [1738, 127], [1739, 127], [1740, 127], [1741, 127], [1742, 127], [1737, 128], [1738, 128], [1740, 128], [1741, 128], [1737, 129], [1738, 129], [1740, 129], [1741, 129], [1737, 130], [1738, 130], [1739, 130], [1740, 130], [1741, 130], [1736, 131], [1737, 131], [1738, 131], [1739, 131], [1740, 131], [1741, 131], [1736, 132], [1737, 132], [1738, 132], [1739, 132], [1740, 132], [1736, 133], [1737, 133], [1739, 133], [1740, 133], [1735, 134], [1736, 134], [1737, 134], [1739, 134], [1740, 134], [1735, 135], [1736, 135], [1737, 135], [1738, 135], [1739, 135], [1740, 135], [1734, 136], [1735, 136], [1736, 136], [1738, 136], [1739, 136], [1740, 136], [1734, 137], [1735, 137], [1736, 137], [1738, 137], [1739, 137], [1734, 138], [1735, 138], [1737, 138], [1738, 138], [1739, 138], [1733, 139], [1734, 139], [1735, 139], [1737, 139], [1738, 139], [1739, 139], [1733, 140], [1734, 140], [1735, 140], [1737, 140], [1738, 140], [1733, 141], [1734, 141], [1736, 141], [1737, 141], [1738, 141], [1733, 142], [1734, 142], [1735, 142], [1736, 142], [1737, 142], [1738, 142], [1733, 143], [1734, 143], [1735, 143], [1736, 143], [1737, 143], [1726, 165], [1727, 165], [1728, 165], [1729, 165], [1725, 166], [1726, 166], [1727, 166], [1728, 166], [1729, 166], [1725, 167], [1726, 167], [1727, 167], [1728, 167], [1729, 167], [1725, 168], [1726, 168], [1727, 168], [1728, 168], [1729, 168], [1725, 169], [1726, 169], [1727, 169], [1728, 169], [1729, 169], [1561, 263], [1562, 263], [1563, 263], [1564, 263], [1565, 263], [1566, 263], [1567, 263], [1568, 263], [1569, 263], [1561, 264], [1562, 264], [1563, 264], [1564, 264], [1565, 264], [1566, 264], [1567, 264], [1568, 264], [1569, 264], [1570, 264], [1571, 264], [1572, 264], [1561, 265], [1562, 265], [1563, 265], [1564, 265], [1565, 265], [1566, 265], [1568, 265], [1569, 265], [1570, 265], [1571, 265], [1572, 265], [1573, 265], [1574, 265], [1575, 265], [1576, 265], [1562, 266], [1563, 266], [1564, 266], [1565, 266], [1566, 266], [1567, 266], [1568, 266], [1569, 266], [1571, 266], [1572, 266], [1573, 266], [1574, 266], [1575, 266], [1576, 266], [1577, 266], [1578, 266], [1579, 266], [1580, 266], [1565, 267], [1566, 267], [1567, 267], [1568, 267], [1569, 267], [1570, 267], [1571, 267], [1572, 267], [1575, 267], [1576, 267], [1577, 267], [1578, 267], [1579, 267], [1580, 267], [1581, 267], [1582, 267], [1583, 267], [1568, 268], [1569, 268], [1570, 268], [1571, 268], [1572, 268], [1573, 268], [1574, 268], [1575, 268], [1579, 268], [1580, 268], [1581, 268], [1582, 268], [1583, 268], [1584, 268], [1585, 268], [1586, 268], [1571, 269], [1572, 269], [1573, 269], [1574, 269], [1575, 269], [1576, 269], [1577, 269], [1582, 269], [1583, 269], [1584, 269], [1585, 269], [1586, 269], [1587, 269], [1588, 269], [1589, 269], [1590, 269], [1574, 270], [1575, 270], [1576, 270], [1577, 270], [1578, 270], [1579, 270], [1580, 270], [1585, 270], [1586, 270], [1587, 270], [1588, 270], [1589, 270], [1590, 270], [1591, 270], [1592, 270], [1593, 270], [1576, 271], [1577, 271], [1578, 271], [1579, 271], [1580, 271], [1581, 271], [1582, 271], [1583, 271], [1589, 271], [1590, 271], [1591, 271], [1592, 271], [1593, 271], [1594, 271], [1595, 271], [1596, 271], [1579, 272], [1580, 272], [1581, 272], [1582, 272], [1583, 272], [1584, 272], [1585, 272], [1586, 272], [1592, 272], [1593, 272], [1594, 272], [1595, 272], [1596, 272], [1582, 273], [1583, 273], [1584, 273], [1585, 273], [1586, 273], [1587, 273], [1588, 273], [1589, 273], [1590, 273], [1591, 273], [1592, 273], [1593, 273], [1594, 273], [1595, 273], [1596, 273], [1585, 274], [1586, 274], [1587, 274], [1588, 274], [1589, 274], [1590, 274], [1591, 274], [1592, 274], [1593, 274], [1594, 274], [1595, 274], [1596, 274], [1609, 278], [1610, 278], [1611, 278], [1612, 278], [1613, 278], [1609, 279], [1610, 279], [1611, 279], [1612, 279], [1613, 279], [1614, 279], [1615, 279], [1616, 279], [1617, 279], [1618, 279], [1619, 279], [1620, 279], [1609, 280], [1610, 280], [1611, 280], [1613, 280], [1614, 280], [1615, 280], [1616, 280], [1617, 280], [1618, 280], [1619, 280], [1620, 280], [1621, 280], [1622, 280], [1623, 280], [1624, 280], [1609, 281], [1610, 281], [1611, 281], [1612, 281], [1613, 281], [1614, 281], [1615, 281], [1619, 281], [1620, 281], [1621, 281], [1622, 281], [1623, 281], [1624, 281], [1625, 281], [1626, 281], [1627, 281], [1628, 281], [1611, 282], [1612, 282], [1613, 282], [1614, 282], [1615, 282], [1616, 282], [1623, 282], [1624, 282], [1625, 282], [1626, 282], [1627, 282], [1628, 282], [1629, 282], [1630, 282], [1631, 282], [1614, 283], [1615, 283], [1616, 283], [1617, 283], [1618, 283], [1619, 283], [1620, 283], [1627, 283], [1628, 283], [1629, 283], [1630, 283], [1631, 283], [1632, 283], [1633, 283], [1634, 283], [1635, 283], [1615, 284], [1616, 284], [1617, 284], [1618, 284], [1619, 284], [1620, 284], [1621, 284], [1622, 284], [1630, 284], [1631, 284], [1632, 284], [1633, 284], [1634, 284], [1635, 284], [1636, 284], [1637, 284], [1638, 284], [1644, 284], [1645, 284], [1646, 284], [1647, 284], [1648, 284], [1649, 284], [1650, 284], [1651, 284], [1619, 285], [1620, 285], [1621, 285], [1622, 285], [1623, 285], [1624, 285], [1625, 285], [1634, 285], [1635, 285], [1636, 285], [1637, 285], [1638, 285], [1639, 285], [1640, 285], [1641, 285], [1642, 285], [1643, 285], [1644, 285], [1645, 285], [1646, 285], [1647, 285], [1648, 285], [1649, 285], [1650, 285], [1651, 285], [1652, 285], [1653, 285], [1654, 285], [1655, 285], [1621, 286], [1622, 286], [1623, 286], [1624, 286], [1625, 286], [1626, 286], [1627, 286], [1628, 286], [1637, 286], [1638, 286], [1639, 286], [1640, 286], [1641, 286], [1642, 286], [1643, 286], [1644, 286], [1645, 286], [1650, 286], [1651, 286], [1652, 286], [1653, 286], [1654, 286], [1655, 286], [1656, 286], [1624, 287], [1625, 287], [1626, 287], [1627, 287], [1628, 287], [1629, 287], [1630, 287], [1631, 287], [1654, 287], [1655, 287], [1656, 287], [1657, 287], [1627, 288], [1628, 288], [1629, 288], [1630, 288], [1631, 288], [1632, 288], [1633, 288], [1634, 288], [1635, 288], [1636, 288], [1649, 288], [1650, 288], [1651, 288], [1652, 288], [1653, 288], [1654, 288], [1655, 288], [1656, 288], [1657, 288], [1630, 289], [1631, 289], [1632, 289], [1633, 289], [1634, 289], [1635, 289], [1636, 289], [1637, 289], [1638, 289], [1639, 289], [1640, 289], [1641, 289], [1642, 289], [1643, 289], [1644, 289], [1645, 289], [1646, 289], [1647, 289], [1648, 289], [1649, 289], [1650, 289], [1651, 289], [1652, 289], [1653, 289], [1654, 289], [1655, 289], [1656, 289], [1657, 289], [1635, 290], [1636, 290], [1637, 290], [1638, 290], [1639, 290], [1640, 290], [1641, 290], [1642, 290], [1643, 290], [1644, 290], [1645, 290], [1646, 290], [1647, 290], [1648, 290], [1649, 290], [1650, 290], [1664, 295], [1665, 295], [1666, 295], [1667, 295], [1668, 295], [1660, 296], [1661, 296], [1662, 296], [1663, 296], [1664, 296], [1665, 296], [1666, 296], [1667, 296], [1668, 296], [1669, 296], [1670, 296], [1671, 296], [1672, 296], [1673, 296], [1660, 297], [1661, 297], [1662, 297], [1663, 297], [1664, 297], [1665, 297], [1667, 297], [1668, 297], [1669, 297], [1670, 297], [1671, 297], [1672, 297], [1673, 297], [1674, 297], [1675, 297], [1676, 297], [1677, 297], [1660, 298], [1661, 298], [1662, 298], [1663, 298], [1664, 298], [1672, 298], [1673, 298], [1674, 298], [1675, 298], [1676, 298], [1677, 298], [1678, 298], [1679, 298], [1680, 298], [1661, 299], [1662, 299], [1663, 299], [1664, 299], [1665, 299], [1666, 299], [1667, 299], [1676, 299], [1677, 299], [1678, 299], [1679, 299], [1680, 299], [1681, 299], [1682, 299], [1663, 300], [1664, 300], [1665, 300], [1666, 300], [1667, 300], [1668, 300], [1669, 300], [1679, 300], [1680, 300], [1681, 300], [1682, 300], [1683, 300], [1684, 300], [1685, 300], [1686, 300], [1666, 301], [1667, 301], [1668, 301], [1669, 301], [1670, 301], [1671, 301], [1672, 301], [1681, 301], [1682, 301], [1683, 301], [1684, 301], [1685, 301], [1686, 301], [1687, 301], [1688, 301], [1689, 301], [1690, 301], [1668, 302], [1669, 302], [1670, 302], [1671, 302], [1672, 302], [1673, 302], [1674, 302], [1675, 302], [1685, 302], [1686, 302], [1687, 302], [1688, 302], [1689, 302], [1690, 302], [1691, 302], [1692, 302], [1693, 302], [1671, 303], [1672, 303], [1673, 303], [1674, 303], [1675, 303], [1676, 303], [1677, 303], [1678, 303], [1683, 303], [1684, 303], [1685, 303], [1686, 303], [1689, 303], [1690, 303], [1691, 303], [1692, 303], [1693, 303], [1694, 303], [1695, 303], [1696, 303], [1674, 304], [1675, 304], [1676, 304], [1677, 304], [1678, 304], [1679, 304], [1680, 304], [1681, 304], [1683, 304], [1684, 304], [1685, 304], [1686, 304], [1687, 304], [1688, 304], [1689, 304], [1690, 304], [1691, 304], [1692, 304], [1693, 304], [1694, 304], [1695, 304], [1696, 304], [1697, 304], [1698, 304], [1677, 305], [1678, 305], [1679, 305], [1680, 305], [1681, 305], [1682, 305], [1684, 305], [1685, 305], [1686, 305], [1687, 305], [1690, 305], [1691, 305], [1695, 305], [1696, 305], [1697, 305], [1698, 305], [1699, 305], [1700, 305], [1680, 306], [1681, 306], [1682, 306], [1683, 306], [1684, 306], [1685, 306], [1687, 306], [1688, 306], [1689, 306], [1690, 306], [1691, 306], [1697, 306], [1698, 306], [1699, 306], [1700, 306], [1701, 306], [1702, 306], [1703, 306], [1682, 307], [1683, 307], [1684, 307], [1685, 307], [1686, 307], [1687, 307], [1688, 307], [1689, 307], [1699, 307], [1700, 307], [1701, 307], [1702, 307], [1703, 307], [1704, 307], [1705, 307], [1685, 308], [1686, 308], [1687, 308], [1688, 308], [1689, 308], [1690, 308], [1691, 308], [1692, 308], [1693, 308], [1702, 308], [1703, 308], [1704, 308], [1705, 308], [1706, 308], [1707, 308], [1708, 308], [1688, 309], [1689, 309], [1690, 309], [1691, 309], [1692, 309], [1693, 309], [1694, 309], [1695, 309], [1696, 309], [1697, 309], [1704, 309], [1705, 309], [1706, 309], [1707, 309], [1708, 309], [1709, 309], [1710, 309], [1711, 309], [1692, 310], [1693, 310], [1694, 310], [1695, 310], [1696, 310], [1697, 310], [1698, 310], [1699, 310], [1700, 310], [1701, 310], [1707, 310], [1708, 310], [1709, 310], [1710, 310], [1711, 310], [1712, 310], [1696, 311], [1697, 311], [1698, 311], [1699, 311], [1700, 311], [1701, 311], [1702, 311], [1703, 311], [1704, 311], [1705, 311], [1706, 311], [1707, 311], [1708, 311], [1709, 311], [1710, 311], [1711, 311], [1712, 311], [1700, 312], [1701, 312], [1702, 312], [1703, 312], [1704, 312], [1705, 312], [1706, 312], [1707, 312], [1708, 312], [1709, 312], [1710, 312], [1711, 312], [1712, 312], [1725, 316], [1726, 316], [1727, 316], [1728, 316], [1729, 316], [1730, 316], [1723, 317], [1724, 317], [1725, 317], [1726, 317], [1727, 317], [1728, 317], [1729, 317], [1730, 317], [1731, 317], [1732, 317], [1733, 317], [1734, 317], [1735, 317], [1736, 317], [1723, 318], [1724, 318], [1725, 318], [1726, 318], [1729, 318], [1730, 318], [1731, 318], [1732, 318], [1733, 318], [1734, 318], [1735, 318], [1736, 318], [1737, 318], [1738, 318], [1739, 318], [1740, 318], [1723, 319], [1724, 319], [1725, 319], [1726, 319], [1727, 319], [1735, 319], [1736, 319], [1737, 319], [1738, 319], [1739, 319], [1740, 319], [1741, 319], [1742, 319], [1743, 319], [1724, 320], [1725, 320], [1726, 320], [1727, 320], [1728, 320], [1729, 320], [1730, 320], [1739, 320], [1740, 320], [1741, 320], [1742, 320], [1743, 320], [1744, 320], [1745, 320], [1746, 320], [1726, 321], [1727, 321], [1728, 321], [1729, 321], [1730, 321], [1731, 321], [1732, 321], [1742, 321], [1743, 321], [1744, 321], [1745, 321], [1746, 321], [1747, 321], [1748, 321], [1749, 321], [1750, 321], [1729, 322], [1730, 322], [1731, 322], [1732, 322], [1733, 322], [1734, 322], [1745, 322], [1746, 322], [1747, 322], [1748, 322], [1749, 322], [1750, 322], [1751, 322], [1752, 322], [1753, 322], [1754, 322], [1731, 323], [1732, 323], [1733, 323], [1734, 323], [1735, 323], [1736, 323], [1737, 323], [1749, 323], [1750, 323], [1751, 323], [1752, 323], [1753, 323], [1754, 323], [1755, 323], [1756, 323], [1757, 323], [1733, 324], [1734, 324], [1735, 324], [1736, 324], [1737, 324], [1738, 324], [1739, 324], [1753, 324], [1754, 324], [1755, 324], [1756, 324], [1757, 324], [1758, 324], [1759, 324], [1760, 324], [1736, 325], [1737, 325], [1738, 325], [1739, 325], [1740, 325], [1741, 325], [1742, 325], [1743, 325], [1750, 325], [1751, 325], [1752, 325], [1753, 325], [1754, 325], [1756, 325], [1757, 325], [1758, 325], [1759, 325], [1760, 325], [1761, 325], [1762, 325], [1763, 325], [1738, 326], [1739, 326], [1740, 326], [1741, 326], [1742, 326], [1743, 326], [1744, 326], [1745, 326], [1746, 326], [1750, 326], [1751, 326], [1753, 326], [1754, 326], [1755, 326], [1756, 326], [1757, 326], [1758, 326], [1759, 326], [1760, 326], [1761, 326], [1762, 326], [1763, 326], [1764, 326], [1765, 326], [1766, 326], [1742, 327], [1743, 327], [1744, 327], [1745, 327], [1746, 327], [1747, 327], [1748, 327], [1749, 327], [1750, 327], [1751, 327], [1752, 327], [1753, 327], [1754, 327], [1756, 327], [1757, 327], [1758, 327], [1759, 327], [1760, 327], [1761, 327], [1762, 327], [1763, 327], [1764, 327], [1765, 327], [1766, 327], [1767, 327], [1768, 327], [1769, 327], [1745, 328], [1746, 328], [1747, 328], [1748, 328], [1749, 328], [1750, 328], [1751, 328], [1752, 328], [1753, 328], [1754, 328], [1755, 328], [1756, 328], [1757, 328], [1758, 328], [1759, 328], [1760, 328], [1761, 328], [1762, 328], [1763, 328], [1764, 328], [1765, 328], [1766, 328], [1767, 328], [1768, 328], [1769, 328], [1770, 328], [1771, 328], [1772, 328], [1773, 328], [1748, 329], [1749, 329], [1750, 329], [1751, 329], [1752, 329], [1753, 329], [1754, 329], [1755, 329], [1756, 329], [1757, 329], [1758, 329], [1759, 329], [1760, 329], [1761, 329], [1763, 329], [1764, 329], [1765, 329], [1766, 329], [1768, 329], [1769, 329], [1770, 329], [1771, 329], [1772, 329], [1773, 329], [1774, 329], [1775, 329], [1776, 329], [1751, 330], [1752, 330], [1753, 330], [1754, 330], [1755, 330], [1756, 330], [1757, 330], [1758, 330], [1759, 330], [1760, 330], [1761, 330], [1762, 330], [1763, 330], [1764, 330], [1765, 330], [1766, 330], [1767, 330], [1768, 330], [1769, 330], [1770, 330], [1772, 330], [1773, 330], [1774, 330], [1775, 330], [1776, 330], [1777, 330], [1778, 330], [1779, 330], [1754, 331], [1755, 331], [1756, 331], [1757, 331], [1758, 331], [1759, 331], [1760, 331], [1761, 331], [1763, 331], [1764, 331], [1765, 331], [1766, 331], [1768, 331], [1769, 331], [1770, 331], [1771, 331], [1772, 331], [1775, 331], [1776, 331], [1777, 331], [1778, 331], [1779, 331], [1780, 331], [1781, 331], [1782, 331], [1757, 332], [1758, 332], [1759, 332], [1760, 332], [1761, 332], [1762, 332], [1763, 332], [1764, 332], [1765, 332], [1766, 332], [1767, 332], [1768, 332], [1769, 332], [1770, 332], [1771, 332], [1772, 332], [1773, 332], [1774, 332], [1775, 332], [1778, 332], [1779, 332], [1780, 332], [1781, 332], [1782, 332], [1783, 332], [1784, 332], [1785, 332], [1760, 333], [1761, 333], [1762, 333], [1763, 333], [1764, 333], [1765, 333], [1766, 333], [1767, 333], [1768, 333], [1769, 333], [1770, 333], [1771, 333], [1772, 333], [1773, 333], [1774, 333], [1775, 333], [1781, 333], [1782, 333], [1783, 333], [1784, 333], [1785, 333], [1786, 333], [1787, 333], [1788, 333], [1763, 334], [1764, 334], [1765, 334], [1766, 334], [1767, 334], [1768, 334], [1769, 334], [1770, 334], [1771, 334], [1772, 334], [1773, 334], [1774, 334], [1775, 334], [1784, 334], [1785, 334], [1786, 334], [1787, 334], [1788, 334], [1789, 334], [1766, 335], [1767, 335], [1768, 335], [1769, 335], [1770, 335], [1771, 335], [1772, 335], [1773, 335], [1774, 335], [1775, 335], [1776, 335], [1777, 335], [1787, 335], [1788, 335], [1789, 335], [1770, 336], [1771, 336], [1772, 336], [1773, 336], [1774, 336], [1775, 336], [1776, 336], [1777, 336], [1778, 336], [1779, 336], [1780, 336], [1781, 336], [1782, 336], [1783, 336], [1784, 336], [1785, 336], [1786, 336], [1787, 336], [1788, 336], [1789, 336], [1776, 337], [1777, 337], [1778, 337], [1779, 337], [1780, 337], [1781, 337], [1782, 337], [1783, 337], [1784, 337], [1785, 337], [1786, 337], [1787, 337], [1788, 337], [1789, 337], [1798, 342], [1799, 342], [1800, 342], [1801, 342], [1802, 342], [1803, 342], [1804, 342], [1805, 342], [1806, 342], [1807, 342], [1798, 343], [1799, 343], [1800, 343], [1801, 343], [1802, 343], [1803, 343], [1804, 343], [1805, 343], [1806, 343], [1807, 343], [1808, 343], [1809, 343], [1810, 343], [1811, 343], [1812, 343], [1813, 343], [1798, 344], [1799, 344], [1800, 344], [1801, 344], [1802, 344], [1806, 344], [1807, 344], [1808, 344], [1809, 344], [1810, 344], [1811, 344], [1812, 344], [1813, 344], [1814, 344], [1815, 344], [1816, 344], [1817, 344], [1799, 345], [1800, 345], [1801, 345], [1802, 345], [1803, 345], [1812, 345], [1813, 345], [1814, 345], [1815, 345], [1816, 345], [1817, 345], [1818, 345], [1819, 345], [1820, 345], [1821, 345], [1822, 345], [1801, 346], [1802, 346], [1803, 346], [1804, 346], [1805, 346], [1806, 346], [1816, 346], [1817, 346], [1818, 346], [1819, 346], [1820, 346], [1821, 346], [1822, 346], [1823, 346], [1824, 346], [1802, 347], [1803, 347], [1804, 347], [1805, 347], [1806, 347], [1807, 347], [1808, 347], [1809, 347], [1821, 347], [1822, 347], [1823, 347], [1824, 347], [1805, 348], [1806, 348], [1807, 348], [1808, 348], [1809, 348], [1810, 348], [1811, 348], [1812, 348], [1823, 348], [1824, 348], [1808, 349], [1809, 349], [1810, 349], [1811, 349], [1812, 349], [1813, 349], [1814, 349], [1815, 349], [1816, 349], [1811, 350], [1812, 350], [1813, 350], [1814, 350], [1815, 350], [1816, 350], [1817, 350], [1818, 350], [1819, 350], [1815, 351], [1816, 351], [1817, 351], [1818, 351], [1819, 351], [1820, 351], [1821, 351], [1822, 351], [1818, 352], [1819, 352], [1820, 352], [1821, 352], [1822, 352], [1823, 352], [1824, 352], [1821, 353], [1822, 353], [1823, 353], [1824, 353], [1824, 354], [1517, 568], [1518, 568], [1519, 568], [1520, 568], [1521, 568], [1522, 568], [1523, 568], [1524, 568], [1525, 568], [1526, 568], [1527, 568], [1528, 568], [1529, 568], [1530, 568], [1531, 568], [1532, 568], [1533, 568], [1534, 568], [1535, 568], [1536, 568], [1517, 569], [1518, 569], [1526, 569], [1532, 569], [1535, 569], [1536, 569], [1517, 570], [1518, 570], [1519, 570], [1520, 570], [1521, 570], [1522, 570], [1523, 570], [1524, 570], [1525, 570], [1526, 570], [1527, 570], [1528, 570], [1529, 570], [1530, 570], [1531, 570], [1532, 570], [1533, 570], [1534, 570], [1535, 570], [1536, 570]


