White line left - [359, 923], [360, 923], [361, 923], [362, 923], [363, 923], [364, 923], [365, 923], [366, 923], [367, 923], [368, 923], [358, 924], [359, 924], [360, 924], [361, 924], [362, 924], [363, 924], [364, 924], [365, 924], [366, 924], [367, 924], [368, 924], [369, 924], [370, 924], [371, 924], [372, 924], [356, 925], [357, 925], [358, 925], [359, 925], [360, 925], [367, 925], [368, 925], [369, 925], [370, 925], [371, 925], [372, 925], [354, 926], [355, 926], [356, 926], [357, 926], [358, 926], [371, 926], [372, 926], [353, 927], [354, 927], [355, 927], [356, 927], [370, 927], [371, 927], [372, 927], [351, 928], [352, 928], [353, 928], [354, 928], [369, 928], [370, 928], [371, 928], [372, 928], [349, 929], [350, 929], [351, 929], [352, 929], [353, 929], [354, 929], [369, 929], [370, 929], [371, 929], [348, 930], [349, 930], [368, 930], [369, 930], [370, 930], [367, 931], [368, 931], [369, 931], [370, 931], [367, 932], [368, 932], [369, 932], [366, 933], [367, 933], [368, 933], [365, 934], [366, 934], [367, 934], [368, 934], [364, 935], [365, 935], [366, 935], [367, 935], [364, 936], [365, 936], [366, 936], [363, 937], [364, 937], [365, 937], [363, 938], [364, 938], [365, 938], [362, 939], [363, 939], [364, 939], [361, 940], [362, 940], [363, 940], [364, 940], [361, 941], [362, 941], [363, 941], [360, 942], [361, 942], [362, 942], [359, 943], [360, 943], [361, 943], [362, 943], [359, 944], [360, 944], [361, 944], [358, 945], [359, 945], [360, 945], [357, 946], [358, 946], [359, 946], [360, 946], [357, 947], [358, 947], [359, 947], [356, 948], [357, 948], [358, 948], [355, 949], [356, 949], [357, 949], [358, 949], [314, 950], [315, 950], [354, 950], [355, 950], [356, 950], [357, 950], [312, 951], [313, 951], [314, 951], [354, 951], [355, 951], [356, 951], [311, 952], [312, 952], [313, 952], [353, 952], [354, 952], [355, 952], [310, 953], [311, 953], [312, 953], [313, 953], [352, 953], [353, 953], [354, 953], [355, 953], [310, 954], [311, 954], [312, 954], [352, 954], [353, 954], [354, 954], [309, 955], [310, 955], [311, 955], [351, 955], [352, 955], [353, 955], [309, 956], [310, 956], [311, 956], [351, 956], [352, 956], [353, 956], [308, 957], [309, 957], [310, 957], [334, 957], [335, 957], [336, 957], [337, 957], [338, 957], [339, 957], [350, 957], [351, 957], [352, 957], [307, 958], [308, 958], [309, 958], [310, 958], [333, 958], [334, 958], [335, 958], [336, 958], [337, 958], [338, 958], [339, 958], [350, 958], [351, 958], [352, 958], [307, 959], [308, 959], [309, 959], [331, 959], [332, 959], [333, 959], [334, 959], [335, 959], [338, 959], [339, 959], [349, 959], [350, 959], [351, 959], [306, 960], [307, 960], [308, 960], [330, 960], [331, 960], [332, 960], [333, 960], [334, 960], [338, 960], [339, 960], [348, 960], [349, 960], [350, 960], [351, 960], [306, 961], [307, 961], [308, 961], [330, 961], [331, 961], [332, 961], [337, 961], [338, 961], [339, 961], [348, 961], [349, 961], [350, 961], [305, 962], [306, 962], [307, 962], [329, 962], [330, 962], [331, 962], [337, 962], [338, 962], [339, 962], [347, 962], [348, 962], [349, 962], [304, 963], [305, 963], [306, 963], [307, 963], [329, 963], [330, 963], [331, 963], [336, 963], [337, 963], [338, 963], [346, 963], [347, 963], [348, 963], [349, 963], [304, 964], [305, 964], [306, 964], [328, 964], [329, 964], [330, 964], [334, 964], [335, 964], [336, 964], [337, 964], [338, 964], [346, 964], [347, 964], [348, 964], [303, 965], [304, 965], [305, 965], [326, 965], [327, 965], [328, 965], [329, 965], [330, 965], [334, 965], [335, 965], [336, 965], [337, 965], [345, 965], [346, 965], [347, 965], [303, 966], [304, 966], [305, 966], [326, 966], [327, 966], [328, 966], [329, 966], [333, 966], [334, 966], [335, 966], [344, 966], [345, 966], [346, 966], [347, 966], [302, 967], [303, 967], [304, 967], [325, 967], [326, 967], [327, 967], [332, 967], [333, 967], [334, 967], [335, 967], [344, 967], [345, 967], [346, 967], [301, 968], [302, 968], [303, 968], [304, 968], [324, 968], [325, 968], [326, 968], [327, 968], [332, 968], [333, 968], [334, 968], [343, 968], [344, 968], [345, 968], [301, 969], [302, 969], [303, 969], [323, 969], [324, 969], [325, 969], [326, 969], [331, 969], [332, 969], [333, 969], [343, 969], [344, 969], [345, 969], [300, 970], [301, 970], [302, 970], [323, 970], [324, 970], [325, 970], [331, 970], [332, 970], [333, 970], [342, 970], [343, 970], [344, 970], [300, 971], [301, 971], [302, 971], [322, 971], [323, 971], [324, 971], [331, 971], [332, 971], [341, 971], [342, 971], [343, 971], [344, 971], [299, 972], [300, 972], [301, 972], [321, 972], [322, 972], [323, 972], [324, 972], [330, 972], [331, 972], [332, 972], [340, 972], [341, 972], [342, 972], [343, 972], [298, 973], [299, 973], [300, 973], [301, 973], [321, 973], [322, 973], [323, 973], [330, 973], [331, 973], [332, 973], [340, 973], [341, 973], [342, 973], [297, 974], [298, 974], [299, 974], [300, 974], [321, 974], [322, 974], [329, 974], [330, 974], [331, 974], [340, 974], [341, 974], [296, 975], [297, 975], [298, 975], [299, 975], [321, 975], [322, 975], [328, 975], [329, 975], [330, 975], [331, 975], [339, 975], [340, 975], [341, 975], [296, 976], [297, 976], [298, 976], [320, 976], [321, 976], [322, 976], [328, 976], [329, 976], [330, 976], [338, 976], [339, 976], [340, 976], [341, 976], [295, 977], [296, 977], [297, 977], [320, 977], [321, 977], [322, 977], [327, 977], [328, 977], [329, 977], [338, 977], [339, 977], [340, 977], [295, 978], [296, 978], [297, 978], [320, 978], [321, 978], [327, 978], [328, 978], [329, 978], [337, 978], [338, 978], [339, 978], [294, 979], [295, 979], [296, 979], [320, 979], [321, 979], [327, 979], [328, 979], [336, 979], [337, 979], [338, 979], [339, 979], [294, 980], [295, 980], [296, 980], [320, 980], [321, 980], [327, 980], [328, 980], [335, 980], [336, 980], [337, 980], [338, 980], [294, 981], [295, 981], [320, 981], [321, 981], [327, 981], [328, 981], [335, 981], [336, 981], [337, 981], [293, 982], [294, 982], [295, 982], [320, 982], [321, 982], [322, 982], [323, 982], [324, 982], [325, 982], [326, 982], [327, 982], [328, 982], [334, 982], [335, 982], [336, 982], [292, 983], [293, 983], [294, 983], [295, 983], [320, 983], [321, 983], [322, 983], [323, 983], [324, 983], [325, 983], [326, 983], [327, 983], [328, 983], [334, 983], [335, 983], [336, 983], [291, 984], [292, 984], [293, 984], [294, 984], [321, 984], [322, 984], [323, 984], [324, 984], [325, 984], [326, 984], [327, 984], [333, 984], [334, 984], [335, 984], [290, 985], [291, 985], [292, 985], [293, 985], [332, 985], [333, 985], [334, 985], [335, 985], [290, 986], [291, 986], [292, 986], [332, 986], [333, 986], [334, 986], [289, 987], [290, 987], [291, 987], [322, 987], [323, 987], [324, 987], [325, 987], [331, 987], [332, 987], [333, 987], [289, 988], [290, 988], [291, 988], [321, 988], [322, 988], [323, 988], [324, 988], [325, 988], [331, 988], [332, 988], [333, 988], [288, 989], [289, 989], [290, 989], [301, 989], [302, 989], [303, 989], [321, 989], [322, 989], [323, 989], [324, 989], [325, 989], [330, 989], [331, 989], [332, 989], [287, 990], [288, 990], [289, 990], [290, 990], [300, 990], [301, 990], [302, 990], [303, 990], [321, 990], [322, 990], [323, 990], [324, 990], [325, 990], [329, 990], [330, 990], [331, 990], [332, 990], [286, 991], [287, 991], [288, 991], [289, 991], [299, 991], [300, 991], [301, 991], [302, 991], [303, 991], [321, 991], [322, 991], [323, 991], [324, 991], [325, 991], [329, 991], [330, 991], [331, 991], [285, 992], [286, 992], [287, 992], [288, 992], [299, 992], [300, 992], [301, 992], [302, 992], [303, 992], [321, 992], [322, 992], [323, 992], [324, 992], [328, 992], [329, 992], [330, 992], [285, 993], [286, 993], [287, 993], [298, 993], [299, 993], [300, 993], [302, 993], [303, 993], [328, 993], [329, 993], [330, 993], [284, 994], [285, 994], [286, 994], [298, 994], [299, 994], [300, 994], [301, 994], [302, 994], [303, 994], [327, 994], [328, 994], [329, 994], [283, 995], [284, 995], [285, 995], [286, 995], [298, 995], [299, 995], [301, 995], [302, 995], [303, 995], [326, 995], [327, 995], [328, 995], [329, 995], [282, 996], [283, 996], [284, 996], [285, 996], [296, 996], [297, 996], [298, 996], [299, 996], [300, 996], [301, 996], [302, 996], [308, 996], [309, 996], [310, 996], [326, 996], [327, 996], [328, 996], [281, 997], [282, 997], [283, 997], [284, 997], [296, 997], [297, 997], [298, 997], [300, 997], [301, 997], [302, 997], [308, 997], [310, 997], [325, 997], [326, 997], [327, 997], [281, 998], [282, 998], [283, 998], [295, 998], [296, 998], [297, 998], [299, 998], [300, 998], [301, 998], [308, 998], [309, 998], [310, 998], [324, 998], [325, 998], [326, 998], [327, 998], [280, 999], [281, 999], [282, 999], [294, 999], [295, 999], [296, 999], [297, 999], [298, 999], [299, 999], [300, 999], [324, 999], [325, 999], [326, 999], [279, 1000], [280, 1000], [281, 1000], [282, 1000], [294, 1000], [295, 1000], [297, 1000], [298, 1000], [299, 1000], [300, 1000], [323, 1000], [324, 1000], [325, 1000], [279, 1001], [280, 1001], [281, 1001], [294, 1001], [295, 1001], [296, 1001], [297, 1001], [298, 1001], [299, 1001], [323, 1001], [324, 1001], [325, 1001], [278, 1002], [279, 1002], [280, 1002], [294, 1002], [295, 1002], [296, 1002], [297, 1002], [322, 1002], [323, 1002], [324, 1002], [277, 1003], [278, 1003], [279, 1003], [280, 1003], [321, 1003], [322, 1003], [323, 1003], [324, 1003], [276, 1004], [277, 1004], [278, 1004], [279, 1004], [318, 1004], [319, 1004], [320, 1004], [321, 1004], [322, 1004], [323, 1004], [276, 1005], [277, 1005], [278, 1005], [316, 1005], [317, 1005], [318, 1005], [319, 1005], [320, 1005], [321, 1005], [322, 1005], [275, 1006], [276, 1006], [277, 1006], [298, 1006], [299, 1006], [300, 1006], [316, 1006], [317, 1006], [318, 1006], [319, 1006], [320, 1006], [321, 1006], [274, 1007], [275, 1007], [276, 1007], [277, 1007], [298, 1007], [299, 1007], [300, 1007], [315, 1007], [316, 1007], [317, 1007], [274, 1008], [275, 1008], [276, 1008], [298, 1008], [299, 1008], [300, 1008], [314, 1008], [315, 1008], [316, 1008], [317, 1008], [273, 1009], [274, 1009], [275, 1009], [298, 1009], [299, 1009], [300, 1009], [313, 1009], [314, 1009], [315, 1009], [316, 1009], [272, 1010], [273, 1010], [274, 1010], [275, 1010], [313, 1010], [314, 1010], [315, 1010], [272, 1011], [273, 1011], [274, 1011], [313, 1011], [314, 1011], [271, 1012], [272, 1012], [273, 1012], [312, 1012], [313, 1012], [314, 1012], [271, 1013], [272, 1013], [273, 1013], [311, 1013], [312, 1013], [313, 1013], [314, 1013], [270, 1014], [271, 1014], [272, 1014], [310, 1014], [311, 1014], [312, 1014], [313, 1014], [269, 1015], [270, 1015], [271, 1015], [272, 1015], [309, 1015], [310, 1015], [311, 1015], [312, 1015], [269, 1016], [270, 1016], [271, 1016], [309, 1016], [310, 1016], [311, 1016], [268, 1017], [269, 1017], [270, 1017], [308, 1017], [309, 1017], [310, 1017], [267, 1018], [268, 1018], [269, 1018], [270, 1018], [308, 1018], [309, 1018], [310, 1018], [267, 1019], [268, 1019], [269, 1019], [307, 1019], [308, 1019], [309, 1019], [266, 1020], [267, 1020], [268, 1020], [306, 1020], [307, 1020], [308, 1020], [309, 1020], [265, 1021], [266, 1021], [267, 1021], [268, 1021], [306, 1021], [307, 1021], [308, 1021], [265, 1022], [266, 1022], [267, 1022], [305, 1022], [306, 1022], [307, 1022], [264, 1023], [265, 1023], [266, 1023], [304, 1023], [305, 1023], [306, 1023], [307, 1023], [263, 1024], [264, 1024], [265, 1024], [266, 1024], [302, 1024], [303, 1024], [304, 1024], [305, 1024], [306, 1024], [263, 1025], [264, 1025], [265, 1025], [302, 1025], [303, 1025], [304, 1025], [305, 1025], [262, 1026], [263, 1026], [264, 1026], [302, 1026], [303, 1026], [261, 1027], [262, 1027], [263, 1027], [264, 1027], [300, 1027], [301, 1027], [302, 1027], [303, 1027], [260, 1028], [261, 1028], [262, 1028], [263, 1028], [299, 1028], [300, 1028], [301, 1028], [302, 1028], [303, 1028], [260, 1029], [261, 1029], [262, 1029], [298, 1029], [299, 1029], [300, 1029], [301, 1029], [259, 1030], [260, 1030], [261, 1030], [297, 1030], [298, 1030], [299, 1030], [300, 1030], [258, 1031], [259, 1031], [260, 1031], [261, 1031], [296, 1031], [297, 1031], [298, 1031], [299, 1031], [258, 1032], [259, 1032], [260, 1032], [296, 1032], [297, 1032], [298, 1032], [257, 1033], [258, 1033], [259, 1033], [296, 1033], [297, 1033], [256, 1034], [257, 1034], [258, 1034], [259, 1034], [276, 1034], [277, 1034], [278, 1034], [281, 1034], [282, 1034], [283, 1034], [284, 1034], [295, 1034], [296, 1034], [297, 1034], [255, 1035], [256, 1035], [257, 1035], [258, 1035], [274, 1035], [275, 1035], [276, 1035], [277, 1035], [278, 1035], [281, 1035], [282, 1035], [283, 1035], [284, 1035], [294, 1035], [295, 1035], [296, 1035], [297, 1035], [255, 1036], [256, 1036], [257, 1036], [273, 1036], [274, 1036], [275, 1036], [276, 1036], [277, 1036], [278, 1036], [281, 1036], [282, 1036], [283, 1036], [284, 1036], [293, 1036], [294, 1036], [295, 1036], [296, 1036], [254, 1037], [255, 1037], [256, 1037], [271, 1037], [272, 1037], [273, 1037], [274, 1037], [275, 1037], [277, 1037], [278, 1037], [293, 1037], [294, 1037], [295, 1037], [253, 1038], [254, 1038], [255, 1038], [256, 1038], [271, 1038], [272, 1038], [273, 1038], [274, 1038], [275, 1038], [276, 1038], [277, 1038], [278, 1038], [293, 1038], [294, 1038], [253, 1039], [254, 1039], [255, 1039], [271, 1039], [272, 1039], [274, 1039], [275, 1039], [276, 1039], [277, 1039], [278, 1039], [291, 1039], [292, 1039], [293, 1039], [294, 1039], [252, 1040], [253, 1040], [254, 1040], [271, 1040], [272, 1040], [273, 1040], [274, 1040], [275, 1040], [276, 1040], [291, 1040], [292, 1040], [293, 1040], [294, 1040], [251, 1041], [252, 1041], [253, 1041], [254, 1041], [271, 1041], [272, 1041], [273, 1041], [274, 1041], [275, 1041], [287, 1041], [288, 1041], [289, 1041], [290, 1041], [291, 1041], [292, 1041], [250, 1042], [251, 1042], [252, 1042], [253, 1042], [271, 1042], [272, 1042], [273, 1042], [274, 1042], [287, 1042], [288, 1042], [289, 1042], [290, 1042], [291, 1042], [292, 1042], [250, 1043], [251, 1043], [252, 1043], [287, 1043], [288, 1043], [289, 1043], [290, 1043], [249, 1044], [250, 1044], [251, 1044], [287, 1044], [288, 1044], [289, 1044], [290, 1044], [293, 1044], [294, 1044], [295, 1044], [296, 1044], [248, 1045], [249, 1045], [250, 1045], [251, 1045], [288, 1045], [289, 1045], [290, 1045], [291, 1045], [292, 1045], [293, 1045], [294, 1045], [295, 1045], [296, 1045], [248, 1046], [249, 1046], [250, 1046], [288, 1046], [289, 1046], [291, 1046], [292, 1046], [294, 1046], [295, 1046], [296, 1046], [247, 1047], [248, 1047], [249, 1047], [288, 1047], [289, 1047], [291, 1047], [292, 1047], [293, 1047], [294, 1047], [295, 1047], [296, 1047], [246, 1048], [247, 1048], [248, 1048], [249, 1048], [288, 1048], [289, 1048], [291, 1048], [292, 1048], [293, 1048], [246, 1049], [247, 1049], [248, 1049], [288, 1049], [289, 1049], [290, 1049], [245, 1050], [246, 1050], [247, 1050], [288, 1050], [289, 1050], [290, 1050], [244, 1051], [245, 1051], [246, 1051], [247, 1051], [289, 1051], [290, 1051], [291, 1051], [292, 1051], [244, 1052], [245, 1052], [246, 1052], [289, 1052], [290, 1052], [291, 1052], [292, 1052], [243, 1053], [244, 1053], [245, 1053], [289, 1053], [290, 1053], [291, 1053], [292, 1053], [242, 1054], [243, 1054], [244, 1054], [245, 1054], [290, 1054], [291, 1054], [292, 1054], [241, 1055], [242, 1055], [243, 1055], [244, 1055], [289, 1055], [290, 1055], [291, 1055], [241, 1056], [242, 1056], [243, 1056], [288, 1056], [289, 1056], [290, 1056], [291, 1056], [240, 1057], [241, 1057], [242, 1057], [288, 1057], [289, 1057], [290, 1057], [240, 1058], [241, 1058], [242, 1058], [288, 1058], [289, 1058], [239, 1059], [240, 1059], [241, 1059], [287, 1059], [288, 1059], [289, 1059], [238, 1060], [239, 1060], [240, 1060], [241, 1060], [286, 1060], [287, 1060], [288, 1060], [289, 1060], [237, 1061], [238, 1061], [239, 1061], [240, 1061], [285, 1061], [286, 1061], [287, 1061], [288, 1061], [237, 1062], [238, 1062], [239, 1062], [285, 1062], [286, 1062], [287, 1062], [236, 1063], [237, 1063], [238, 1063], [284, 1063], [285, 1063], [286, 1063], [236, 1064], [237, 1064], [238, 1064], [283, 1064], [284, 1064], [285, 1064], [286, 1064], [235, 1065], [236, 1065], [237, 1065], [282, 1065], [283, 1065], [284, 1065], [285, 1065], [234, 1066], [235, 1066], [236, 1066], [237, 1066], [282, 1066], [283, 1066], [284, 1066], [234, 1067], [235, 1067], [236, 1067], [282, 1067], [283, 1067], [233, 1068], [234, 1068], [235, 1068], [281, 1068], [282, 1068], [283, 1068], [232, 1069], [233, 1069], [234, 1069], [235, 1069], [280, 1069], [281, 1069], [282, 1069], [283, 1069], [232, 1070], [233, 1070], [234, 1070], [279, 1070], [280, 1070], [281, 1070], [282, 1070], [231, 1071], [232, 1071], [233, 1071], [279, 1071], [280, 1071], [281, 1071], [231, 1072], [232, 1072], [233, 1072], [279, 1072], [280, 1072], [230, 1073], [231, 1073], [232, 1073], [273, 1073], [274, 1073], [275, 1073], [278, 1073], [279, 1073], [280, 1073], [229, 1074], [230, 1074], [231, 1074], [232, 1074], [273, 1074], [275, 1074], [277, 1074], [278, 1074], [279, 1074], [280, 1074], [229, 1075], [230, 1075], [231, 1075], [273, 1075], [274, 1075], [275, 1075], [277, 1075], [278, 1075], [279, 1075], [228, 1076], [229, 1076], [230, 1076], [277, 1076], [278, 1076], [228, 1077], [229, 1077], [230, 1077], [276, 1077], [277, 1077], [278, 1077], [227, 1078], [228, 1078], [229, 1078], [276, 1078], [277, 1078], [278, 1078], [227, 1079], [228, 1079], [229, 1079], [276, 1079], [277, 1079]




Yellow line left - [1671, 844], [1672, 844], [1673, 844], [1674, 844], [1675, 844], [1676, 844], [1671, 845], [1672, 845], [1673, 845], [1674, 845], [1675, 845], [1676, 845], [1677, 845], [1671, 846], [1672, 846], [1673, 846], [1675, 846], [1676, 846], [1677, 846], [1671, 847], [1672, 847], [1673, 847], [1674, 847], [1675, 847], [1676, 847], [1677, 847], [1672, 848], [1673, 848], [1674, 848], [1675, 848], [1676, 848], [1677, 848]




Yellow line right - [1714, 238], [1715, 238], [1716, 238], [1717, 238], [1718, 238], [1719, 238], [1720, 238], [1721, 238], [1722, 238], [1707, 239], [1708, 239], [1709, 239], [1710, 239], [1711, 239], [1712, 239], [1713, 239], [1714, 239], [1715, 239], [1716, 239], [1717, 239], [1718, 239], [1719, 239], [1720, 239], [1721, 239], [1722, 239], [1723, 239], [1724, 239], [1725, 239], [1695, 240], [1696, 240], [1697, 240], [1698, 240], [1699, 240], [1700, 240], [1701, 240], [1702, 240], [1703, 240], [1704, 240], [1705, 240], [1706, 240], [1707, 240], [1708, 240], [1709, 240], [1710, 240], [1711, 240], [1712, 240], [1713, 240], [1714, 240], [1715, 240], [1721, 240], [1722, 240], [1723, 240], [1724, 240], [1725, 240], [1677, 241], [1678, 241], [1679, 241], [1680, 241], [1683, 241], [1684, 241], [1685, 241], [1686, 241], [1687, 241], [1688, 241], [1689, 241], [1690, 241], [1691, 241], [1692, 241], [1693, 241], [1694, 241], [1695, 241], [1696, 241], [1697, 241], [1698, 241], [1699, 241], [1700, 241], [1701, 241], [1702, 241], [1703, 241], [1704, 241], [1705, 241], [1706, 241], [1707, 241], [1708, 241], [1723, 241], [1724, 241], [1725, 241], [1673, 242], [1674, 242], [1675, 242], [1676, 242], [1677, 242], [1678, 242], [1679, 242], [1680, 242], [1681, 242], [1682, 242], [1683, 242], [1684, 242], [1685, 242], [1686, 242], [1687, 242], [1688, 242], [1689, 242], [1690, 242], [1691, 242], [1692, 242], [1693, 242], [1694, 242], [1695, 242], [1696, 242], [1697, 242], [1698, 242], [1699, 242], [1722, 242], [1723, 242], [1724, 242], [1725, 242], [1669, 243], [1670, 243], [1671, 243], [1672, 243], [1673, 243], [1674, 243], [1675, 243], [1676, 243], [1677, 243], [1678, 243], [1679, 243], [1680, 243], [1681, 243], [1682, 243], [1683, 243], [1684, 243], [1722, 243], [1723, 243], [1724, 243], [1665, 244], [1666, 244], [1667, 244], [1668, 244], [1669, 244], [1670, 244], [1671, 244], [1672, 244], [1673, 244], [1674, 244], [1721, 244], [1722, 244], [1723, 244], [1661, 245], [1662, 245], [1663, 245], [1664, 245], [1665, 245], [1666, 245], [1667, 245], [1668, 245], [1669, 245], [1670, 245], [1721, 245], [1722, 245], [1723, 245], [1654, 246], [1655, 246], [1656, 246], [1657, 246], [1658, 246], [1659, 246], [1660, 246], [1661, 246], [1662, 246], [1663, 246], [1664, 246], [1665, 246], [1666, 246], [1721, 246], [1722, 246], [1638, 247], [1639, 247], [1640, 247], [1641, 247], [1642, 247], [1643, 247], [1644, 247], [1645, 247], [1646, 247], [1647, 247], [1648, 247], [1649, 247], [1650, 247], [1651, 247], [1652, 247], [1653, 247], [1654, 247], [1655, 247], [1656, 247], [1657, 247], [1658, 247], [1659, 247], [1660, 247], [1661, 247], [1662, 247], [1721, 247], [1722, 247], [1627, 248], [1628, 248], [1629, 248], [1630, 248], [1631, 248], [1632, 248], [1633, 248], [1634, 248], [1635, 248], [1636, 248], [1637, 248], [1638, 248], [1639, 248], [1640, 248], [1641, 248], [1642, 248], [1643, 248], [1644, 248], [1645, 248], [1646, 248], [1647, 248], [1648, 248], [1649, 248], [1650, 248], [1651, 248], [1652, 248], [1653, 248], [1654, 248], [1655, 248], [1721, 248], [1722, 248], [1623, 249], [1624, 249], [1625, 249], [1626, 249], [1627, 249], [1628, 249], [1629, 249], [1630, 249], [1631, 249], [1632, 249], [1633, 249], [1634, 249], [1635, 249], [1636, 249], [1637, 249], [1638, 249], [1639, 249], [1721, 249], [1722, 249], [1622, 250], [1623, 250], [1624, 250], [1625, 250], [1626, 250], [1627, 250], [1628, 250], [1721, 250], [1722, 250], [1620, 251], [1621, 251], [1622, 251], [1623, 251], [1624, 251], [1720, 251], [1721, 251], [1722, 251], [1618, 252], [1619, 252], [1620, 252], [1621, 252], [1622, 252], [1623, 252], [1720, 252], [1721, 252], [1722, 252], [1616, 253], [1617, 253], [1618, 253], [1619, 253], [1620, 253], [1621, 253], [1717, 253], [1718, 253], [1719, 253], [1720, 253], [1721, 253], [1616, 254], [1617, 254], [1618, 254], [1619, 254], [1714, 254], [1715, 254], [1716, 254], [1717, 254], [1718, 254], [1719, 254], [1720, 254], [1721, 254], [1615, 255], [1616, 255], [1617, 255], [1711, 255], [1712, 255], [1713, 255], [1714, 255], [1715, 255], [1716, 255], [1717, 255], [1718, 255], [1612, 256], [1613, 256], [1614, 256], [1615, 256], [1616, 256], [1617, 256], [1711, 256], [1712, 256], [1713, 256], [1714, 256], [1715, 256], [1609, 257], [1610, 257], [1611, 257], [1612, 257], [1613, 257], [1614, 257], [1615, 257], [1616, 257], [1711, 257], [1712, 257], [1713, 257], [1714, 257], [1715, 257], [1716, 257], [1717, 257], [1604, 258], [1605, 258], [1606, 258], [1607, 258], [1608, 258], [1609, 258], [1610, 258], [1611, 258], [1612, 258], [1613, 258], [1711, 258], [1712, 258], [1713, 258], [1714, 258], [1715, 258], [1716, 258], [1717, 258], [1718, 258], [1602, 259], [1603, 259], [1604, 259], [1605, 259], [1606, 259], [1607, 259], [1608, 259], [1609, 259], [1610, 259], [1715, 259], [1716, 259], [1717, 259], [1718, 259], [1599, 260], [1600, 260], [1601, 260], [1602, 260], [1603, 260], [1604, 260], [1605, 260], [1714, 260], [1715, 260], [1716, 260], [1717, 260], [1718, 260], [1599, 261], [1600, 261], [1601, 261], [1602, 261], [1603, 261], [1713, 261], [1714, 261], [1715, 261], [1716, 261], [1598, 262], [1599, 262], [1600, 262], [1712, 262], [1713, 262], [1714, 262], [1715, 262], [1598, 263], [1599, 263], [1600, 263], [1712, 263], [1713, 263], [1714, 263], [1715, 263], [1598, 264], [1599, 264], [1709, 264], [1710, 264], [1711, 264], [1712, 264], [1713, 264], [1714, 264], [1715, 264], [1598, 265], [1599, 265], [1709, 265], [1711, 265], [1712, 265], [1713, 265], [1714, 265], [1715, 265], [1598, 266], [1599, 266], [1600, 266], [1709, 266], [1710, 266], [1711, 266], [1712, 266], [1713, 266], [1714, 266], [1715, 266], [1598, 267], [1599, 267], [1600, 267], [1708, 267], [1709, 267], [1710, 267], [1711, 267], [1712, 267], [1713, 267], [1599, 268], [1600, 268], [1708, 268], [1709, 268], [1710, 268], [1599, 269], [1600, 269], [1708, 269], [1709, 269], [1710, 269], [1599, 270], [1600, 270], [1709, 270], [1710, 270], [1711, 270], [1712, 270], [1713, 270], [1599, 271], [1600, 271], [1705, 271], [1706, 271], [1707, 271], [1708, 271], [1709, 271], [1710, 271], [1713, 271], [1598, 272], [1599, 272], [1600, 272], [1705, 272], [1706, 272], [1707, 272], [1708, 272], [1709, 272], [1710, 272], [1711, 272], [1712, 272], [1713, 272], [1596, 273], [1597, 273], [1598, 273], [1599, 273], [1600, 273], [1705, 273], [1706, 273], [1708, 273], [1709, 273], [1710, 273], [1711, 273], [1712, 273], [1595, 274], [1596, 274], [1597, 274], [1598, 274], [1599, 274], [1703, 274], [1704, 274], [1705, 274], [1706, 274], [1707, 274], [1708, 274], [1709, 274], [1710, 274], [1711, 274], [1712, 274], [1713, 274], [1594, 275], [1595, 275], [1596, 275], [1597, 275], [1661, 275], [1662, 275], [1663, 275], [1664, 275], [1681, 275], [1682, 275], [1683, 275], [1684, 275], [1685, 275], [1686, 275], [1703, 275], [1705, 275], [1706, 275], [1707, 275], [1708, 275], [1709, 275], [1710, 275], [1711, 275], [1712, 275], [1713, 275], [1594, 276], [1595, 276], [1596, 276], [1655, 276], [1656, 276], [1657, 276], [1658, 276], [1659, 276], [1660, 276], [1661, 276], [1662, 276], [1663, 276], [1664, 276], [1665, 276], [1666, 276], [1669, 276], [1670, 276], [1671, 276], [1675, 276], [1676, 276], [1677, 276], [1678, 276], [1679, 276], [1680, 276], [1681, 276], [1682, 276], [1683, 276], [1684, 276], [1685, 276], [1686, 276], [1703, 276], [1704, 276], [1705, 276], [1712, 276], [1713, 276], [1714, 276], [1593, 277], [1594, 277], [1595, 277], [1655, 277], [1656, 277], [1657, 277], [1658, 277], [1659, 277], [1660, 277], [1661, 277], [1662, 277], [1663, 277], [1664, 277], [1665, 277], [1666, 277], [1667, 277], [1668, 277], [1669, 277], [1670, 277], [1671, 277], [1672, 277], [1673, 277], [1674, 277], [1675, 277], [1676, 277], [1677, 277], [1678, 277], [1679, 277], [1680, 277], [1681, 277], [1682, 277], [1683, 277], [1684, 277], [1685, 277], [1686, 277], [1687, 277], [1688, 277], [1689, 277], [1690, 277], [1691, 277], [1692, 277], [1693, 277], [1703, 277], [1704, 277], [1705, 277], [1706, 277], [1712, 277], [1713, 277], [1714, 277], [1715, 277], [1591, 278], [1592, 278], [1593, 278], [1594, 278], [1595, 278], [1654, 278], [1655, 278], [1656, 278], [1659, 278], [1660, 278], [1661, 278], [1662, 278], [1665, 278], [1666, 278], [1667, 278], [1668, 278], [1669, 278], [1670, 278], [1671, 278], [1672, 278], [1673, 278], [1674, 278], [1675, 278], [1676, 278], [1685, 278], [1686, 278], [1687, 278], [1688, 278], [1689, 278], [1690, 278], [1691, 278], [1692, 278], [1693, 278], [1694, 278], [1695, 278], [1696, 278], [1697, 278], [1698, 278], [1699, 278], [1700, 278], [1701, 278], [1702, 278], [1703, 278], [1704, 278], [1705, 278], [1706, 278], [1713, 278], [1714, 278], [1715, 278], [1588, 279], [1589, 279], [1590, 279], [1591, 279], [1592, 279], [1593, 279], [1594, 279], [1652, 279], [1653, 279], [1654, 279], [1655, 279], [1656, 279], [1692, 279], [1693, 279], [1694, 279], [1695, 279], [1696, 279], [1697, 279], [1698, 279], [1699, 279], [1700, 279], [1701, 279], [1702, 279], [1703, 279], [1704, 279], [1705, 279], [1706, 279], [1707, 279], [1714, 279], [1715, 279], [1588, 280], [1589, 280], [1590, 280], [1591, 280], [1592, 280], [1651, 280], [1652, 280], [1653, 280], [1654, 280], [1655, 280], [1702, 280], [1703, 280], [1704, 280], [1705, 280], [1706, 280], [1707, 280], [1714, 280], [1715, 280], [1587, 281], [1588, 281], [1589, 281], [1651, 281], [1652, 281], [1653, 281], [1703, 281], [1704, 281], [1705, 281], [1706, 281], [1707, 281], [1713, 281], [1714, 281], [1715, 281], [1579, 282], [1580, 282], [1581, 282], [1582, 282], [1583, 282], [1584, 282], [1585, 282], [1586, 282], [1587, 282], [1588, 282], [1589, 282], [1651, 282], [1652, 282], [1653, 282], [1702, 282], [1703, 282], [1704, 282], [1713, 282], [1714, 282], [1715, 282], [1575, 283], [1576, 283], [1577, 283], [1578, 283], [1579, 283], [1580, 283], [1581, 283], [1582, 283], [1583, 283], [1584, 283], [1585, 283], [1586, 283], [1587, 283], [1588, 283], [1651, 283], [1652, 283], [1653, 283], [1701, 283], [1702, 283], [1703, 283], [1704, 283], [1713, 283], [1714, 283], [1715, 283], [1573, 284], [1574, 284], [1575, 284], [1576, 284], [1577, 284], [1578, 284], [1579, 284], [1580, 284], [1650, 284], [1651, 284], [1652, 284], [1701, 284], [1702, 284], [1703, 284], [1713, 284], [1714, 284], [1715, 284], [1572, 285], [1573, 285], [1574, 285], [1575, 285], [1576, 285], [1649, 285], [1650, 285], [1651, 285], [1652, 285], [1701, 285], [1702, 285], [1703, 285], [1713, 285], [1714, 285], [1569, 286], [1570, 286], [1571, 286], [1572, 286], [1573, 286], [1574, 286], [1647, 286], [1648, 286], [1649, 286], [1650, 286], [1651, 286], [1701, 286], [1702, 286], [1703, 286], [1712, 286], [1713, 286], [1714, 286], [1568, 287], [1569, 287], [1570, 287], [1571, 287], [1572, 287], [1573, 287], [1647, 287], [1648, 287], [1649, 287], [1650, 287], [1699, 287], [1700, 287], [1701, 287], [1702, 287], [1703, 287], [1711, 287], [1712, 287], [1713, 287], [1714, 287], [1568, 288], [1569, 288], [1570, 288], [1641, 288], [1642, 288], [1643, 288], [1644, 288], [1645, 288], [1646, 288], [1647, 288], [1648, 288], [1697, 288], [1698, 288], [1699, 288], [1700, 288], [1701, 288], [1702, 288], [1708, 288], [1709, 288], [1710, 288], [1711, 288], [1712, 288], [1713, 288], [1568, 289], [1569, 289], [1630, 289], [1631, 289], [1632, 289], [1633, 289], [1634, 289], [1635, 289], [1636, 289], [1637, 289], [1638, 289], [1639, 289], [1640, 289], [1641, 289], [1642, 289], [1643, 289], [1644, 289], [1645, 289], [1646, 289], [1647, 289], [1648, 289], [1691, 289], [1692, 289], [1693, 289], [1694, 289], [1695, 289], [1696, 289], [1697, 289], [1698, 289], [1699, 289], [1700, 289], [1707, 289], [1708, 289], [1709, 289], [1710, 289], [1711, 289], [1712, 289], [1568, 290], [1569, 290], [1570, 290], [1630, 290], [1631, 290], [1632, 290], [1633, 290], [1634, 290], [1635, 290], [1636, 290], [1637, 290], [1638, 290], [1639, 290], [1640, 290], [1641, 290], [1642, 290], [1645, 290], [1646, 290], [1647, 290], [1686, 290], [1687, 290], [1688, 290], [1689, 290], [1690, 290], [1691, 290], [1692, 290], [1693, 290], [1694, 290], [1695, 290], [1696, 290], [1697, 290], [1698, 290], [1707, 290], [1708, 290], [1709, 290], [1568, 291], [1569, 291], [1570, 291], [1571, 291], [1630, 291], [1631, 291], [1632, 291], [1633, 291], [1634, 291], [1635, 291], [1636, 291], [1637, 291], [1680, 291], [1681, 291], [1682, 291], [1683, 291], [1684, 291], [1686, 291], [1687, 291], [1688, 291], [1689, 291], [1690, 291], [1691, 291], [1692, 291], [1707, 291], [1708, 291], [1709, 291], [1569, 292], [1570, 292], [1571, 292], [1572, 292], [1573, 292], [1631, 292], [1632, 292], [1633, 292], [1634, 292], [1635, 292], [1636, 292], [1637, 292], [1638, 292], [1639, 292], [1640, 292], [1678, 292], [1679, 292], [1680, 292], [1681, 292], [1682, 292], [1683, 292], [1684, 292], [1686, 292], [1687, 292], [1688, 292], [1689, 292], [1690, 292], [1691, 292], [1692, 292], [1693, 292], [1694, 292], [1707, 292], [1708, 292], [1709, 292], [1570, 293], [1571, 293], [1572, 293], [1573, 293], [1574, 293], [1636, 293], [1637, 293], [1638, 293], [1639, 293], [1640, 293], [1641, 293], [1642, 293], [1643, 293], [1678, 293], [1679, 293], [1680, 293], [1681, 293], [1683, 293], [1684, 293], [1688, 293], [1689, 293], [1690, 293], [1691, 293], [1692, 293], [1693, 293], [1694, 293], [1695, 293], [1708, 293], [1709, 293], [1572, 294], [1573, 294], [1574, 294], [1575, 294], [1576, 294], [1639, 294], [1640, 294], [1641, 294], [1642, 294], [1643, 294], [1644, 294], [1645, 294], [1646, 294], [1647, 294], [1648, 294], [1649, 294], [1678, 294], [1679, 294], [1680, 294], [1683, 294], [1684, 294], [1685, 294], [1691, 294], [1693, 294], [1694, 294], [1695, 294], [1708, 294], [1709, 294], [1749, 294], [1750, 294], [1751, 294], [1755, 294], [1756, 294], [1757, 294], [1758, 294], [1759, 294], [1760, 294], [1761, 294], [1762, 294], [1763, 294], [1764, 294], [1765, 294], [1766, 294], [1767, 294], [1768, 294], [1769, 294], [1573, 295], [1574, 295], [1575, 295], [1576, 295], [1577, 295], [1578, 295], [1642, 295], [1643, 295], [1644, 295], [1645, 295], [1646, 295], [1647, 295], [1648, 295], [1649, 295], [1650, 295], [1651, 295], [1652, 295], [1653, 295], [1678, 295], [1679, 295], [1680, 295], [1681, 295], [1682, 295], [1683, 295], [1684, 295], [1685, 295], [1690, 295], [1691, 295], [1692, 295], [1693, 295], [1694, 295], [1695, 295], [1708, 295], [1709, 295], [1710, 295], [1711, 295], [1747, 295], [1748, 295], [1749, 295], [1750, 295], [1751, 295], [1752, 295], [1753, 295], [1754, 295], [1755, 295], [1756, 295], [1757, 295], [1758, 295], [1759, 295], [1760, 295], [1761, 295], [1762, 295], [1763, 295], [1764, 295], [1765, 295], [1766, 295], [1767, 295], [1768, 295], [1769, 295], [1770, 295], [1771, 295], [1772, 295], [1773, 295], [1774, 295], [1775, 295], [1575, 296], [1576, 296], [1577, 296], [1578, 296], [1579, 296], [1580, 296], [1581, 296], [1646, 296], [1647, 296], [1648, 296], [1649, 296], [1650, 296], [1651, 296], [1652, 296], [1653, 296], [1654, 296], [1664, 296], [1665, 296], [1666, 296], [1667, 296], [1668, 296], [1679, 296], [1680, 296], [1681, 296], [1682, 296], [1683, 296], [1684, 296], [1685, 296], [1690, 296], [1691, 296], [1692, 296], [1693, 296], [1694, 296], [1695, 296], [1708, 296], [1709, 296], [1710, 296], [1711, 296], [1712, 296], [1713, 296], [1744, 296], [1745, 296], [1746, 296], [1747, 296], [1748, 296], [1749, 296], [1750, 296], [1751, 296], [1752, 296], [1753, 296], [1754, 296], [1755, 296], [1756, 296], [1757, 296], [1758, 296], [1759, 296], [1768, 296], [1769, 296], [1770, 296], [1771, 296], [1772, 296], [1773, 296], [1774, 296], [1775, 296], [1776, 296], [1777, 296], [1778, 296], [1779, 296], [1780, 296], [1781, 296], [1782, 296], [1783, 296], [1577, 297], [1578, 297], [1579, 297], [1580, 297], [1581, 297], [1582, 297], [1583, 297], [1584, 297], [1585, 297], [1586, 297], [1587, 297], [1652, 297], [1653, 297], [1654, 297], [1655, 297], [1664, 297], [1665, 297], [1667, 297], [1668, 297], [1690, 297], [1691, 297], [1710, 297], [1711, 297], [1712, 297], [1713, 297], [1714, 297], [1715, 297], [1716, 297], [1717, 297], [1742, 297], [1743, 297], [1744, 297], [1745, 297], [1746, 297], [1747, 297], [1748, 297], [1774, 297], [1775, 297], [1776, 297], [1777, 297], [1778, 297], [1779, 297], [1780, 297], [1781, 297], [1782, 297], [1783, 297], [1784, 297], [1785, 297], [1786, 297], [1787, 297], [1788, 297], [1580, 298], [1581, 298], [1582, 298], [1583, 298], [1584, 298], [1585, 298], [1586, 298], [1587, 298], [1588, 298], [1589, 298], [1590, 298], [1591, 298], [1592, 298], [1593, 298], [1653, 298], [1654, 298], [1655, 298], [1656, 298], [1657, 298], [1658, 298], [1664, 298], [1665, 298], [1666, 298], [1667, 298], [1668, 298], [1690, 298], [1691, 298], [1692, 298], [1712, 298], [1713, 298], [1714, 298], [1715, 298], [1716, 298], [1717, 298], [1718, 298], [1719, 298], [1720, 298], [1721, 298], [1722, 298], [1723, 298], [1724, 298], [1725, 298], [1726, 298], [1727, 298], [1728, 298], [1729, 298], [1730, 298], [1731, 298], [1732, 298], [1733, 298], [1734, 298], [1735, 298], [1736, 298], [1737, 298], [1738, 298], [1739, 298], [1740, 298], [1741, 298], [1742, 298], [1743, 298], [1744, 298], [1745, 298], [1782, 298], [1783, 298], [1784, 298], [1785, 298], [1786, 298], [1787, 298], [1788, 298], [1789, 298], [1790, 298], [1791, 298], [1792, 298], [1793, 298], [1586, 299], [1587, 299], [1588, 299], [1589, 299], [1590, 299], [1591, 299], [1592, 299], [1593, 299], [1594, 299], [1595, 299], [1596, 299], [1597, 299], [1654, 299], [1655, 299], [1656, 299], [1657, 299], [1658, 299], [1659, 299], [1660, 299], [1690, 299], [1691, 299], [1692, 299], [1693, 299], [1716, 299], [1717, 299], [1718, 299], [1719, 299], [1720, 299], [1721, 299], [1722, 299], [1723, 299], [1724, 299], [1725, 299], [1726, 299], [1727, 299], [1728, 299], [1729, 299], [1730, 299], [1731, 299], [1732, 299], [1733, 299], [1734, 299], [1735, 299], [1736, 299], [1737, 299], [1738, 299], [1739, 299], [1740, 299], [1741, 299], [1742, 299], [1743, 299], [1787, 299], [1788, 299], [1789, 299], [1790, 299], [1791, 299], [1792, 299], [1793, 299], [1794, 299], [1795, 299], [1796, 299], [1797, 299], [1798, 299], [1592, 300], [1593, 300], [1594, 300], [1595, 300], [1596, 300], [1597, 300], [1598, 300], [1599, 300], [1600, 300], [1657, 300], [1658, 300], [1659, 300], [1660, 300], [1661, 300], [1662, 300], [1663, 300], [1669, 300], [1670, 300], [1671, 300], [1672, 300], [1673, 300], [1675, 300], [1676, 300], [1677, 300], [1678, 300], [1679, 300], [1680, 300], [1691, 300], [1692, 300], [1693, 300], [1737, 300], [1738, 300], [1739, 300], [1792, 300], [1793, 300], [1794, 300], [1795, 300], [1796, 300], [1797, 300], [1798, 300], [1799, 300], [1596, 301], [1597, 301], [1598, 301], [1599, 301], [1600, 301], [1601, 301], [1602, 301], [1659, 301], [1660, 301], [1661, 301], [1662, 301], [1663, 301], [1664, 301], [1665, 301], [1666, 301], [1667, 301], [1668, 301], [1669, 301], [1670, 301], [1671, 301], [1672, 301], [1673, 301], [1674, 301], [1675, 301], [1676, 301], [1677, 301], [1678, 301], [1679, 301], [1680, 301], [1681, 301], [1682, 301], [1683, 301], [1684, 301], [1685, 301], [1686, 301], [1687, 301], [1688, 301], [1689, 301], [1690, 301], [1691, 301], [1692, 301], [1693, 301], [1797, 301], [1798, 301], [1799, 301], [1800, 301], [1801, 301], [1599, 302], [1600, 302], [1601, 302], [1602, 302], [1603, 302], [1604, 302], [1605, 302], [1606, 302], [1662, 302], [1663, 302], [1664, 302], [1665, 302], [1666, 302], [1667, 302], [1668, 302], [1669, 302], [1670, 302], [1671, 302], [1672, 302], [1673, 302], [1674, 302], [1675, 302], [1676, 302], [1677, 302], [1678, 302], [1679, 302], [1680, 302], [1681, 302], [1682, 302], [1683, 302], [1684, 302], [1685, 302], [1686, 302], [1687, 302], [1688, 302], [1689, 302], [1690, 302], [1691, 302], [1692, 302], [1798, 302], [1799, 302], [1800, 302], [1801, 302], [1802, 302], [1803, 302], [1804, 302], [1817, 302], [1818, 302], [1819, 302], [1820, 302], [1821, 302], [1822, 302], [1823, 302], [1824, 302], [1601, 303], [1602, 303], [1603, 303], [1604, 303], [1605, 303], [1606, 303], [1607, 303], [1608, 303], [1609, 303], [1800, 303], [1801, 303], [1802, 303], [1803, 303], [1804, 303], [1805, 303], [1806, 303], [1807, 303], [1808, 303], [1809, 303], [1810, 303], [1811, 303], [1812, 303], [1813, 303], [1814, 303], [1815, 303], [1816, 303], [1817, 303], [1818, 303], [1819, 303], [1820, 303], [1821, 303], [1822, 303], [1823, 303], [1824, 303], [1605, 304], [1606, 304], [1607, 304], [1608, 304], [1609, 304], [1610, 304], [1611, 304], [1612, 304], [1803, 304], [1804, 304], [1805, 304], [1806, 304], [1807, 304], [1808, 304], [1809, 304], [1810, 304], [1811, 304], [1812, 304], [1813, 304], [1814, 304], [1815, 304], [1816, 304], [1817, 304], [1818, 304], [1608, 305], [1609, 305], [1610, 305], [1611, 305], [1612, 305], [1613, 305], [1614, 305], [1615, 305], [1616, 305], [1617, 305], [1618, 305], [1611, 306], [1612, 306], [1613, 306], [1614, 306], [1615, 306], [1616, 306], [1617, 306], [1618, 306], [1619, 306], [1620, 306], [1617, 307], [1618, 307], [1619, 307], [1620, 307], [1621, 307], [1622, 307], [1619, 308], [1620, 308], [1621, 308], [1622, 308], [1623, 308], [1624, 308], [1625, 308], [1621, 309], [1622, 309], [1623, 309], [1624, 309], [1625, 309], [1626, 309], [1627, 309], [1628, 309], [1624, 310], [1625, 310], [1626, 310], [1627, 310], [1628, 310], [1629, 310], [1630, 310], [1631, 310], [1627, 311], [1628, 311], [1629, 311], [1630, 311], [1631, 311], [1632, 311], [1633, 311], [1634, 311], [1635, 311], [1636, 311], [1637, 311], [1630, 312], [1631, 312], [1632, 312], [1633, 312], [1634, 312], [1635, 312], [1636, 312], [1637, 312], [1638, 312], [1639, 312], [1640, 312], [1636, 313], [1637, 313], [1638, 313], [1639, 313], [1640, 313], [1641, 313], [1642, 313], [1643, 313], [1644, 313], [1645, 313], [1646, 313], [1647, 313], [1639, 314], [1640, 314], [1641, 314], [1642, 314], [1643, 314], [1644, 314], [1645, 314], [1646, 314], [1647, 314], [1648, 314], [1649, 314], [1650, 314], [1646, 315], [1647, 315], [1648, 315], [1649, 315], [1650, 315], [1651, 315], [1652, 315], [1653, 315], [1654, 315], [1655, 315], [1649, 316], [1650, 316], [1651, 316], [1652, 316], [1653, 316], [1654, 316], [1655, 316], [1656, 316], [1657, 316], [1654, 317], [1655, 317], [1656, 317], [1657, 317], [1658, 317], [1656, 318], [1657, 318], [1658, 318], [1659, 318], [1660, 318], [1661, 318], [1662, 318], [1663, 318], [1664, 318], [1657, 319], [1658, 319], [1659, 319], [1660, 319], [1661, 319], [1662, 319], [1663, 319], [1664, 319], [1665, 319], [1666, 319], [1663, 320], [1664, 320], [1665, 320], [1666, 320], [1667, 320], [1668, 320], [1669, 320], [1670, 320], [1665, 321], [1666, 321], [1667, 321], [1668, 321], [1669, 321], [1670, 321], [1671, 321], [1672, 321], [1673, 321], [1674, 321], [1669, 322], [1670, 322], [1671, 322], [1672, 322], [1673, 322], [1674, 322], [1675, 322], [1676, 322], [1673, 323], [1674, 323], [1675, 323], [1676, 323], [1677, 323], [1678, 323], [1679, 323], [1680, 323], [1675, 324], [1676, 324], [1677, 324], [1678, 324], [1679, 324], [1680, 324], [1681, 324], [1682, 324], [1683, 324], [1679, 325], [1680, 325], [1681, 325], [1682, 325], [1683, 325], [1684, 325], [1685, 325], [1682, 326], [1683, 326], [1684, 326], [1685, 326], [1686, 326], [1687, 326], [1684, 327], [1685, 327], [1686, 327], [1687, 327], [1688, 327], [1689, 327], [1690, 327], [1686, 328], [1687, 328], [1688, 328], [1689, 328], [1690, 328], [1691, 328], [1692, 328], [1693, 328], [1689, 329], [1690, 329], [1691, 329], [1692, 329], [1693, 329], [1694, 329], [1695, 329], [1696, 329], [1697, 329], [1692, 330], [1693, 330], [1694, 330], [1695, 330], [1696, 330], [1697, 330], [1698, 330], [1699, 330], [1700, 330], [1701, 330], [1696, 331], [1697, 331], [1698, 331], [1699, 331], [1700, 331], [1701, 331], [1702, 331], [1703, 331], [1700, 332], [1701, 332], [1702, 332], [1703, 332], [1704, 332], [1705, 332], [1706, 332], [1702, 333], [1703, 333], [1704, 333], [1705, 333], [1706, 333], [1707, 333], [1708, 333], [1709, 333], [1710, 333], [1711, 333], [1712, 333], [1705, 334], [1706, 334], [1707, 334], [1708, 334], [1709, 334], [1710, 334], [1711, 334], [1712, 334], [1713, 334], [1714, 334], [1715, 334], [1716, 334], [1717, 334], [1718, 334], [1711, 335], [1712, 335], [1713, 335], [1714, 335], [1715, 335], [1716, 335], [1717, 335], [1718, 335], [1719, 335], [1720, 335], [1717, 336], [1718, 336], [1719, 336], [1720, 336], [1721, 336], [1722, 336], [1723, 336], [1719, 337], [1720, 337], [1721, 337], [1722, 337], [1723, 337], [1724, 337], [1725, 337], [1722, 338], [1723, 338], [1724, 338], [1725, 338], [1724, 339], [1725, 339], [1726, 339], [1727, 339], [1728, 339], [1724, 340], [1725, 340], [1726, 340], [1727, 340], [1728, 340], [1729, 340], [1730, 340], [1731, 340], [1732, 340], [1733, 340], [1727, 341], [1728, 341], [1729, 341], [1730, 341], [1731, 341], [1732, 341], [1733, 341], [1734, 341], [1735, 341], [1736, 341], [1732, 342], [1733, 342], [1734, 342], [1735, 342], [1736, 342], [1737, 342], [1738, 342], [1739, 342], [1740, 342], [1735, 343], [1736, 343], [1737, 343], [1738, 343], [1739, 343], [1740, 343], [1741, 343], [1742, 343], [1743, 343], [1744, 343], [1745, 343], [1739, 344], [1740, 344], [1741, 344], [1742, 344], [1743, 344], [1744, 344], [1745, 344], [1746, 344], [1747, 344], [1748, 344], [1749, 344], [1750, 344], [1744, 345], [1745, 345], [1746, 345], [1747, 345], [1748, 345], [1749, 345], [1750, 345], [1751, 345], [1752, 345], [1753, 345], [1749, 346], [1750, 346], [1751, 346], [1752, 346], [1753, 346], [1754, 346], [1755, 346], [1752, 347], [1753, 347], [1754, 347], [1755, 347], [1756, 347], [1757, 347], [1754, 348], [1755, 348], [1756, 348], [1757, 348], [1758, 348], [1759, 348], [1756, 349], [1757, 349], [1758, 349], [1759, 349], [1760, 349], [1758, 350], [1759, 350], [1760, 350], [1761, 350], [1759, 351], [1760, 351], [1761, 351], [1762, 351], [1763, 351], [1764, 351], [1765, 351], [1760, 352], [1761, 352], [1762, 352], [1763, 352], [1764, 352], [1765, 352], [1766, 352], [1767, 352], [1764, 353], [1765, 353], [1766, 353], [1767, 353], [1768, 353], [1769, 353], [1766, 354], [1767, 354], [1768, 354], [1769, 354], [1770, 354], [1771, 354], [1772, 354], [1773, 354], [1774, 354], [1775, 354], [1776, 354], [1777, 354], [1768, 355], [1769, 355], [1770, 355], [1771, 355], [1772, 355], [1773, 355], [1774, 355], [1775, 355], [1776, 355], [1777, 355], [1778, 355], [1779, 355], [1780, 355], [1776, 356], [1777, 356], [1778, 356], [1779, 356], [1780, 356], [1781, 356], [1782, 356], [1783, 356], [1779, 357], [1780, 357], [1781, 357], [1782, 357], [1783, 357], [1784, 357], [1785, 357], [1782, 358], [1783, 358], [1784, 358], [1785, 358], [1786, 358], [1787, 358], [1788, 358], [1784, 359], [1785, 359], [1786, 359], [1787, 359], [1788, 359], [1789, 359], [1790, 359], [1791, 359], [1792, 359], [1787, 360], [1788, 360], [1789, 360], [1790, 360], [1791, 360], [1792, 360], [1793, 360], [1794, 360], [1791, 361], [1792, 361], [1793, 361], [1794, 361], [1795, 361], [1796, 361], [1797, 361], [1798, 361], [1799, 361], [1800, 361], [1801, 361], [1793, 362], [1794, 362], [1795, 362], [1796, 362], [1797, 362], [1798, 362], [1799, 362], [1800, 362], [1801, 362], [1802, 362], [1803, 362], [1804, 362], [1800, 363], [1801, 363], [1802, 363], [1803, 363], [1804, 363], [1805, 363], [1806, 363], [1807, 363], [1803, 364], [1804, 364], [1805, 364], [1806, 364], [1807, 364], [1808, 364], [1809, 364], [1810, 364], [1811, 364], [1806, 365], [1807, 365], [1808, 365], [1809, 365], [1810, 365], [1811, 365], [1812, 365], [1810, 366], [1811, 366], [1812, 366], [1813, 366], [1811, 367], [1812, 367], [1813, 367], [1814, 367], [1815, 367], [1816, 367], [1812, 368], [1813, 368], [1814, 368], [1815, 368], [1816, 368], [1817, 368], [1818, 368], [1819, 368], [1815, 369], [1816, 369], [1817, 369], [1818, 369], [1819, 369], [1820, 369], [1821, 369], [1822, 369], [1823, 369], [1824, 369], [1818, 370], [1819, 370], [1820, 370], [1821, 370], [1822, 370], [1823, 370], [1824, 370]




White line right - [1463, 268], [1464, 268], [1465, 268], [1466, 268], [1467, 268], [1463, 269], [1464, 269], [1465, 269], [1466, 269], [1467, 269], [1468, 269], [1469, 269], [1460, 270], [1461, 270], [1466, 270], [1467, 270], [1468, 270], [1469, 270], [1470, 270], [1471, 270], [1472, 270], [1458, 271], [1459, 271], [1460, 271], [1461, 271], [1462, 271], [1463, 271], [1464, 271], [1468, 271], [1469, 271], [1470, 271], [1471, 271], [1472, 271], [1473, 271], [1474, 271], [1475, 271], [1460, 272], [1461, 272], [1462, 272], [1463, 272], [1464, 272], [1465, 272], [1466, 272], [1467, 272], [1471, 272], [1472, 272], [1473, 272], [1474, 272], [1475, 272], [1476, 272], [1477, 272], [1463, 273], [1464, 273], [1465, 273], [1466, 273], [1467, 273], [1468, 273], [1469, 273], [1470, 273], [1474, 273], [1475, 273], [1476, 273], [1477, 273], [1478, 273], [1479, 273], [1480, 273], [1466, 274], [1467, 274], [1468, 274], [1469, 274], [1470, 274], [1471, 274], [1472, 274], [1476, 274], [1477, 274], [1478, 274], [1479, 274], [1480, 274], [1481, 274], [1482, 274], [1483, 274], [1469, 275], [1470, 275], [1471, 275], [1472, 275], [1473, 275], [1474, 275], [1475, 275], [1479, 275], [1480, 275], [1481, 275], [1482, 275], [1483, 275], [1484, 275], [1485, 275], [1486, 275], [1471, 276], [1472, 276], [1473, 276], [1474, 276], [1475, 276], [1476, 276], [1477, 276], [1478, 276], [1482, 276], [1483, 276], [1484, 276], [1485, 276], [1486, 276], [1487, 276], [1488, 276], [1474, 277], [1475, 277], [1476, 277], [1477, 277], [1478, 277], [1479, 277], [1480, 277], [1481, 277], [1485, 277], [1486, 277], [1487, 277], [1488, 277], [1489, 277], [1490, 277], [1491, 277], [1477, 278], [1478, 278], [1479, 278], [1480, 278], [1481, 278], [1482, 278], [1483, 278], [1484, 278], [1487, 278], [1488, 278], [1489, 278], [1490, 278], [1491, 278], [1492, 278], [1493, 278], [1480, 279], [1481, 279], [1482, 279], [1483, 279], [1484, 279], [1485, 279], [1486, 279], [1490, 279], [1491, 279], [1492, 279], [1493, 279], [1494, 279], [1495, 279], [1483, 280], [1484, 280], [1485, 280], [1486, 280], [1487, 280], [1488, 280], [1489, 280], [1490, 280], [1492, 280], [1493, 280], [1494, 280], [1495, 280], [1496, 280], [1497, 280], [1498, 280], [1499, 280], [1485, 281], [1486, 281], [1487, 281], [1488, 281], [1489, 281], [1490, 281], [1491, 281], [1492, 281], [1494, 281], [1495, 281], [1496, 281], [1497, 281], [1498, 281], [1499, 281], [1500, 281], [1501, 281], [1502, 281], [1489, 282], [1490, 282], [1491, 282], [1492, 282], [1493, 282], [1498, 282], [1499, 282], [1500, 282], [1501, 282], [1502, 282], [1503, 282], [1504, 282], [1505, 282], [1491, 283], [1492, 283], [1493, 283], [1494, 283], [1495, 283], [1496, 283], [1501, 283], [1502, 283], [1503, 283], [1504, 283], [1505, 283], [1506, 283], [1507, 283], [1508, 283], [1492, 284], [1493, 284], [1494, 284], [1495, 284], [1496, 284], [1497, 284], [1498, 284], [1504, 284], [1505, 284], [1506, 284], [1507, 284], [1508, 284], [1509, 284], [1510, 284], [1511, 284], [1495, 285], [1496, 285], [1497, 285], [1498, 285], [1499, 285], [1500, 285], [1501, 285], [1507, 285], [1508, 285], [1509, 285], [1510, 285], [1511, 285], [1512, 285], [1513, 285], [1497, 286], [1498, 286], [1499, 286], [1500, 286], [1501, 286], [1502, 286], [1503, 286], [1504, 286], [1510, 286], [1511, 286], [1512, 286], [1513, 286], [1514, 286], [1515, 286], [1500, 287], [1501, 287], [1502, 287], [1503, 287], [1504, 287], [1505, 287], [1506, 287], [1507, 287], [1512, 287], [1513, 287], [1514, 287], [1515, 287], [1516, 287], [1517, 287], [1518, 287], [1503, 288], [1504, 288], [1505, 288], [1506, 288], [1507, 288], [1508, 288], [1509, 288], [1510, 288], [1514, 288], [1515, 288], [1516, 288], [1517, 288], [1518, 288], [1519, 288], [1520, 288], [1521, 288], [1506, 289], [1507, 289], [1508, 289], [1509, 289], [1510, 289], [1511, 289], [1512, 289], [1513, 289], [1517, 289], [1518, 289], [1519, 289], [1520, 289], [1521, 289], [1522, 289], [1523, 289], [1524, 289], [1509, 290], [1510, 290], [1511, 290], [1512, 290], [1513, 290], [1514, 290], [1515, 290], [1516, 290], [1520, 290], [1521, 290], [1522, 290], [1523, 290], [1524, 290], [1525, 290], [1526, 290], [1527, 290], [1528, 290], [1529, 290], [1512, 291], [1513, 291], [1514, 291], [1515, 291], [1516, 291], [1517, 291], [1518, 291], [1519, 291], [1523, 291], [1524, 291], [1525, 291], [1526, 291], [1527, 291], [1528, 291], [1529, 291], [1530, 291], [1531, 291], [1532, 291], [1515, 292], [1516, 292], [1517, 292], [1518, 292], [1519, 292], [1520, 292], [1521, 292], [1528, 292], [1529, 292], [1530, 292], [1531, 292], [1532, 292], [1533, 292], [1534, 292], [1535, 292], [1518, 293], [1519, 293], [1520, 293], [1521, 293], [1522, 293], [1523, 293], [1524, 293], [1525, 293], [1531, 293], [1532, 293], [1533, 293], [1534, 293], [1535, 293], [1536, 293], [1537, 293], [1520, 294], [1521, 294], [1522, 294], [1523, 294], [1524, 294], [1525, 294], [1526, 294], [1527, 294], [1528, 294], [1529, 294], [1534, 294], [1535, 294], [1536, 294], [1537, 294], [1538, 294], [1539, 294], [1540, 294], [1524, 295], [1525, 295], [1526, 295], [1527, 295], [1528, 295], [1529, 295], [1530, 295], [1531, 295], [1532, 295], [1533, 295], [1534, 295], [1536, 295], [1537, 295], [1538, 295], [1539, 295], [1540, 295], [1541, 295], [1542, 295], [1528, 296], [1529, 296], [1530, 296], [1531, 296], [1532, 296], [1533, 296], [1534, 296], [1535, 296], [1536, 296], [1539, 296], [1540, 296], [1541, 296], [1542, 296], [1543, 296], [1544, 296], [1545, 296], [1546, 296], [1533, 297], [1534, 297], [1535, 297], [1536, 297], [1537, 297], [1538, 297], [1541, 297], [1542, 297], [1543, 297], [1544, 297], [1545, 297], [1546, 297], [1547, 297], [1548, 297], [1549, 297], [1535, 298], [1536, 298], [1537, 298], [1538, 298], [1539, 298], [1540, 298], [1545, 298], [1546, 298], [1547, 298], [1548, 298], [1549, 298], [1550, 298], [1551, 298], [1537, 299], [1538, 299], [1539, 299], [1540, 299], [1541, 299], [1542, 299], [1543, 299], [1548, 299], [1549, 299], [1550, 299], [1551, 299], [1552, 299], [1553, 299], [1554, 299], [1539, 300], [1540, 300], [1541, 300], [1542, 300], [1543, 300], [1544, 300], [1545, 300], [1546, 300], [1550, 300], [1551, 300], [1552, 300], [1553, 300], [1554, 300], [1555, 300], [1556, 300], [1557, 300], [1558, 300], [1542, 301], [1543, 301], [1544, 301], [1545, 301], [1546, 301], [1547, 301], [1548, 301], [1549, 301], [1553, 301], [1554, 301], [1555, 301], [1556, 301], [1557, 301], [1558, 301], [1559, 301], [1560, 301], [1561, 301], [1562, 301], [1545, 302], [1546, 302], [1547, 302], [1548, 302], [1549, 302], [1550, 302], [1551, 302], [1552, 302], [1557, 302], [1558, 302], [1559, 302], [1560, 302], [1561, 302], [1562, 302], [1563, 302], [1564, 302], [1565, 302], [1548, 303], [1549, 303], [1550, 303], [1551, 303], [1552, 303], [1553, 303], [1554, 303], [1555, 303], [1561, 303], [1562, 303], [1563, 303], [1564, 303], [1565, 303], [1566, 303], [1567, 303], [1568, 303], [1551, 304], [1552, 304], [1553, 304], [1554, 304], [1555, 304], [1556, 304], [1557, 304], [1558, 304], [1559, 304], [1564, 304], [1565, 304], [1566, 304], [1567, 304], [1568, 304], [1569, 304], [1570, 304], [1571, 304], [1572, 304], [1554, 305], [1555, 305], [1556, 305], [1557, 305], [1558, 305], [1559, 305], [1560, 305], [1561, 305], [1567, 305], [1568, 305], [1569, 305], [1570, 305], [1571, 305], [1572, 305], [1573, 305], [1574, 305], [1558, 306], [1559, 306], [1560, 306], [1561, 306], [1562, 306], [1563, 306], [1564, 306], [1565, 306], [1571, 306], [1572, 306], [1573, 306], [1574, 306], [1575, 306], [1576, 306], [1577, 306], [1578, 306], [1560, 307], [1561, 307], [1562, 307], [1563, 307], [1564, 307], [1565, 307], [1566, 307], [1567, 307], [1568, 307], [1573, 307], [1574, 307], [1575, 307], [1576, 307], [1577, 307], [1578, 307], [1579, 307], [1580, 307], [1564, 308], [1565, 308], [1566, 308], [1567, 308], [1568, 308], [1569, 308], [1570, 308], [1571, 308], [1577, 308], [1578, 308], [1579, 308], [1580, 308], [1581, 308], [1582, 308], [1583, 308], [1584, 308], [1567, 309], [1568, 309], [1569, 309], [1570, 309], [1571, 309], [1572, 309], [1573, 309], [1579, 309], [1580, 309], [1581, 309], [1582, 309], [1583, 309], [1584, 309], [1585, 309], [1586, 309], [1570, 310], [1571, 310], [1572, 310], [1573, 310], [1574, 310], [1575, 310], [1576, 310], [1577, 310], [1583, 310], [1584, 310], [1585, 310], [1586, 310], [1587, 310], [1588, 310], [1589, 310], [1572, 311], [1573, 311], [1574, 311], [1575, 311], [1576, 311], [1577, 311], [1578, 311], [1579, 311], [1580, 311], [1581, 311], [1585, 311], [1586, 311], [1587, 311], [1588, 311], [1589, 311], [1590, 311], [1591, 311], [1576, 312], [1577, 312], [1578, 312], [1579, 312], [1580, 312], [1581, 312], [1582, 312], [1583, 312], [1584, 312], [1588, 312], [1589, 312], [1590, 312], [1591, 312], [1592, 312], [1593, 312], [1594, 312], [1580, 313], [1581, 313], [1582, 313], [1583, 313], [1584, 313], [1585, 313], [1586, 313], [1587, 313], [1590, 313], [1591, 313], [1592, 313], [1593, 313], [1594, 313], [1595, 313], [1596, 313], [1597, 313], [1583, 314], [1584, 314], [1585, 314], [1586, 314], [1587, 314], [1588, 314], [1589, 314], [1590, 314], [1591, 314], [1593, 314], [1594, 314], [1595, 314], [1596, 314], [1597, 314], [1598, 314], [1599, 314], [1600, 314], [1586, 315], [1587, 315], [1588, 315], [1589, 315], [1590, 315], [1591, 315], [1592, 315], [1593, 315], [1596, 315], [1597, 315], [1598, 315], [1599, 315], [1600, 315], [1601, 315], [1602, 315], [1603, 315], [1590, 316], [1591, 316], [1592, 316], [1593, 316], [1594, 316], [1595, 316], [1596, 316], [1599, 316], [1600, 316], [1601, 316], [1602, 316], [1603, 316], [1604, 316], [1605, 316], [1606, 316], [1607, 316], [1592, 317], [1593, 317], [1594, 317], [1595, 317], [1596, 317], [1597, 317], [1598, 317], [1599, 317], [1600, 317], [1602, 317], [1603, 317], [1604, 317], [1605, 317], [1606, 317], [1607, 317], [1608, 317], [1609, 317], [1595, 318], [1596, 318], [1597, 318], [1598, 318], [1599, 318], [1600, 318], [1601, 318], [1602, 318], [1606, 318], [1607, 318], [1608, 318], [1609, 318], [1610, 318], [1611, 318], [1599, 319], [1600, 319], [1601, 319], [1602, 319], [1603, 319], [1604, 319], [1605, 319], [1606, 319], [1608, 319], [1609, 319], [1610, 319], [1611, 319], [1612, 319], [1613, 319], [1601, 320], [1602, 320], [1603, 320], [1604, 320], [1605, 320], [1606, 320], [1607, 320], [1608, 320], [1610, 320], [1611, 320], [1612, 320], [1613, 320], [1614, 320], [1615, 320], [1616, 320], [1617, 320], [1605, 321], [1606, 321], [1607, 321], [1608, 321], [1609, 321], [1610, 321], [1611, 321], [1612, 321], [1613, 321], [1614, 321], [1615, 321], [1616, 321], [1617, 321], [1618, 321], [1619, 321], [1607, 322], [1608, 322], [1609, 322], [1610, 322], [1611, 322], [1612, 322], [1613, 322], [1614, 322], [1615, 322], [1616, 322], [1617, 322], [1618, 322], [1619, 322], [1620, 322], [1621, 322], [1612, 323], [1613, 323], [1614, 323], [1615, 323], [1616, 323], [1617, 323], [1619, 323], [1620, 323], [1621, 323], [1622, 323], [1623, 323], [1614, 324], [1615, 324], [1616, 324], [1617, 324], [1618, 324], [1619, 324], [1620, 324], [1621, 324], [1622, 324], [1623, 324], [1617, 325], [1618, 325], [1619, 325], [1620, 325], [1621, 325], [1622, 325], [1623, 325], [1630, 326], [1631, 326], [1632, 326], [1633, 326], [1630, 327], [1631, 327], [1632, 327], [1633, 327], [1634, 327], [1635, 327], [1636, 327], [1630, 328], [1631, 328], [1632, 328], [1633, 328], [1634, 328], [1635, 328], [1636, 328], [1637, 328], [1638, 328], [1639, 328], [1631, 329], [1632, 329], [1633, 329], [1634, 329], [1635, 329], [1637, 329], [1638, 329], [1639, 329], [1640, 329], [1641, 329], [1634, 330], [1635, 330], [1636, 330], [1637, 330], [1638, 330], [1639, 330], [1640, 330], [1641, 330], [1642, 330], [1643, 330], [1644, 330], [1645, 330], [1646, 330], [1636, 331], [1637, 331], [1638, 331], [1639, 331], [1640, 331], [1641, 331], [1642, 331], [1643, 331], [1644, 331], [1645, 331], [1646, 331], [1647, 331], [1648, 331], [1649, 331], [1650, 331], [1641, 332], [1642, 332], [1643, 332], [1644, 332], [1646, 332], [1647, 332], [1648, 332], [1649, 332], [1650, 332], [1651, 332], [1665, 332], [1666, 332], [1667, 332], [1668, 332], [1669, 332], [1670, 332], [1671, 332], [1672, 332], [1673, 332], [1674, 332], [1675, 332], [1676, 332], [1677, 332], [1678, 332], [1642, 333], [1643, 333], [1644, 333], [1645, 333], [1646, 333], [1647, 333], [1648, 333], [1649, 333], [1650, 333], [1651, 333], [1652, 333], [1653, 333], [1654, 333], [1655, 333], [1656, 333], [1665, 333], [1666, 333], [1667, 333], [1668, 333], [1669, 333], [1670, 333], [1671, 333], [1672, 333], [1673, 333], [1674, 333], [1675, 333], [1676, 333], [1677, 333], [1678, 333], [1679, 333], [1680, 333], [1644, 334], [1645, 334], [1646, 334], [1647, 334], [1648, 334], [1649, 334], [1650, 334], [1652, 334], [1653, 334], [1654, 334], [1655, 334], [1656, 334], [1657, 334], [1658, 334], [1659, 334], [1660, 334], [1661, 334], [1665, 334], [1666, 334], [1677, 334], [1678, 334], [1679, 334], [1680, 334], [1681, 334], [1647, 335], [1648, 335], [1649, 335], [1650, 335], [1651, 335], [1652, 335], [1653, 335], [1654, 335], [1655, 335], [1656, 335], [1657, 335], [1658, 335], [1659, 335], [1660, 335], [1661, 335], [1662, 335], [1663, 335], [1664, 335], [1665, 335], [1666, 335], [1667, 335], [1668, 335], [1669, 335], [1670, 335], [1671, 335], [1672, 335], [1673, 335], [1674, 335], [1675, 335], [1676, 335], [1677, 335], [1678, 335], [1679, 335], [1680, 335], [1681, 335], [1651, 336], [1652, 336], [1653, 336], [1654, 336], [1655, 336], [1656, 336], [1657, 336], [1660, 336], [1661, 336], [1662, 336], [1663, 336], [1664, 336], [1665, 336], [1666, 336], [1667, 336], [1668, 336], [1669, 336], [1670, 336], [1671, 336], [1672, 336], [1673, 336], [1674, 336], [1675, 336], [1676, 336], [1677, 336], [1678, 336], [1679, 336], [1680, 336], [1681, 336], [1653, 337], [1654, 337], [1655, 337], [1656, 337], [1657, 337], [1658, 337], [1659, 337], [1664, 337], [1665, 337], [1666, 337], [1667, 337], [1668, 337], [1669, 337], [1656, 338], [1657, 338], [1658, 338], [1659, 338], [1660, 338], [1661, 338], [1662, 338], [1663, 338], [1665, 338], [1666, 338], [1667, 338], [1668, 338], [1669, 338], [1670, 338], [1671, 338], [1672, 338], [1658, 339], [1659, 339], [1660, 339], [1661, 339], [1662, 339], [1663, 339], [1664, 339], [1665, 339], [1666, 339], [1668, 339], [1669, 339], [1670, 339], [1671, 339], [1672, 339], [1673, 339], [1674, 339], [1662, 340], [1663, 340], [1664, 340], [1665, 340], [1666, 340], [1667, 340], [1668, 340], [1671, 340], [1672, 340], [1673, 340], [1674, 340], [1675, 340], [1676, 340], [1677, 340], [1678, 340], [1665, 341], [1666, 341], [1667, 341], [1668, 341], [1669, 341], [1670, 341], [1671, 341], [1672, 341], [1673, 341], [1674, 341], [1675, 341], [1676, 341], [1677, 341], [1678, 341], [1679, 341], [1680, 341], [1667, 342], [1668, 342], [1669, 342], [1670, 342], [1671, 342], [1672, 342], [1673, 342], [1674, 342], [1675, 342], [1677, 342], [1678, 342], [1679, 342], [1680, 342], [1681, 342], [1682, 342], [1671, 343], [1672, 343], [1673, 343], [1674, 343], [1675, 343], [1676, 343], [1677, 343], [1678, 343], [1679, 343], [1680, 343], [1681, 343], [1682, 343], [1683, 343], [1674, 344], [1675, 344], [1676, 344], [1677, 344], [1678, 344], [1679, 344], [1680, 344], [1681, 344], [1682, 344], [1683, 344], [1684, 344], [1685, 344], [1686, 344], [1687, 344], [1677, 345], [1678, 345], [1679, 345], [1680, 345], [1681, 345], [1682, 345], [1683, 345], [1684, 345], [1685, 345], [1686, 345], [1687, 345], [1688, 345], [1689, 345], [1690, 345], [1682, 346], [1683, 346], [1684, 346], [1685, 346], [1686, 346], [1688, 346], [1689, 346], [1690, 346], [1691, 346], [1692, 346], [1693, 346], [1694, 346], [1684, 347], [1685, 347], [1686, 347], [1687, 347], [1688, 347], [1689, 347], [1691, 347], [1692, 347], [1693, 347], [1694, 347], [1695, 347], [1696, 347], [1687, 348], [1688, 348], [1689, 348], [1690, 348], [1691, 348], [1692, 348], [1693, 348], [1694, 348], [1695, 348], [1696, 348], [1697, 348], [1690, 349], [1691, 349], [1692, 349], [1693, 349], [1694, 349], [1695, 349], [1696, 349], [1697, 349], [1698, 349], [1699, 349], [1700, 349], [1701, 349], [1702, 349], [1703, 349], [1693, 350], [1694, 350], [1695, 350], [1696, 350], [1697, 350], [1698, 350], [1699, 350], [1700, 350], [1701, 350], [1702, 350], [1703, 350], [1704, 350], [1705, 350], [1706, 350], [1707, 350], [1708, 350], [1695, 351], [1696, 351], [1697, 351], [1698, 351], [1699, 351], [1700, 351], [1701, 351], [1702, 351], [1703, 351], [1704, 351], [1705, 351], [1706, 351], [1707, 351], [1708, 351], [1709, 351], [1710, 351], [1698, 352], [1699, 352], [1700, 352], [1701, 352], [1702, 352], [1703, 352], [1704, 352], [1705, 352], [1706, 352], [1708, 352], [1709, 352], [1710, 352], [1711, 352], [1712, 352], [1713, 352], [1714, 352], [1700, 353], [1701, 353], [1702, 353], [1703, 353], [1704, 353], [1705, 353], [1706, 353], [1707, 353], [1708, 353], [1709, 353], [1710, 353], [1711, 353], [1712, 353], [1713, 353], [1714, 353], [1715, 353], [1706, 354], [1707, 354], [1708, 354], [1709, 354], [1710, 354], [1711, 354], [1712, 354], [1713, 354], [1714, 354], [1715, 354], [1716, 354], [1717, 354], [1718, 354], [1719, 354], [1709, 355], [1710, 355], [1711, 355], [1712, 355], [1713, 355], [1714, 355], [1716, 355], [1717, 355], [1718, 355], [1719, 355], [1720, 355], [1713, 356], [1714, 356], [1715, 356], [1716, 356], [1717, 356], [1718, 356], [1719, 356], [1720, 356], [1721, 356], [1722, 356], [1723, 356], [1724, 356], [1715, 357], [1716, 357], [1717, 357], [1718, 357], [1719, 357], [1720, 357], [1721, 357], [1722, 357], [1723, 357], [1724, 357], [1725, 357], [1726, 357], [1727, 357], [1718, 358], [1719, 358], [1720, 358], [1721, 358], [1722, 358], [1723, 358], [1724, 358], [1725, 358], [1726, 358], [1727, 358], [1728, 358], [1729, 358], [1730, 358], [1721, 359], [1722, 359], [1723, 359], [1724, 359], [1725, 359], [1726, 359], [1727, 359], [1729, 359], [1730, 359], [1723, 360], [1724, 360], [1725, 360], [1726, 360], [1727, 360], [1728, 360], [1729, 360], [1730, 360], [1756, 368], [1757, 368], [1758, 368], [1756, 369], [1757, 369], [1758, 369], [1759, 369], [1760, 369], [1756, 370], [1757, 370], [1758, 370], [1759, 370], [1760, 370], [1762, 370], [1763, 370], [1764, 370], [1765, 370], [1756, 371], [1757, 371], [1758, 371], [1759, 371], [1760, 371], [1762, 371], [1763, 371], [1764, 371], [1765, 371], [1766, 371], [1767, 371], [1768, 371], [1762, 372], [1763, 372], [1764, 372], [1765, 372], [1766, 372], [1767, 372], [1768, 372], [1769, 372], [1762, 373], [1763, 373], [1764, 373], [1765, 373], [1766, 373], [1767, 373], [1768, 373], [1769, 373], [1766, 374], [1767, 374], [1768, 374], [1769, 374], [1784, 377], [1785, 377], [1786, 377], [1787, 377], [1788, 377], [1789, 377], [1790, 377], [1791, 377], [1784, 378], [1785, 378], [1786, 378], [1787, 378], [1788, 378], [1789, 378], [1790, 378], [1791, 378], [1792, 378], [1784, 379], [1785, 379], [1786, 379], [1787, 379], [1788, 379], [1790, 379], [1791, 379], [1792, 379], [1793, 379], [1784, 380], [1785, 380], [1786, 380], [1787, 380], [1788, 380], [1789, 380], [1790, 380], [1791, 380], [1792, 380], [1793, 380], [1787, 381], [1788, 381], [1789, 381], [1790, 381], [1791, 381], [1792, 381], [1793, 381], [1261, 388], [1259, 389], [1260, 389], [1261, 389], [1262, 389], [1260, 390], [1261, 390], [1262, 390], [1263, 390], [1264, 390], [1261, 391], [1262, 391], [1263, 391], [1264, 391], [1265, 391], [1259, 392], [1260, 392], [1261, 392], [1262, 392], [1263, 392], [1264, 392], [1265, 392], [1266, 392], [1252, 393], [1259, 393], [1260, 393], [1261, 393], [1262, 393], [1263, 393], [1264, 393], [1265, 393], [1266, 393], [1267, 393], [1251, 394], [1252, 394], [1253, 394], [1259, 394], [1260, 394], [1261, 394], [1262, 394], [1263, 394], [1265, 394], [1266, 394], [1267, 394], [1268, 394], [1251, 395], [1252, 395], [1253, 395], [1254, 395], [1259, 395], [1260, 395], [1261, 395], [1262, 395], [1263, 395], [1266, 395], [1267, 395], [1268, 395], [1269, 395], [1270, 395], [1252, 396], [1253, 396], [1254, 396], [1255, 396], [1267, 396], [1268, 396], [1269, 396], [1270, 396], [1271, 396], [1253, 397], [1254, 397], [1255, 397], [1256, 397], [1269, 397], [1270, 397], [1271, 397], [1272, 397], [1254, 398], [1255, 398], [1256, 398], [1257, 398], [1270, 398], [1271, 398], [1272, 398], [1273, 398], [1274, 398], [1255, 399], [1256, 399], [1257, 399], [1258, 399], [1271, 399], [1272, 399], [1273, 399], [1274, 399], [1275, 399], [1256, 400], [1257, 400], [1258, 400], [1259, 400], [1273, 400], [1274, 400], [1275, 400], [1239, 401], [1257, 401], [1258, 401], [1259, 401], [1260, 401], [1261, 401], [1274, 401], [1275, 401], [1276, 401], [1238, 402], [1239, 402], [1240, 402], [1258, 402], [1259, 402], [1260, 402], [1261, 402], [1273, 402], [1274, 402], [1275, 402], [1276, 402], [1238, 403], [1239, 403], [1240, 403], [1241, 403], [1242, 403], [1260, 403], [1261, 403], [1262, 403], [1270, 403], [1271, 403], [1272, 403], [1273, 403], [1274, 403], [1275, 403], [1276, 403], [1277, 403], [1239, 404], [1240, 404], [1241, 404], [1242, 404], [1243, 404], [1260, 404], [1261, 404], [1262, 404], [1263, 404], [1264, 404], [1270, 404], [1271, 404], [1273, 404], [1274, 404], [1275, 404], [1276, 404], [1277, 404], [1278, 404], [1279, 404], [1241, 405], [1242, 405], [1243, 405], [1244, 405], [1261, 405], [1262, 405], [1263, 405], [1264, 405], [1265, 405], [1270, 405], [1271, 405], [1272, 405], [1273, 405], [1274, 405], [1276, 405], [1277, 405], [1278, 405], [1279, 405], [1280, 405], [1242, 406], [1243, 406], [1244, 406], [1245, 406], [1263, 406], [1264, 406], [1265, 406], [1266, 406], [1273, 406], [1274, 406], [1275, 406], [1276, 406], [1277, 406], [1278, 406], [1279, 406], [1280, 406], [1281, 406], [1229, 407], [1230, 407], [1243, 407], [1244, 407], [1245, 407], [1246, 407], [1264, 407], [1265, 407], [1266, 407], [1267, 407], [1274, 407], [1275, 407], [1276, 407], [1277, 407], [1278, 407], [1279, 407], [1280, 407], [1281, 407], [1282, 407], [1228, 408], [1229, 408], [1230, 408], [1231, 408], [1244, 408], [1245, 408], [1246, 408], [1247, 408], [1265, 408], [1266, 408], [1267, 408], [1268, 408], [1275, 408], [1276, 408], [1277, 408], [1278, 408], [1279, 408], [1280, 408], [1281, 408], [1282, 408], [1283, 408], [1284, 408], [1229, 409], [1230, 409], [1231, 409], [1232, 409], [1245, 409], [1246, 409], [1247, 409], [1248, 409], [1266, 409], [1267, 409], [1268, 409], [1269, 409], [1271, 409], [1272, 409], [1273, 409], [1274, 409], [1281, 409], [1282, 409], [1283, 409], [1284, 409], [1230, 410], [1231, 410], [1232, 410], [1246, 410], [1247, 410], [1248, 410], [1249, 410], [1267, 410], [1268, 410], [1269, 410], [1270, 410], [1271, 410], [1272, 410], [1273, 410], [1274, 410], [1275, 410], [1276, 410], [1277, 410], [1283, 410], [1284, 410], [1285, 410], [1231, 411], [1232, 411], [1233, 411], [1234, 411], [1247, 411], [1248, 411], [1249, 411], [1250, 411], [1268, 411], [1269, 411], [1270, 411], [1271, 411], [1272, 411], [1273, 411], [1274, 411], [1275, 411], [1276, 411], [1277, 411], [1283, 411], [1284, 411], [1285, 411], [1231, 412], [1232, 412], [1233, 412], [1234, 412], [1235, 412], [1248, 412], [1249, 412], [1250, 412], [1251, 412], [1252, 412], [1270, 412], [1271, 412], [1272, 412], [1273, 412], [1275, 412], [1276, 412], [1277, 412], [1278, 412], [1284, 412], [1285, 412], [1233, 413], [1234, 413], [1235, 413], [1236, 413], [1249, 413], [1250, 413], [1251, 413], [1252, 413], [1253, 413], [1271, 413], [1272, 413], [1273, 413], [1274, 413], [1275, 413], [1276, 413], [1277, 413], [1278, 413], [1284, 413], [1285, 413], [1286, 413], [1287, 413], [1234, 414], [1235, 414], [1236, 414], [1251, 414], [1252, 414], [1253, 414], [1272, 414], [1273, 414], [1274, 414], [1275, 414], [1276, 414], [1277, 414], [1278, 414], [1284, 414], [1285, 414], [1286, 414], [1287, 414], [1235, 415], [1236, 415], [1237, 415], [1252, 415], [1253, 415], [1254, 415], [1273, 415], [1274, 415], [1275, 415], [1276, 415], [1286, 415], [1287, 415], [1288, 415], [1235, 416], [1236, 416], [1237, 416], [1238, 416], [1252, 416], [1253, 416], [1254, 416], [1255, 416], [1274, 416], [1275, 416], [1276, 416], [1277, 416], [1286, 416], [1287, 416], [1288, 416], [1289, 416], [1236, 417], [1237, 417], [1238, 417], [1239, 417], [1253, 417], [1254, 417], [1255, 417], [1256, 417], [1275, 417], [1276, 417], [1277, 417], [1278, 417], [1279, 417], [1287, 417], [1288, 417], [1289, 417], [1290, 417], [1237, 418], [1238, 418], [1239, 418], [1240, 418], [1241, 418], [1254, 418], [1255, 418], [1256, 418], [1257, 418], [1276, 418], [1277, 418], [1278, 418], [1279, 418], [1280, 418], [1288, 418], [1289, 418], [1290, 418], [1291, 418], [1238, 419], [1239, 419], [1240, 419], [1241, 419], [1242, 419], [1255, 419], [1256, 419], [1257, 419], [1258, 419], [1278, 419], [1279, 419], [1280, 419], [1289, 419], [1290, 419], [1291, 419], [1292, 419], [1293, 419], [1240, 420], [1241, 420], [1242, 420], [1243, 420], [1256, 420], [1257, 420], [1258, 420], [1259, 420], [1279, 420], [1280, 420], [1281, 420], [1282, 420], [1290, 420], [1291, 420], [1292, 420], [1293, 420], [1294, 420], [1295, 420], [1296, 420], [1297, 420], [1241, 421], [1242, 421], [1243, 421], [1244, 421], [1257, 421], [1258, 421], [1259, 421], [1260, 421], [1279, 421], [1280, 421], [1281, 421], [1282, 421], [1283, 421], [1284, 421], [1289, 421], [1290, 421], [1291, 421], [1292, 421], [1293, 421], [1294, 421], [1295, 421], [1296, 421], [1297, 421], [1298, 421], [1299, 421], [1300, 421], [1242, 422], [1243, 422], [1244, 422], [1245, 422], [1246, 422], [1258, 422], [1259, 422], [1260, 422], [1261, 422], [1281, 422], [1282, 422], [1283, 422], [1284, 422], [1285, 422], [1289, 422], [1290, 422], [1291, 422], [1292, 422], [1293, 422], [1294, 422], [1295, 422], [1297, 422], [1298, 422], [1299, 422], [1300, 422], [1301, 422], [1243, 423], [1244, 423], [1245, 423], [1246, 423], [1247, 423], [1259, 423], [1260, 423], [1261, 423], [1262, 423], [1283, 423], [1284, 423], [1285, 423], [1286, 423], [1289, 423], [1290, 423], [1292, 423], [1293, 423], [1294, 423], [1295, 423], [1296, 423], [1297, 423], [1298, 423], [1300, 423], [1301, 423], [1302, 423], [1245, 424], [1246, 424], [1247, 424], [1248, 424], [1260, 424], [1261, 424], [1262, 424], [1263, 424], [1284, 424], [1285, 424], [1286, 424], [1287, 424], [1289, 424], [1290, 424], [1291, 424], [1292, 424], [1293, 424], [1295, 424], [1296, 424], [1297, 424], [1298, 424], [1299, 424], [1300, 424], [1301, 424], [1302, 424], [1303, 424], [1246, 425], [1247, 425], [1248, 425], [1249, 425], [1261, 425], [1262, 425], [1263, 425], [1264, 425], [1285, 425], [1286, 425], [1287, 425], [1288, 425], [1289, 425], [1290, 425], [1291, 425], [1292, 425], [1293, 425], [1294, 425], [1295, 425], [1296, 425], [1297, 425], [1298, 425], [1299, 425], [1301, 425], [1302, 425], [1303, 425], [1304, 425], [1247, 426], [1248, 426], [1249, 426], [1250, 426], [1262, 426], [1263, 426], [1264, 426], [1265, 426], [1286, 426], [1287, 426], [1288, 426], [1289, 426], [1292, 426], [1293, 426], [1294, 426], [1295, 426], [1296, 426], [1297, 426], [1298, 426], [1299, 426], [1302, 426], [1303, 426], [1304, 426], [1305, 426], [1248, 427], [1249, 427], [1250, 427], [1263, 427], [1264, 427], [1265, 427], [1266, 427], [1287, 427], [1288, 427], [1289, 427], [1290, 427], [1293, 427], [1294, 427], [1295, 427], [1296, 427], [1297, 427], [1298, 427], [1299, 427], [1300, 427], [1301, 427], [1303, 427], [1304, 427], [1305, 427], [1306, 427], [1249, 428], [1250, 428], [1251, 428], [1252, 428], [1264, 428], [1265, 428], [1266, 428], [1288, 428], [1289, 428], [1290, 428], [1291, 428], [1294, 428], [1295, 428], [1296, 428], [1298, 428], [1299, 428], [1300, 428], [1301, 428], [1304, 428], [1305, 428], [1306, 428], [1249, 429], [1250, 429], [1251, 429], [1252, 429], [1253, 429], [1265, 429], [1266, 429], [1267, 429], [1289, 429], [1290, 429], [1291, 429], [1292, 429], [1293, 429], [1295, 429], [1296, 429], [1297, 429], [1298, 429], [1300, 429], [1301, 429], [1304, 429], [1305, 429], [1306, 429], [1251, 430], [1252, 430], [1253, 430], [1254, 430], [1265, 430], [1266, 430], [1267, 430], [1268, 430], [1269, 430], [1290, 430], [1291, 430], [1292, 430], [1293, 430], [1294, 430], [1295, 430], [1296, 430], [1297, 430], [1298, 430], [1299, 430], [1300, 430], [1301, 430], [1302, 430], [1303, 430], [1304, 430], [1305, 430], [1306, 430], [1252, 431], [1253, 431], [1254, 431], [1255, 431], [1266, 431], [1267, 431], [1268, 431], [1269, 431], [1270, 431], [1271, 431], [1272, 431], [1273, 431], [1292, 431], [1293, 431], [1294, 431], [1295, 431], [1296, 431], [1297, 431], [1298, 431], [1299, 431], [1300, 431], [1301, 431], [1302, 431], [1303, 431], [1304, 431], [1305, 431], [1306, 431], [1307, 431], [1253, 432], [1254, 432], [1255, 432], [1256, 432], [1268, 432], [1269, 432], [1270, 432], [1271, 432], [1272, 432], [1273, 432], [1274, 432], [1275, 432], [1276, 432], [1293, 432], [1294, 432], [1295, 432], [1296, 432], [1297, 432], [1300, 432], [1301, 432], [1302, 432], [1303, 432], [1304, 432], [1305, 432], [1306, 432], [1307, 432], [1254, 433], [1255, 433], [1256, 433], [1257, 433], [1272, 433], [1273, 433], [1274, 433], [1275, 433], [1276, 433], [1277, 433], [1278, 433], [1295, 433], [1296, 433], [1297, 433], [1298, 433], [1300, 433], [1301, 433], [1302, 433], [1303, 433], [1304, 433], [1305, 433], [1306, 433], [1307, 433], [1255, 434], [1256, 434], [1257, 434], [1258, 434], [1264, 434], [1265, 434], [1266, 434], [1270, 434], [1271, 434], [1272, 434], [1275, 434], [1276, 434], [1277, 434], [1278, 434], [1279, 434], [1280, 434], [1296, 434], [1297, 434], [1298, 434], [1299, 434], [1300, 434], [1301, 434], [1302, 434], [1303, 434], [1304, 434], [1256, 435], [1257, 435], [1258, 435], [1264, 435], [1265, 435], [1266, 435], [1267, 435], [1269, 435], [1270, 435], [1271, 435], [1272, 435], [1273, 435], [1277, 435], [1278, 435], [1279, 435], [1280, 435], [1281, 435], [1297, 435], [1298, 435], [1299, 435], [1300, 435], [1301, 435], [1302, 435], [1303, 435], [1304, 435], [1305, 435], [1257, 436], [1258, 436], [1259, 436], [1260, 436], [1264, 436], [1265, 436], [1266, 436], [1267, 436], [1269, 436], [1270, 436], [1271, 436], [1272, 436], [1273, 436], [1274, 436], [1279, 436], [1280, 436], [1281, 436], [1300, 436], [1301, 436], [1302, 436], [1303, 436], [1304, 436], [1305, 436], [1257, 437], [1258, 437], [1259, 437], [1260, 437], [1261, 437], [1264, 437], [1265, 437], [1266, 437], [1267, 437], [1269, 437], [1270, 437], [1271, 437], [1272, 437], [1273, 437], [1274, 437], [1275, 437], [1279, 437], [1280, 437], [1281, 437], [1300, 437], [1301, 437], [1302, 437], [1304, 437], [1305, 437], [1306, 437], [1307, 437], [1308, 437], [1259, 438], [1260, 438], [1261, 438], [1262, 438], [1263, 438], [1264, 438], [1270, 438], [1271, 438], [1272, 438], [1274, 438], [1275, 438], [1276, 438], [1277, 438], [1278, 438], [1279, 438], [1280, 438], [1281, 438], [1300, 438], [1301, 438], [1302, 438], [1303, 438], [1304, 438], [1305, 438], [1306, 438], [1307, 438], [1308, 438], [1260, 439], [1261, 439], [1262, 439], [1263, 439], [1264, 439], [1270, 439], [1271, 439], [1272, 439], [1273, 439], [1274, 439], [1276, 439], [1277, 439], [1278, 439], [1279, 439], [1280, 439], [1301, 439], [1302, 439], [1303, 439], [1304, 439], [1307, 439], [1308, 439], [1309, 439], [1310, 439], [1263, 440], [1264, 440], [1265, 440], [1272, 440], [1273, 440], [1275, 440], [1276, 440], [1302, 440], [1303, 440], [1304, 440], [1305, 440], [1307, 440], [1308, 440], [1309, 440], [1310, 440], [1311, 440], [1263, 441], [1264, 441], [1265, 441], [1266, 441], [1271, 441], [1272, 441], [1273, 441], [1274, 441], [1275, 441], [1276, 441], [1303, 441], [1304, 441], [1305, 441], [1306, 441], [1309, 441], [1310, 441], [1311, 441], [1318, 441], [1319, 441], [1320, 441], [1321, 441], [1322, 441], [1264, 442], [1265, 442], [1266, 442], [1271, 442], [1272, 442], [1273, 442], [1304, 442], [1305, 442], [1306, 442], [1307, 442], [1308, 442], [1310, 442], [1311, 442], [1318, 442], [1319, 442], [1320, 442], [1321, 442], [1322, 442], [1323, 442], [1265, 443], [1266, 443], [1267, 443], [1268, 443], [1269, 443], [1270, 443], [1271, 443], [1272, 443], [1305, 443], [1306, 443], [1307, 443], [1308, 443], [1309, 443], [1310, 443], [1311, 443], [1312, 443], [1318, 443], [1319, 443], [1320, 443], [1321, 443], [1322, 443], [1323, 443], [1324, 443], [1325, 443], [1265, 444], [1266, 444], [1267, 444], [1268, 444], [1269, 444], [1270, 444], [1271, 444], [1272, 444], [1307, 444], [1308, 444], [1309, 444], [1311, 444], [1312, 444], [1318, 444], [1319, 444], [1320, 444], [1322, 444], [1323, 444], [1324, 444], [1325, 444], [1326, 444], [1327, 444], [1266, 445], [1267, 445], [1268, 445], [1269, 445], [1270, 445], [1271, 445], [1308, 445], [1309, 445], [1310, 445], [1311, 445], [1312, 445], [1313, 445], [1314, 445], [1315, 445], [1316, 445], [1317, 445], [1318, 445], [1319, 445], [1320, 445], [1324, 445], [1325, 445], [1326, 445], [1327, 445], [1309, 446], [1310, 446], [1311, 446], [1312, 446], [1313, 446], [1314, 446], [1315, 446], [1316, 446], [1317, 446], [1318, 446], [1319, 446], [1322, 446], [1323, 446], [1324, 446], [1326, 446], [1327, 446], [1310, 447], [1311, 447], [1312, 447], [1313, 447], [1314, 447], [1315, 447], [1317, 447], [1318, 447], [1319, 447], [1320, 447], [1321, 447], [1322, 447], [1323, 447], [1324, 447], [1325, 447], [1326, 447], [1327, 447], [1328, 447], [1329, 447], [1330, 447], [1286, 448], [1287, 448], [1288, 448], [1289, 448], [1311, 448], [1312, 448], [1313, 448], [1314, 448], [1315, 448], [1317, 448], [1318, 448], [1319, 448], [1320, 448], [1321, 448], [1322, 448], [1323, 448], [1324, 448], [1325, 448], [1326, 448], [1327, 448], [1328, 448], [1329, 448], [1330, 448], [1285, 449], [1286, 449], [1287, 449], [1288, 449], [1289, 449], [1290, 449], [1291, 449], [1313, 449], [1314, 449], [1315, 449], [1316, 449], [1317, 449], [1318, 449], [1319, 449], [1320, 449], [1321, 449], [1322, 449], [1323, 449], [1324, 449], [1325, 449], [1326, 449], [1327, 449], [1328, 449], [1329, 449], [1330, 449], [1283, 450], [1284, 450], [1285, 450], [1286, 450], [1287, 450], [1288, 450], [1289, 450], [1290, 450], [1291, 450], [1314, 450], [1315, 450], [1316, 450], [1318, 450], [1319, 450], [1320, 450], [1321, 450], [1322, 450], [1323, 450], [1283, 451], [1284, 451], [1286, 451], [1287, 451], [1290, 451], [1291, 451], [1292, 451], [1315, 451], [1316, 451], [1317, 451], [1318, 451], [1321, 451], [1322, 451], [1283, 452], [1284, 452], [1285, 452], [1286, 452], [1287, 452], [1290, 452], [1291, 452], [1292, 452], [1316, 452], [1317, 452], [1318, 452], [1319, 452], [1320, 452], [1321, 452], [1322, 452], [1285, 453], [1286, 453], [1287, 453], [1288, 453], [1289, 453], [1290, 453], [1291, 453], [1292, 453], [1317, 453], [1318, 453], [1319, 453], [1320, 453], [1321, 453], [1322, 453], [1286, 454], [1287, 454], [1288, 454], [1289, 454], [1290, 454], [1291, 454], [1318, 454], [1319, 454], [1320, 454], [1321, 454], [1322, 454], [1287, 455], [1288, 455], [1289, 455], [1319, 455], [1320, 455], [1321, 455], [1322, 455], [1280, 457], [1281, 457], [1282, 457], [1283, 457], [1280, 458], [1281, 458], [1282, 458], [1283, 458], [1280, 459], [1281, 459], [1282, 459], [1283, 459]


