White line left - [442, 874], [443, 874], [440, 875], [441, 875], [442, 875], [440, 876], [441, 876], [442, 876], [439, 877], [440, 877], [441, 877], [439, 878], [440, 878], [441, 878], [438, 879], [439, 879], [440, 879], [438, 880], [439, 880], [440, 880], [437, 881], [438, 881], [439, 881], [437, 882], [438, 882], [439, 882], [436, 883], [437, 883], [438, 883], [435, 884], [436, 884], [437, 884], [438, 884], [434, 885], [435, 885], [436, 885], [437, 885], [434, 886], [435, 886], [436, 886], [434, 887], [435, 887], [433, 888], [434, 888], [435, 888], [433, 889], [434, 889], [435, 889], [432, 890], [433, 890], [434, 890], [431, 891], [432, 891], [433, 891], [434, 891], [431, 892], [432, 892], [433, 892], [430, 893], [431, 893], [432, 893], [430, 894], [431, 894], [432, 894], [429, 895], [430, 895], [431, 895], [428, 896], [429, 896], [430, 896], [431, 896], [428, 897], [429, 897], [430, 897], [427, 898], [428, 898], [429, 898], [426, 899], [427, 899], [428, 899], [429, 899], [425, 900], [426, 900], [427, 900], [428, 900], [425, 901], [426, 901], [427, 901], [424, 902], [425, 902], [426, 902], [424, 903], [425, 903], [426, 903], [423, 904], [424, 904], [425, 904], [423, 905], [424, 905], [425, 905], [422, 906], [423, 906], [424, 906], [421, 907], [422, 907], [423, 907], [424, 907], [421, 908], [422, 908], [423, 908], [383, 909], [420, 909], [421, 909], [422, 909], [381, 910], [382, 910], [420, 910], [421, 910], [422, 910], [380, 911], [381, 911], [420, 911], [421, 911], [379, 912], [380, 912], [381, 912], [419, 912], [420, 912], [421, 912], [378, 913], [379, 913], [380, 913], [419, 913], [420, 913], [421, 913], [377, 914], [378, 914], [379, 914], [380, 914], [418, 914], [419, 914], [420, 914], [377, 915], [378, 915], [379, 915], [418, 915], [419, 915], [420, 915], [376, 916], [377, 916], [378, 916], [417, 916], [418, 916], [419, 916], [376, 917], [377, 917], [378, 917], [417, 917], [418, 917], [419, 917], [375, 918], [376, 918], [377, 918], [416, 918], [417, 918], [418, 918], [375, 919], [376, 919], [377, 919], [416, 919], [417, 919], [418, 919], [374, 920], [375, 920], [376, 920], [415, 920], [416, 920], [417, 920], [374, 921], [375, 921], [376, 921], [415, 921], [416, 921], [417, 921], [373, 922], [374, 922], [375, 922], [414, 922], [415, 922], [416, 922], [372, 923], [373, 923], [374, 923], [375, 923], [414, 923], [415, 923], [416, 923], [372, 924], [373, 924], [374, 924], [413, 924], [414, 924], [415, 924], [371, 925], [372, 925], [373, 925], [413, 925], [414, 925], [415, 925], [371, 926], [372, 926], [373, 926], [412, 926], [413, 926], [414, 926], [370, 927], [371, 927], [372, 927], [411, 927], [412, 927], [413, 927], [414, 927], [370, 928], [371, 928], [372, 928], [411, 928], [412, 928], [413, 928], [369, 929], [370, 929], [371, 929], [410, 929], [411, 929], [412, 929], [369, 930], [370, 930], [371, 930], [409, 930], [410, 930], [411, 930], [412, 930], [369, 931], [370, 931], [409, 931], [410, 931], [411, 931], [368, 932], [369, 932], [370, 932], [408, 932], [409, 932], [410, 932], [367, 933], [368, 933], [369, 933], [370, 933], [408, 933], [409, 933], [410, 933], [367, 934], [368, 934], [369, 934], [407, 934], [408, 934], [409, 934], [366, 935], [367, 935], [368, 935], [407, 935], [408, 935], [409, 935], [366, 936], [367, 936], [368, 936], [406, 936], [407, 936], [408, 936], [365, 937], [366, 937], [367, 937], [406, 937], [407, 937], [408, 937], [365, 938], [366, 938], [367, 938], [405, 938], [406, 938], [407, 938], [364, 939], [365, 939], [366, 939], [404, 939], [405, 939], [406, 939], [407, 939], [364, 940], [365, 940], [366, 940], [404, 940], [405, 940], [406, 940], [362, 941], [363, 941], [364, 941], [365, 941], [404, 941], [405, 941], [362, 942], [363, 942], [364, 942], [365, 942], [404, 942], [405, 942], [361, 943], [362, 943], [363, 943], [403, 943], [404, 943], [405, 943], [360, 944], [361, 944], [362, 944], [363, 944], [402, 944], [403, 944], [404, 944], [405, 944], [360, 945], [361, 945], [362, 945], [402, 945], [403, 945], [404, 945], [359, 946], [360, 946], [361, 946], [402, 946], [403, 946], [358, 947], [359, 947], [360, 947], [361, 947], [401, 947], [402, 947], [403, 947], [358, 948], [359, 948], [360, 948], [401, 948], [402, 948], [403, 948], [357, 949], [358, 949], [359, 949], [400, 949], [401, 949], [402, 949], [356, 950], [357, 950], [358, 950], [359, 950], [400, 950], [401, 950], [402, 950], [356, 951], [357, 951], [358, 951], [399, 951], [400, 951], [401, 951], [355, 952], [356, 952], [357, 952], [399, 952], [400, 952], [401, 952], [355, 953], [356, 953], [357, 953], [398, 953], [399, 953], [400, 953], [354, 954], [355, 954], [356, 954], [397, 954], [398, 954], [399, 954], [400, 954], [354, 955], [355, 955], [356, 955], [397, 955], [398, 955], [399, 955], [353, 956], [354, 956], [355, 956], [396, 956], [397, 956], [398, 956], [352, 957], [353, 957], [354, 957], [355, 957], [395, 957], [396, 957], [397, 957], [398, 957], [352, 958], [353, 958], [354, 958], [394, 958], [395, 958], [396, 958], [397, 958], [351, 959], [352, 959], [353, 959], [393, 959], [394, 959], [395, 959], [396, 959], [351, 960], [352, 960], [353, 960], [391, 960], [392, 960], [393, 960], [394, 960], [395, 960], [350, 961], [351, 961], [352, 961], [390, 961], [391, 961], [392, 961], [393, 961], [394, 961], [349, 962], [350, 962], [351, 962], [352, 962], [390, 962], [391, 962], [392, 962], [349, 963], [350, 963], [351, 963], [389, 963], [390, 963], [391, 963], [348, 964], [349, 964], [350, 964], [388, 964], [389, 964], [390, 964], [391, 964], [347, 965], [348, 965], [349, 965], [350, 965], [387, 965], [388, 965], [389, 965], [390, 965], [347, 966], [348, 966], [349, 966], [386, 966], [387, 966], [388, 966], [389, 966], [346, 967], [347, 967], [348, 967], [386, 967], [387, 967], [388, 967], [346, 968], [347, 968], [348, 968], [386, 968], [387, 968], [345, 969], [346, 969], [347, 969], [385, 969], [386, 969], [387, 969], [344, 970], [345, 970], [346, 970], [347, 970], [385, 970], [386, 970], [387, 970], [344, 971], [345, 971], [346, 971], [384, 971], [385, 971], [386, 971], [343, 972], [344, 972], [345, 972], [384, 972], [385, 972], [386, 972], [343, 973], [344, 973], [345, 973], [383, 973], [384, 973], [385, 973], [342, 974], [343, 974], [344, 974], [383, 974], [384, 974], [385, 974], [341, 975], [342, 975], [343, 975], [344, 975], [382, 975], [383, 975], [384, 975], [341, 976], [342, 976], [343, 976], [381, 976], [382, 976], [383, 976], [384, 976], [340, 977], [341, 977], [342, 977], [381, 977], [382, 977], [383, 977], [340, 978], [341, 978], [342, 978], [380, 978], [381, 978], [382, 978], [339, 979], [340, 979], [341, 979], [380, 979], [381, 979], [382, 979], [338, 980], [339, 980], [340, 980], [341, 980], [379, 980], [380, 980], [381, 980], [338, 981], [339, 981], [340, 981], [379, 981], [380, 981], [381, 981], [338, 982], [339, 982], [378, 982], [379, 982], [380, 982], [337, 983], [338, 983], [339, 983], [378, 983], [379, 983], [380, 983], [336, 984], [337, 984], [338, 984], [339, 984], [378, 984], [379, 984], [336, 985], [337, 985], [338, 985], [378, 985], [379, 985], [335, 986], [336, 986], [337, 986], [378, 986], [379, 986], [335, 987], [336, 987], [337, 987], [377, 987], [378, 987], [379, 987], [334, 988], [335, 988], [336, 988], [377, 988], [378, 988], [379, 988], [333, 989], [334, 989], [335, 989], [336, 989], [377, 989], [378, 989], [333, 990], [334, 990], [335, 990], [376, 990], [377, 990], [378, 990], [332, 991], [333, 991], [334, 991], [376, 991], [377, 991], [378, 991], [332, 992], [333, 992], [334, 992], [376, 992], [377, 992], [331, 993], [332, 993], [333, 993], [375, 993], [376, 993], [377, 993], [331, 994], [332, 994], [333, 994], [374, 994], [375, 994], [376, 994], [377, 994], [330, 995], [331, 995], [332, 995], [374, 995], [375, 995], [376, 995], [329, 996], [330, 996], [331, 996], [332, 996], [374, 996], [375, 996], [329, 997], [330, 997], [331, 997], [373, 997], [374, 997], [375, 997], [328, 998], [329, 998], [330, 998], [373, 998], [374, 998], [375, 998], [327, 999], [328, 999], [329, 999], [330, 999], [372, 999], [373, 999], [374, 999], [327, 1000], [328, 1000], [329, 1000], [371, 1000], [372, 1000], [373, 1000], [374, 1000], [326, 1001], [327, 1001], [328, 1001], [370, 1001], [371, 1001], [372, 1001], [373, 1001], [325, 1002], [326, 1002], [327, 1002], [328, 1002], [370, 1002], [371, 1002], [372, 1002], [325, 1003], [326, 1003], [327, 1003], [370, 1003], [371, 1003], [324, 1004], [325, 1004], [326, 1004], [369, 1004], [370, 1004], [371, 1004], [324, 1005], [325, 1005], [326, 1005], [368, 1005], [369, 1005], [370, 1005], [371, 1005], [323, 1006], [324, 1006], [325, 1006], [368, 1006], [369, 1006], [370, 1006], [323, 1007], [324, 1007], [325, 1007], [367, 1007], [368, 1007], [369, 1007], [322, 1008], [323, 1008], [324, 1008], [365, 1008], [366, 1008], [367, 1008], [368, 1008], [369, 1008], [321, 1009], [322, 1009], [323, 1009], [324, 1009], [365, 1009], [366, 1009], [367, 1009], [368, 1009], [321, 1010], [322, 1010], [323, 1010], [365, 1010], [366, 1010], [320, 1011], [321, 1011], [322, 1011], [364, 1011], [365, 1011], [366, 1011], [320, 1012], [321, 1012], [322, 1012], [363, 1012], [364, 1012], [365, 1012], [366, 1012], [319, 1013], [320, 1013], [321, 1013], [362, 1013], [363, 1013], [364, 1013], [365, 1013], [318, 1014], [319, 1014], [320, 1014], [321, 1014], [362, 1014], [363, 1014], [364, 1014], [318, 1015], [319, 1015], [320, 1015], [362, 1015], [363, 1015], [317, 1016], [318, 1016], [319, 1016], [361, 1016], [362, 1016], [363, 1016], [317, 1017], [318, 1017], [319, 1017], [360, 1017], [361, 1017], [362, 1017], [363, 1017], [316, 1018], [317, 1018], [318, 1018], [359, 1018], [360, 1018], [361, 1018], [362, 1018], [315, 1019], [316, 1019], [317, 1019], [318, 1019], [358, 1019], [359, 1019], [360, 1019], [361, 1019], [314, 1020], [315, 1020], [316, 1020], [317, 1020], [358, 1020], [359, 1020], [360, 1020], [314, 1021], [315, 1021], [316, 1021], [358, 1021], [359, 1021], [314, 1022], [315, 1022], [357, 1022], [358, 1022], [359, 1022], [313, 1023], [314, 1023], [315, 1023], [356, 1023], [357, 1023], [358, 1023], [359, 1023], [312, 1024], [313, 1024], [314, 1024], [315, 1024], [356, 1024], [357, 1024], [358, 1024], [312, 1025], [313, 1025], [314, 1025], [355, 1025], [356, 1025], [357, 1025], [311, 1026], [312, 1026], [313, 1026], [355, 1026], [356, 1026], [357, 1026], [310, 1027], [311, 1027], [312, 1027], [313, 1027], [354, 1027], [355, 1027], [356, 1027], [310, 1028], [311, 1028], [312, 1028], [354, 1028], [355, 1028], [356, 1028], [309, 1029], [310, 1029], [311, 1029], [354, 1029], [355, 1029], [309, 1030], [310, 1030], [311, 1030], [354, 1030], [355, 1030], [309, 1031], [310, 1031], [353, 1031], [354, 1031], [355, 1031], [309, 1032], [310, 1032], [353, 1032], [354, 1032], [355, 1032], [308, 1033], [309, 1033], [310, 1033], [352, 1033], [353, 1033], [354, 1033], [306, 1034], [307, 1034], [308, 1034], [309, 1034], [310, 1034], [351, 1034], [352, 1034], [353, 1034], [354, 1034], [306, 1035], [307, 1035], [308, 1035], [309, 1035], [351, 1035], [352, 1035], [353, 1035], [305, 1036], [306, 1036], [307, 1036], [350, 1036], [351, 1036], [352, 1036], [305, 1037], [306, 1037], [307, 1037], [350, 1037], [351, 1037], [352, 1037], [304, 1038], [305, 1038], [306, 1038], [349, 1038], [350, 1038], [351, 1038], [304, 1039], [305, 1039], [306, 1039], [349, 1039], [350, 1039], [351, 1039], [304, 1040], [305, 1040], [349, 1040], [350, 1040], [304, 1041], [305, 1041], [349, 1041], [350, 1041], [303, 1042], [304, 1042], [305, 1042], [348, 1042], [349, 1042], [350, 1042], [302, 1043], [303, 1043], [304, 1043], [305, 1043], [346, 1043], [347, 1043], [348, 1043], [349, 1043], [350, 1043], [302, 1044], [303, 1044], [304, 1044], [345, 1044], [346, 1044], [347, 1044], [348, 1044], [349, 1044], [301, 1045], [302, 1045], [303, 1045], [345, 1045], [346, 1045], [347, 1045], [300, 1046], [301, 1046], [302, 1046], [303, 1046], [345, 1046], [346, 1046], [300, 1047], [301, 1047], [302, 1047], [344, 1047], [345, 1047], [346, 1047], [300, 1048], [301, 1048], [344, 1048], [345, 1048], [346, 1048], [299, 1049], [300, 1049], [301, 1049], [343, 1049], [344, 1049], [345, 1049], [299, 1050], [300, 1050], [301, 1050], [342, 1050], [343, 1050], [344, 1050], [345, 1050], [296, 1051], [297, 1051], [298, 1051], [299, 1051], [300, 1051], [342, 1051], [343, 1051], [344, 1051], [296, 1052], [297, 1052], [298, 1052], [299, 1052], [300, 1052], [341, 1052], [342, 1052], [343, 1052], [296, 1053], [297, 1053], [340, 1053], [341, 1053], [342, 1053], [343, 1053], [295, 1054], [296, 1054], [297, 1054], [339, 1054], [340, 1054], [341, 1054], [342, 1054], [295, 1055], [296, 1055], [297, 1055], [338, 1055], [339, 1055], [340, 1055], [341, 1055], [293, 1056], [294, 1056], [295, 1056], [296, 1056], [338, 1056], [339, 1056], [340, 1056], [293, 1057], [294, 1057], [295, 1057], [296, 1057], [338, 1057], [339, 1057], [292, 1058], [293, 1058], [294, 1058], [338, 1058], [339, 1058], [292, 1059], [293, 1059], [294, 1059], [338, 1059], [339, 1059], [291, 1060], [292, 1060], [293, 1060], [337, 1060], [338, 1060], [339, 1060], [290, 1061], [291, 1061], [292, 1061], [293, 1061], [337, 1061], [338, 1061], [339, 1061], [290, 1062], [291, 1062], [292, 1062], [337, 1062], [338, 1062], [289, 1063], [290, 1063], [291, 1063], [335, 1063], [336, 1063], [337, 1063], [338, 1063], [288, 1064], [289, 1064], [290, 1064], [291, 1064], [335, 1064], [336, 1064], [337, 1064], [338, 1064], [287, 1065], [288, 1065], [289, 1065], [290, 1065], [333, 1065], [334, 1065], [335, 1065], [336, 1065], [286, 1066], [287, 1066], [288, 1066], [289, 1066], [332, 1066], [333, 1066], [334, 1066], [335, 1066], [336, 1066], [286, 1067], [287, 1067], [288, 1067], [332, 1067], [333, 1067], [334, 1067], [286, 1068], [287, 1068], [330, 1068], [331, 1068], [332, 1068], [333, 1068], [285, 1069], [286, 1069], [287, 1069], [329, 1069], [330, 1069], [331, 1069], [332, 1069], [333, 1069], [284, 1070], [285, 1070], [286, 1070], [287, 1070], [329, 1070], [330, 1070], [331, 1070], [284, 1071], [285, 1071], [286, 1071], [329, 1071], [330, 1071], [283, 1072], [284, 1072], [285, 1072], [329, 1072], [330, 1072], [283, 1073], [284, 1073], [285, 1073], [328, 1073], [329, 1073], [330, 1073], [282, 1074], [283, 1074], [284, 1074], [328, 1074], [329, 1074], [330, 1074], [281, 1075], [282, 1075], [283, 1075], [284, 1075], [327, 1075], [328, 1075], [329, 1075], [281, 1076], [282, 1076], [283, 1076], [326, 1076], [327, 1076], [328, 1076], [329, 1076], [281, 1077], [282, 1077], [326, 1077], [327, 1077], [328, 1077], [281, 1078], [282, 1078], [325, 1078], [326, 1078], [327, 1078], [281, 1079], [282, 1079], [325, 1079], [326, 1079], [327, 1079]




Yellow line left - [154, 1045], [152, 1046], [153, 1046], [154, 1046], [151, 1047], [150, 1048], [151, 1048], [150, 1049], [151, 1049], [152, 1049], [150, 1050], [151, 1050], [152, 1050], [148, 1051], [149, 1051], [150, 1051], [151, 1051], [152, 1051], [148, 1052], [149, 1052], [150, 1052], [151, 1052], [148, 1053], [149, 1053], [150, 1053], [151, 1053], [148, 1054], [149, 1054], [150, 1054], [151, 1054], [148, 1055], [149, 1055], [150, 1055], [151, 1055], [148, 1056], [149, 1056], [150, 1056], [148, 1057], [149, 1057], [148, 1058], [149, 1058], [148, 1059], [149, 1059], [147, 1060], [148, 1060], [149, 1060], [147, 1061], [148, 1061], [149, 1061], [146, 1062], [147, 1062], [148, 1062], [145, 1063], [146, 1063], [147, 1063], [148, 1063], [144, 1064], [145, 1064], [146, 1064], [147, 1064], [143, 1065], [144, 1065], [145, 1065], [146, 1065], [143, 1066], [144, 1066], [145, 1066], [142, 1067], [143, 1067], [144, 1067], [142, 1068], [143, 1068], [144, 1068], [142, 1069], [143, 1069], [140, 1070], [141, 1070], [142, 1070], [143, 1070], [139, 1071], [140, 1071], [141, 1071], [142, 1071], [143, 1071], [138, 1072], [139, 1072], [140, 1072], [141, 1072], [137, 1073], [138, 1073], [139, 1073], [140, 1073], [136, 1074], [137, 1074], [138, 1074], [139, 1074], [135, 1075], [136, 1075], [137, 1075], [138, 1075], [133, 1076], [134, 1076], [135, 1076], [136, 1076], [137, 1076], [112, 1077], [113, 1077], [114, 1077], [116, 1077], [117, 1077], [118, 1077], [119, 1077], [120, 1077], [132, 1077], [133, 1077], [134, 1077], [135, 1077], [136, 1077], [112, 1078], [113, 1078], [114, 1078], [115, 1078], [116, 1078], [117, 1078], [118, 1078], [119, 1078], [120, 1078], [131, 1078], [132, 1078], [133, 1078], [134, 1078], [112, 1079], [113, 1079], [114, 1079], [116, 1079], [119, 1079], [120, 1079], [131, 1079], [132, 1079], [133, 1079]




Yellow line right - [1445, 553], [1446, 553], [1447, 553], [1440, 554], [1441, 554], [1442, 554], [1443, 554], [1444, 554], [1445, 554], [1446, 554], [1447, 554], [1448, 554], [1449, 554], [1450, 554], [1451, 554], [1452, 554], [1453, 554], [1437, 555], [1438, 555], [1439, 555], [1440, 555], [1441, 555], [1442, 555], [1443, 555], [1444, 555], [1445, 555], [1446, 555], [1447, 555], [1448, 555], [1449, 555], [1450, 555], [1451, 555], [1452, 555], [1453, 555], [1454, 555], [1436, 556], [1437, 556], [1438, 556], [1439, 556], [1440, 556], [1441, 556], [1452, 556], [1453, 556], [1454, 556], [1455, 556], [1456, 556], [1435, 557], [1436, 557], [1437, 557], [1438, 557], [1453, 557], [1454, 557], [1455, 557], [1456, 557], [1457, 557], [1435, 558], [1436, 558], [1437, 558], [1455, 558], [1456, 558], [1457, 558], [1458, 558], [1435, 559], [1436, 559], [1437, 559], [1438, 559], [1456, 559], [1457, 559], [1458, 559], [1436, 560], [1437, 560], [1438, 560], [1439, 560], [1440, 560], [1441, 560], [1451, 560], [1452, 560], [1453, 560], [1454, 560], [1455, 560], [1456, 560], [1457, 560], [1458, 560], [1437, 561], [1438, 561], [1439, 561], [1440, 561], [1441, 561], [1442, 561], [1443, 561], [1444, 561], [1445, 561], [1446, 561], [1447, 561], [1448, 561], [1449, 561], [1450, 561], [1451, 561], [1452, 561], [1453, 561], [1454, 561], [1455, 561], [1456, 561], [1457, 561], [1440, 562], [1441, 562], [1442, 562], [1443, 562], [1444, 562], [1445, 562], [1446, 562], [1447, 562], [1448, 562], [1449, 562], [1450, 562], [1451, 562], [1452, 562]




White line right - [1758, 93], [1759, 93], [1756, 94], [1757, 94], [1758, 94], [1759, 94], [1760, 94], [1755, 95], [1758, 95], [1759, 95], [1760, 95], [1754, 96], [1755, 96], [1757, 96], [1759, 96], [1760, 96], [1754, 97], [1755, 97], [1756, 97], [1757, 97], [1758, 97], [1759, 97], [1753, 98], [1754, 98], [1755, 98], [1757, 98], [1758, 98], [1752, 99], [1753, 99], [1754, 99], [1755, 99], [1756, 99], [1757, 99], [1758, 99], [1750, 100], [1751, 100], [1752, 100], [1754, 100], [1755, 100], [1756, 100], [1758, 100], [1750, 101], [1751, 101], [1752, 101], [1753, 101], [1754, 101], [1755, 101], [1756, 101], [1757, 101], [1758, 101], [1750, 102], [1751, 102], [1752, 102], [1754, 102], [1755, 102], [1756, 102], [1757, 102], [1758, 102], [1751, 103], [1752, 103], [1753, 103], [1754, 103], [1755, 103], [1756, 103], [1757, 103], [1753, 104], [1754, 104], [1755, 104], [1756, 104], [1753, 105], [1754, 105], [1755, 105], [1752, 106], [1753, 106], [1754, 106], [1755, 106], [1756, 106], [1752, 107], [1753, 107], [1754, 107], [1755, 107], [1756, 107], [1751, 108], [1752, 108], [1753, 108], [1755, 108], [1756, 108], [1751, 109], [1752, 109], [1753, 109], [1754, 109], [1755, 109], [1756, 109], [1751, 110], [1752, 110], [1754, 110], [1755, 110], [1756, 110], [1750, 111], [1751, 111], [1752, 111], [1754, 111], [1755, 111], [1749, 112], [1750, 112], [1751, 112], [1752, 112], [1753, 112], [1754, 112], [1755, 112], [1749, 113], [1750, 113], [1751, 113], [1752, 113], [1753, 113], [1754, 113], [1755, 113], [1749, 114], [1750, 114], [1751, 114], [1752, 114], [1753, 114], [1754, 114], [1755, 114], [1749, 115], [1750, 115], [1751, 115], [1752, 115], [1753, 115], [1754, 115], [1755, 115], [1749, 116], [1750, 116], [1751, 116], [1752, 116], [1753, 116], [1754, 116], [1748, 117], [1749, 117], [1750, 117], [1751, 117], [1752, 117], [1753, 117], [1748, 118], [1749, 118], [1750, 118], [1751, 118], [1752, 118], [1748, 119], [1749, 119], [1750, 119], [1751, 119], [1752, 119], [1749, 120], [1750, 120], [1751, 120], [1737, 156], [1738, 156], [1739, 156], [1736, 157], [1737, 157], [1738, 157], [1739, 157], [1740, 157], [1735, 158], [1736, 158], [1737, 158], [1739, 158], [1740, 158], [1735, 159], [1736, 159], [1737, 159], [1738, 159], [1739, 159], [1740, 159], [1734, 160], [1735, 160], [1737, 160], [1738, 160], [1740, 160], [1734, 161], [1735, 161], [1736, 161], [1737, 161], [1738, 161], [1740, 161], [1733, 162], [1734, 162], [1736, 162], [1738, 162], [1739, 162], [1740, 162], [1733, 163], [1734, 163], [1735, 163], [1736, 163], [1737, 163], [1738, 163], [1739, 163], [1740, 163], [1733, 164], [1734, 164], [1735, 164], [1736, 164], [1737, 164], [1738, 164], [1739, 164], [1733, 165], [1734, 165], [1735, 165], [1737, 165], [1738, 165], [1739, 165], [1733, 166], [1734, 166], [1735, 166], [1736, 166], [1738, 166], [1739, 166], [1733, 167], [1734, 167], [1735, 167], [1736, 167], [1737, 167], [1738, 167], [1733, 168], [1734, 168], [1735, 168], [1736, 168], [1737, 168], [1738, 168], [1726, 192], [1727, 192], [1728, 192], [1724, 193], [1725, 193], [1726, 193], [1727, 193], [1728, 193], [1729, 193], [1724, 194], [1725, 194], [1726, 194], [1727, 194], [1728, 194], [1729, 194], [1730, 194], [1723, 195], [1724, 195], [1725, 195], [1726, 195], [1727, 195], [1728, 195], [1729, 195], [1730, 195], [1723, 196], [1724, 196], [1725, 196], [1726, 196], [1727, 196], [1728, 196], [1729, 196], [1730, 196], [1723, 197], [1724, 197], [1725, 197], [1727, 197], [1728, 197], [1729, 197], [1723, 198], [1724, 198], [1725, 198], [1726, 198], [1727, 198], [1728, 198], [1729, 198], [1723, 199], [1724, 199], [1725, 199], [1726, 199], [1727, 199], [1728, 199], [1724, 200], [1725, 200], [1726, 200], [1727, 200], [1513, 252], [1514, 252], [1515, 252], [1516, 252], [1513, 253], [1514, 253], [1515, 253], [1516, 253], [1513, 254], [1514, 254], [1515, 254], [1516, 254], [1468, 265], [1469, 265], [1470, 265], [1471, 265], [1472, 265], [1473, 265], [1466, 266], [1467, 266], [1469, 266], [1470, 266], [1471, 266], [1472, 266], [1473, 266], [1474, 266], [1475, 266], [1476, 266], [1465, 267], [1466, 267], [1467, 267], [1468, 267], [1469, 267], [1470, 267], [1471, 267], [1472, 267], [1473, 267], [1474, 267], [1475, 267], [1476, 267], [1477, 267], [1478, 267], [1467, 268], [1468, 268], [1469, 268], [1470, 268], [1471, 268], [1472, 268], [1473, 268], [1475, 268], [1476, 268], [1477, 268], [1478, 268], [1479, 268], [1480, 268], [1470, 269], [1471, 269], [1472, 269], [1473, 269], [1474, 269], [1475, 269], [1476, 269], [1477, 269], [1478, 269], [1479, 269], [1480, 269], [1481, 269], [1482, 269], [1483, 269], [1484, 269], [1472, 270], [1473, 270], [1474, 270], [1475, 270], [1476, 270], [1477, 270], [1478, 270], [1479, 270], [1480, 270], [1481, 270], [1482, 270], [1483, 270], [1484, 270], [1485, 270], [1486, 270], [1477, 271], [1478, 271], [1479, 271], [1480, 271], [1481, 271], [1482, 271], [1484, 271], [1485, 271], [1486, 271], [1487, 271], [1479, 272], [1480, 272], [1481, 272], [1482, 272], [1483, 272], [1484, 272], [1485, 272], [1486, 272], [1487, 272], [1482, 273], [1483, 273], [1484, 273], [1485, 273], [1486, 273], [1487, 273], [1489, 273], [1490, 273], [1491, 273], [1492, 273], [1493, 273], [1494, 273], [1489, 274], [1490, 274], [1492, 274], [1493, 274], [1494, 274], [1495, 274], [1496, 274], [1489, 275], [1490, 275], [1491, 275], [1492, 275], [1493, 275], [1495, 275], [1496, 275], [1497, 275], [1498, 275], [1499, 275], [1500, 275], [1492, 276], [1493, 276], [1494, 276], [1495, 276], [1496, 276], [1497, 276], [1498, 276], [1499, 276], [1500, 276], [1501, 276], [1502, 276], [1503, 276], [1515, 276], [1516, 276], [1517, 276], [1518, 276], [1519, 276], [1520, 276], [1521, 276], [1522, 276], [1523, 276], [1524, 276], [1494, 277], [1495, 277], [1496, 277], [1497, 277], [1498, 277], [1499, 277], [1501, 277], [1502, 277], [1503, 277], [1504, 277], [1505, 277], [1506, 277], [1507, 277], [1508, 277], [1514, 277], [1515, 277], [1516, 277], [1517, 277], [1518, 277], [1519, 277], [1520, 277], [1521, 277], [1522, 277], [1523, 277], [1524, 277], [1525, 277], [1526, 277], [1497, 278], [1498, 278], [1499, 278], [1500, 278], [1501, 278], [1502, 278], [1503, 278], [1504, 278], [1505, 278], [1506, 278], [1507, 278], [1508, 278], [1509, 278], [1510, 278], [1511, 278], [1514, 278], [1515, 278], [1516, 278], [1523, 278], [1524, 278], [1525, 278], [1526, 278], [1500, 279], [1501, 279], [1502, 279], [1503, 279], [1504, 279], [1505, 279], [1506, 279], [1508, 279], [1509, 279], [1510, 279], [1511, 279], [1512, 279], [1513, 279], [1514, 279], [1515, 279], [1516, 279], [1517, 279], [1518, 279], [1519, 279], [1520, 279], [1521, 279], [1522, 279], [1523, 279], [1524, 279], [1525, 279], [1526, 279], [1504, 280], [1505, 280], [1506, 280], [1507, 280], [1508, 280], [1509, 280], [1511, 280], [1512, 280], [1513, 280], [1514, 280], [1515, 280], [1516, 280], [1517, 280], [1518, 280], [1519, 280], [1520, 280], [1521, 280], [1522, 280], [1523, 280], [1524, 280], [1525, 280], [1526, 280], [1506, 281], [1507, 281], [1508, 281], [1509, 281], [1510, 281], [1511, 281], [1512, 281], [1513, 281], [1514, 281], [1515, 281], [1516, 281], [1517, 281], [1518, 281], [1519, 281], [1520, 281], [1509, 282], [1510, 282], [1511, 282], [1512, 282], [1513, 282], [1514, 282], [1515, 282], [1517, 282], [1518, 282], [1519, 282], [1520, 282], [1521, 282], [1522, 282], [1512, 283], [1513, 283], [1514, 283], [1515, 283], [1516, 283], [1517, 283], [1518, 283], [1520, 283], [1521, 283], [1522, 283], [1523, 283], [1524, 283], [1525, 283], [1515, 284], [1516, 284], [1517, 284], [1518, 284], [1519, 284], [1520, 284], [1522, 284], [1523, 284], [1524, 284], [1525, 284], [1526, 284], [1527, 284], [1528, 284], [1518, 285], [1519, 285], [1520, 285], [1521, 285], [1522, 285], [1523, 285], [1524, 285], [1526, 285], [1527, 285], [1528, 285], [1529, 285], [1530, 285], [1531, 285], [1520, 286], [1521, 286], [1522, 286], [1523, 286], [1524, 286], [1525, 286], [1526, 286], [1527, 286], [1529, 286], [1530, 286], [1531, 286], [1532, 286], [1533, 286], [1525, 287], [1526, 287], [1527, 287], [1528, 287], [1529, 287], [1530, 287], [1531, 287], [1532, 287], [1533, 287], [1534, 287], [1535, 287], [1536, 287], [1528, 288], [1529, 288], [1530, 288], [1531, 288], [1532, 288], [1534, 288], [1535, 288], [1536, 288], [1537, 288], [1538, 288], [1539, 288], [1540, 288], [1530, 289], [1531, 289], [1532, 289], [1533, 289], [1534, 289], [1535, 289], [1536, 289], [1537, 289], [1538, 289], [1539, 289], [1540, 289], [1541, 289], [1542, 289], [1543, 289], [1533, 290], [1534, 290], [1535, 290], [1536, 290], [1537, 290], [1538, 290], [1539, 290], [1540, 290], [1541, 290], [1542, 290], [1543, 290], [1544, 290], [1545, 290], [1546, 290], [1537, 291], [1538, 291], [1539, 291], [1540, 291], [1541, 291], [1542, 291], [1544, 291], [1545, 291], [1546, 291], [1547, 291], [1548, 291], [1541, 292], [1542, 292], [1543, 292], [1544, 292], [1545, 292], [1547, 292], [1548, 292], [1549, 292], [1550, 292], [1551, 292], [1552, 292], [1543, 293], [1544, 293], [1545, 293], [1546, 293], [1547, 293], [1548, 293], [1549, 293], [1550, 293], [1551, 293], [1552, 293], [1553, 293], [1546, 294], [1547, 294], [1548, 294], [1549, 294], [1550, 294], [1551, 294], [1552, 294], [1553, 294], [1549, 295], [1550, 295], [1551, 295], [1552, 295], [1553, 295], [1556, 295], [1557, 295], [1558, 295], [1559, 295], [1556, 296], [1557, 296], [1558, 296], [1559, 296], [1556, 297], [1557, 297], [1558, 297], [1559, 297], [1568, 299], [1569, 299], [1570, 299], [1571, 299], [1568, 300], [1569, 300], [1570, 300], [1571, 300], [1572, 300], [1573, 300], [1574, 300], [1568, 301], [1569, 301], [1570, 301], [1571, 301], [1572, 301], [1574, 301], [1572, 302], [1573, 302], [1574, 302], [1584, 304], [1585, 304], [1586, 304], [1587, 304], [1588, 304], [1584, 305], [1585, 305], [1587, 305], [1588, 305], [1589, 305], [1590, 305], [1591, 305], [1584, 306], [1585, 306], [1586, 306], [1587, 306], [1588, 306], [1590, 306], [1591, 306], [1592, 306], [1587, 307], [1588, 307], [1589, 307], [1590, 307], [1591, 307], [1592, 307], [1590, 308], [1591, 308], [1592, 308], [1599, 309], [1600, 309], [1601, 309], [1602, 309], [1599, 310], [1600, 310], [1601, 310], [1602, 310], [1599, 311], [1600, 311], [1601, 311], [1602, 311], [1742, 356], [1743, 356], [1744, 356], [1745, 356], [1742, 357], [1743, 357], [1744, 357], [1745, 357], [1742, 358], [1743, 358], [1744, 358], [1745, 358], [1272, 397], [1273, 397], [1274, 397], [1272, 398], [1274, 398], [1272, 399], [1273, 399], [1274, 399], [1431, 552], [1432, 552], [1433, 552], [1430, 553], [1431, 553], [1432, 553], [1433, 553], [1434, 553], [1435, 553], [1430, 554], [1431, 554], [1432, 554], [1433, 554], [1434, 554], [1435, 554], [1436, 554], [1430, 555], [1431, 555], [1432, 555], [1434, 555], [1435, 555], [1436, 555], [1430, 556], [1431, 556], [1432, 556], [1433, 556], [1435, 556], [1436, 556], [1431, 557], [1432, 557], [1433, 557], [1434, 557], [1435, 557], [1436, 557], [1432, 558], [1433, 558], [1434, 558], [1435, 558], [1436, 558]


