White line left - 




Yellow line left - [1305, 469], [1306, 469], [1307, 469], [1308, 469], [1305, 470], [1306, 470], [1307, 470], [1308, 470], [1309, 470], [1310, 470], [1305, 471], [1306, 471], [1307, 471], [1308, 471], [1309, 471], [1310, 471], [1311, 471], [1312, 471], [1313, 471], [1314, 471], [1306, 472], [1307, 472], [1308, 472], [1309, 472], [1311, 472], [1312, 472], [1313, 472], [1314, 472], [1309, 473], [1310, 473], [1311, 473], [1312, 473], [1313, 473], [1314, 473], [1315, 473], [1310, 474], [1311, 474], [1312, 474], [1313, 474], [1314, 474], [1315, 474], [1310, 475], [1311, 475], [1312, 475], [1313, 475], [1314, 475], [1315, 475], [1320, 477], [1321, 477], [1322, 477], [1318, 478], [1319, 478], [1320, 478], [1321, 478], [1322, 478], [1317, 479], [1318, 479], [1319, 479], [1320, 479], [1321, 479], [1322, 479], [1317, 480], [1318, 480], [1319, 480], [1320, 480], [1321, 480], [1322, 480], [1317, 481], [1318, 481], [1319, 481], [1320, 481], [1321, 481], [1322, 481], [1317, 482], [1318, 482], [1319, 482], [1320, 482], [1321, 482]




Yellow line right - [1479, 621], [1480, 621], [1481, 621], [1482, 621], [1483, 621], [1484, 621], [1485, 621], [1486, 621], [1487, 621], [1488, 621], [1489, 621], [1490, 621], [1491, 621], [1492, 621], [1493, 621], [1494, 621], [1495, 621], [1496, 621], [1476, 622], [1477, 622], [1478, 622], [1479, 622], [1480, 622], [1481, 622], [1482, 622], [1483, 622], [1484, 622], [1485, 622], [1486, 622], [1487, 622], [1488, 622], [1489, 622], [1490, 622], [1491, 622], [1492, 622], [1493, 622], [1494, 622], [1495, 622], [1496, 622], [1497, 622], [1498, 622], [1499, 622], [1500, 622], [1467, 623], [1468, 623], [1469, 623], [1470, 623], [1471, 623], [1472, 623], [1473, 623], [1474, 623], [1475, 623], [1476, 623], [1477, 623], [1478, 623], [1479, 623], [1480, 623], [1492, 623], [1493, 623], [1494, 623], [1495, 623], [1496, 623], [1497, 623], [1498, 623], [1499, 623], [1500, 623], [1501, 623], [1465, 624], [1466, 624], [1467, 624], [1468, 624], [1469, 624], [1470, 624], [1471, 624], [1472, 624], [1473, 624], [1474, 624], [1475, 624], [1476, 624], [1477, 624], [1499, 624], [1500, 624], [1501, 624], [1465, 625], [1466, 625], [1467, 625], [1468, 625], [1499, 625], [1500, 625], [1501, 625], [1508, 625], [1509, 625], [1510, 625], [1511, 625], [1465, 626], [1466, 626], [1496, 626], [1497, 626], [1498, 626], [1499, 626], [1500, 626], [1501, 626], [1502, 626], [1503, 626], [1504, 626], [1505, 626], [1506, 626], [1508, 626], [1509, 626], [1510, 626], [1511, 626], [1465, 627], [1466, 627], [1496, 627], [1497, 627], [1498, 627], [1500, 627], [1501, 627], [1502, 627], [1503, 627], [1504, 627], [1505, 627], [1506, 627], [1508, 627], [1509, 627], [1510, 627], [1511, 627], [1465, 628], [1466, 628], [1496, 628], [1497, 628], [1498, 628], [1499, 628], [1500, 628], [1501, 628], [1502, 628], [1503, 628], [1505, 628], [1506, 628], [1507, 628], [1508, 628], [1509, 628], [1510, 628], [1465, 629], [1466, 629], [1467, 629], [1497, 629], [1498, 629], [1499, 629], [1505, 629], [1506, 629], [1507, 629], [1508, 629], [1509, 629], [1510, 629], [1465, 630], [1466, 630], [1467, 630], [1507, 630], [1508, 630], [1509, 630], [1510, 630], [1516, 630], [1517, 630], [1518, 630], [1519, 630], [1520, 630], [1466, 631], [1467, 631], [1506, 631], [1507, 631], [1508, 631], [1509, 631], [1516, 631], [1517, 631], [1518, 631], [1519, 631], [1520, 631], [1521, 631], [1522, 631], [1466, 632], [1467, 632], [1468, 632], [1506, 632], [1507, 632], [1508, 632], [1509, 632], [1515, 632], [1516, 632], [1517, 632], [1519, 632], [1520, 632], [1521, 632], [1522, 632], [1466, 633], [1467, 633], [1468, 633], [1506, 633], [1507, 633], [1508, 633], [1514, 633], [1515, 633], [1516, 633], [1517, 633], [1518, 633], [1521, 633], [1522, 633], [1523, 633], [1467, 634], [1468, 634], [1469, 634], [1501, 634], [1502, 634], [1503, 634], [1504, 634], [1505, 634], [1506, 634], [1507, 634], [1508, 634], [1509, 634], [1510, 634], [1511, 634], [1514, 634], [1515, 634], [1516, 634], [1517, 634], [1518, 634], [1519, 634], [1520, 634], [1521, 634], [1522, 634], [1523, 634], [1467, 635], [1468, 635], [1469, 635], [1470, 635], [1471, 635], [1500, 635], [1501, 635], [1502, 635], [1503, 635], [1504, 635], [1505, 635], [1506, 635], [1507, 635], [1509, 635], [1510, 635], [1511, 635], [1512, 635], [1513, 635], [1515, 635], [1516, 635], [1517, 635], [1518, 635], [1519, 635], [1520, 635], [1521, 635], [1522, 635], [1523, 635], [1468, 636], [1469, 636], [1470, 636], [1471, 636], [1472, 636], [1496, 636], [1497, 636], [1498, 636], [1499, 636], [1500, 636], [1501, 636], [1502, 636], [1508, 636], [1509, 636], [1510, 636], [1511, 636], [1512, 636], [1513, 636], [1514, 636], [1519, 636], [1520, 636], [1521, 636], [1470, 637], [1471, 637], [1472, 637], [1473, 637], [1491, 637], [1492, 637], [1493, 637], [1494, 637], [1495, 637], [1496, 637], [1497, 637], [1498, 637], [1499, 637], [1500, 637], [1501, 637], [1508, 637], [1509, 637], [1510, 637], [1511, 637], [1512, 637], [1513, 637], [1514, 637], [1515, 637], [1471, 638], [1472, 638], [1473, 638], [1474, 638], [1475, 638], [1476, 638], [1477, 638], [1478, 638], [1479, 638], [1480, 638], [1481, 638], [1482, 638], [1483, 638], [1484, 638], [1485, 638], [1486, 638], [1487, 638], [1488, 638], [1489, 638], [1490, 638], [1491, 638], [1492, 638], [1493, 638], [1494, 638], [1495, 638], [1496, 638], [1497, 638], [1509, 638], [1510, 638], [1512, 638], [1513, 638], [1514, 638], [1515, 638], [1472, 639], [1473, 639], [1474, 639], [1475, 639], [1476, 639], [1477, 639], [1478, 639], [1479, 639], [1480, 639], [1481, 639], [1482, 639], [1483, 639], [1484, 639], [1485, 639], [1486, 639], [1487, 639], [1488, 639], [1489, 639], [1490, 639], [1491, 639], [1492, 639], [1509, 639], [1510, 639], [1514, 639], [1515, 639], [1516, 639], [1509, 640], [1510, 640], [1511, 640], [1514, 640], [1515, 640], [1516, 640], [1509, 641], [1510, 641], [1511, 641], [1512, 641], [1513, 641], [1514, 641], [1515, 641], [1516, 641], [1510, 642], [1511, 642], [1512, 642], [1513, 642], [1514, 642], [1515, 642], [1531, 645], [1532, 645], [1533, 645], [1534, 645], [1535, 645], [1536, 645], [1531, 646], [1532, 646], [1533, 646], [1534, 646], [1535, 646], [1536, 646], [1520, 647], [1521, 647], [1522, 647], [1523, 647], [1524, 647], [1525, 647], [1526, 647], [1531, 647], [1532, 647], [1535, 647], [1536, 647], [1520, 648], [1521, 648], [1522, 648], [1523, 648], [1524, 648], [1525, 648], [1526, 648], [1527, 648], [1528, 648], [1529, 648], [1530, 648], [1531, 648], [1532, 648], [1534, 648], [1535, 648], [1536, 648], [1520, 649], [1521, 649], [1522, 649], [1523, 649], [1524, 649], [1525, 649], [1526, 649], [1527, 649], [1528, 649], [1529, 649], [1530, 649], [1531, 649], [1532, 649], [1533, 649], [1534, 649], [1535, 649], [1536, 649], [1520, 650], [1521, 650], [1522, 650], [1523, 650], [1524, 650], [1525, 650], [1527, 650], [1528, 650], [1529, 650], [1530, 650], [1531, 650], [1532, 650], [1533, 650], [1534, 650], [1535, 650], [1541, 650], [1542, 650], [1543, 650], [1544, 650], [1545, 650], [1523, 651], [1524, 651], [1525, 651], [1526, 651], [1527, 651], [1531, 651], [1532, 651], [1533, 651], [1534, 651], [1539, 651], [1540, 651], [1541, 651], [1542, 651], [1543, 651], [1544, 651], [1545, 651], [1546, 651], [1525, 652], [1526, 652], [1527, 652], [1528, 652], [1531, 652], [1532, 652], [1533, 652], [1534, 652], [1535, 652], [1536, 652], [1537, 652], [1538, 652], [1539, 652], [1540, 652], [1541, 652], [1542, 652], [1544, 652], [1545, 652], [1546, 652], [1526, 653], [1527, 653], [1528, 653], [1529, 653], [1531, 653], [1532, 653], [1533, 653], [1534, 653], [1535, 653], [1536, 653], [1537, 653], [1538, 653], [1539, 653], [1540, 653], [1541, 653], [1542, 653], [1544, 653], [1545, 653], [1546, 653], [1527, 654], [1528, 654], [1529, 654], [1530, 654], [1531, 654], [1532, 654], [1533, 654], [1535, 654], [1536, 654], [1542, 654], [1543, 654], [1544, 654], [1545, 654], [1528, 655], [1529, 655], [1530, 655], [1531, 655], [1532, 655], [1533, 655], [1534, 655], [1535, 655], [1536, 655], [1537, 655], [1538, 655], [1539, 655], [1540, 655], [1541, 655], [1542, 655], [1543, 655], [1544, 655], [1545, 655], [1535, 656], [1536, 656], [1537, 656], [1538, 656], [1539, 656], [1540, 656], [1541, 656], [1542, 656], [1543, 656], [1537, 657], [1538, 657], [1539, 657], [1540, 657], [1541, 657], [1542, 657], [1541, 661], [1542, 661], [1543, 661], [1541, 662], [1542, 662], [1543, 662], [1544, 662], [1545, 662], [1541, 663], [1542, 663], [1543, 663], [1544, 663], [1545, 663], [1546, 663], [1541, 664], [1542, 664], [1543, 664], [1544, 664], [1545, 664], [1546, 664], [1547, 664], [1541, 665], [1542, 665], [1543, 665], [1544, 665], [1545, 665], [1546, 665], [1547, 665], [1548, 665], [1549, 665], [1542, 666], [1543, 666], [1544, 666], [1545, 666], [1546, 666], [1547, 666], [1548, 666], [1549, 666], [1543, 667], [1544, 667], [1545, 667], [1546, 667], [1547, 667], [1548, 667], [1549, 667], [1544, 668], [1545, 668], [1546, 668], [1547, 668], [1548, 668], [1549, 668]




White line right - [1766, 389], [1767, 389], [1768, 389], [1769, 389], [1770, 389], [1771, 389], [1772, 389], [1766, 390], [1767, 390], [1770, 390], [1771, 390], [1772, 390], [1773, 390], [1774, 390], [1775, 390], [1776, 390], [1777, 390], [1766, 391], [1767, 391], [1768, 391], [1769, 391], [1770, 391], [1771, 391], [1773, 391], [1774, 391], [1775, 391], [1776, 391], [1777, 391], [1778, 391], [1779, 391], [1780, 391], [1781, 391], [1770, 392], [1771, 392], [1772, 392], [1773, 392], [1774, 392], [1775, 392], [1776, 392], [1777, 392], [1778, 392], [1779, 392], [1780, 392], [1781, 392], [1782, 392], [1783, 392], [1784, 392], [1772, 393], [1773, 393], [1774, 393], [1775, 393], [1776, 393], [1777, 393], [1778, 393], [1779, 393], [1781, 393], [1782, 393], [1783, 393], [1784, 393], [1785, 393], [1786, 393], [1787, 393], [1776, 394], [1777, 394], [1778, 394], [1779, 394], [1780, 394], [1781, 394], [1782, 394], [1784, 394], [1785, 394], [1786, 394], [1787, 394], [1788, 394], [1789, 394], [1790, 394], [1791, 394], [1779, 395], [1780, 395], [1781, 395], [1782, 395], [1783, 395], [1784, 395], [1785, 395], [1786, 395], [1787, 395], [1788, 395], [1789, 395], [1790, 395], [1791, 395], [1792, 395], [1793, 395], [1782, 396], [1783, 396], [1784, 396], [1785, 396], [1786, 396], [1787, 396], [1788, 396], [1789, 396], [1790, 396], [1791, 396], [1792, 396], [1793, 396], [1794, 396], [1795, 396], [1796, 396], [1797, 396], [1798, 396], [1799, 396], [1786, 397], [1787, 397], [1788, 397], [1789, 397], [1790, 397], [1791, 397], [1793, 397], [1794, 397], [1795, 397], [1796, 397], [1797, 397], [1798, 397], [1799, 397], [1800, 397], [1801, 397], [1802, 397], [1803, 397], [1788, 398], [1789, 398], [1790, 398], [1791, 398], [1792, 398], [1793, 398], [1794, 398], [1795, 398], [1796, 398], [1798, 398], [1799, 398], [1800, 398], [1801, 398], [1802, 398], [1803, 398], [1804, 398], [1805, 398], [1806, 398], [1791, 399], [1792, 399], [1793, 399], [1794, 399], [1795, 399], [1796, 399], [1797, 399], [1798, 399], [1802, 399], [1803, 399], [1804, 399], [1805, 399], [1806, 399], [1807, 399], [1808, 399], [1809, 399], [1795, 400], [1796, 400], [1797, 400], [1798, 400], [1799, 400], [1800, 400], [1801, 400], [1802, 400], [1805, 400], [1806, 400], [1807, 400], [1808, 400], [1809, 400], [1810, 400], [1811, 400], [1812, 400], [1813, 400], [1797, 401], [1798, 401], [1799, 401], [1800, 401], [1801, 401], [1802, 401], [1803, 401], [1804, 401], [1805, 401], [1808, 401], [1809, 401], [1810, 401], [1811, 401], [1812, 401], [1813, 401], [1814, 401], [1815, 401], [1816, 401], [1801, 402], [1802, 402], [1803, 402], [1804, 402], [1805, 402], [1806, 402], [1807, 402], [1808, 402], [1812, 402], [1813, 402], [1814, 402], [1815, 402], [1816, 402], [1817, 402], [1818, 402], [1819, 402], [1820, 402], [1804, 403], [1805, 403], [1806, 403], [1807, 403], [1808, 403], [1809, 403], [1810, 403], [1811, 403], [1815, 403], [1816, 403], [1817, 403], [1818, 403], [1819, 403], [1820, 403], [1821, 403], [1822, 403], [1823, 403], [1807, 404], [1808, 404], [1809, 404], [1810, 404], [1811, 404], [1812, 404], [1813, 404], [1814, 404], [1819, 404], [1820, 404], [1821, 404], [1822, 404], [1823, 404], [1824, 404], [1810, 405], [1811, 405], [1812, 405], [1813, 405], [1814, 405], [1815, 405], [1816, 405], [1817, 405], [1822, 405], [1823, 405], [1824, 405], [1813, 406], [1814, 406], [1815, 406], [1816, 406], [1817, 406], [1818, 406], [1819, 406], [1820, 406], [1816, 407], [1817, 407], [1818, 407], [1819, 407], [1820, 407], [1821, 407], [1822, 407], [1823, 407], [1824, 407], [1819, 408], [1820, 408], [1821, 408], [1822, 408], [1823, 408], [1824, 408], [1823, 409], [1824, 409]


