White line left - [530, 822], [528, 823], [529, 823], [526, 824], [527, 824], [528, 824], [526, 825], [527, 825], [528, 825], [525, 826], [526, 826], [527, 826], [524, 827], [525, 827], [526, 827], [527, 827], [524, 828], [525, 828], [526, 828], [523, 829], [524, 829], [525, 829], [523, 830], [524, 830], [525, 830], [522, 831], [523, 831], [524, 831], [522, 832], [523, 832], [524, 832], [522, 833], [523, 833], [521, 834], [522, 834], [523, 834], [521, 835], [522, 835], [523, 835], [520, 836], [521, 836], [522, 836], [520, 837], [521, 837], [522, 837], [520, 838], [521, 838], [519, 839], [520, 839], [521, 839], [519, 840], [520, 840], [521, 840], [519, 841], [520, 841], [518, 842], [519, 842], [520, 842], [518, 843], [519, 843], [520, 843], [517, 844], [518, 844], [519, 844], [517, 845], [518, 845], [519, 845], [517, 846], [518, 846], [516, 847], [517, 847], [518, 847], [516, 848], [517, 848], [518, 848], [515, 849], [516, 849], [517, 849], [515, 850], [516, 850], [517, 850], [514, 851], [515, 851], [516, 851], [514, 852], [515, 852], [516, 852], [513, 853], [514, 853], [515, 853], [513, 854], [514, 854], [515, 854], [474, 855], [512, 855], [513, 855], [514, 855], [472, 856], [473, 856], [474, 856], [512, 856], [513, 856], [514, 856], [471, 857], [472, 857], [473, 857], [511, 857], [512, 857], [513, 857], [471, 858], [472, 858], [473, 858], [511, 858], [512, 858], [513, 858], [470, 859], [471, 859], [472, 859], [510, 859], [511, 859], [512, 859], [470, 860], [471, 860], [472, 860], [510, 860], [511, 860], [512, 860], [469, 861], [470, 861], [471, 861], [510, 861], [511, 861], [469, 862], [470, 862], [471, 862], [509, 862], [510, 862], [511, 862], [468, 863], [469, 863], [470, 863], [509, 863], [510, 863], [511, 863], [468, 864], [469, 864], [470, 864], [508, 864], [509, 864], [510, 864], [467, 865], [468, 865], [469, 865], [508, 865], [509, 865], [510, 865], [466, 866], [467, 866], [468, 866], [469, 866], [508, 866], [509, 866], [466, 867], [467, 867], [468, 867], [507, 867], [508, 867], [509, 867], [465, 868], [466, 868], [467, 868], [506, 868], [507, 868], [508, 868], [509, 868], [465, 869], [466, 869], [467, 869], [506, 869], [507, 869], [508, 869], [464, 870], [465, 870], [466, 870], [505, 870], [506, 870], [507, 870], [464, 871], [465, 871], [466, 871], [505, 871], [506, 871], [507, 871], [463, 872], [464, 872], [465, 872], [504, 872], [505, 872], [506, 872], [463, 873], [464, 873], [465, 873], [504, 873], [505, 873], [506, 873], [462, 874], [463, 874], [464, 874], [504, 874], [505, 874], [462, 875], [463, 875], [464, 875], [503, 875], [504, 875], [505, 875], [461, 876], [462, 876], [463, 876], [503, 876], [504, 876], [505, 876], [461, 877], [462, 877], [463, 877], [502, 877], [503, 877], [504, 877], [460, 878], [461, 878], [462, 878], [502, 878], [503, 878], [504, 878], [460, 879], [461, 879], [462, 879], [502, 879], [503, 879], [459, 880], [460, 880], [461, 880], [501, 880], [502, 880], [503, 880], [459, 881], [460, 881], [461, 881], [501, 881], [502, 881], [503, 881], [459, 882], [460, 882], [500, 882], [501, 882], [502, 882], [458, 883], [459, 883], [460, 883], [500, 883], [501, 883], [502, 883], [458, 884], [459, 884], [460, 884], [499, 884], [500, 884], [501, 884], [458, 885], [459, 885], [499, 885], [500, 885], [501, 885], [457, 886], [458, 886], [459, 886], [499, 886], [500, 886], [457, 887], [458, 887], [459, 887], [498, 887], [499, 887], [500, 887], [456, 888], [457, 888], [458, 888], [498, 888], [499, 888], [500, 888], [455, 889], [456, 889], [457, 889], [458, 889], [497, 889], [498, 889], [499, 889], [455, 890], [456, 890], [457, 890], [497, 890], [498, 890], [499, 890], [455, 891], [456, 891], [497, 891], [498, 891], [454, 892], [455, 892], [456, 892], [496, 892], [497, 892], [498, 892], [453, 893], [454, 893], [455, 893], [456, 893], [496, 893], [497, 893], [498, 893], [453, 894], [454, 894], [455, 894], [495, 894], [496, 894], [497, 894], [452, 895], [453, 895], [454, 895], [494, 895], [495, 895], [496, 895], [497, 895], [452, 896], [453, 896], [454, 896], [494, 896], [495, 896], [496, 896], [451, 897], [452, 897], [453, 897], [493, 897], [494, 897], [495, 897], [450, 898], [451, 898], [452, 898], [453, 898], [493, 898], [494, 898], [495, 898], [450, 899], [451, 899], [452, 899], [493, 899], [494, 899], [449, 900], [450, 900], [451, 900], [492, 900], [493, 900], [494, 900], [449, 901], [450, 901], [451, 901], [492, 901], [493, 901], [494, 901], [448, 902], [449, 902], [450, 902], [491, 902], [492, 902], [493, 902], [447, 903], [448, 903], [449, 903], [450, 903], [491, 903], [492, 903], [493, 903], [447, 904], [448, 904], [449, 904], [490, 904], [491, 904], [492, 904], [447, 905], [448, 905], [490, 905], [491, 905], [492, 905], [446, 906], [447, 906], [448, 906], [490, 906], [491, 906], [446, 907], [447, 907], [448, 907], [489, 907], [490, 907], [491, 907], [445, 908], [446, 908], [447, 908], [489, 908], [490, 908], [491, 908], [445, 909], [446, 909], [447, 909], [488, 909], [489, 909], [490, 909], [444, 910], [445, 910], [446, 910], [488, 910], [489, 910], [490, 910], [444, 911], [445, 911], [446, 911], [488, 911], [489, 911], [443, 912], [444, 912], [445, 912], [487, 912], [488, 912], [489, 912], [443, 913], [444, 913], [445, 913], [487, 913], [488, 913], [489, 913], [442, 914], [443, 914], [444, 914], [486, 914], [487, 914], [488, 914], [442, 915], [443, 915], [444, 915], [486, 915], [487, 915], [488, 915], [441, 916], [442, 916], [443, 916], [485, 916], [486, 916], [487, 916], [441, 917], [442, 917], [443, 917], [485, 917], [486, 917], [487, 917], [440, 918], [441, 918], [442, 918], [484, 918], [485, 918], [486, 918], [440, 919], [441, 919], [442, 919], [484, 919], [485, 919], [486, 919], [439, 920], [440, 920], [441, 920], [484, 920], [485, 920], [439, 921], [440, 921], [441, 921], [483, 921], [484, 921], [485, 921], [438, 922], [439, 922], [440, 922], [482, 922], [483, 922], [484, 922], [485, 922], [438, 923], [439, 923], [440, 923], [482, 923], [483, 923], [484, 923], [437, 924], [438, 924], [439, 924], [481, 924], [482, 924], [483, 924], [437, 925], [438, 925], [439, 925], [481, 925], [482, 925], [483, 925], [436, 926], [437, 926], [438, 926], [480, 926], [481, 926], [482, 926], [436, 927], [437, 927], [438, 927], [480, 927], [481, 927], [482, 927], [435, 928], [436, 928], [437, 928], [479, 928], [480, 928], [481, 928], [435, 929], [436, 929], [437, 929], [479, 929], [480, 929], [481, 929], [434, 930], [435, 930], [436, 930], [478, 930], [479, 930], [480, 930], [433, 931], [434, 931], [435, 931], [436, 931], [477, 931], [478, 931], [479, 931], [480, 931], [433, 932], [434, 932], [435, 932], [477, 932], [478, 932], [479, 932], [432, 933], [433, 933], [434, 933], [477, 933], [478, 933], [432, 934], [433, 934], [434, 934], [476, 934], [477, 934], [478, 934], [431, 935], [432, 935], [433, 935], [476, 935], [477, 935], [478, 935], [431, 936], [432, 936], [433, 936], [475, 936], [476, 936], [477, 936], [430, 937], [431, 937], [432, 937], [475, 937], [476, 937], [477, 937], [430, 938], [431, 938], [432, 938], [474, 938], [475, 938], [476, 938], [429, 939], [430, 939], [431, 939], [474, 939], [475, 939], [476, 939], [428, 940], [429, 940], [430, 940], [431, 940], [473, 940], [474, 940], [475, 940], [428, 941], [429, 941], [430, 941], [473, 941], [474, 941], [475, 941], [427, 942], [428, 942], [429, 942], [473, 942], [474, 942], [427, 943], [428, 943], [429, 943], [472, 943], [473, 943], [474, 943], [427, 944], [428, 944], [472, 944], [473, 944], [474, 944], [426, 945], [427, 945], [428, 945], [471, 945], [472, 945], [473, 945], [426, 946], [427, 946], [428, 946], [471, 946], [472, 946], [473, 946], [425, 947], [426, 947], [427, 947], [470, 947], [471, 947], [472, 947], [425, 948], [426, 948], [427, 948], [470, 948], [471, 948], [472, 948], [424, 949], [425, 949], [426, 949], [470, 949], [471, 949], [424, 950], [425, 950], [426, 950], [469, 950], [470, 950], [471, 950], [423, 951], [424, 951], [425, 951], [469, 951], [470, 951], [471, 951], [422, 952], [423, 952], [424, 952], [425, 952], [468, 952], [469, 952], [470, 952], [422, 953], [423, 953], [424, 953], [468, 953], [469, 953], [470, 953], [421, 954], [422, 954], [423, 954], [468, 954], [469, 954], [421, 955], [422, 955], [423, 955], [467, 955], [468, 955], [469, 955], [421, 956], [422, 956], [466, 956], [467, 956], [468, 956], [469, 956], [420, 957], [421, 957], [422, 957], [466, 957], [467, 957], [468, 957], [420, 958], [421, 958], [422, 958], [465, 958], [466, 958], [467, 958], [419, 959], [420, 959], [421, 959], [465, 959], [466, 959], [467, 959], [419, 960], [420, 960], [421, 960], [465, 960], [466, 960], [418, 961], [419, 961], [420, 961], [464, 961], [465, 961], [466, 961], [418, 962], [419, 962], [420, 962], [464, 962], [465, 962], [466, 962], [417, 963], [418, 963], [419, 963], [463, 963], [464, 963], [465, 963], [416, 964], [417, 964], [418, 964], [419, 964], [463, 964], [464, 964], [465, 964], [416, 965], [417, 965], [418, 965], [463, 965], [464, 965], [415, 966], [416, 966], [417, 966], [462, 966], [463, 966], [464, 966], [415, 967], [416, 967], [417, 967], [462, 967], [463, 967], [464, 967], [414, 968], [415, 968], [416, 968], [461, 968], [462, 968], [463, 968], [414, 969], [415, 969], [416, 969], [461, 969], [462, 969], [463, 969], [413, 970], [414, 970], [415, 970], [461, 970], [462, 970], [413, 971], [414, 971], [415, 971], [460, 971], [461, 971], [462, 971], [412, 972], [413, 972], [414, 972], [460, 972], [461, 972], [462, 972], [412, 973], [413, 973], [414, 973], [459, 973], [460, 973], [461, 973], [411, 974], [412, 974], [413, 974], [427, 974], [428, 974], [429, 974], [459, 974], [460, 974], [461, 974], [411, 975], [412, 975], [413, 975], [426, 975], [427, 975], [428, 975], [429, 975], [458, 975], [459, 975], [460, 975], [411, 976], [412, 976], [425, 976], [426, 976], [427, 976], [428, 976], [429, 976], [458, 976], [459, 976], [460, 976], [410, 977], [411, 977], [412, 977], [424, 977], [425, 977], [426, 977], [427, 977], [428, 977], [429, 977], [458, 977], [459, 977], [410, 978], [411, 978], [412, 978], [423, 978], [424, 978], [425, 978], [427, 978], [428, 978], [457, 978], [458, 978], [459, 978], [409, 979], [410, 979], [411, 979], [422, 979], [423, 979], [424, 979], [426, 979], [427, 979], [428, 979], [457, 979], [458, 979], [459, 979], [408, 980], [409, 980], [410, 980], [411, 980], [421, 980], [422, 980], [423, 980], [425, 980], [426, 980], [427, 980], [456, 980], [457, 980], [458, 980], [408, 981], [409, 981], [410, 981], [420, 981], [421, 981], [422, 981], [423, 981], [424, 981], [425, 981], [426, 981], [456, 981], [457, 981], [458, 981], [407, 982], [408, 982], [409, 982], [420, 982], [421, 982], [422, 982], [423, 982], [424, 982], [425, 982], [455, 982], [456, 982], [457, 982], [407, 983], [408, 983], [409, 983], [419, 983], [420, 983], [421, 983], [422, 983], [423, 983], [424, 983], [425, 983], [455, 983], [456, 983], [457, 983], [407, 984], [408, 984], [418, 984], [419, 984], [420, 984], [422, 984], [423, 984], [424, 984], [454, 984], [455, 984], [456, 984], [407, 985], [408, 985], [417, 985], [418, 985], [419, 985], [420, 985], [421, 985], [422, 985], [423, 985], [454, 985], [455, 985], [456, 985], [406, 986], [407, 986], [408, 986], [417, 986], [418, 986], [419, 986], [420, 986], [421, 986], [422, 986], [454, 986], [455, 986], [406, 987], [407, 987], [408, 987], [416, 987], [417, 987], [418, 987], [419, 987], [420, 987], [421, 987], [422, 987], [453, 987], [454, 987], [455, 987], [405, 988], [406, 988], [407, 988], [415, 988], [416, 988], [417, 988], [419, 988], [420, 988], [421, 988], [453, 988], [454, 988], [455, 988], [405, 989], [406, 989], [407, 989], [414, 989], [415, 989], [416, 989], [417, 989], [418, 989], [419, 989], [420, 989], [452, 989], [453, 989], [454, 989], [404, 990], [405, 990], [406, 990], [414, 990], [415, 990], [416, 990], [417, 990], [418, 990], [419, 990], [452, 990], [453, 990], [454, 990], [404, 991], [405, 991], [406, 991], [413, 991], [414, 991], [415, 991], [416, 991], [417, 991], [418, 991], [419, 991], [451, 991], [452, 991], [453, 991], [404, 992], [405, 992], [413, 992], [414, 992], [416, 992], [417, 992], [418, 992], [451, 992], [452, 992], [453, 992], [403, 993], [404, 993], [405, 993], [412, 993], [413, 993], [414, 993], [415, 993], [416, 993], [417, 993], [451, 993], [452, 993], [403, 994], [404, 994], [405, 994], [412, 994], [413, 994], [415, 994], [416, 994], [450, 994], [451, 994], [452, 994], [402, 995], [403, 995], [404, 995], [411, 995], [412, 995], [413, 995], [414, 995], [415, 995], [416, 995], [450, 995], [451, 995], [452, 995], [402, 996], [403, 996], [404, 996], [410, 996], [411, 996], [412, 996], [414, 996], [415, 996], [449, 996], [450, 996], [451, 996], [401, 997], [402, 997], [403, 997], [410, 997], [411, 997], [413, 997], [414, 997], [415, 997], [449, 997], [450, 997], [451, 997], [401, 998], [402, 998], [403, 998], [410, 998], [411, 998], [412, 998], [413, 998], [414, 998], [448, 998], [449, 998], [450, 998], [400, 999], [401, 999], [402, 999], [409, 999], [410, 999], [411, 999], [412, 999], [413, 999], [448, 999], [449, 999], [450, 999], [399, 1000], [400, 1000], [401, 1000], [402, 1000], [409, 1000], [410, 1000], [411, 1000], [412, 1000], [413, 1000], [448, 1000], [449, 1000], [399, 1001], [400, 1001], [401, 1001], [409, 1001], [410, 1001], [411, 1001], [412, 1001], [447, 1001], [448, 1001], [449, 1001], [398, 1002], [399, 1002], [400, 1002], [409, 1002], [410, 1002], [411, 1002], [447, 1002], [448, 1002], [449, 1002], [398, 1003], [399, 1003], [400, 1003], [446, 1003], [447, 1003], [448, 1003], [397, 1004], [398, 1004], [399, 1004], [446, 1004], [447, 1004], [448, 1004], [396, 1005], [397, 1005], [398, 1005], [399, 1005], [445, 1005], [446, 1005], [447, 1005], [396, 1006], [397, 1006], [398, 1006], [445, 1006], [446, 1006], [447, 1006], [395, 1007], [396, 1007], [397, 1007], [444, 1007], [445, 1007], [446, 1007], [395, 1008], [396, 1008], [397, 1008], [444, 1008], [445, 1008], [446, 1008], [394, 1009], [395, 1009], [396, 1009], [444, 1009], [445, 1009], [394, 1010], [395, 1010], [396, 1010], [443, 1010], [444, 1010], [445, 1010], [393, 1011], [394, 1011], [395, 1011], [443, 1011], [444, 1011], [445, 1011], [392, 1012], [393, 1012], [394, 1012], [395, 1012], [442, 1012], [443, 1012], [444, 1012], [392, 1013], [393, 1013], [394, 1013], [442, 1013], [443, 1013], [444, 1013], [391, 1014], [392, 1014], [393, 1014], [441, 1014], [442, 1014], [443, 1014], [391, 1015], [392, 1015], [393, 1015], [440, 1015], [441, 1015], [442, 1015], [443, 1015], [390, 1016], [391, 1016], [392, 1016], [440, 1016], [441, 1016], [442, 1016], [390, 1017], [391, 1017], [392, 1017], [439, 1017], [440, 1017], [441, 1017], [389, 1018], [390, 1018], [391, 1018], [439, 1018], [440, 1018], [441, 1018], [389, 1019], [390, 1019], [391, 1019], [439, 1019], [440, 1019], [388, 1020], [389, 1020], [390, 1020], [438, 1020], [439, 1020], [440, 1020], [388, 1021], [389, 1021], [390, 1021], [437, 1021], [438, 1021], [439, 1021], [440, 1021], [387, 1022], [388, 1022], [389, 1022], [437, 1022], [438, 1022], [439, 1022], [387, 1023], [388, 1023], [389, 1023], [437, 1023], [438, 1023], [387, 1024], [388, 1024], [436, 1024], [437, 1024], [438, 1024], [386, 1025], [387, 1025], [388, 1025], [435, 1025], [436, 1025], [437, 1025], [438, 1025], [386, 1026], [387, 1026], [388, 1026], [435, 1026], [436, 1026], [437, 1026], [385, 1027], [386, 1027], [387, 1027], [434, 1027], [435, 1027], [436, 1027], [385, 1028], [386, 1028], [387, 1028], [434, 1028], [435, 1028], [436, 1028], [384, 1029], [385, 1029], [386, 1029], [433, 1029], [434, 1029], [435, 1029], [384, 1030], [385, 1030], [386, 1030], [433, 1030], [434, 1030], [435, 1030], [383, 1031], [384, 1031], [385, 1031], [433, 1031], [434, 1031], [383, 1032], [384, 1032], [385, 1032], [432, 1032], [433, 1032], [434, 1032], [382, 1033], [383, 1033], [384, 1033], [432, 1033], [433, 1033], [434, 1033], [382, 1034], [383, 1034], [384, 1034], [431, 1034], [432, 1034], [433, 1034], [382, 1035], [383, 1035], [431, 1035], [432, 1035], [433, 1035], [381, 1036], [382, 1036], [383, 1036], [431, 1036], [432, 1036], [380, 1037], [381, 1037], [382, 1037], [383, 1037], [430, 1037], [431, 1037], [432, 1037], [380, 1038], [381, 1038], [382, 1038], [430, 1038], [431, 1038], [432, 1038], [379, 1039], [380, 1039], [381, 1039], [429, 1039], [430, 1039], [431, 1039], [379, 1040], [380, 1040], [381, 1040], [429, 1040], [430, 1040], [431, 1040], [378, 1041], [379, 1041], [380, 1041], [429, 1041], [430, 1041], [378, 1042], [379, 1042], [380, 1042], [428, 1042], [429, 1042], [430, 1042], [377, 1043], [378, 1043], [379, 1043], [428, 1043], [429, 1043], [430, 1043], [377, 1044], [378, 1044], [379, 1044], [427, 1044], [428, 1044], [429, 1044], [376, 1045], [377, 1045], [378, 1045], [427, 1045], [428, 1045], [429, 1045], [376, 1046], [377, 1046], [378, 1046], [426, 1046], [427, 1046], [428, 1046], [375, 1047], [376, 1047], [377, 1047], [425, 1047], [426, 1047], [427, 1047], [428, 1047], [375, 1048], [376, 1048], [377, 1048], [425, 1048], [426, 1048], [427, 1048], [374, 1049], [375, 1049], [376, 1049], [424, 1049], [425, 1049], [426, 1049], [374, 1050], [375, 1050], [376, 1050], [424, 1050], [425, 1050], [426, 1050], [373, 1051], [374, 1051], [375, 1051], [423, 1051], [424, 1051], [425, 1051], [373, 1052], [374, 1052], [375, 1052], [423, 1052], [424, 1052], [425, 1052], [372, 1053], [373, 1053], [374, 1053], [422, 1053], [423, 1053], [424, 1053], [372, 1054], [373, 1054], [374, 1054], [422, 1054], [423, 1054], [424, 1054], [371, 1055], [372, 1055], [373, 1055], [422, 1055], [423, 1055], [371, 1056], [372, 1056], [373, 1056], [422, 1056], [423, 1056], [371, 1057], [372, 1057], [381, 1057], [382, 1057], [383, 1057], [384, 1057], [421, 1057], [422, 1057], [423, 1057], [370, 1058], [371, 1058], [372, 1058], [380, 1058], [381, 1058], [382, 1058], [383, 1058], [384, 1058], [420, 1058], [421, 1058], [422, 1058], [423, 1058], [370, 1059], [371, 1059], [372, 1059], [380, 1059], [381, 1059], [382, 1059], [383, 1059], [384, 1059], [420, 1059], [421, 1059], [422, 1059], [369, 1060], [370, 1060], [371, 1060], [379, 1060], [380, 1060], [381, 1060], [382, 1060], [383, 1060], [384, 1060], [419, 1060], [420, 1060], [421, 1060], [369, 1061], [370, 1061], [371, 1061], [378, 1061], [379, 1061], [380, 1061], [381, 1061], [382, 1061], [383, 1061], [384, 1061], [419, 1061], [420, 1061], [421, 1061], [368, 1062], [369, 1062], [370, 1062], [378, 1062], [379, 1062], [380, 1062], [382, 1062], [383, 1062], [418, 1062], [419, 1062], [420, 1062], [368, 1063], [369, 1063], [370, 1063], [377, 1063], [378, 1063], [379, 1063], [381, 1063], [382, 1063], [383, 1063], [418, 1063], [419, 1063], [420, 1063], [367, 1064], [368, 1064], [369, 1064], [377, 1064], [378, 1064], [379, 1064], [380, 1064], [381, 1064], [382, 1064], [383, 1064], [417, 1064], [418, 1064], [419, 1064], [367, 1065], [368, 1065], [369, 1065], [376, 1065], [377, 1065], [378, 1065], [379, 1065], [380, 1065], [381, 1065], [382, 1065], [417, 1065], [418, 1065], [419, 1065], [366, 1066], [367, 1066], [368, 1066], [376, 1066], [377, 1066], [378, 1066], [379, 1066], [380, 1066], [381, 1066], [416, 1066], [417, 1066], [418, 1066], [366, 1067], [367, 1067], [368, 1067], [376, 1067], [377, 1067], [379, 1067], [380, 1067], [416, 1067], [417, 1067], [418, 1067], [365, 1068], [366, 1068], [367, 1068], [376, 1068], [377, 1068], [378, 1068], [379, 1068], [380, 1068], [416, 1068], [417, 1068], [365, 1069], [366, 1069], [367, 1069], [376, 1069], [377, 1069], [378, 1069], [379, 1069], [380, 1069], [416, 1069], [417, 1069], [364, 1070], [365, 1070], [366, 1070], [375, 1070], [376, 1070], [377, 1070], [378, 1070], [379, 1070], [415, 1070], [416, 1070], [417, 1070], [364, 1071], [365, 1071], [366, 1071], [375, 1071], [376, 1071], [377, 1071], [378, 1071], [379, 1071], [415, 1071], [416, 1071], [417, 1071], [363, 1072], [364, 1072], [365, 1072], [374, 1072], [375, 1072], [376, 1072], [377, 1072], [378, 1072], [414, 1072], [415, 1072], [416, 1072], [362, 1073], [363, 1073], [364, 1073], [365, 1073], [374, 1073], [375, 1073], [377, 1073], [378, 1073], [414, 1073], [415, 1073], [416, 1073], [362, 1074], [363, 1074], [364, 1074], [373, 1074], [374, 1074], [375, 1074], [376, 1074], [377, 1074], [378, 1074], [413, 1074], [414, 1074], [415, 1074], [361, 1075], [362, 1075], [363, 1075], [373, 1075], [374, 1075], [375, 1075], [376, 1075], [377, 1075], [413, 1075], [414, 1075], [415, 1075], [361, 1076], [362, 1076], [363, 1076], [373, 1076], [374, 1076], [375, 1076], [376, 1076], [412, 1076], [413, 1076], [414, 1076], [360, 1077], [361, 1077], [362, 1077], [373, 1077], [374, 1077], [375, 1077], [376, 1077], [412, 1077], [413, 1077], [414, 1077], [360, 1078], [361, 1078], [362, 1078], [373, 1078], [374, 1078], [375, 1078], [376, 1078], [412, 1078], [413, 1078], [360, 1079], [361, 1079], [373, 1079], [375, 1079], [412, 1079], [413, 1079]




Yellow line left - [159, 1042], [157, 1043], [152, 1046], [151, 1047], [152, 1047], [149, 1048], [150, 1048], [151, 1048], [147, 1049], [148, 1049], [149, 1049], [150, 1049], [151, 1049], [146, 1050], [147, 1050], [148, 1050], [149, 1050], [150, 1050], [151, 1050], [144, 1051], [145, 1051], [146, 1051], [147, 1051], [148, 1051], [149, 1051], [150, 1051], [151, 1051], [143, 1052], [144, 1052], [145, 1052], [146, 1052], [147, 1052], [148, 1052], [149, 1052], [140, 1053], [143, 1053], [144, 1053], [145, 1053], [146, 1053], [147, 1053], [148, 1053], [149, 1053], [139, 1054], [140, 1054], [143, 1054], [144, 1054], [145, 1054], [146, 1054], [147, 1054], [148, 1054], [138, 1055], [139, 1055], [140, 1055], [141, 1055], [142, 1055], [143, 1055], [144, 1055], [135, 1056], [136, 1056], [139, 1056], [140, 1056], [141, 1056], [142, 1056], [143, 1056], [144, 1056], [134, 1057], [135, 1057], [136, 1057], [137, 1057], [140, 1057], [141, 1057], [142, 1057], [143, 1057], [144, 1057], [133, 1058], [134, 1058], [136, 1058], [137, 1058], [140, 1058], [141, 1058], [142, 1058], [143, 1058], [144, 1058], [133, 1059], [134, 1059], [135, 1059], [136, 1059], [137, 1059], [138, 1059], [139, 1059], [140, 1059], [141, 1059], [142, 1059], [143, 1059], [144, 1059], [135, 1060], [136, 1060], [137, 1060], [138, 1060], [139, 1060], [140, 1060], [141, 1060], [142, 1060], [143, 1060], [137, 1061], [138, 1061], [139, 1061], [140, 1061], [141, 1061], [142, 1061], [143, 1061], [136, 1062], [137, 1062], [138, 1062], [139, 1062], [140, 1062], [141, 1062], [142, 1062], [136, 1063], [137, 1063], [138, 1063], [139, 1063], [140, 1063], [141, 1063], [142, 1063], [136, 1064], [137, 1064], [138, 1064], [139, 1064], [140, 1064], [141, 1064], [142, 1064], [143, 1064], [138, 1065], [139, 1065], [140, 1065], [142, 1065], [143, 1065], [139, 1066], [140, 1066], [141, 1066], [142, 1066], [143, 1066], [144, 1066], [141, 1067], [142, 1067], [143, 1067], [144, 1067], [141, 1068], [142, 1068], [143, 1068], [144, 1068], [145, 1068], [137, 1069], [138, 1069], [139, 1069], [141, 1069], [142, 1069], [143, 1069], [144, 1069], [145, 1069], [135, 1070], [136, 1070], [137, 1070], [138, 1070], [139, 1070], [140, 1070], [141, 1070], [142, 1070], [143, 1070], [144, 1070], [145, 1070], [110, 1071], [111, 1071], [112, 1071], [113, 1071], [114, 1071], [124, 1071], [125, 1071], [126, 1071], [127, 1071], [134, 1071], [135, 1071], [136, 1071], [137, 1071], [138, 1071], [140, 1071], [141, 1071], [142, 1071], [143, 1071], [144, 1071], [145, 1071], [108, 1072], [109, 1072], [110, 1072], [111, 1072], [112, 1072], [113, 1072], [114, 1072], [115, 1072], [116, 1072], [117, 1072], [122, 1072], [123, 1072], [124, 1072], [125, 1072], [126, 1072], [127, 1072], [128, 1072], [129, 1072], [130, 1072], [133, 1072], [134, 1072], [135, 1072], [136, 1072], [137, 1072], [138, 1072], [139, 1072], [140, 1072], [141, 1072], [142, 1072], [107, 1073], [108, 1073], [109, 1073], [110, 1073], [111, 1073], [113, 1073], [114, 1073], [115, 1073], [116, 1073], [117, 1073], [122, 1073], [123, 1073], [124, 1073], [126, 1073], [127, 1073], [128, 1073], [130, 1073], [133, 1073], [134, 1073], [135, 1073], [136, 1073], [137, 1073], [139, 1073], [140, 1073], [141, 1073], [142, 1073], [107, 1074], [108, 1074], [109, 1074], [110, 1074], [111, 1074], [116, 1074], [117, 1074], [118, 1074], [119, 1074], [120, 1074], [122, 1074], [123, 1074], [124, 1074], [125, 1074], [126, 1074], [127, 1074], [128, 1074], [129, 1074], [130, 1074], [132, 1074], [133, 1074], [134, 1074], [135, 1074], [136, 1074], [137, 1074], [138, 1074], [139, 1074], [140, 1074], [141, 1074], [142, 1074], [107, 1075], [108, 1075], [109, 1075], [110, 1075], [116, 1075], [117, 1075], [118, 1075], [119, 1075], [120, 1075], [121, 1075], [123, 1075], [124, 1075], [125, 1075], [127, 1075], [128, 1075], [129, 1075], [131, 1075], [132, 1075], [133, 1075], [134, 1075], [135, 1075], [136, 1075], [137, 1075], [138, 1075], [139, 1075], [140, 1075], [141, 1075], [142, 1075], [143, 1075], [108, 1076], [109, 1076], [110, 1076], [112, 1076], [113, 1076], [114, 1076], [115, 1076], [119, 1076], [120, 1076], [121, 1076], [122, 1076], [123, 1076], [124, 1076], [125, 1076], [126, 1076], [127, 1076], [128, 1076], [129, 1076], [130, 1076], [131, 1076], [133, 1076], [134, 1076], [136, 1076], [137, 1076], [138, 1076], [140, 1076], [141, 1076], [142, 1076], [143, 1076], [107, 1077], [108, 1077], [109, 1077], [110, 1077], [112, 1077], [113, 1077], [114, 1077], [115, 1077], [120, 1077], [121, 1077], [122, 1077], [123, 1077], [124, 1077], [125, 1077], [126, 1077], [127, 1077], [128, 1077], [129, 1077], [130, 1077], [131, 1077], [132, 1077], [133, 1077], [134, 1077], [135, 1077], [136, 1077], [138, 1077], [139, 1077], [140, 1077], [141, 1077], [142, 1077], [143, 1077], [107, 1078], [108, 1078], [109, 1078], [112, 1078], [113, 1078], [115, 1078], [116, 1078], [121, 1078], [122, 1078], [123, 1078], [124, 1078], [125, 1078], [126, 1078], [127, 1078], [128, 1078], [129, 1078], [130, 1078], [131, 1078], [132, 1078], [134, 1078], [135, 1078], [136, 1078], [138, 1078], [139, 1078], [140, 1078], [141, 1078], [142, 1078], [97, 1079], [107, 1079], [108, 1079], [113, 1079], [114, 1079], [115, 1079], [116, 1079], [123, 1079], [124, 1079], [128, 1079], [130, 1079], [135, 1079], [136, 1079], [138, 1079], [139, 1079], [141, 1079], [142, 1079]




Yellow line right - [264, 987], [265, 987], [266, 987], [270, 987], [271, 987], [272, 987], [260, 988], [261, 988], [262, 988], [264, 988], [266, 988], [267, 988], [268, 988], [269, 988], [270, 988], [271, 988], [272, 988], [273, 988], [274, 988], [275, 988], [260, 989], [261, 989], [262, 989], [263, 989], [264, 989], [265, 989], [266, 989], [267, 989], [268, 989], [269, 989], [270, 989], [271, 989], [272, 989], [273, 989], [274, 989], [275, 989], [276, 989], [259, 990], [260, 990], [261, 990], [262, 990], [263, 990], [264, 990], [265, 990], [266, 990], [267, 990], [271, 990], [272, 990], [273, 990], [274, 990], [275, 990], [276, 990], [277, 990], [278, 990], [259, 991], [260, 991], [261, 991], [263, 991], [264, 991], [265, 991], [273, 991], [274, 991], [275, 991], [276, 991], [277, 991], [278, 991], [279, 991], [280, 991], [259, 992], [260, 992], [273, 992], [274, 992], [275, 992], [277, 992], [278, 992], [279, 992], [280, 992], [281, 992], [282, 992], [258, 993], [259, 993], [260, 993], [279, 993], [280, 993], [281, 993], [282, 993], [258, 994], [259, 994], [260, 994], [280, 994], [281, 994], [282, 994], [256, 995], [257, 995], [258, 995], [259, 995], [260, 995], [280, 995], [281, 995], [282, 995], [255, 996], [256, 996], [257, 996], [258, 996], [259, 996], [260, 996], [280, 996], [281, 996], [254, 997], [255, 997], [256, 997], [257, 997], [258, 997], [259, 997], [280, 997], [281, 997], [253, 998], [254, 998], [255, 998], [256, 998], [279, 998], [280, 998], [281, 998], [253, 999], [254, 999], [255, 999], [279, 999], [280, 999], [281, 999], [253, 1000], [254, 1000], [255, 1000], [278, 1000], [279, 1000], [280, 1000], [253, 1001], [254, 1001], [255, 1001], [256, 1001], [278, 1001], [279, 1001], [280, 1001], [253, 1002], [254, 1002], [255, 1002], [256, 1002], [277, 1002], [278, 1002], [279, 1002], [254, 1003], [255, 1003], [256, 1003], [277, 1003], [278, 1003], [279, 1003], [254, 1004], [255, 1004], [256, 1004], [277, 1004], [278, 1004], [254, 1005], [255, 1005], [277, 1005], [278, 1005], [254, 1006], [255, 1006], [256, 1006], [276, 1006], [277, 1006], [278, 1006], [254, 1007], [255, 1007], [256, 1007], [275, 1007], [276, 1007], [277, 1007], [278, 1007], [254, 1008], [255, 1008], [256, 1008], [275, 1008], [276, 1008], [277, 1008], [254, 1009], [255, 1009], [275, 1009], [276, 1009], [253, 1010], [254, 1010], [255, 1010], [275, 1010], [276, 1010], [252, 1011], [253, 1011], [254, 1011], [255, 1011], [275, 1011], [276, 1011], [251, 1012], [252, 1012], [253, 1012], [254, 1012], [275, 1012], [276, 1012], [249, 1013], [250, 1013], [251, 1013], [252, 1013], [253, 1013], [274, 1013], [275, 1013], [276, 1013], [249, 1014], [250, 1014], [251, 1014], [252, 1014], [274, 1014], [275, 1014], [276, 1014], [248, 1015], [249, 1015], [250, 1015], [274, 1015], [275, 1015], [247, 1016], [248, 1016], [249, 1016], [250, 1016], [273, 1016], [274, 1016], [275, 1016], [246, 1017], [247, 1017], [248, 1017], [249, 1017], [273, 1017], [274, 1017], [275, 1017], [199, 1018], [200, 1018], [246, 1018], [247, 1018], [248, 1018], [273, 1018], [274, 1018], [198, 1019], [199, 1019], [200, 1019], [245, 1019], [246, 1019], [247, 1019], [272, 1019], [273, 1019], [274, 1019], [196, 1020], [199, 1020], [200, 1020], [245, 1020], [246, 1020], [247, 1020], [272, 1020], [273, 1020], [274, 1020], [195, 1021], [196, 1021], [199, 1021], [200, 1021], [245, 1021], [246, 1021], [271, 1021], [272, 1021], [273, 1021], [193, 1022], [194, 1022], [195, 1022], [196, 1022], [199, 1022], [200, 1022], [201, 1022], [245, 1022], [246, 1022], [271, 1022], [272, 1022], [273, 1022], [191, 1023], [192, 1023], [193, 1023], [194, 1023], [199, 1023], [200, 1023], [201, 1023], [244, 1023], [245, 1023], [246, 1023], [270, 1023], [271, 1023], [272, 1023], [199, 1024], [200, 1024], [201, 1024], [244, 1024], [245, 1024], [246, 1024], [269, 1024], [270, 1024], [271, 1024], [272, 1024], [198, 1025], [199, 1025], [200, 1025], [243, 1025], [244, 1025], [245, 1025], [267, 1025], [268, 1025], [269, 1025], [270, 1025], [271, 1025], [198, 1026], [199, 1026], [200, 1026], [243, 1026], [244, 1026], [245, 1026], [266, 1026], [267, 1026], [268, 1026], [269, 1026], [270, 1026], [197, 1027], [198, 1027], [199, 1027], [241, 1027], [242, 1027], [243, 1027], [244, 1027], [265, 1027], [266, 1027], [267, 1027], [268, 1027], [197, 1028], [198, 1028], [199, 1028], [228, 1028], [229, 1028], [230, 1028], [236, 1028], [237, 1028], [238, 1028], [239, 1028], [240, 1028], [241, 1028], [242, 1028], [243, 1028], [244, 1028], [265, 1028], [266, 1028], [267, 1028], [196, 1029], [197, 1029], [198, 1029], [223, 1029], [224, 1029], [225, 1029], [226, 1029], [227, 1029], [228, 1029], [230, 1029], [236, 1029], [237, 1029], [238, 1029], [239, 1029], [240, 1029], [241, 1029], [242, 1029], [265, 1029], [266, 1029], [196, 1030], [197, 1030], [198, 1030], [217, 1030], [218, 1030], [219, 1030], [220, 1030], [221, 1030], [222, 1030], [223, 1030], [224, 1030], [225, 1030], [226, 1030], [227, 1030], [229, 1030], [230, 1030], [236, 1030], [237, 1030], [238, 1030], [239, 1030], [240, 1030], [265, 1030], [266, 1030], [267, 1030], [196, 1031], [197, 1031], [198, 1031], [210, 1031], [211, 1031], [212, 1031], [213, 1031], [214, 1031], [215, 1031], [216, 1031], [217, 1031], [218, 1031], [219, 1031], [220, 1031], [221, 1031], [222, 1031], [223, 1031], [224, 1031], [226, 1031], [227, 1031], [228, 1031], [229, 1031], [238, 1031], [239, 1031], [240, 1031], [241, 1031], [265, 1031], [266, 1031], [267, 1031], [197, 1032], [198, 1032], [207, 1032], [208, 1032], [209, 1032], [210, 1032], [211, 1032], [212, 1032], [213, 1032], [214, 1032], [215, 1032], [216, 1032], [217, 1032], [218, 1032], [226, 1032], [227, 1032], [228, 1032], [229, 1032], [239, 1032], [240, 1032], [241, 1032], [263, 1032], [264, 1032], [265, 1032], [266, 1032], [267, 1032], [197, 1033], [198, 1033], [204, 1033], [205, 1033], [206, 1033], [207, 1033], [208, 1033], [209, 1033], [210, 1033], [211, 1033], [226, 1033], [227, 1033], [228, 1033], [229, 1033], [230, 1033], [231, 1033], [240, 1033], [241, 1033], [242, 1033], [260, 1033], [261, 1033], [262, 1033], [263, 1033], [264, 1033], [265, 1033], [266, 1033], [197, 1034], [198, 1034], [199, 1034], [200, 1034], [201, 1034], [202, 1034], [203, 1034], [204, 1034], [205, 1034], [206, 1034], [207, 1034], [208, 1034], [226, 1034], [227, 1034], [228, 1034], [229, 1034], [230, 1034], [231, 1034], [240, 1034], [241, 1034], [242, 1034], [243, 1034], [244, 1034], [245, 1034], [258, 1034], [259, 1034], [260, 1034], [261, 1034], [262, 1034], [263, 1034], [264, 1034], [197, 1035], [198, 1035], [199, 1035], [200, 1035], [201, 1035], [202, 1035], [203, 1035], [204, 1035], [205, 1035], [227, 1035], [228, 1035], [229, 1035], [230, 1035], [231, 1035], [241, 1035], [242, 1035], [243, 1035], [244, 1035], [245, 1035], [255, 1035], [256, 1035], [257, 1035], [258, 1035], [259, 1035], [260, 1035], [261, 1035], [198, 1036], [199, 1036], [200, 1036], [230, 1036], [231, 1036], [232, 1036], [242, 1036], [243, 1036], [244, 1036], [245, 1036], [246, 1036], [247, 1036], [250, 1036], [251, 1036], [252, 1036], [253, 1036], [254, 1036], [255, 1036], [256, 1036], [257, 1036], [258, 1036], [259, 1036], [230, 1037], [231, 1037], [232, 1037], [233, 1037], [244, 1037], [245, 1037], [246, 1037], [247, 1037], [248, 1037], [249, 1037], [250, 1037], [251, 1037], [252, 1037], [253, 1037], [254, 1037], [255, 1037], [256, 1037], [231, 1038], [232, 1038], [233, 1038], [234, 1038], [246, 1038], [247, 1038], [248, 1038], [249, 1038], [250, 1038], [251, 1038], [231, 1039], [232, 1039], [233, 1039], [234, 1039], [248, 1039], [249, 1039], [250, 1039], [231, 1040], [232, 1040], [233, 1040], [234, 1040], [230, 1041], [231, 1041], [232, 1041], [229, 1042], [230, 1042], [231, 1042], [232, 1042], [233, 1042], [228, 1043], [229, 1043], [230, 1043], [231, 1043], [232, 1043], [233, 1043], [228, 1044], [229, 1044], [230, 1044], [231, 1044], [232, 1044], [233, 1044], [227, 1045], [228, 1045], [229, 1045], [230, 1045], [231, 1045], [232, 1045], [233, 1045], [226, 1046], [227, 1046], [228, 1046], [229, 1046], [223, 1047], [224, 1047], [225, 1047], [226, 1047], [227, 1047], [228, 1047], [223, 1048], [224, 1048], [225, 1048], [226, 1048], [227, 1048], [223, 1049], [224, 1049], [225, 1049], [226, 1049], [221, 1050], [222, 1050], [223, 1050], [224, 1050], [225, 1050], [226, 1050], [221, 1051], [222, 1051], [223, 1051], [224, 1051], [225, 1051], [226, 1051], [217, 1052], [218, 1052], [219, 1052], [221, 1052], [222, 1052], [223, 1052], [224, 1052], [215, 1053], [216, 1053], [217, 1053], [218, 1053], [219, 1053], [220, 1053], [222, 1053], [223, 1053], [224, 1053], [225, 1053], [226, 1053], [227, 1053], [228, 1053], [229, 1053], [212, 1054], [213, 1054], [214, 1054], [215, 1054], [216, 1054], [217, 1054], [218, 1054], [219, 1054], [220, 1054], [223, 1054], [224, 1054], [225, 1054], [227, 1054], [228, 1054], [229, 1054], [208, 1055], [209, 1055], [210, 1055], [211, 1055], [212, 1055], [213, 1055], [214, 1055], [215, 1055], [216, 1055], [217, 1055], [218, 1055], [219, 1055], [220, 1055], [222, 1055], [223, 1055], [224, 1055], [225, 1055], [226, 1055], [227, 1055], [228, 1055], [229, 1055], [208, 1056], [209, 1056], [210, 1056], [211, 1056], [212, 1056], [213, 1056], [215, 1056], [216, 1056], [217, 1056], [219, 1056], [220, 1056], [221, 1056], [222, 1056], [223, 1056], [224, 1056], [225, 1056], [227, 1056], [229, 1056], [207, 1057], [208, 1057], [209, 1057], [210, 1057], [211, 1057], [212, 1057], [213, 1057], [215, 1057], [216, 1057], [217, 1057], [219, 1057], [220, 1057], [221, 1057], [222, 1057], [223, 1057], [226, 1057], [227, 1057], [228, 1057], [229, 1057], [230, 1057], [231, 1057], [207, 1058], [208, 1058], [209, 1058], [210, 1058], [211, 1058], [212, 1058], [213, 1058], [215, 1058], [216, 1058], [217, 1058], [218, 1058], [219, 1058], [220, 1058], [221, 1058], [222, 1058], [223, 1058], [224, 1058], [225, 1058], [226, 1058], [227, 1058], [228, 1058], [229, 1058], [230, 1058], [231, 1058], [232, 1058], [207, 1059], [208, 1059], [210, 1059], [213, 1059], [214, 1059], [215, 1059], [217, 1059], [218, 1059], [219, 1059], [220, 1059], [221, 1059], [222, 1059], [223, 1059], [224, 1059], [225, 1059], [226, 1059], [227, 1059], [230, 1059], [231, 1059], [232, 1059], [203, 1060], [204, 1060], [205, 1060], [206, 1060], [207, 1060], [208, 1060], [209, 1060], [210, 1060], [211, 1060], [215, 1060], [216, 1060], [217, 1060], [218, 1060], [219, 1060], [220, 1060], [221, 1060], [223, 1060], [225, 1060], [226, 1060], [231, 1060], [232, 1060], [202, 1061], [203, 1061], [204, 1061], [205, 1061], [206, 1061], [207, 1061], [209, 1061], [210, 1061], [211, 1061], [212, 1061], [213, 1061], [214, 1061], [215, 1061], [216, 1061], [217, 1061], [218, 1061], [219, 1061], [220, 1061], [221, 1061], [222, 1061], [223, 1061], [224, 1061], [225, 1061], [226, 1061], [230, 1061], [231, 1061], [232, 1061], [201, 1062], [202, 1062], [203, 1062], [204, 1062], [206, 1062], [209, 1062], [210, 1062], [211, 1062], [212, 1062], [213, 1062], [214, 1062], [215, 1062], [216, 1062], [217, 1062], [218, 1062], [221, 1062], [222, 1062], [223, 1062], [224, 1062], [225, 1062], [226, 1062], [230, 1062], [231, 1062], [232, 1062], [200, 1063], [201, 1063], [202, 1063], [203, 1063], [206, 1063], [207, 1063], [208, 1063], [209, 1063], [210, 1063], [211, 1063], [212, 1063], [213, 1063], [214, 1063], [215, 1063], [216, 1063], [217, 1063], [218, 1063], [223, 1063], [224, 1063], [225, 1063], [226, 1063], [229, 1063], [230, 1063], [231, 1063], [200, 1064], [201, 1064], [202, 1064], [203, 1064], [206, 1064], [207, 1064], [208, 1064], [209, 1064], [210, 1064], [211, 1064], [212, 1064], [223, 1064], [224, 1064], [225, 1064], [226, 1064], [228, 1064], [229, 1064], [230, 1064], [231, 1064], [200, 1065], [201, 1065], [202, 1065], [203, 1065], [206, 1065], [207, 1065], [208, 1065], [211, 1065], [219, 1065], [220, 1065], [221, 1065], [223, 1065], [224, 1065], [225, 1065], [227, 1065], [228, 1065], [229, 1065], [230, 1065], [202, 1066], [203, 1066], [204, 1066], [205, 1066], [206, 1066], [207, 1066], [208, 1066], [209, 1066], [210, 1066], [211, 1066], [219, 1066], [220, 1066], [221, 1066], [226, 1066], [227, 1066], [228, 1066], [229, 1066], [202, 1067], [203, 1067], [204, 1067], [205, 1067], [208, 1067], [209, 1067], [219, 1067], [220, 1067], [221, 1067], [224, 1067], [225, 1067], [226, 1067], [227, 1067], [228, 1067], [202, 1068], [203, 1068], [204, 1068], [205, 1068], [206, 1068], [207, 1068], [208, 1068], [209, 1068], [218, 1068], [219, 1068], [220, 1068], [221, 1068], [223, 1068], [224, 1068], [225, 1068], [226, 1068], [227, 1068], [228, 1068], [203, 1069], [204, 1069], [205, 1069], [206, 1069], [207, 1069], [208, 1069], [209, 1069], [218, 1069], [219, 1069], [220, 1069], [221, 1069], [223, 1069], [224, 1069], [225, 1069], [226, 1069], [227, 1069], [228, 1069], [203, 1070], [204, 1070], [205, 1070], [206, 1070], [207, 1070], [208, 1070], [209, 1070], [218, 1070], [219, 1070], [220, 1070], [221, 1070], [223, 1070], [224, 1070], [225, 1070], [203, 1071], [204, 1071], [205, 1071], [206, 1071], [207, 1071], [208, 1071], [209, 1071], [218, 1071], [219, 1071], [220, 1071], [221, 1071], [223, 1071], [224, 1071], [225, 1071], [184, 1072], [185, 1072], [186, 1072], [187, 1072], [200, 1072], [201, 1072], [202, 1072], [203, 1072], [204, 1072], [205, 1072], [206, 1072], [207, 1072], [208, 1072], [209, 1072], [218, 1072], [219, 1072], [220, 1072], [221, 1072], [223, 1072], [224, 1072], [225, 1072], [184, 1073], [185, 1073], [186, 1073], [187, 1073], [199, 1073], [200, 1073], [201, 1073], [202, 1073], [203, 1073], [204, 1073], [205, 1073], [206, 1073], [207, 1073], [208, 1073], [209, 1073], [222, 1073], [223, 1073], [224, 1073], [225, 1073], [183, 1074], [184, 1074], [185, 1074], [186, 1074], [187, 1074], [199, 1074], [200, 1074], [201, 1074], [204, 1074], [205, 1074], [206, 1074], [207, 1074], [208, 1074], [219, 1074], [220, 1074], [221, 1074], [222, 1074], [223, 1074], [224, 1074], [225, 1074], [182, 1075], [183, 1075], [184, 1075], [185, 1075], [186, 1075], [187, 1075], [199, 1075], [200, 1075], [201, 1075], [203, 1075], [204, 1075], [205, 1075], [206, 1075], [219, 1075], [220, 1075], [221, 1075], [222, 1075], [223, 1075], [224, 1075], [225, 1075], [182, 1076], [183, 1076], [184, 1076], [185, 1076], [186, 1076], [187, 1076], [199, 1076], [200, 1076], [201, 1076], [202, 1076], [203, 1076], [204, 1076], [205, 1076], [219, 1076], [220, 1076], [221, 1076], [222, 1076], [223, 1076], [224, 1076], [225, 1076], [182, 1077], [183, 1077], [184, 1077], [185, 1077], [186, 1077], [187, 1077], [196, 1077], [197, 1077], [198, 1077], [199, 1077], [200, 1077], [202, 1077], [203, 1077], [204, 1077], [219, 1077], [220, 1077], [221, 1077], [222, 1077], [223, 1077], [224, 1077], [182, 1078], [183, 1078], [184, 1078], [185, 1078], [186, 1078], [193, 1078], [194, 1078], [195, 1078], [196, 1078], [197, 1078], [198, 1078], [199, 1078], [200, 1078], [201, 1078], [202, 1078], [203, 1078], [218, 1078], [219, 1078], [220, 1078], [221, 1078], [222, 1078], [193, 1079], [194, 1079], [195, 1079], [196, 1079], [197, 1079], [199, 1079], [201, 1079], [202, 1079], [203, 1079], [218, 1079], [221, 1079], [222, 1079]




White line right - [1677, 145], [1678, 145], [1679, 145], [1677, 146], [1679, 146], [1677, 147], [1678, 147], [1679, 147], [1675, 150], [1676, 150], [1677, 150], [1675, 151], [1676, 151], [1677, 151], [1675, 152], [1677, 152], [1675, 153], [1676, 153], [1677, 153], [1675, 154], [1676, 154], [1677, 154], [1674, 155], [1675, 155], [1676, 155], [1674, 156], [1676, 156], [1674, 157], [1675, 157], [1676, 157], [1480, 265], [1481, 265], [1482, 265], [1480, 266], [1482, 266], [1480, 267], [1481, 267], [1482, 267], [1486, 267], [1487, 267], [1488, 267], [1489, 267], [1486, 268], [1487, 268], [1488, 268], [1489, 268], [1490, 268], [1491, 268], [1492, 268], [1493, 268], [1486, 269], [1487, 269], [1488, 269], [1489, 269], [1491, 269], [1492, 269], [1493, 269], [1494, 269], [1495, 269], [1496, 269], [1488, 270], [1489, 270], [1490, 270], [1491, 270], [1492, 270], [1493, 270], [1494, 270], [1495, 270], [1496, 270], [1497, 270], [1491, 271], [1492, 271], [1493, 271], [1494, 271], [1495, 271], [1496, 271], [1497, 271], [1494, 272], [1495, 272], [1496, 272], [1497, 272], [1660, 324], [1661, 324], [1662, 324], [1663, 324], [1664, 324], [1665, 324], [1666, 324], [1667, 324], [1660, 325], [1661, 325], [1662, 325], [1663, 325], [1664, 325], [1665, 325], [1666, 325], [1667, 325], [1668, 325], [1669, 325], [1670, 325], [1660, 326], [1661, 326], [1662, 326], [1663, 326], [1664, 326], [1665, 326], [1667, 326], [1668, 326], [1669, 326], [1670, 326], [1671, 326], [1672, 326], [1661, 327], [1662, 327], [1663, 327], [1664, 327], [1665, 327], [1666, 327], [1667, 327], [1668, 327], [1670, 327], [1671, 327], [1672, 327], [1665, 328], [1666, 328], [1667, 328], [1668, 328], [1669, 328], [1670, 328], [1671, 328], [1672, 328], [1668, 329], [1669, 329], [1670, 329], [1671, 329], [1306, 408], [1307, 408], [1308, 408], [1309, 408], [1310, 408], [1295, 409], [1296, 409], [1297, 409], [1298, 409], [1299, 409], [1300, 409], [1301, 409], [1302, 409], [1303, 409], [1304, 409], [1305, 409], [1306, 409], [1307, 409], [1308, 409], [1309, 409], [1310, 409], [1295, 410], [1296, 410], [1297, 410], [1298, 410], [1299, 410], [1300, 410], [1301, 410], [1302, 410], [1303, 410], [1304, 410], [1305, 410], [1306, 410], [1307, 410], [1309, 410], [1310, 410], [1295, 411], [1296, 411], [1307, 411], [1308, 411], [1309, 411], [1310, 411], [1295, 412], [1296, 412], [1297, 412], [1298, 412], [1299, 412], [1300, 412], [1301, 412], [1302, 412], [1303, 412], [1304, 412], [1305, 412], [1306, 412], [1307, 412], [1308, 412], [1309, 412], [1310, 412], [1295, 413], [1296, 413], [1297, 413], [1298, 413], [1299, 413], [1300, 413], [1301, 413], [1302, 413], [1303, 413], [1304, 413], [1305, 413], [1306, 413], [1307, 413], [1308, 413], [1296, 414], [1297, 414], [1298, 414], [1299, 414]


