White line left - 




Yellow line left - [1197, 435], [1198, 435], [1199, 435], [1200, 435], [1201, 435], [1197, 436], [1198, 436], [1200, 436], [1201, 436], [1197, 437], [1198, 437], [1199, 437], [1200, 437], [1201, 437]




Yellow line right - [1213, 451], [1214, 451], [1215, 451], [1212, 452], [1213, 452], [1214, 452], [1215, 452], [1216, 452], [1212, 453], [1213, 453], [1214, 453], [1215, 453], [1216, 453], [1212, 454], [1213, 454], [1215, 454], [1216, 454], [1212, 455], [1213, 455], [1215, 455], [1216, 455], [1212, 456], [1213, 456], [1214, 456], [1215, 456], [1216, 456], [1212, 457], [1213, 457], [1214, 457], [1215, 457], [1216, 457], [1213, 458], [1214, 458], [1215, 458], [1216, 458]




White line right - [1431, 287], [1429, 288], [1430, 288], [1431, 288], [1432, 288], [1433, 288], [1434, 288], [1428, 289], [1429, 289], [1430, 289], [1432, 289], [1433, 289], [1434, 289], [1435, 289], [1436, 289], [1437, 289], [1428, 290], [1429, 290], [1430, 290], [1431, 290], [1432, 290], [1433, 290], [1435, 290], [1436, 290], [1437, 290], [1438, 290], [1439, 290], [1440, 290], [1431, 291], [1432, 291], [1433, 291], [1434, 291], [1435, 291], [1436, 291], [1438, 291], [1439, 291], [1440, 291], [1441, 291], [1442, 291], [1443, 291], [1434, 292], [1435, 292], [1436, 292], [1437, 292], [1438, 292], [1439, 292], [1441, 292], [1442, 292], [1443, 292], [1444, 292], [1445, 292], [1446, 292], [1437, 293], [1438, 293], [1439, 293], [1440, 293], [1441, 293], [1442, 293], [1444, 293], [1445, 293], [1446, 293], [1447, 293], [1448, 293], [1449, 293], [1440, 294], [1441, 294], [1442, 294], [1443, 294], [1444, 294], [1445, 294], [1446, 294], [1447, 294], [1448, 294], [1449, 294], [1450, 294], [1451, 294], [1452, 294], [1443, 295], [1444, 295], [1445, 295], [1446, 295], [1447, 295], [1448, 295], [1449, 295], [1450, 295], [1451, 295], [1452, 295], [1453, 295], [1454, 295], [1455, 295], [1445, 296], [1446, 296], [1447, 296], [1448, 296], [1449, 296], [1450, 296], [1452, 296], [1453, 296], [1454, 296], [1455, 296], [1456, 296], [1457, 296], [1458, 296], [1448, 297], [1449, 297], [1450, 297], [1451, 297], [1452, 297], [1453, 297], [1454, 297], [1455, 297], [1456, 297], [1457, 297], [1458, 297], [1459, 297], [1460, 297], [1461, 297], [1450, 298], [1451, 298], [1452, 298], [1453, 298], [1454, 298], [1455, 298], [1456, 298], [1458, 298], [1459, 298], [1460, 298], [1461, 298], [1462, 298], [1463, 298], [1464, 298], [1454, 299], [1455, 299], [1456, 299], [1457, 299], [1458, 299], [1459, 299], [1461, 299], [1462, 299], [1463, 299], [1464, 299], [1465, 299], [1466, 299], [1467, 299], [1456, 300], [1457, 300], [1458, 300], [1459, 300], [1460, 300], [1461, 300], [1462, 300], [1464, 300], [1465, 300], [1466, 300], [1467, 300], [1468, 300], [1469, 300], [1459, 301], [1460, 301], [1461, 301], [1462, 301], [1463, 301], [1464, 301], [1465, 301], [1466, 301], [1467, 301], [1468, 301], [1469, 301], [1470, 301], [1471, 301], [1472, 301], [1462, 302], [1463, 302], [1464, 302], [1465, 302], [1466, 302], [1467, 302], [1469, 302], [1470, 302], [1471, 302], [1472, 302], [1473, 302], [1474, 302], [1475, 302], [1464, 303], [1465, 303], [1466, 303], [1467, 303], [1468, 303], [1469, 303], [1470, 303], [1472, 303], [1473, 303], [1474, 303], [1475, 303], [1476, 303], [1477, 303], [1478, 303], [1467, 304], [1468, 304], [1469, 304], [1470, 304], [1471, 304], [1472, 304], [1473, 304], [1475, 304], [1476, 304], [1477, 304], [1478, 304], [1479, 304], [1480, 304], [1481, 304], [1470, 305], [1471, 305], [1472, 305], [1473, 305], [1474, 305], [1475, 305], [1476, 305], [1478, 305], [1479, 305], [1480, 305], [1481, 305], [1482, 305], [1483, 305], [1484, 305], [1473, 306], [1474, 306], [1475, 306], [1476, 306], [1477, 306], [1478, 306], [1479, 306], [1480, 306], [1481, 306], [1482, 306], [1483, 306], [1484, 306], [1485, 306], [1486, 306], [1487, 306], [1476, 307], [1477, 307], [1478, 307], [1479, 307], [1480, 307], [1481, 307], [1482, 307], [1484, 307], [1485, 307], [1486, 307], [1487, 307], [1488, 307], [1489, 307], [1490, 307], [1491, 307], [1478, 308], [1479, 308], [1480, 308], [1481, 308], [1482, 308], [1483, 308], [1484, 308], [1485, 308], [1486, 308], [1487, 308], [1488, 308], [1489, 308], [1490, 308], [1491, 308], [1492, 308], [1493, 308], [1494, 308], [1482, 309], [1483, 309], [1484, 309], [1485, 309], [1486, 309], [1487, 309], [1488, 309], [1490, 309], [1491, 309], [1492, 309], [1493, 309], [1494, 309], [1495, 309], [1496, 309], [1497, 309], [1484, 310], [1485, 310], [1486, 310], [1487, 310], [1488, 310], [1489, 310], [1490, 310], [1491, 310], [1493, 310], [1494, 310], [1495, 310], [1496, 310], [1497, 310], [1498, 310], [1499, 310], [1500, 310], [1501, 310], [1502, 310], [1503, 310], [1504, 310], [1505, 310], [1506, 310], [1507, 310], [1508, 310], [1509, 310], [1510, 310], [1511, 310], [1512, 310], [1513, 310], [1487, 311], [1488, 311], [1489, 311], [1490, 311], [1491, 311], [1492, 311], [1493, 311], [1496, 311], [1497, 311], [1498, 311], [1499, 311], [1500, 311], [1501, 311], [1502, 311], [1503, 311], [1504, 311], [1505, 311], [1506, 311], [1507, 311], [1508, 311], [1509, 311], [1510, 311], [1511, 311], [1512, 311], [1513, 311], [1514, 311], [1515, 311], [1516, 311], [1490, 312], [1491, 312], [1492, 312], [1493, 312], [1494, 312], [1495, 312], [1496, 312], [1512, 312], [1513, 312], [1514, 312], [1515, 312], [1516, 312], [1492, 313], [1493, 313], [1494, 313], [1495, 313], [1496, 313], [1497, 313], [1498, 313], [1499, 313], [1510, 313], [1511, 313], [1512, 313], [1513, 313], [1514, 313], [1515, 313], [1516, 313], [1495, 314], [1496, 314], [1497, 314], [1498, 314], [1499, 314], [1500, 314], [1501, 314], [1502, 314], [1510, 314], [1511, 314], [1512, 314], [1513, 314], [1514, 314], [1515, 314], [1498, 315], [1499, 315], [1500, 315], [1501, 315], [1502, 315], [1503, 315], [1504, 315], [1505, 315], [1510, 315], [1511, 315], [1512, 315], [1513, 315], [1514, 315], [1501, 316], [1502, 316], [1503, 316], [1504, 316], [1505, 316], [1506, 316], [1507, 316], [1508, 316], [1510, 316], [1511, 316], [1512, 316], [1513, 316], [1514, 316], [1515, 316], [1516, 316], [1517, 316], [1504, 317], [1505, 317], [1506, 317], [1507, 317], [1508, 317], [1509, 317], [1510, 317], [1511, 317], [1513, 317], [1514, 317], [1515, 317], [1516, 317], [1517, 317], [1518, 317], [1519, 317], [1507, 318], [1508, 318], [1509, 318], [1510, 318], [1511, 318], [1512, 318], [1513, 318], [1514, 318], [1516, 318], [1517, 318], [1518, 318], [1519, 318], [1520, 318], [1521, 318], [1522, 318], [1510, 319], [1511, 319], [1512, 319], [1513, 319], [1514, 319], [1515, 319], [1516, 319], [1517, 319], [1518, 319], [1519, 319], [1520, 319], [1521, 319], [1522, 319], [1523, 319], [1524, 319], [1525, 319], [1513, 320], [1514, 320], [1515, 320], [1516, 320], [1517, 320], [1518, 320], [1519, 320], [1520, 320], [1521, 320], [1522, 320], [1523, 320], [1524, 320], [1525, 320], [1526, 320], [1527, 320], [1528, 320], [1516, 321], [1517, 321], [1518, 321], [1519, 321], [1520, 321], [1521, 321], [1522, 321], [1523, 321], [1524, 321], [1525, 321], [1526, 321], [1527, 321], [1528, 321], [1529, 321], [1530, 321], [1531, 321], [1519, 322], [1520, 322], [1521, 322], [1522, 322], [1523, 322], [1524, 322], [1525, 322], [1526, 322], [1527, 322], [1528, 322], [1529, 322], [1530, 322], [1531, 322], [1532, 322], [1533, 322], [1534, 322], [1535, 322], [1522, 323], [1523, 323], [1524, 323], [1525, 323], [1526, 323], [1527, 323], [1528, 323], [1530, 323], [1531, 323], [1532, 323], [1533, 323], [1534, 323], [1535, 323], [1536, 323], [1537, 323], [1538, 323], [1525, 324], [1526, 324], [1527, 324], [1528, 324], [1529, 324], [1530, 324], [1531, 324], [1534, 324], [1535, 324], [1536, 324], [1537, 324], [1538, 324], [1539, 324], [1540, 324], [1541, 324], [1527, 325], [1528, 325], [1529, 325], [1530, 325], [1531, 325], [1532, 325], [1533, 325], [1534, 325], [1537, 325], [1538, 325], [1539, 325], [1540, 325], [1541, 325], [1542, 325], [1543, 325], [1530, 326], [1531, 326], [1532, 326], [1533, 326], [1534, 326], [1535, 326], [1536, 326], [1537, 326], [1540, 326], [1541, 326], [1542, 326], [1543, 326], [1544, 326], [1545, 326], [1546, 326], [1533, 327], [1534, 327], [1535, 327], [1536, 327], [1537, 327], [1538, 327], [1539, 327], [1540, 327], [1542, 327], [1543, 327], [1544, 327], [1545, 327], [1546, 327], [1547, 327], [1548, 327], [1549, 327], [1536, 328], [1537, 328], [1538, 328], [1539, 328], [1540, 328], [1541, 328], [1542, 328], [1543, 328], [1545, 328], [1546, 328], [1547, 328], [1548, 328], [1549, 328], [1550, 328], [1551, 328], [1552, 328], [1539, 329], [1540, 329], [1541, 329], [1542, 329], [1543, 329], [1544, 329], [1545, 329], [1546, 329], [1548, 329], [1549, 329], [1550, 329], [1551, 329], [1552, 329], [1553, 329], [1554, 329], [1555, 329], [1542, 330], [1543, 330], [1544, 330], [1545, 330], [1546, 330], [1547, 330], [1548, 330], [1551, 330], [1552, 330], [1553, 330], [1554, 330], [1555, 330], [1556, 330], [1557, 330], [1545, 331], [1546, 331], [1547, 331], [1548, 331], [1549, 331], [1550, 331], [1551, 331], [1554, 331], [1555, 331], [1556, 331], [1557, 331], [1558, 331], [1559, 331], [1560, 331], [1561, 331], [1547, 332], [1548, 332], [1549, 332], [1550, 332], [1551, 332], [1552, 332], [1553, 332], [1554, 332], [1556, 332], [1557, 332], [1558, 332], [1559, 332], [1560, 332], [1561, 332], [1562, 332], [1563, 332], [1564, 332], [1550, 333], [1551, 333], [1552, 333], [1553, 333], [1554, 333], [1555, 333], [1556, 333], [1557, 333], [1560, 333], [1561, 333], [1562, 333], [1563, 333], [1564, 333], [1565, 333], [1566, 333], [1567, 333], [1553, 334], [1554, 334], [1555, 334], [1556, 334], [1557, 334], [1558, 334], [1559, 334], [1563, 334], [1564, 334], [1565, 334], [1566, 334], [1567, 334], [1568, 334], [1569, 334], [1570, 334], [1556, 335], [1557, 335], [1558, 335], [1559, 335], [1560, 335], [1561, 335], [1562, 335], [1566, 335], [1567, 335], [1568, 335], [1569, 335], [1570, 335], [1571, 335], [1572, 335], [1573, 335], [1558, 336], [1559, 336], [1560, 336], [1561, 336], [1562, 336], [1563, 336], [1564, 336], [1565, 336], [1569, 336], [1570, 336], [1571, 336], [1572, 336], [1573, 336], [1574, 336], [1575, 336], [1576, 336], [1561, 337], [1562, 337], [1563, 337], [1564, 337], [1565, 337], [1566, 337], [1567, 337], [1568, 337], [1572, 337], [1573, 337], [1574, 337], [1575, 337], [1576, 337], [1577, 337], [1578, 337], [1579, 337], [1564, 338], [1565, 338], [1566, 338], [1567, 338], [1568, 338], [1569, 338], [1570, 338], [1571, 338], [1575, 338], [1576, 338], [1577, 338], [1578, 338], [1579, 338], [1580, 338], [1581, 338], [1582, 338], [1567, 339], [1568, 339], [1569, 339], [1570, 339], [1571, 339], [1572, 339], [1573, 339], [1574, 339], [1578, 339], [1579, 339], [1580, 339], [1581, 339], [1582, 339], [1583, 339], [1584, 339], [1570, 340], [1571, 340], [1572, 340], [1573, 340], [1574, 340], [1575, 340], [1576, 340], [1577, 340], [1581, 340], [1582, 340], [1583, 340], [1584, 340], [1585, 340], [1586, 340], [1587, 340], [1573, 341], [1574, 341], [1575, 341], [1576, 341], [1577, 341], [1578, 341], [1579, 341], [1580, 341], [1583, 341], [1584, 341], [1585, 341], [1586, 341], [1587, 341], [1588, 341], [1589, 341], [1590, 341], [1576, 342], [1577, 342], [1578, 342], [1579, 342], [1580, 342], [1581, 342], [1582, 342], [1586, 342], [1587, 342], [1588, 342], [1589, 342], [1590, 342], [1591, 342], [1592, 342], [1593, 342], [1579, 343], [1580, 343], [1581, 343], [1582, 343], [1583, 343], [1584, 343], [1585, 343], [1589, 343], [1590, 343], [1591, 343], [1592, 343], [1593, 343], [1594, 343], [1595, 343], [1596, 343], [1581, 344], [1582, 344], [1583, 344], [1584, 344], [1585, 344], [1586, 344], [1587, 344], [1588, 344], [1592, 344], [1593, 344], [1594, 344], [1595, 344], [1596, 344], [1597, 344], [1598, 344], [1599, 344], [1584, 345], [1585, 345], [1586, 345], [1587, 345], [1588, 345], [1589, 345], [1590, 345], [1591, 345], [1595, 345], [1596, 345], [1597, 345], [1598, 345], [1599, 345], [1600, 345], [1601, 345], [1602, 345], [1587, 346], [1588, 346], [1589, 346], [1590, 346], [1591, 346], [1592, 346], [1593, 346], [1594, 346], [1598, 346], [1599, 346], [1600, 346], [1601, 346], [1602, 346], [1603, 346], [1604, 346], [1605, 346], [1590, 347], [1591, 347], [1592, 347], [1593, 347], [1594, 347], [1595, 347], [1596, 347], [1597, 347], [1601, 347], [1602, 347], [1603, 347], [1604, 347], [1605, 347], [1606, 347], [1607, 347], [1608, 347], [1593, 348], [1594, 348], [1595, 348], [1596, 348], [1597, 348], [1598, 348], [1599, 348], [1604, 348], [1605, 348], [1606, 348], [1607, 348], [1608, 348], [1609, 348], [1610, 348], [1611, 348], [1596, 349], [1597, 349], [1598, 349], [1599, 349], [1600, 349], [1601, 349], [1602, 349], [1607, 349], [1608, 349], [1609, 349], [1610, 349], [1611, 349], [1612, 349], [1613, 349], [1614, 349], [1598, 350], [1599, 350], [1600, 350], [1601, 350], [1602, 350], [1603, 350], [1604, 350], [1605, 350], [1610, 350], [1611, 350], [1612, 350], [1613, 350], [1614, 350], [1615, 350], [1616, 350], [1617, 350], [1601, 351], [1602, 351], [1603, 351], [1604, 351], [1605, 351], [1606, 351], [1607, 351], [1608, 351], [1613, 351], [1614, 351], [1615, 351], [1616, 351], [1617, 351], [1618, 351], [1619, 351], [1620, 351], [1604, 352], [1605, 352], [1606, 352], [1607, 352], [1608, 352], [1609, 352], [1610, 352], [1611, 352], [1616, 352], [1617, 352], [1618, 352], [1619, 352], [1620, 352], [1621, 352], [1622, 352], [1623, 352], [1607, 353], [1608, 353], [1609, 353], [1610, 353], [1611, 353], [1612, 353], [1613, 353], [1614, 353], [1619, 353], [1620, 353], [1621, 353], [1622, 353], [1623, 353], [1624, 353], [1625, 353], [1610, 354], [1611, 354], [1612, 354], [1613, 354], [1614, 354], [1615, 354], [1616, 354], [1617, 354], [1622, 354], [1623, 354], [1624, 354], [1625, 354], [1626, 354], [1627, 354], [1628, 354], [1629, 354], [1613, 355], [1614, 355], [1615, 355], [1616, 355], [1617, 355], [1618, 355], [1619, 355], [1624, 355], [1625, 355], [1626, 355], [1627, 355], [1628, 355], [1629, 355], [1630, 355], [1631, 355], [1632, 355], [1616, 356], [1617, 356], [1618, 356], [1619, 356], [1620, 356], [1621, 356], [1622, 356], [1628, 356], [1629, 356], [1630, 356], [1631, 356], [1632, 356], [1633, 356], [1634, 356], [1635, 356], [1618, 357], [1619, 357], [1620, 357], [1621, 357], [1622, 357], [1623, 357], [1624, 357], [1631, 357], [1632, 357], [1633, 357], [1634, 357], [1635, 357], [1636, 357], [1637, 357], [1621, 358], [1622, 358], [1623, 358], [1624, 358], [1625, 358], [1626, 358], [1627, 358], [1634, 358], [1635, 358], [1636, 358], [1637, 358], [1638, 358], [1639, 358], [1640, 358], [1641, 358], [1623, 359], [1624, 359], [1625, 359], [1626, 359], [1627, 359], [1628, 359], [1629, 359], [1630, 359], [1636, 359], [1637, 359], [1638, 359], [1639, 359], [1640, 359], [1641, 359], [1642, 359], [1643, 359], [1626, 360], [1627, 360], [1628, 360], [1629, 360], [1630, 360], [1631, 360], [1632, 360], [1633, 360], [1640, 360], [1641, 360], [1642, 360], [1643, 360], [1644, 360], [1645, 360], [1646, 360], [1629, 361], [1630, 361], [1631, 361], [1632, 361], [1633, 361], [1634, 361], [1635, 361], [1636, 361], [1642, 361], [1643, 361], [1644, 361], [1645, 361], [1646, 361], [1647, 361], [1648, 361], [1632, 362], [1633, 362], [1634, 362], [1635, 362], [1636, 362], [1637, 362], [1638, 362], [1639, 362], [1645, 362], [1646, 362], [1647, 362], [1648, 362], [1649, 362], [1650, 362], [1651, 362], [1635, 363], [1636, 363], [1637, 363], [1638, 363], [1639, 363], [1640, 363], [1641, 363], [1647, 363], [1648, 363], [1649, 363], [1650, 363], [1651, 363], [1652, 363], [1653, 363], [1654, 363], [1638, 364], [1639, 364], [1640, 364], [1641, 364], [1642, 364], [1643, 364], [1644, 364], [1650, 364], [1651, 364], [1652, 364], [1653, 364], [1654, 364], [1655, 364], [1656, 364], [1657, 364], [1640, 365], [1641, 365], [1642, 365], [1643, 365], [1644, 365], [1645, 365], [1646, 365], [1647, 365], [1653, 365], [1654, 365], [1655, 365], [1656, 365], [1657, 365], [1658, 365], [1659, 365], [1660, 365], [1643, 366], [1644, 366], [1645, 366], [1646, 366], [1647, 366], [1648, 366], [1649, 366], [1650, 366], [1651, 366], [1656, 366], [1657, 366], [1658, 366], [1659, 366], [1660, 366], [1661, 366], [1662, 366], [1646, 367], [1647, 367], [1648, 367], [1649, 367], [1650, 367], [1651, 367], [1652, 367], [1653, 367], [1659, 367], [1660, 367], [1661, 367], [1662, 367], [1663, 367], [1664, 367], [1665, 367], [1666, 367], [1650, 368], [1651, 368], [1652, 368], [1653, 368], [1654, 368], [1655, 368], [1656, 368], [1661, 368], [1662, 368], [1663, 368], [1664, 368], [1665, 368], [1666, 368], [1667, 368], [1668, 368], [1652, 369], [1653, 369], [1654, 369], [1655, 369], [1656, 369], [1657, 369], [1658, 369], [1665, 369], [1666, 369], [1667, 369], [1668, 369], [1669, 369], [1670, 369], [1671, 369], [1655, 370], [1656, 370], [1657, 370], [1658, 370], [1659, 370], [1660, 370], [1661, 370], [1667, 370], [1668, 370], [1669, 370], [1670, 370], [1671, 370], [1672, 370], [1673, 370], [1674, 370], [1657, 371], [1658, 371], [1659, 371], [1660, 371], [1661, 371], [1662, 371], [1663, 371], [1664, 371], [1670, 371], [1671, 371], [1672, 371], [1673, 371], [1674, 371], [1675, 371], [1676, 371], [1677, 371], [1660, 372], [1661, 372], [1662, 372], [1663, 372], [1664, 372], [1665, 372], [1666, 372], [1667, 372], [1673, 372], [1674, 372], [1675, 372], [1676, 372], [1677, 372], [1678, 372], [1679, 372], [1680, 372], [1663, 373], [1664, 373], [1665, 373], [1666, 373], [1667, 373], [1668, 373], [1669, 373], [1670, 373], [1676, 373], [1677, 373], [1678, 373], [1679, 373], [1680, 373], [1681, 373], [1682, 373], [1683, 373], [1666, 374], [1667, 374], [1668, 374], [1669, 374], [1670, 374], [1671, 374], [1672, 374], [1673, 374], [1679, 374], [1680, 374], [1681, 374], [1682, 374], [1683, 374], [1684, 374], [1685, 374], [1686, 374], [1669, 375], [1670, 375], [1671, 375], [1672, 375], [1673, 375], [1674, 375], [1675, 375], [1676, 375], [1682, 375], [1683, 375], [1684, 375], [1685, 375], [1686, 375], [1687, 375], [1688, 375], [1689, 375], [1672, 376], [1673, 376], [1674, 376], [1675, 376], [1676, 376], [1677, 376], [1678, 376], [1679, 376], [1685, 376], [1686, 376], [1687, 376], [1688, 376], [1689, 376], [1690, 376], [1691, 376], [1692, 376], [1675, 377], [1676, 377], [1677, 377], [1678, 377], [1679, 377], [1680, 377], [1681, 377], [1688, 377], [1689, 377], [1690, 377], [1691, 377], [1692, 377], [1693, 377], [1694, 377], [1695, 377], [1678, 378], [1679, 378], [1680, 378], [1681, 378], [1682, 378], [1683, 378], [1684, 378], [1691, 378], [1692, 378], [1693, 378], [1694, 378], [1695, 378], [1696, 378], [1697, 378], [1698, 378], [1680, 379], [1681, 379], [1682, 379], [1683, 379], [1684, 379], [1685, 379], [1686, 379], [1687, 379], [1694, 379], [1695, 379], [1696, 379], [1697, 379], [1698, 379], [1699, 379], [1700, 379], [1683, 380], [1684, 380], [1685, 380], [1686, 380], [1687, 380], [1688, 380], [1689, 380], [1697, 380], [1698, 380], [1699, 380], [1700, 380], [1701, 380], [1702, 380], [1703, 380], [1704, 380], [1686, 381], [1687, 381], [1688, 381], [1689, 381], [1690, 381], [1691, 381], [1692, 381], [1699, 381], [1700, 381], [1701, 381], [1702, 381], [1703, 381], [1704, 381], [1705, 381], [1706, 381], [1688, 382], [1689, 382], [1690, 382], [1691, 382], [1692, 382], [1693, 382], [1694, 382], [1695, 382], [1703, 382], [1704, 382], [1705, 382], [1706, 382], [1707, 382], [1708, 382], [1709, 382], [1691, 383], [1692, 383], [1693, 383], [1694, 383], [1695, 383], [1696, 383], [1697, 383], [1698, 383], [1705, 383], [1706, 383], [1707, 383], [1708, 383], [1709, 383], [1710, 383], [1711, 383], [1712, 383], [1694, 384], [1695, 384], [1696, 384], [1697, 384], [1698, 384], [1699, 384], [1700, 384], [1701, 384], [1708, 384], [1709, 384], [1710, 384], [1711, 384], [1712, 384], [1713, 384], [1714, 384], [1715, 384], [1697, 385], [1698, 385], [1699, 385], [1700, 385], [1701, 385], [1702, 385], [1703, 385], [1711, 385], [1712, 385], [1713, 385], [1714, 385], [1715, 385], [1716, 385], [1717, 385], [1700, 386], [1701, 386], [1702, 386], [1703, 386], [1704, 386], [1705, 386], [1706, 386], [1714, 386], [1715, 386], [1716, 386], [1717, 386], [1718, 386], [1719, 386], [1720, 386], [1721, 386], [1702, 387], [1703, 387], [1704, 387], [1705, 387], [1706, 387], [1707, 387], [1708, 387], [1709, 387], [1716, 387], [1717, 387], [1718, 387], [1719, 387], [1720, 387], [1721, 387], [1722, 387], [1723, 387], [1705, 388], [1706, 388], [1707, 388], [1708, 388], [1709, 388], [1710, 388], [1711, 388], [1720, 388], [1721, 388], [1722, 388], [1723, 388], [1724, 388], [1725, 388], [1726, 388], [1727, 388], [1708, 389], [1709, 389], [1710, 389], [1711, 389], [1712, 389], [1713, 389], [1714, 389], [1715, 389], [1722, 389], [1723, 389], [1724, 389], [1725, 389], [1726, 389], [1727, 389], [1728, 389], [1729, 389], [1710, 390], [1711, 390], [1712, 390], [1713, 390], [1714, 390], [1715, 390], [1716, 390], [1717, 390], [1718, 390], [1726, 390], [1727, 390], [1728, 390], [1729, 390], [1730, 390], [1731, 390], [1732, 390], [1714, 391], [1715, 391], [1716, 391], [1717, 391], [1718, 391], [1719, 391], [1720, 391], [1721, 391], [1728, 391], [1729, 391], [1730, 391], [1731, 391], [1732, 391], [1733, 391], [1734, 391], [1735, 391], [1717, 392], [1718, 392], [1719, 392], [1720, 392], [1721, 392], [1722, 392], [1723, 392], [1731, 392], [1732, 392], [1733, 392], [1734, 392], [1735, 392], [1736, 392], [1737, 392], [1738, 392], [1720, 393], [1721, 393], [1722, 393], [1723, 393], [1724, 393], [1725, 393], [1726, 393], [1734, 393], [1735, 393], [1736, 393], [1737, 393], [1738, 393], [1739, 393], [1740, 393], [1741, 393], [1722, 394], [1723, 394], [1724, 394], [1725, 394], [1726, 394], [1727, 394], [1728, 394], [1729, 394], [1737, 394], [1738, 394], [1739, 394], [1740, 394], [1741, 394], [1742, 394], [1743, 394], [1725, 395], [1726, 395], [1727, 395], [1728, 395], [1729, 395], [1730, 395], [1731, 395], [1732, 395], [1740, 395], [1741, 395], [1742, 395], [1743, 395], [1744, 395], [1745, 395], [1746, 395], [1728, 396], [1729, 396], [1730, 396], [1731, 396], [1732, 396], [1733, 396], [1734, 396], [1742, 396], [1743, 396], [1744, 396], [1745, 396], [1746, 396], [1747, 396], [1748, 396], [1749, 396], [1731, 397], [1732, 397], [1733, 397], [1734, 397], [1735, 397], [1736, 397], [1737, 397], [1738, 397], [1745, 397], [1746, 397], [1747, 397], [1748, 397], [1749, 397], [1750, 397], [1751, 397], [1752, 397], [1733, 398], [1734, 398], [1735, 398], [1736, 398], [1737, 398], [1738, 398], [1739, 398], [1740, 398], [1741, 398], [1748, 398], [1749, 398], [1750, 398], [1751, 398], [1752, 398], [1753, 398], [1754, 398], [1755, 398], [1737, 399], [1738, 399], [1739, 399], [1740, 399], [1741, 399], [1742, 399], [1743, 399], [1751, 399], [1752, 399], [1753, 399], [1754, 399], [1755, 399], [1756, 399], [1757, 399], [1758, 399], [1740, 400], [1741, 400], [1742, 400], [1743, 400], [1744, 400], [1745, 400], [1746, 400], [1754, 400], [1755, 400], [1756, 400], [1757, 400], [1758, 400], [1759, 400], [1760, 400], [1761, 400], [1742, 401], [1743, 401], [1744, 401], [1745, 401], [1746, 401], [1747, 401], [1748, 401], [1749, 401], [1757, 401], [1758, 401], [1759, 401], [1760, 401], [1761, 401], [1762, 401], [1763, 401], [1745, 402], [1746, 402], [1747, 402], [1748, 402], [1749, 402], [1750, 402], [1751, 402], [1760, 402], [1761, 402], [1762, 402], [1763, 402], [1764, 402], [1765, 402], [1766, 402], [1767, 402], [1748, 403], [1749, 403], [1750, 403], [1751, 403], [1752, 403], [1753, 403], [1754, 403], [1762, 403], [1763, 403], [1764, 403], [1765, 403], [1766, 403], [1767, 403], [1768, 403], [1769, 403], [1750, 404], [1751, 404], [1752, 404], [1753, 404], [1754, 404], [1755, 404], [1756, 404], [1757, 404], [1766, 404], [1767, 404], [1768, 404], [1769, 404], [1770, 404], [1771, 404], [1772, 404], [1753, 405], [1754, 405], [1755, 405], [1756, 405], [1757, 405], [1758, 405], [1759, 405], [1760, 405], [1768, 405], [1769, 405], [1770, 405], [1771, 405], [1772, 405], [1773, 405], [1774, 405], [1775, 405], [1756, 406], [1757, 406], [1758, 406], [1759, 406], [1760, 406], [1761, 406], [1762, 406], [1771, 406], [1772, 406], [1773, 406], [1774, 406], [1775, 406], [1776, 406], [1777, 406], [1759, 407], [1760, 407], [1761, 407], [1762, 407], [1763, 407], [1764, 407], [1765, 407], [1774, 407], [1775, 407], [1776, 407], [1777, 407], [1778, 407], [1779, 407], [1780, 407], [1761, 408], [1762, 408], [1763, 408], [1764, 408], [1765, 408], [1766, 408], [1767, 408], [1768, 408], [1776, 408], [1777, 408], [1778, 408], [1779, 408], [1780, 408], [1781, 408], [1782, 408], [1783, 408], [1764, 409], [1765, 409], [1766, 409], [1767, 409], [1768, 409], [1769, 409], [1770, 409], [1771, 409], [1779, 409], [1780, 409], [1781, 409], [1782, 409], [1783, 409], [1784, 409], [1785, 409], [1786, 409], [1767, 410], [1768, 410], [1769, 410], [1770, 410], [1771, 410], [1772, 410], [1773, 410], [1774, 410], [1782, 410], [1783, 410], [1784, 410], [1785, 410], [1786, 410], [1787, 410], [1788, 410], [1789, 410], [1790, 410], [1770, 411], [1771, 411], [1772, 411], [1773, 411], [1774, 411], [1775, 411], [1776, 411], [1785, 411], [1786, 411], [1787, 411], [1788, 411], [1789, 411], [1790, 411], [1791, 411], [1792, 411], [1793, 411], [1773, 412], [1774, 412], [1775, 412], [1776, 412], [1777, 412], [1778, 412], [1779, 412], [1789, 412], [1790, 412], [1791, 412], [1792, 412], [1793, 412], [1794, 412], [1795, 412], [1796, 412], [1775, 413], [1776, 413], [1777, 413], [1778, 413], [1779, 413], [1780, 413], [1781, 413], [1782, 413], [1792, 413], [1793, 413], [1794, 413], [1795, 413], [1796, 413], [1797, 413], [1798, 413], [1778, 414], [1779, 414], [1780, 414], [1781, 414], [1782, 414], [1783, 414], [1784, 414], [1795, 414], [1796, 414], [1797, 414], [1798, 414], [1799, 414], [1800, 414], [1801, 414], [1781, 415], [1782, 415], [1783, 415], [1784, 415], [1785, 415], [1786, 415], [1787, 415], [1797, 415], [1798, 415], [1799, 415], [1800, 415], [1801, 415], [1802, 415], [1803, 415], [1804, 415], [1783, 416], [1784, 416], [1785, 416], [1786, 416], [1787, 416], [1788, 416], [1789, 416], [1800, 416], [1801, 416], [1802, 416], [1803, 416], [1804, 416], [1805, 416], [1806, 416], [1807, 416], [1786, 417], [1787, 417], [1788, 417], [1789, 417], [1790, 417], [1791, 417], [1792, 417], [1803, 417], [1804, 417], [1805, 417], [1806, 417], [1807, 417], [1808, 417], [1809, 417], [1810, 417], [1788, 418], [1789, 418], [1790, 418], [1791, 418], [1792, 418], [1793, 418], [1794, 418], [1795, 418], [1806, 418], [1807, 418], [1808, 418], [1809, 418], [1810, 418], [1811, 418], [1812, 418], [1791, 419], [1792, 419], [1793, 419], [1794, 419], [1795, 419], [1796, 419], [1797, 419], [1798, 419], [1809, 419], [1810, 419], [1811, 419], [1812, 419], [1813, 419], [1814, 419], [1815, 419], [1794, 420], [1795, 420], [1796, 420], [1797, 420], [1798, 420], [1799, 420], [1800, 420], [1801, 420], [1811, 420], [1812, 420], [1813, 420], [1814, 420], [1815, 420], [1816, 420], [1817, 420], [1818, 420], [1819, 420], [1797, 421], [1798, 421], [1799, 421], [1800, 421], [1801, 421], [1802, 421], [1803, 421], [1814, 421], [1815, 421], [1816, 421], [1817, 421], [1818, 421], [1819, 421], [1820, 421], [1821, 421], [1822, 421], [1800, 422], [1801, 422], [1802, 422], [1803, 422], [1804, 422], [1805, 422], [1806, 422], [1818, 422], [1819, 422], [1820, 422], [1821, 422], [1822, 422], [1823, 422], [1824, 422], [1802, 423], [1803, 423], [1804, 423], [1805, 423], [1806, 423], [1807, 423], [1808, 423], [1809, 423], [1821, 423], [1822, 423], [1823, 423], [1824, 423], [1805, 424], [1806, 424], [1807, 424], [1808, 424], [1809, 424], [1810, 424], [1811, 424], [1812, 424], [1823, 424], [1824, 424], [1808, 425], [1809, 425], [1810, 425], [1811, 425], [1812, 425], [1813, 425], [1814, 425], [1815, 425], [1811, 426], [1812, 426], [1813, 426], [1814, 426], [1815, 426], [1816, 426], [1817, 426], [1814, 427], [1815, 427], [1816, 427], [1817, 427], [1818, 427], [1819, 427], [1820, 427], [1816, 428], [1817, 428], [1818, 428], [1819, 428], [1820, 428], [1821, 428], [1822, 428], [1823, 428], [1819, 429], [1820, 429], [1821, 429], [1822, 429], [1823, 429], [1824, 429], [1822, 430], [1823, 430], [1824, 430], [1824, 431]


