White line left - [749, 692], [747, 693], [748, 693], [749, 693], [747, 694], [748, 694], [746, 695], [747, 695], [748, 695], [745, 696], [746, 696], [747, 696], [748, 696], [740, 697], [745, 697], [746, 697], [747, 697], [739, 698], [740, 698], [744, 698], [745, 698], [746, 698], [738, 699], [739, 699], [743, 699], [744, 699], [745, 699], [746, 699], [736, 700], [737, 700], [738, 700], [739, 700], [743, 700], [744, 700], [745, 700], [735, 701], [736, 701], [737, 701], [738, 701], [739, 701], [743, 701], [744, 701], [735, 702], [736, 702], [737, 702], [742, 702], [743, 702], [744, 702], [734, 703], [735, 703], [736, 703], [741, 703], [742, 703], [743, 703], [744, 703], [734, 704], [735, 704], [736, 704], [739, 704], [740, 704], [741, 704], [742, 704], [743, 704], [734, 705], [735, 705], [739, 705], [740, 705], [741, 705], [742, 705], [734, 706], [735, 706], [737, 706], [738, 706], [739, 706], [740, 706], [734, 707], [735, 707], [736, 707], [737, 707], [738, 707], [739, 707], [740, 707], [734, 708], [735, 708], [736, 708], [737, 708], [738, 708]




Yellow line left - [221, 1005], [222, 1005], [220, 1006], [221, 1006], [219, 1007], [220, 1007], [221, 1007], [222, 1007], [220, 1008], [221, 1008], [222, 1008], [223, 1008], [215, 1009], [216, 1009], [217, 1009], [218, 1009], [219, 1009], [220, 1009], [221, 1009], [222, 1009], [223, 1009], [213, 1010], [214, 1010], [215, 1010], [216, 1010], [217, 1010], [218, 1010], [219, 1010], [220, 1010], [221, 1010], [222, 1010], [223, 1010], [211, 1011], [212, 1011], [213, 1011], [208, 1013], [209, 1013], [206, 1014], [207, 1014], [208, 1014], [209, 1014], [204, 1015], [205, 1015], [206, 1015], [207, 1015], [209, 1015], [210, 1015], [203, 1016], [204, 1016], [205, 1016], [206, 1016], [207, 1016], [208, 1016], [209, 1016], [210, 1016], [211, 1016], [202, 1017], [203, 1017], [204, 1017], [205, 1017], [206, 1017], [207, 1017], [209, 1017], [210, 1017], [211, 1017], [201, 1018], [202, 1018], [203, 1018], [204, 1018], [205, 1018], [206, 1018], [207, 1018], [208, 1018], [209, 1018], [210, 1018], [211, 1018], [200, 1019], [201, 1019], [202, 1019], [203, 1019], [204, 1019], [205, 1019], [206, 1019], [207, 1019], [208, 1019], [209, 1019], [200, 1020], [201, 1020], [202, 1020], [204, 1020], [205, 1020], [206, 1020], [199, 1021], [200, 1021], [201, 1021], [199, 1022], [200, 1022], [201, 1022], [199, 1023], [200, 1023], [201, 1023], [202, 1023], [200, 1024], [201, 1024], [202, 1024], [192, 1025], [193, 1025], [194, 1025], [195, 1025], [196, 1025], [201, 1025], [202, 1025], [192, 1026], [193, 1026], [194, 1026], [195, 1026], [196, 1026], [200, 1026], [201, 1026], [202, 1026], [192, 1027], [193, 1027], [195, 1027], [196, 1027], [197, 1027], [198, 1027], [199, 1027], [200, 1027], [201, 1027], [202, 1027], [192, 1028], [193, 1028], [194, 1028], [195, 1028], [196, 1028], [197, 1028], [198, 1028], [199, 1028], [200, 1028], [201, 1028], [192, 1029], [193, 1029], [194, 1029], [195, 1029], [196, 1029], [197, 1029], [198, 1029], [199, 1029], [191, 1030], [192, 1030], [193, 1030], [194, 1030], [196, 1030], [197, 1030], [198, 1030], [189, 1031], [190, 1031], [191, 1031], [192, 1031], [193, 1031], [176, 1032], [177, 1032], [189, 1032], [190, 1032], [191, 1032], [192, 1032], [174, 1033], [175, 1033], [177, 1033], [179, 1033], [180, 1033], [181, 1033], [182, 1033], [183, 1033], [184, 1033], [185, 1033], [186, 1033], [187, 1033], [188, 1033], [189, 1033], [190, 1033], [191, 1033], [192, 1033], [172, 1034], [173, 1034], [174, 1034], [175, 1034], [176, 1034], [177, 1034], [179, 1034], [180, 1034], [181, 1034], [182, 1034], [183, 1034], [184, 1034], [185, 1034], [186, 1034], [187, 1034], [188, 1034], [189, 1034], [190, 1034], [171, 1035], [172, 1035], [173, 1035], [174, 1035], [175, 1035], [176, 1035], [177, 1035], [178, 1035], [179, 1035], [180, 1035], [181, 1035], [182, 1035], [183, 1035], [184, 1035], [186, 1035], [187, 1035], [188, 1035], [189, 1035], [170, 1036], [171, 1036], [172, 1036], [173, 1036], [174, 1036], [176, 1036], [177, 1036], [178, 1036], [179, 1036], [180, 1036], [170, 1037], [171, 1037], [172, 1037], [170, 1038], [171, 1038], [172, 1038], [167, 1039], [168, 1039], [169, 1039], [170, 1039], [171, 1039], [172, 1039], [166, 1040], [167, 1040], [168, 1040], [169, 1040], [170, 1040], [171, 1040], [172, 1040], [166, 1041], [167, 1041], [168, 1041], [169, 1041], [170, 1041], [171, 1041], [172, 1041], [166, 1042], [167, 1042], [168, 1042], [169, 1042], [165, 1043], [166, 1043], [167, 1043], [168, 1043], [169, 1043], [162, 1044], [163, 1044], [164, 1044], [165, 1044], [166, 1044], [167, 1044], [162, 1045], [163, 1045], [164, 1045], [165, 1045], [166, 1045], [161, 1046], [162, 1046], [163, 1046], [164, 1046], [165, 1046], [166, 1046], [160, 1047], [161, 1047], [162, 1047], [163, 1047], [158, 1048], [159, 1048], [160, 1048], [161, 1048], [162, 1048], [157, 1049], [158, 1049], [159, 1049], [160, 1049], [161, 1049], [157, 1050], [158, 1050], [159, 1050], [156, 1051], [157, 1051], [158, 1051], [155, 1052], [156, 1052], [157, 1052], [158, 1052], [155, 1053], [156, 1053], [157, 1053], [153, 1054], [154, 1054], [155, 1054], [156, 1054], [137, 1055], [153, 1055], [154, 1055], [155, 1055], [156, 1055], [152, 1056], [153, 1056], [154, 1056], [152, 1057], [153, 1057], [154, 1057], [150, 1058], [151, 1058], [152, 1058], [153, 1058], [148, 1059], [149, 1059], [150, 1059], [151, 1059], [152, 1059], [153, 1059], [144, 1060], [145, 1060], [146, 1060], [147, 1060], [148, 1060], [149, 1060], [150, 1060], [151, 1060], [139, 1061], [140, 1061], [141, 1061], [142, 1061], [143, 1061], [144, 1061], [145, 1061], [146, 1061], [147, 1061], [148, 1061], [149, 1061], [138, 1062], [139, 1062], [140, 1062], [141, 1062], [142, 1062], [143, 1062], [144, 1062], [145, 1062], [146, 1062], [147, 1062], [148, 1062], [137, 1063], [138, 1063], [139, 1063], [140, 1063], [142, 1063], [143, 1063], [144, 1063], [137, 1064], [138, 1064], [139, 1064], [120, 1065], [121, 1065], [136, 1065], [137, 1065], [138, 1065], [119, 1066], [120, 1066], [121, 1066], [136, 1066], [137, 1066], [138, 1066], [120, 1067], [121, 1067], [136, 1067], [137, 1067], [138, 1067], [165, 1067], [166, 1067], [167, 1067], [120, 1068], [121, 1068], [122, 1068], [137, 1068], [138, 1068], [164, 1068], [165, 1068], [166, 1068], [167, 1068], [168, 1068], [169, 1068], [120, 1069], [121, 1069], [122, 1069], [137, 1069], [138, 1069], [139, 1069], [162, 1069], [163, 1069], [164, 1069], [165, 1069], [166, 1069], [167, 1069], [168, 1069], [169, 1069], [121, 1070], [122, 1070], [123, 1070], [124, 1070], [125, 1070], [137, 1070], [138, 1070], [139, 1070], [162, 1070], [163, 1070], [164, 1070], [165, 1070], [166, 1070], [168, 1070], [169, 1070], [120, 1071], [121, 1071], [122, 1071], [123, 1071], [124, 1071], [125, 1071], [126, 1071], [137, 1071], [138, 1071], [139, 1071], [159, 1071], [160, 1071], [161, 1071], [162, 1071], [163, 1071], [164, 1071], [165, 1071], [166, 1071], [167, 1071], [168, 1071], [169, 1071], [108, 1072], [120, 1072], [121, 1072], [122, 1072], [123, 1072], [124, 1072], [125, 1072], [126, 1072], [127, 1072], [128, 1072], [136, 1072], [137, 1072], [138, 1072], [159, 1072], [160, 1072], [161, 1072], [162, 1072], [163, 1072], [164, 1072], [167, 1072], [168, 1072], [169, 1072], [170, 1072], [107, 1073], [108, 1073], [120, 1073], [121, 1073], [123, 1073], [124, 1073], [125, 1073], [126, 1073], [127, 1073], [128, 1073], [135, 1073], [136, 1073], [137, 1073], [138, 1073], [158, 1073], [159, 1073], [160, 1073], [168, 1073], [169, 1073], [170, 1073], [105, 1074], [106, 1074], [107, 1074], [120, 1074], [121, 1074], [122, 1074], [123, 1074], [124, 1074], [125, 1074], [126, 1074], [127, 1074], [128, 1074], [129, 1074], [134, 1074], [135, 1074], [136, 1074], [137, 1074], [155, 1074], [156, 1074], [157, 1074], [158, 1074], [159, 1074], [160, 1074], [168, 1074], [169, 1074], [170, 1074], [120, 1075], [121, 1075], [122, 1075], [124, 1075], [125, 1075], [126, 1075], [127, 1075], [128, 1075], [129, 1075], [130, 1075], [131, 1075], [132, 1075], [133, 1075], [134, 1075], [135, 1075], [136, 1075], [155, 1075], [156, 1075], [157, 1075], [158, 1075], [159, 1075], [168, 1075], [169, 1075], [170, 1075], [119, 1076], [120, 1076], [121, 1076], [123, 1076], [124, 1076], [125, 1076], [128, 1076], [129, 1076], [130, 1076], [131, 1076], [132, 1076], [133, 1076], [134, 1076], [135, 1076], [154, 1076], [155, 1076], [156, 1076], [157, 1076], [158, 1076], [168, 1076], [169, 1076], [100, 1077], [101, 1077], [119, 1077], [120, 1077], [122, 1077], [123, 1077], [124, 1077], [125, 1077], [129, 1077], [130, 1077], [131, 1077], [132, 1077], [133, 1077], [134, 1077], [135, 1077], [153, 1077], [154, 1077], [155, 1077], [156, 1077], [167, 1077], [168, 1077], [169, 1077], [98, 1078], [99, 1078], [100, 1078], [101, 1078], [119, 1078], [120, 1078], [121, 1078], [122, 1078], [123, 1078], [129, 1078], [130, 1078], [131, 1078], [132, 1078], [133, 1078], [134, 1078], [135, 1078], [153, 1078], [154, 1078], [155, 1078], [167, 1078], [168, 1078], [169, 1078], [97, 1079], [98, 1079], [100, 1079], [101, 1079], [132, 1079], [133, 1079], [134, 1079], [135, 1079], [153, 1079], [154, 1079], [167, 1079], [168, 1079]




Yellow line right - [378, 912], [379, 912], [377, 913], [378, 913], [377, 914], [378, 914], [376, 915], [377, 915], [378, 915], [375, 916], [376, 916], [377, 916], [378, 916], [375, 917], [376, 917], [377, 917], [368, 918], [375, 918], [376, 918], [377, 918], [366, 919], [367, 919], [368, 919], [369, 919], [370, 919], [371, 919], [372, 919], [373, 919], [374, 919], [375, 919], [376, 919], [377, 919], [365, 920], [367, 920], [368, 920], [369, 920], [370, 920], [371, 920], [372, 920], [373, 920], [374, 920], [375, 920], [376, 920], [369, 921], [370, 921], [371, 921], [372, 921], [373, 921], [374, 921], [369, 922], [370, 922], [371, 922]




White line right - [1694, 142], [1695, 142], [1696, 142], [1697, 142], [1698, 142], [1699, 142], [1692, 143], [1693, 143], [1694, 143], [1695, 143], [1696, 143], [1697, 143], [1698, 143], [1699, 143], [1691, 144], [1692, 144], [1693, 144], [1694, 144], [1695, 144], [1697, 144], [1698, 144], [1699, 144], [1690, 145], [1691, 145], [1692, 145], [1693, 145], [1696, 145], [1697, 145], [1698, 145], [1699, 145], [1689, 146], [1690, 146], [1691, 146], [1692, 146], [1695, 146], [1696, 146], [1697, 146], [1698, 146], [1689, 147], [1690, 147], [1691, 147], [1694, 147], [1695, 147], [1696, 147], [1697, 147], [1689, 148], [1690, 148], [1691, 148], [1692, 148], [1693, 148], [1694, 148], [1695, 148], [1696, 148], [1689, 149], [1690, 149], [1691, 149], [1692, 149], [1693, 149], [1694, 149], [1695, 149], [1690, 150], [1691, 150], [1692, 150], [1693, 150], [1824, 474], [1824, 475], [1823, 476], [1824, 476], [1822, 477], [1823, 477], [1824, 477], [1821, 478], [1822, 478], [1823, 478], [1824, 478], [1821, 479], [1822, 479], [1823, 479], [1821, 480], [1822, 480], [1823, 480], [1821, 481], [1822, 481], [1823, 481], [1824, 481], [1822, 482], [1823, 482], [1824, 482], [1824, 483]


