White line left - 




Yellow line left - [1166, 628], [1167, 628], [1168, 628], [1165, 629], [1166, 629], [1167, 629], [1168, 629], [1165, 630], [1166, 630], [1167, 630], [1168, 630], [1165, 631], [1166, 631], [1167, 631], [1168, 631], [1166, 632], [1167, 632], [1168, 632], [1170, 633], [1171, 633], [1172, 633], [1173, 633], [1170, 634], [1171, 634], [1172, 634], [1173, 634], [1170, 635], [1171, 635], [1172, 635], [1173, 635]




Yellow line right - [1208, 600], [1209, 600], [1210, 600], [1211, 600], [1208, 601], [1209, 601], [1210, 601], [1211, 601], [1212, 601], [1213, 601], [1214, 601], [1208, 602], [1209, 602], [1210, 602], [1211, 602], [1212, 602], [1213, 602], [1214, 602], [1209, 603], [1210, 603], [1211, 603], [1212, 603], [1213, 603], [1214, 603], [1209, 604], [1210, 604], [1211, 604], [1212, 604], [1213, 604], [1224, 604], [1225, 604], [1226, 604], [1209, 605], [1210, 605], [1211, 605], [1212, 605], [1213, 605], [1224, 605], [1225, 605], [1226, 605], [1227, 605], [1210, 606], [1211, 606], [1212, 606], [1224, 606], [1225, 606], [1226, 606], [1227, 606], [1224, 607], [1225, 607], [1226, 607], [1227, 607], [1228, 607], [1224, 608], [1225, 608], [1226, 608], [1227, 608], [1228, 608], [1224, 609], [1225, 609], [1226, 609], [1227, 609], [1228, 609], [1223, 614], [1224, 614], [1225, 614], [1226, 614], [1221, 615], [1222, 615], [1223, 615], [1224, 615], [1225, 615], [1226, 615], [1227, 615], [1228, 615], [1235, 615], [1236, 615], [1237, 615], [1221, 616], [1222, 616], [1223, 616], [1224, 616], [1225, 616], [1226, 616], [1227, 616], [1228, 616], [1229, 616], [1234, 616], [1235, 616], [1236, 616], [1237, 616], [1238, 616], [1221, 617], [1222, 617], [1223, 617], [1227, 617], [1228, 617], [1229, 617], [1230, 617], [1234, 617], [1235, 617], [1236, 617], [1237, 617], [1238, 617], [1222, 618], [1223, 618], [1224, 618], [1228, 618], [1229, 618], [1230, 618], [1234, 618], [1235, 618], [1236, 618], [1237, 618], [1238, 618], [1222, 619], [1223, 619], [1224, 619], [1228, 619], [1229, 619], [1230, 619], [1236, 619], [1238, 619], [1223, 620], [1224, 620], [1225, 620], [1226, 620], [1227, 620], [1228, 620], [1229, 620], [1230, 620], [1236, 620], [1238, 620], [1223, 621], [1224, 621], [1225, 621], [1226, 621], [1227, 621], [1228, 621], [1229, 621], [1236, 621], [1237, 621], [1238, 621], [1225, 622], [1226, 622], [1227, 622], [1230, 623], [1231, 623], [1232, 623], [1233, 623], [1234, 623], [1228, 624], [1229, 624], [1230, 624], [1231, 624], [1232, 624], [1233, 624], [1234, 624], [1228, 625], [1229, 625], [1230, 625], [1231, 625], [1232, 625], [1233, 625], [1234, 625], [1235, 625], [1236, 625], [1228, 626], [1229, 626], [1230, 626], [1233, 626], [1234, 626], [1235, 626], [1236, 626], [1237, 626], [1228, 627], [1229, 627], [1230, 627], [1231, 627], [1235, 627], [1236, 627], [1237, 627], [1229, 628], [1230, 628], [1231, 628], [1236, 628], [1237, 628], [1230, 629], [1231, 629], [1232, 629], [1234, 629], [1235, 629], [1236, 629], [1237, 629], [1230, 630], [1231, 630], [1232, 630], [1233, 630], [1234, 630], [1235, 630], [1236, 630], [1237, 630], [1231, 631], [1232, 631], [1233, 631], [1234, 631], [1235, 631], [1236, 631], [1237, 631], [1232, 632], [1233, 632], [1234, 632], [1235, 632], [1233, 633], [1234, 633], [1235, 633]




White line right - 


