White line left - [549, 834], [550, 834], [551, 834], [552, 834], [553, 834], [547, 835], [548, 835], [549, 835], [550, 835], [551, 835], [552, 835], [553, 835], [554, 835], [545, 836], [546, 836], [547, 836], [548, 836], [549, 836], [550, 836], [552, 836], [553, 836], [554, 836], [545, 837], [546, 837], [547, 837], [548, 837], [553, 837], [554, 837], [545, 838], [546, 838], [553, 838], [554, 838], [544, 839], [545, 839], [546, 839], [553, 839], [554, 839], [555, 839], [544, 840], [545, 840], [546, 840], [553, 840], [554, 840], [555, 840], [543, 841], [544, 841], [545, 841], [553, 841], [554, 841], [555, 841], [543, 842], [544, 842], [545, 842], [552, 842], [553, 842], [554, 842], [542, 843], [543, 843], [544, 843], [552, 843], [553, 843], [554, 843], [542, 844], [543, 844], [544, 844], [552, 844], [553, 844], [542, 845], [543, 845], [552, 845], [553, 845], [541, 846], [542, 846], [543, 846], [551, 846], [552, 846], [553, 846], [540, 847], [541, 847], [542, 847], [543, 847], [550, 847], [551, 847], [552, 847], [553, 847], [540, 848], [541, 848], [542, 848], [548, 848], [549, 848], [550, 848], [551, 848], [552, 848], [540, 849], [541, 849], [546, 849], [547, 849], [548, 849], [549, 849], [550, 849], [551, 849], [540, 850], [541, 850], [542, 850], [543, 850], [544, 850], [545, 850], [546, 850], [547, 850], [548, 850], [549, 850], [540, 851], [541, 851], [542, 851], [543, 851], [544, 851], [545, 851], [546, 851], [547, 851], [561, 854], [562, 854], [563, 854], [564, 854], [565, 854], [561, 855], [562, 855], [563, 855], [564, 855], [565, 855], [561, 856], [562, 856], [563, 856], [564, 856], [565, 856], [561, 857], [562, 857], [563, 857], [564, 857], [565, 857], [557, 861], [558, 861], [559, 861], [557, 862], [558, 862], [559, 862], [560, 862], [557, 863], [558, 863], [559, 863], [560, 863], [557, 864], [558, 864], [559, 864], [560, 864], [557, 865], [558, 865], [559, 865], [528, 897], [529, 897], [530, 897], [531, 897], [528, 898], [529, 898], [530, 898], [531, 898], [528, 899], [529, 899], [530, 899], [531, 899], [527, 900], [528, 900], [530, 900], [531, 900], [526, 901], [527, 901], [528, 901], [529, 901], [530, 901], [525, 902], [526, 902], [527, 902], [529, 902], [530, 902], [524, 903], [525, 903], [526, 903], [528, 903], [529, 903], [530, 903], [524, 904], [525, 904], [526, 904], [527, 904], [528, 904], [529, 904], [523, 905], [524, 905], [525, 905], [526, 905], [527, 905], [528, 905], [523, 906], [524, 906], [525, 906], [526, 906], [527, 906], [528, 906], [523, 907], [524, 907], [525, 907], [526, 907], [527, 907], [523, 908], [524, 908], [525, 908], [520, 912], [521, 912], [522, 912], [519, 913], [520, 913], [521, 913], [522, 913], [523, 913], [519, 914], [520, 914], [521, 914], [522, 914], [523, 914], [519, 915], [520, 915], [522, 915], [523, 915], [518, 916], [519, 916], [520, 916], [522, 916], [523, 916], [518, 917], [519, 917], [520, 917], [521, 917], [522, 917], [523, 917], [517, 918], [518, 918], [519, 918], [521, 918], [522, 918], [523, 918], [517, 919], [518, 919], [520, 919], [521, 919], [522, 919], [517, 920], [518, 920], [519, 920], [520, 920], [521, 920], [522, 920], [517, 921], [518, 921], [519, 921], [520, 921], [514, 933], [515, 933], [516, 933], [517, 933], [518, 933], [519, 933], [520, 933], [513, 934], [514, 934], [515, 934], [516, 934], [517, 934], [518, 934], [519, 934], [520, 934], [513, 935], [514, 935], [515, 935], [519, 935], [520, 935], [521, 935], [512, 936], [513, 936], [514, 936], [519, 936], [520, 936], [521, 936], [511, 937], [512, 937], [513, 937], [514, 937], [520, 937], [521, 937], [511, 938], [512, 938], [513, 938], [520, 938], [521, 938], [510, 939], [511, 939], [512, 939], [520, 939], [521, 939], [510, 940], [511, 940], [512, 940], [520, 940], [521, 940], [509, 941], [510, 941], [511, 941], [519, 941], [520, 941], [521, 941], [509, 942], [510, 942], [511, 942], [519, 942], [520, 942], [521, 942], [508, 943], [509, 943], [510, 943], [519, 943], [520, 943], [508, 944], [509, 944], [510, 944], [519, 944], [520, 944], [507, 945], [508, 945], [509, 945], [518, 945], [519, 945], [520, 945], [507, 946], [508, 946], [509, 946], [517, 946], [518, 946], [519, 946], [520, 946], [507, 947], [508, 947], [517, 947], [518, 947], [519, 947], [507, 948], [508, 948], [513, 948], [514, 948], [515, 948], [516, 948], [517, 948], [518, 948], [507, 949], [508, 949], [513, 949], [514, 949], [515, 949], [516, 949], [517, 949], [518, 949], [505, 950], [506, 950], [507, 950], [508, 950], [513, 950], [514, 950], [504, 951], [505, 951], [506, 951], [507, 951], [508, 951], [513, 951], [514, 951], [504, 952], [505, 952], [506, 952], [513, 952], [514, 952], [503, 953], [504, 953], [505, 953], [512, 953], [513, 953], [514, 953], [503, 954], [504, 954], [505, 954], [511, 954], [512, 954], [513, 954], [514, 954], [503, 955], [504, 955], [506, 955], [507, 955], [508, 955], [509, 955], [510, 955], [511, 955], [512, 955], [513, 955], [503, 956], [504, 956], [506, 956], [507, 956], [508, 956], [509, 956], [510, 956], [511, 956], [512, 956], [503, 957], [504, 957], [506, 957], [507, 957], [508, 957], [509, 957], [510, 957], [511, 957], [503, 958], [504, 958], [506, 958], [507, 958], [503, 959], [504, 959], [506, 959], [507, 959], [503, 960], [504, 960], [506, 960], [507, 960], [503, 961], [504, 961], [505, 961], [506, 961], [507, 961], [508, 961], [509, 961], [510, 961], [503, 962], [504, 962], [505, 962], [506, 962], [507, 962], [508, 962], [509, 962], [510, 962], [507, 963], [508, 963], [509, 963], [510, 963], [507, 964], [508, 964], [509, 964], [510, 964], [502, 965], [503, 965], [504, 965], [507, 965], [508, 965], [509, 965], [501, 966], [502, 966], [503, 966], [504, 966], [501, 967], [502, 967], [503, 967], [504, 967], [501, 968], [502, 968], [503, 968], [504, 968], [500, 969], [501, 969], [502, 969], [503, 969], [500, 970], [501, 970], [502, 970], [503, 970], [500, 971], [501, 971], [502, 971], [503, 971], [500, 972], [501, 972], [502, 972], [503, 972], [500, 974], [501, 974], [502, 974], [503, 974], [499, 975], [500, 975], [501, 975], [502, 975], [503, 975], [498, 976], [499, 976], [500, 976], [501, 976], [502, 976], [503, 976], [498, 977], [499, 977], [500, 977], [501, 977], [502, 977], [503, 977], [498, 978], [499, 978], [500, 978], [501, 978], [502, 978], [503, 978], [498, 979], [499, 979], [500, 979], [501, 979], [502, 979], [498, 980], [499, 980], [500, 980], [501, 980], [498, 981], [499, 981], [500, 981], [495, 983], [496, 983], [497, 983], [495, 984], [496, 984], [497, 984], [498, 984], [494, 985], [495, 985], [496, 985], [497, 985], [498, 985], [494, 986], [495, 986], [496, 986], [497, 986], [498, 986], [494, 987], [495, 987], [496, 987], [497, 987], [494, 988], [495, 988], [496, 988], [497, 988]




Yellow line left - [1401, 522], [1402, 522], [1403, 522], [1404, 522], [1405, 522], [1406, 522], [1407, 522], [1408, 522], [1409, 522], [1410, 522], [1411, 522], [1412, 522], [1413, 522], [1394, 523], [1395, 523], [1396, 523], [1397, 523], [1398, 523], [1399, 523], [1400, 523], [1401, 523], [1402, 523], [1403, 523], [1404, 523], [1405, 523], [1406, 523], [1407, 523], [1408, 523], [1409, 523], [1410, 523], [1411, 523], [1412, 523], [1413, 523], [1414, 523], [1415, 523], [1416, 523], [1392, 524], [1393, 524], [1394, 524], [1395, 524], [1396, 524], [1397, 524], [1398, 524], [1399, 524], [1400, 524], [1401, 524], [1402, 524], [1412, 524], [1413, 524], [1414, 524], [1415, 524], [1416, 524], [1417, 524], [1418, 524], [1392, 525], [1393, 525], [1394, 525], [1395, 525], [1415, 525], [1416, 525], [1417, 525], [1418, 525], [1419, 525], [1420, 525], [1392, 526], [1393, 526], [1417, 526], [1418, 526], [1419, 526], [1420, 526], [1421, 526], [1392, 527], [1393, 527], [1394, 527], [1419, 527], [1420, 527], [1421, 527], [1392, 528], [1393, 528], [1394, 528], [1419, 528], [1420, 528], [1421, 528], [1393, 529], [1394, 529], [1395, 529], [1418, 529], [1419, 529], [1420, 529], [1421, 529], [1393, 530], [1394, 530], [1395, 530], [1396, 530], [1417, 530], [1418, 530], [1419, 530], [1420, 530], [1394, 531], [1395, 531], [1396, 531], [1397, 531], [1398, 531], [1414, 531], [1415, 531], [1416, 531], [1417, 531], [1418, 531], [1419, 531], [1395, 532], [1396, 532], [1397, 532], [1398, 532], [1399, 532], [1400, 532], [1401, 532], [1402, 532], [1403, 532], [1404, 532], [1405, 532], [1406, 532], [1409, 532], [1410, 532], [1411, 532], [1412, 532], [1413, 532], [1414, 532], [1415, 532], [1416, 532], [1417, 532], [1418, 532], [1397, 533], [1398, 533], [1399, 533], [1400, 533], [1401, 533], [1402, 533], [1403, 533], [1404, 533], [1405, 533], [1406, 533], [1407, 533], [1408, 533], [1409, 533], [1410, 533], [1411, 533], [1412, 533], [1413, 533], [1414, 533], [1415, 533], [1405, 534], [1406, 534], [1407, 534], [1408, 534], [1409, 534], [1410, 534]




Yellow line right - [1576, 705], [1577, 705], [1578, 705], [1576, 706], [1578, 706], [1576, 707], [1577, 707], [1578, 707], [1580, 707], [1581, 707], [1582, 707], [1580, 708], [1582, 708], [1580, 709], [1581, 709], [1582, 709], [1589, 714], [1590, 714], [1591, 714], [1592, 714], [1589, 715], [1590, 715], [1591, 715], [1592, 715], [1593, 715], [1589, 716], [1590, 716], [1591, 716], [1592, 716], [1593, 716], [1588, 717], [1589, 717], [1590, 717], [1591, 717], [1592, 717], [1593, 717], [1594, 717], [1588, 718], [1589, 718], [1590, 718], [1591, 718], [1592, 718], [1593, 718], [1594, 718], [1595, 718], [1596, 718], [1597, 718], [1588, 719], [1589, 719], [1590, 719], [1591, 719], [1593, 719], [1594, 719], [1595, 719], [1596, 719], [1597, 719], [1598, 719], [1599, 719], [1600, 719], [1601, 719], [1602, 719], [1603, 719], [1589, 720], [1590, 720], [1591, 720], [1596, 720], [1597, 720], [1598, 720], [1599, 720], [1600, 720], [1601, 720], [1602, 720], [1603, 720], [1604, 720], [1605, 720], [1589, 721], [1590, 721], [1591, 721], [1592, 721], [1593, 721], [1597, 721], [1598, 721], [1599, 721], [1600, 721], [1601, 721], [1602, 721], [1603, 721], [1604, 721], [1605, 721], [1590, 722], [1591, 722], [1592, 722], [1593, 722], [1594, 722], [1595, 722], [1601, 722], [1602, 722], [1603, 722], [1604, 722], [1605, 722], [1592, 723], [1593, 723], [1594, 723], [1595, 723], [1596, 723], [1600, 723], [1601, 723], [1602, 723], [1603, 723], [1604, 723], [1605, 723], [1594, 724], [1595, 724], [1596, 724], [1597, 724], [1600, 724], [1601, 724], [1602, 724], [1595, 725], [1596, 725], [1597, 725], [1598, 725], [1600, 725], [1601, 725], [1606, 725], [1607, 725], [1608, 725], [1596, 726], [1597, 726], [1598, 726], [1599, 726], [1600, 726], [1601, 726], [1605, 726], [1606, 726], [1607, 726], [1608, 726], [1609, 726], [1597, 727], [1598, 727], [1599, 727], [1600, 727], [1601, 727], [1605, 727], [1606, 727], [1607, 727], [1608, 727], [1609, 727], [1610, 727], [1604, 728], [1605, 728], [1606, 728], [1608, 728], [1609, 728], [1610, 728], [1611, 728], [1604, 729], [1605, 729], [1606, 729], [1609, 729], [1610, 729], [1611, 729], [1612, 729], [1604, 730], [1605, 730], [1606, 730], [1607, 730], [1610, 730], [1611, 730], [1612, 730], [1604, 731], [1605, 731], [1606, 731], [1607, 731], [1611, 731], [1612, 731], [1613, 731], [1606, 732], [1607, 732], [1608, 732], [1611, 732], [1612, 732], [1613, 732], [1606, 733], [1607, 733], [1608, 733], [1609, 733], [1610, 733], [1611, 733], [1612, 733], [1613, 733], [1607, 734], [1608, 734], [1609, 734], [1610, 734], [1611, 734], [1612, 734], [1609, 735], [1610, 735], [1611, 735], [1612, 735]




White line right - [1729, 363], [1730, 363], [1731, 363], [1732, 363], [1733, 363], [1734, 363], [1729, 364], [1730, 364], [1731, 364], [1732, 364], [1733, 364], [1734, 364], [1735, 364], [1736, 364], [1737, 364], [1729, 365], [1730, 365], [1731, 365], [1732, 365], [1733, 365], [1735, 365], [1736, 365], [1737, 365], [1738, 365], [1739, 365], [1740, 365], [1731, 366], [1732, 366], [1733, 366], [1734, 366], [1735, 366], [1736, 366], [1738, 366], [1739, 366], [1740, 366], [1741, 366], [1742, 366], [1743, 366], [1744, 366], [1734, 367], [1735, 367], [1736, 367], [1737, 367], [1738, 367], [1739, 367], [1740, 367], [1741, 367], [1742, 367], [1743, 367], [1744, 367], [1745, 367], [1746, 367], [1747, 367], [1748, 367], [1737, 368], [1738, 368], [1739, 368], [1740, 368], [1741, 368], [1742, 368], [1744, 368], [1745, 368], [1746, 368], [1747, 368], [1748, 368], [1749, 368], [1750, 368], [1751, 368], [1752, 368], [1739, 369], [1740, 369], [1741, 369], [1742, 369], [1743, 369], [1744, 369], [1745, 369], [1746, 369], [1748, 369], [1749, 369], [1750, 369], [1751, 369], [1752, 369], [1753, 369], [1754, 369], [1755, 369], [1756, 369], [1742, 370], [1743, 370], [1744, 370], [1745, 370], [1746, 370], [1747, 370], [1748, 370], [1749, 370], [1750, 370], [1751, 370], [1752, 370], [1753, 370], [1754, 370], [1755, 370], [1756, 370], [1757, 370], [1758, 370], [1746, 371], [1747, 371], [1748, 371], [1749, 371], [1750, 371], [1751, 371], [1752, 371], [1753, 371], [1754, 371], [1755, 371], [1756, 371], [1757, 371], [1758, 371], [1759, 371], [1760, 371], [1761, 371], [1751, 372], [1752, 372], [1753, 372], [1754, 372], [1755, 372], [1756, 372], [1757, 372], [1758, 372], [1759, 372], [1760, 372], [1761, 372], [1762, 372], [1763, 372], [1764, 372], [1765, 372], [1753, 373], [1754, 373], [1755, 373], [1756, 373], [1757, 373], [1758, 373], [1759, 373], [1760, 373], [1761, 373], [1762, 373], [1763, 373], [1764, 373], [1765, 373], [1766, 373], [1767, 373], [1768, 373], [1757, 374], [1758, 374], [1759, 374], [1760, 374], [1761, 374], [1762, 374], [1763, 374], [1764, 374], [1766, 374], [1767, 374], [1768, 374], [1769, 374], [1770, 374], [1760, 375], [1761, 375], [1762, 375], [1763, 375], [1764, 375], [1765, 375], [1766, 375], [1767, 375], [1769, 375], [1770, 375], [1771, 375], [1765, 376], [1766, 376], [1767, 376], [1768, 376], [1769, 376], [1770, 376], [1771, 376], [1773, 376], [1774, 376], [1775, 376], [1776, 376], [1768, 377], [1769, 377], [1770, 377], [1771, 377], [1773, 377], [1774, 377], [1775, 377], [1776, 377], [1777, 377], [1778, 377], [1773, 378], [1774, 378], [1775, 378], [1776, 378], [1777, 378], [1778, 378], [1779, 378], [1780, 378], [1781, 378], [1782, 378], [1783, 378], [1774, 379], [1775, 379], [1776, 379], [1777, 379], [1778, 379], [1779, 379], [1780, 379], [1781, 379], [1782, 379], [1783, 379], [1784, 379], [1785, 379], [1786, 379], [1787, 379], [1788, 379], [1778, 380], [1779, 380], [1780, 380], [1781, 380], [1782, 380], [1784, 380], [1785, 380], [1786, 380], [1787, 380], [1788, 380], [1789, 380], [1790, 380], [1791, 380], [1792, 380], [1780, 381], [1781, 381], [1782, 381], [1783, 381], [1784, 381], [1785, 381], [1786, 381], [1787, 381], [1788, 381], [1789, 381], [1790, 381], [1791, 381], [1792, 381], [1793, 381], [1794, 381], [1795, 381], [1783, 382], [1784, 382], [1785, 382], [1786, 382], [1787, 382], [1788, 382], [1789, 382], [1790, 382], [1791, 382], [1792, 382], [1793, 382], [1794, 382], [1795, 382], [1796, 382], [1797, 382], [1798, 382], [1799, 382], [1787, 383], [1788, 383], [1789, 383], [1790, 383], [1791, 383], [1792, 383], [1793, 383], [1794, 383], [1795, 383], [1796, 383], [1797, 383], [1798, 383], [1799, 383], [1800, 383], [1801, 383], [1802, 383], [1791, 384], [1792, 384], [1793, 384], [1794, 384], [1795, 384], [1796, 384], [1797, 384], [1798, 384], [1799, 384], [1800, 384], [1801, 384], [1802, 384], [1803, 384], [1804, 384], [1805, 384], [1806, 384], [1796, 385], [1797, 385], [1798, 385], [1799, 385], [1800, 385], [1801, 385], [1802, 385], [1803, 385], [1804, 385], [1805, 385], [1806, 385], [1807, 385], [1808, 385], [1809, 385], [1810, 385], [1798, 386], [1799, 386], [1800, 386], [1801, 386], [1802, 386], [1803, 386], [1804, 386], [1805, 386], [1806, 386], [1807, 386], [1808, 386], [1809, 386], [1810, 386], [1811, 386], [1812, 386], [1801, 387], [1802, 387], [1803, 387], [1804, 387], [1805, 387], [1806, 387], [1807, 387], [1808, 387], [1810, 387], [1811, 387], [1812, 387], [1813, 387], [1805, 388], [1806, 388], [1807, 388], [1808, 388], [1809, 388], [1810, 388], [1811, 388], [1812, 388], [1813, 388], [1814, 388], [1815, 388], [1816, 388], [1817, 388], [1808, 389], [1809, 389], [1810, 389], [1811, 389], [1812, 389], [1813, 389], [1814, 389], [1815, 389], [1816, 389], [1817, 389], [1818, 389], [1819, 389], [1820, 389], [1821, 389], [1822, 389], [1823, 389], [1814, 390], [1815, 390], [1816, 390], [1817, 390], [1818, 390], [1819, 390], [1820, 390], [1821, 390], [1822, 390], [1823, 390], [1824, 390], [1816, 391], [1817, 391], [1818, 391], [1819, 391], [1820, 391], [1821, 391], [1823, 391], [1824, 391], [1818, 392], [1819, 392], [1820, 392], [1821, 392], [1822, 392], [1823, 392], [1824, 392], [1821, 393], [1822, 393], [1823, 393], [1824, 393], [1824, 394]


