White line left - 




Yellow line left - [694, 1033], [695, 1033], [696, 1033], [684, 1034], [685, 1034], [686, 1034], [694, 1034], [695, 1034], [696, 1034], [697, 1034], [698, 1034], [684, 1035], [686, 1035], [693, 1035], [694, 1035], [695, 1035], [696, 1035], [697, 1035], [698, 1035], [699, 1035], [684, 1036], [686, 1036], [693, 1036], [694, 1036], [695, 1036], [696, 1036], [697, 1036], [698, 1036], [699, 1036], [711, 1036], [712, 1036], [713, 1036], [684, 1037], [685, 1037], [686, 1037], [687, 1037], [688, 1037], [693, 1037], [694, 1037], [697, 1037], [698, 1037], [699, 1037], [711, 1037], [712, 1037], [713, 1037], [714, 1037], [715, 1037], [684, 1038], [685, 1038], [686, 1038], [687, 1038], [688, 1038], [689, 1038], [693, 1038], [694, 1038], [695, 1038], [696, 1038], [697, 1038], [698, 1038], [699, 1038], [711, 1038], [712, 1038], [713, 1038], [714, 1038], [715, 1038], [684, 1039], [685, 1039], [686, 1039], [687, 1039], [688, 1039], [689, 1039], [690, 1039], [691, 1039], [693, 1039], [694, 1039], [695, 1039], [696, 1039], [697, 1039], [698, 1039], [699, 1039], [700, 1039], [701, 1039], [702, 1039], [703, 1039], [704, 1039], [705, 1039], [706, 1039], [712, 1039], [713, 1039], [714, 1039], [715, 1039], [684, 1040], [685, 1040], [686, 1040], [688, 1040], [689, 1040], [690, 1040], [691, 1040], [692, 1040], [693, 1040], [694, 1040], [695, 1040], [696, 1040], [697, 1040], [698, 1040], [699, 1040], [700, 1040], [701, 1040], [702, 1040], [703, 1040], [704, 1040], [705, 1040], [706, 1040], [711, 1040], [712, 1040], [713, 1040], [714, 1040], [715, 1040], [684, 1041], [685, 1041], [686, 1041], [687, 1041], [690, 1041], [691, 1041], [692, 1041], [693, 1041], [694, 1041], [695, 1041], [702, 1041], [703, 1041], [704, 1041], [705, 1041], [706, 1041], [707, 1041], [708, 1041], [709, 1041], [711, 1041], [713, 1041], [684, 1042], [685, 1042], [686, 1042], [687, 1042], [688, 1042], [689, 1042], [692, 1042], [693, 1042], [694, 1042], [695, 1042], [696, 1042], [697, 1042], [698, 1042], [705, 1042], [706, 1042], [707, 1042], [708, 1042], [709, 1042], [711, 1042], [712, 1042], [713, 1042], [686, 1043], [687, 1043], [688, 1043], [689, 1043], [695, 1043], [696, 1043], [697, 1043], [698, 1043], [699, 1043], [707, 1043], [708, 1043], [709, 1043], [686, 1044], [687, 1044], [688, 1044], [689, 1044], [695, 1044], [696, 1044], [697, 1044], [698, 1044], [699, 1044], [707, 1044], [708, 1044], [709, 1044], [710, 1044], [687, 1045], [688, 1045], [689, 1045], [696, 1045], [697, 1045], [698, 1045], [699, 1045], [707, 1045], [708, 1045], [709, 1045], [710, 1045], [688, 1046], [689, 1046], [690, 1046], [696, 1046], [697, 1046], [698, 1046], [709, 1046], [710, 1046], [687, 1047], [688, 1047], [689, 1047], [690, 1047], [693, 1047], [694, 1047], [695, 1047], [696, 1047], [697, 1047], [709, 1047], [710, 1047], [687, 1048], [688, 1048], [689, 1048], [690, 1048], [692, 1048], [693, 1048], [694, 1048], [695, 1048], [696, 1048], [697, 1048], [708, 1048], [709, 1048], [710, 1048], [711, 1048], [712, 1048], [687, 1049], [688, 1049], [689, 1049], [690, 1049], [691, 1049], [692, 1049], [693, 1049], [694, 1049], [695, 1049], [696, 1049], [697, 1049], [698, 1049], [708, 1049], [709, 1049], [710, 1049], [711, 1049], [712, 1049], [713, 1049], [687, 1050], [688, 1050], [689, 1050], [690, 1050], [691, 1050], [692, 1050], [693, 1050], [694, 1050], [695, 1050], [696, 1050], [697, 1050], [698, 1050], [708, 1050], [709, 1050], [710, 1050], [712, 1050], [713, 1050], [685, 1051], [686, 1051], [687, 1051], [688, 1051], [689, 1051], [690, 1051], [691, 1051], [692, 1051], [695, 1051], [696, 1051], [697, 1051], [698, 1051], [709, 1051], [710, 1051], [711, 1051], [712, 1051], [713, 1051], [683, 1052], [684, 1052], [685, 1052], [686, 1052], [687, 1052], [688, 1052], [689, 1052], [690, 1052], [691, 1052], [710, 1052], [711, 1052], [712, 1052], [683, 1053], [684, 1053], [685, 1053], [686, 1053], [689, 1053], [690, 1053], [691, 1053], [710, 1053], [711, 1053], [712, 1053], [713, 1053], [683, 1054], [684, 1054], [685, 1054], [705, 1054], [706, 1054], [707, 1054], [708, 1054], [709, 1054], [710, 1054], [711, 1054], [712, 1054], [713, 1054], [683, 1055], [684, 1055], [685, 1055], [705, 1055], [706, 1055], [707, 1055], [708, 1055], [709, 1055], [710, 1055], [711, 1055], [712, 1055], [713, 1055], [684, 1056], [685, 1056], [686, 1056], [687, 1056], [688, 1056], [705, 1056], [706, 1056], [707, 1056], [708, 1056], [709, 1056], [710, 1056], [712, 1056], [713, 1056], [683, 1057], [684, 1057], [686, 1057], [687, 1057], [688, 1057], [705, 1057], [706, 1057], [707, 1057], [708, 1057], [709, 1057], [710, 1057], [711, 1057], [713, 1057], [683, 1058], [684, 1058], [685, 1058], [686, 1058], [687, 1058], [688, 1058], [705, 1058], [706, 1058], [707, 1058], [708, 1058], [709, 1058], [710, 1058], [711, 1058], [713, 1058], [683, 1059], [684, 1059], [685, 1059], [686, 1059], [687, 1059], [688, 1059], [705, 1059], [706, 1059], [707, 1059], [708, 1059], [709, 1059], [710, 1059], [711, 1059], [712, 1059], [713, 1059], [714, 1059], [687, 1060], [688, 1060], [708, 1060], [709, 1060], [710, 1060], [711, 1060], [712, 1060], [713, 1060], [714, 1060], [687, 1061], [688, 1061], [713, 1061], [714, 1061], [715, 1061], [716, 1061], [717, 1061], [687, 1062], [688, 1062], [689, 1062], [690, 1062], [713, 1062], [714, 1062], [715, 1062], [716, 1062], [717, 1062], [718, 1062], [687, 1063], [688, 1063], [690, 1063], [714, 1063], [715, 1063], [716, 1063], [717, 1063], [718, 1063], [684, 1064], [685, 1064], [686, 1064], [687, 1064], [688, 1064], [689, 1064], [690, 1064], [714, 1064], [715, 1064], [716, 1064], [717, 1064], [718, 1064], [684, 1065], [685, 1065], [686, 1065], [687, 1065], [688, 1065], [689, 1065], [714, 1065], [715, 1065], [716, 1065], [682, 1066], [683, 1066], [684, 1066], [685, 1066], [687, 1066], [688, 1066], [689, 1066], [713, 1066], [714, 1066], [715, 1066], [716, 1066], [682, 1067], [683, 1067], [684, 1067], [685, 1067], [686, 1067], [687, 1067], [688, 1067], [689, 1067], [712, 1067], [713, 1067], [714, 1067], [715, 1067], [716, 1067], [682, 1068], [683, 1068], [685, 1068], [686, 1068], [687, 1068], [688, 1068], [689, 1068], [709, 1068], [710, 1068], [711, 1068], [712, 1068], [713, 1068], [714, 1068], [682, 1069], [683, 1069], [686, 1069], [687, 1069], [688, 1069], [709, 1069], [710, 1069], [711, 1069], [712, 1069], [713, 1069], [682, 1070], [683, 1070], [705, 1070], [706, 1070], [707, 1070], [708, 1070], [709, 1070], [710, 1070], [717, 1070], [718, 1070], [719, 1070], [682, 1071], [683, 1071], [705, 1071], [706, 1071], [707, 1071], [708, 1071], [709, 1071], [710, 1071], [716, 1071], [717, 1071], [718, 1071], [719, 1071], [682, 1072], [683, 1072], [684, 1072], [705, 1072], [706, 1072], [707, 1072], [708, 1072], [716, 1072], [717, 1072], [718, 1072], [719, 1072], [682, 1073], [683, 1073], [684, 1073], [705, 1073], [706, 1073], [707, 1073], [708, 1073], [716, 1073], [717, 1073], [718, 1073], [719, 1073], [683, 1074], [684, 1074], [685, 1074], [705, 1074], [706, 1074], [707, 1074], [708, 1074], [716, 1074], [717, 1074], [718, 1074], [719, 1074], [683, 1075], [684, 1075], [685, 1075], [705, 1075], [706, 1075], [707, 1075], [715, 1075], [716, 1075], [717, 1075], [718, 1075], [719, 1075], [683, 1076], [684, 1076], [685, 1076], [705, 1076], [706, 1076], [707, 1076], [715, 1076], [716, 1076], [717, 1076], [718, 1076], [719, 1076], [683, 1077], [684, 1077], [685, 1077], [705, 1077], [706, 1077], [707, 1077], [715, 1077], [716, 1077], [717, 1077], [718, 1077], [719, 1077], [683, 1078], [684, 1078], [685, 1078], [705, 1078], [706, 1078], [707, 1078], [716, 1078], [717, 1078], [718, 1078], [719, 1078], [720, 1078], [683, 1079], [684, 1079], [685, 1079], [706, 1079], [707, 1079], [716, 1079], [717, 1079], [719, 1079], [720, 1079]




Yellow line right - [782, 940], [783, 940], [784, 940], [785, 940], [782, 941], [783, 941], [784, 941], [785, 941], [786, 941], [787, 941], [788, 941], [782, 942], [783, 942], [784, 942], [785, 942], [787, 942], [788, 942], [782, 943], [783, 943], [784, 943], [785, 943], [786, 943], [787, 943], [788, 943], [782, 944], [783, 944], [784, 944], [785, 944], [782, 945], [783, 945], [784, 945]




White line right - [1518, 490], [1519, 490], [1520, 490], [1518, 491], [1520, 491], [1518, 492], [1519, 492], [1520, 492], [1523, 493], [1524, 493], [1525, 493], [1526, 493], [1523, 494], [1524, 494], [1525, 494], [1526, 494], [1527, 494], [1523, 495], [1524, 495], [1525, 495], [1526, 495], [1527, 495], [1524, 496], [1525, 496], [1526, 496], [1527, 496]


