White line left - [496, 842], [494, 843], [495, 843], [493, 844], [494, 844], [495, 844], [493, 845], [494, 845], [495, 845], [493, 846], [494, 846], [492, 847], [493, 847], [494, 847], [492, 848], [493, 848], [494, 848], [491, 849], [492, 849], [493, 849], [491, 850], [492, 850], [493, 850], [490, 851], [491, 851], [492, 851], [490, 852], [491, 852], [492, 852], [489, 853], [490, 853], [491, 853], [489, 854], [490, 854], [491, 854], [488, 855], [489, 855], [490, 855], [488, 856], [489, 856], [490, 856], [488, 857], [489, 857], [487, 858], [488, 858], [489, 858], [487, 859], [488, 859], [489, 859], [486, 860], [487, 860], [488, 860], [486, 861], [487, 861], [488, 861], [485, 862], [486, 862], [487, 862], [485, 863], [486, 863], [487, 863], [484, 864], [485, 864], [486, 864], [484, 865], [485, 865], [486, 865], [483, 866], [484, 866], [485, 866], [482, 867], [483, 867], [484, 867], [485, 867], [482, 868], [483, 868], [484, 868], [481, 869], [482, 869], [483, 869], [481, 870], [482, 870], [483, 870], [480, 871], [481, 871], [482, 871], [480, 872], [481, 872], [482, 872], [479, 873], [480, 873], [481, 873], [479, 874], [480, 874], [481, 874], [478, 875], [479, 875], [480, 875], [477, 876], [478, 876], [479, 876], [480, 876], [437, 877], [438, 877], [477, 877], [478, 877], [479, 877], [435, 878], [436, 878], [437, 878], [476, 878], [477, 878], [478, 878], [435, 879], [436, 879], [437, 879], [476, 879], [477, 879], [478, 879], [434, 880], [435, 880], [436, 880], [475, 880], [476, 880], [477, 880], [434, 881], [435, 881], [436, 881], [475, 881], [476, 881], [477, 881], [433, 882], [434, 882], [435, 882], [475, 882], [476, 882], [432, 883], [433, 883], [434, 883], [435, 883], [474, 883], [475, 883], [476, 883], [432, 884], [433, 884], [434, 884], [474, 884], [475, 884], [476, 884], [431, 885], [432, 885], [433, 885], [473, 885], [474, 885], [475, 885], [431, 886], [432, 886], [433, 886], [473, 886], [474, 886], [475, 886], [430, 887], [431, 887], [432, 887], [472, 887], [473, 887], [474, 887], [430, 888], [431, 888], [432, 888], [472, 888], [473, 888], [474, 888], [429, 889], [430, 889], [431, 889], [471, 889], [472, 889], [473, 889], [429, 890], [430, 890], [431, 890], [471, 890], [472, 890], [473, 890], [428, 891], [429, 891], [430, 891], [470, 891], [471, 891], [472, 891], [428, 892], [429, 892], [430, 892], [470, 892], [471, 892], [472, 892], [427, 893], [428, 893], [429, 893], [469, 893], [470, 893], [471, 893], [427, 894], [428, 894], [429, 894], [469, 894], [470, 894], [471, 894], [426, 895], [427, 895], [428, 895], [468, 895], [469, 895], [470, 895], [426, 896], [427, 896], [428, 896], [468, 896], [469, 896], [470, 896], [425, 897], [426, 897], [427, 897], [467, 897], [468, 897], [469, 897], [425, 898], [426, 898], [427, 898], [467, 898], [468, 898], [469, 898], [424, 899], [425, 899], [426, 899], [466, 899], [467, 899], [468, 899], [424, 900], [425, 900], [426, 900], [466, 900], [467, 900], [468, 900], [423, 901], [424, 901], [425, 901], [465, 901], [466, 901], [467, 901], [423, 902], [424, 902], [425, 902], [465, 902], [466, 902], [467, 902], [422, 903], [423, 903], [424, 903], [464, 903], [465, 903], [466, 903], [422, 904], [423, 904], [424, 904], [464, 904], [465, 904], [466, 904], [421, 905], [422, 905], [423, 905], [463, 905], [464, 905], [465, 905], [421, 906], [422, 906], [423, 906], [463, 906], [464, 906], [465, 906], [420, 907], [421, 907], [422, 907], [462, 907], [463, 907], [464, 907], [419, 908], [420, 908], [421, 908], [422, 908], [462, 908], [463, 908], [464, 908], [419, 909], [420, 909], [421, 909], [461, 909], [462, 909], [463, 909], [418, 910], [419, 910], [420, 910], [460, 910], [461, 910], [462, 910], [463, 910], [418, 911], [419, 911], [420, 911], [460, 911], [461, 911], [462, 911], [417, 912], [418, 912], [419, 912], [460, 912], [461, 912], [416, 913], [417, 913], [418, 913], [419, 913], [459, 913], [460, 913], [461, 913], [416, 914], [417, 914], [418, 914], [459, 914], [460, 914], [461, 914], [415, 915], [416, 915], [417, 915], [458, 915], [459, 915], [460, 915], [415, 916], [416, 916], [417, 916], [458, 916], [459, 916], [460, 916], [414, 917], [415, 917], [416, 917], [458, 917], [459, 917], [414, 918], [415, 918], [416, 918], [457, 918], [458, 918], [459, 918], [413, 919], [414, 919], [415, 919], [457, 919], [458, 919], [459, 919], [413, 920], [414, 920], [415, 920], [456, 920], [457, 920], [458, 920], [412, 921], [413, 921], [414, 921], [456, 921], [457, 921], [458, 921], [412, 922], [413, 922], [414, 922], [455, 922], [456, 922], [457, 922], [411, 923], [412, 923], [413, 923], [455, 923], [456, 923], [457, 923], [411, 924], [412, 924], [413, 924], [455, 924], [456, 924], [410, 925], [411, 925], [412, 925], [454, 925], [455, 925], [456, 925], [410, 926], [411, 926], [412, 926], [454, 926], [455, 926], [456, 926], [410, 927], [411, 927], [453, 927], [454, 927], [455, 927], [409, 928], [410, 928], [411, 928], [453, 928], [454, 928], [455, 928], [409, 929], [410, 929], [411, 929], [452, 929], [453, 929], [454, 929], [408, 930], [409, 930], [410, 930], [452, 930], [453, 930], [454, 930], [408, 931], [409, 931], [410, 931], [451, 931], [452, 931], [453, 931], [407, 932], [408, 932], [409, 932], [451, 932], [452, 932], [453, 932], [407, 933], [408, 933], [409, 933], [451, 933], [452, 933], [406, 934], [407, 934], [408, 934], [450, 934], [451, 934], [452, 934], [406, 935], [407, 935], [408, 935], [449, 935], [450, 935], [451, 935], [452, 935], [405, 936], [406, 936], [407, 936], [449, 936], [450, 936], [451, 936], [405, 937], [406, 937], [407, 937], [448, 937], [449, 937], [450, 937], [404, 938], [405, 938], [406, 938], [448, 938], [449, 938], [450, 938], [404, 939], [405, 939], [406, 939], [447, 939], [448, 939], [449, 939], [403, 940], [404, 940], [405, 940], [447, 940], [448, 940], [449, 940], [402, 941], [403, 941], [404, 941], [405, 941], [446, 941], [447, 941], [448, 941], [402, 942], [403, 942], [404, 942], [446, 942], [447, 942], [448, 942], [401, 943], [402, 943], [403, 943], [445, 943], [446, 943], [447, 943], [400, 944], [401, 944], [402, 944], [403, 944], [445, 944], [446, 944], [447, 944], [400, 945], [401, 945], [402, 945], [444, 945], [445, 945], [446, 945], [399, 946], [400, 946], [401, 946], [444, 946], [445, 946], [446, 946], [399, 947], [400, 947], [401, 947], [443, 947], [444, 947], [445, 947], [398, 948], [399, 948], [400, 948], [443, 948], [444, 948], [445, 948], [398, 949], [399, 949], [400, 949], [443, 949], [444, 949], [397, 950], [398, 950], [399, 950], [442, 950], [443, 950], [444, 950], [397, 951], [398, 951], [399, 951], [442, 951], [443, 951], [444, 951], [396, 952], [397, 952], [398, 952], [441, 952], [442, 952], [443, 952], [396, 953], [397, 953], [398, 953], [441, 953], [442, 953], [443, 953], [395, 954], [396, 954], [397, 954], [440, 954], [441, 954], [442, 954], [394, 955], [395, 955], [396, 955], [397, 955], [440, 955], [441, 955], [442, 955], [394, 956], [395, 956], [396, 956], [439, 956], [440, 956], [441, 956], [393, 957], [394, 957], [395, 957], [438, 957], [439, 957], [440, 957], [441, 957], [393, 958], [394, 958], [395, 958], [438, 958], [439, 958], [440, 958], [392, 959], [393, 959], [394, 959], [437, 959], [438, 959], [439, 959], [392, 960], [393, 960], [394, 960], [437, 960], [438, 960], [439, 960], [391, 961], [392, 961], [393, 961], [436, 961], [437, 961], [438, 961], [391, 962], [392, 962], [393, 962], [436, 962], [437, 962], [438, 962], [390, 963], [391, 963], [392, 963], [435, 963], [436, 963], [437, 963], [390, 964], [391, 964], [392, 964], [435, 964], [436, 964], [437, 964], [389, 965], [390, 965], [391, 965], [434, 965], [435, 965], [436, 965], [388, 966], [389, 966], [390, 966], [391, 966], [434, 966], [435, 966], [436, 966], [388, 967], [389, 967], [390, 967], [433, 967], [434, 967], [435, 967], [387, 968], [388, 968], [389, 968], [432, 968], [433, 968], [434, 968], [435, 968], [387, 969], [388, 969], [389, 969], [431, 969], [432, 969], [433, 969], [434, 969], [386, 970], [387, 970], [388, 970], [431, 970], [432, 970], [433, 970], [386, 971], [387, 971], [388, 971], [431, 971], [432, 971], [385, 972], [386, 972], [387, 972], [430, 972], [431, 972], [432, 972], [385, 973], [386, 973], [387, 973], [429, 973], [430, 973], [431, 973], [432, 973], [384, 974], [385, 974], [386, 974], [429, 974], [430, 974], [431, 974], [384, 975], [385, 975], [386, 975], [428, 975], [429, 975], [430, 975], [383, 976], [384, 976], [385, 976], [427, 976], [428, 976], [429, 976], [430, 976], [382, 977], [383, 977], [384, 977], [385, 977], [427, 977], [428, 977], [429, 977], [382, 978], [383, 978], [384, 978], [427, 978], [428, 978], [381, 979], [382, 979], [383, 979], [426, 979], [427, 979], [428, 979], [381, 980], [382, 980], [383, 980], [426, 980], [427, 980], [428, 980], [380, 981], [381, 981], [382, 981], [425, 981], [426, 981], [427, 981], [380, 982], [381, 982], [382, 982], [425, 982], [426, 982], [427, 982], [379, 983], [380, 983], [381, 983], [424, 983], [425, 983], [426, 983], [379, 984], [380, 984], [381, 984], [424, 984], [425, 984], [426, 984], [378, 985], [379, 985], [380, 985], [424, 985], [425, 985], [377, 986], [378, 986], [379, 986], [380, 986], [423, 986], [424, 986], [425, 986], [377, 987], [378, 987], [379, 987], [423, 987], [424, 987], [425, 987], [376, 988], [377, 988], [378, 988], [422, 988], [423, 988], [424, 988], [376, 989], [377, 989], [378, 989], [422, 989], [423, 989], [424, 989], [375, 990], [376, 990], [377, 990], [422, 990], [423, 990], [375, 991], [376, 991], [377, 991], [421, 991], [422, 991], [423, 991], [375, 992], [376, 992], [421, 992], [422, 992], [423, 992], [374, 993], [375, 993], [376, 993], [420, 993], [421, 993], [422, 993], [374, 994], [375, 994], [376, 994], [420, 994], [421, 994], [422, 994], [373, 995], [374, 995], [375, 995], [419, 995], [420, 995], [421, 995], [372, 996], [373, 996], [374, 996], [375, 996], [419, 996], [420, 996], [421, 996], [372, 997], [373, 997], [374, 997], [419, 997], [420, 997], [371, 998], [372, 998], [373, 998], [418, 998], [419, 998], [420, 998], [371, 999], [372, 999], [373, 999], [418, 999], [419, 999], [420, 999], [370, 1000], [371, 1000], [372, 1000], [417, 1000], [418, 1000], [419, 1000], [370, 1001], [371, 1001], [372, 1001], [417, 1001], [418, 1001], [419, 1001], [369, 1002], [370, 1002], [371, 1002], [417, 1002], [418, 1002], [369, 1003], [370, 1003], [371, 1003], [416, 1003], [417, 1003], [418, 1003], [368, 1004], [369, 1004], [370, 1004], [415, 1004], [416, 1004], [417, 1004], [418, 1004], [368, 1005], [369, 1005], [370, 1005], [415, 1005], [416, 1005], [417, 1005], [367, 1006], [368, 1006], [369, 1006], [414, 1006], [415, 1006], [416, 1006], [367, 1007], [368, 1007], [369, 1007], [414, 1007], [415, 1007], [416, 1007], [366, 1008], [367, 1008], [368, 1008], [414, 1008], [415, 1008], [366, 1009], [367, 1009], [368, 1009], [413, 1009], [414, 1009], [415, 1009], [365, 1010], [366, 1010], [367, 1010], [412, 1010], [413, 1010], [414, 1010], [415, 1010], [364, 1011], [365, 1011], [366, 1011], [367, 1011], [412, 1011], [413, 1011], [414, 1011], [364, 1012], [365, 1012], [366, 1012], [412, 1012], [413, 1012], [363, 1013], [364, 1013], [365, 1013], [411, 1013], [412, 1013], [413, 1013], [363, 1014], [364, 1014], [365, 1014], [411, 1014], [412, 1014], [413, 1014], [362, 1015], [363, 1015], [364, 1015], [410, 1015], [411, 1015], [412, 1015], [362, 1016], [363, 1016], [364, 1016], [410, 1016], [411, 1016], [412, 1016], [361, 1017], [362, 1017], [363, 1017], [410, 1017], [411, 1017], [361, 1018], [362, 1018], [363, 1018], [409, 1018], [410, 1018], [411, 1018], [360, 1019], [361, 1019], [362, 1019], [408, 1019], [409, 1019], [410, 1019], [411, 1019], [359, 1020], [360, 1020], [361, 1020], [362, 1020], [408, 1020], [409, 1020], [410, 1020], [359, 1021], [360, 1021], [361, 1021], [407, 1021], [408, 1021], [409, 1021], [358, 1022], [359, 1022], [360, 1022], [407, 1022], [408, 1022], [409, 1022], [358, 1023], [359, 1023], [360, 1023], [406, 1023], [407, 1023], [408, 1023], [357, 1024], [358, 1024], [359, 1024], [406, 1024], [407, 1024], [408, 1024], [357, 1025], [358, 1025], [359, 1025], [405, 1025], [406, 1025], [407, 1025], [356, 1026], [357, 1026], [358, 1026], [405, 1026], [406, 1026], [407, 1026], [356, 1027], [357, 1027], [358, 1027], [404, 1027], [405, 1027], [406, 1027], [355, 1028], [356, 1028], [357, 1028], [404, 1028], [405, 1028], [406, 1028], [354, 1029], [355, 1029], [356, 1029], [357, 1029], [403, 1029], [404, 1029], [405, 1029], [354, 1030], [355, 1030], [356, 1030], [403, 1030], [404, 1030], [405, 1030], [353, 1031], [354, 1031], [355, 1031], [402, 1031], [403, 1031], [404, 1031], [353, 1032], [354, 1032], [355, 1032], [402, 1032], [403, 1032], [404, 1032], [352, 1033], [353, 1033], [354, 1033], [401, 1033], [402, 1033], [403, 1033], [352, 1034], [353, 1034], [354, 1034], [401, 1034], [402, 1034], [403, 1034], [351, 1035], [352, 1035], [353, 1035], [400, 1035], [401, 1035], [402, 1035], [351, 1036], [352, 1036], [353, 1036], [400, 1036], [401, 1036], [402, 1036], [350, 1037], [351, 1037], [352, 1037], [399, 1037], [400, 1037], [401, 1037], [350, 1038], [351, 1038], [352, 1038], [399, 1038], [400, 1038], [401, 1038], [349, 1039], [350, 1039], [351, 1039], [398, 1039], [399, 1039], [400, 1039], [348, 1040], [349, 1040], [350, 1040], [351, 1040], [398, 1040], [399, 1040], [400, 1040], [348, 1041], [349, 1041], [350, 1041], [397, 1041], [398, 1041], [399, 1041], [347, 1042], [348, 1042], [349, 1042], [397, 1042], [398, 1042], [399, 1042], [347, 1043], [348, 1043], [349, 1043], [397, 1043], [398, 1043], [346, 1044], [347, 1044], [348, 1044], [396, 1044], [397, 1044], [398, 1044], [346, 1045], [347, 1045], [348, 1045], [396, 1045], [397, 1045], [398, 1045], [345, 1046], [346, 1046], [347, 1046], [395, 1046], [396, 1046], [397, 1046], [345, 1047], [346, 1047], [347, 1047], [395, 1047], [396, 1047], [397, 1047], [345, 1048], [346, 1048], [395, 1048], [396, 1048], [344, 1049], [345, 1049], [346, 1049], [394, 1049], [395, 1049], [396, 1049], [343, 1050], [344, 1050], [345, 1050], [346, 1050], [394, 1050], [395, 1050], [396, 1050], [343, 1051], [344, 1051], [345, 1051], [393, 1051], [394, 1051], [395, 1051], [343, 1052], [344, 1052], [393, 1052], [394, 1052], [395, 1052], [343, 1053], [344, 1053], [392, 1053], [393, 1053], [394, 1053], [342, 1054], [343, 1054], [344, 1054], [392, 1054], [393, 1054], [394, 1054], [342, 1055], [343, 1055], [344, 1055], [391, 1055], [392, 1055], [393, 1055], [341, 1056], [342, 1056], [343, 1056], [391, 1056], [392, 1056], [393, 1056], [341, 1057], [342, 1057], [343, 1057], [390, 1057], [391, 1057], [392, 1057], [340, 1058], [341, 1058], [342, 1058], [390, 1058], [391, 1058], [392, 1058], [340, 1059], [341, 1059], [342, 1059], [389, 1059], [390, 1059], [391, 1059], [339, 1060], [340, 1060], [341, 1060], [389, 1060], [390, 1060], [391, 1060], [339, 1061], [340, 1061], [341, 1061], [388, 1061], [389, 1061], [390, 1061], [338, 1062], [339, 1062], [340, 1062], [388, 1062], [389, 1062], [390, 1062], [338, 1063], [339, 1063], [340, 1063], [387, 1063], [388, 1063], [389, 1063], [337, 1064], [338, 1064], [339, 1064], [387, 1064], [388, 1064], [389, 1064], [336, 1065], [337, 1065], [338, 1065], [339, 1065], [387, 1065], [388, 1065], [336, 1066], [337, 1066], [338, 1066], [386, 1066], [387, 1066], [388, 1066], [335, 1067], [336, 1067], [337, 1067], [386, 1067], [387, 1067], [388, 1067], [335, 1068], [336, 1068], [337, 1068], [385, 1068], [386, 1068], [387, 1068], [334, 1069], [335, 1069], [336, 1069], [385, 1069], [386, 1069], [387, 1069], [334, 1070], [335, 1070], [336, 1070], [384, 1070], [385, 1070], [386, 1070], [333, 1071], [334, 1071], [335, 1071], [384, 1071], [385, 1071], [386, 1071], [332, 1072], [333, 1072], [334, 1072], [335, 1072], [383, 1072], [384, 1072], [385, 1072], [332, 1073], [333, 1073], [334, 1073], [383, 1073], [384, 1073], [385, 1073], [331, 1074], [332, 1074], [333, 1074], [382, 1074], [383, 1074], [384, 1074], [330, 1075], [331, 1075], [332, 1075], [333, 1075], [381, 1075], [382, 1075], [383, 1075], [384, 1075], [330, 1076], [331, 1076], [332, 1076], [381, 1076], [382, 1076], [383, 1076], [329, 1077], [330, 1077], [331, 1077], [381, 1077], [382, 1077], [329, 1078], [330, 1078], [331, 1078], [380, 1078], [381, 1078], [382, 1078], [329, 1079], [330, 1079], [380, 1079], [381, 1079], [382, 1079]




Yellow line left - [102, 1077], [103, 1077], [104, 1077], [98, 1078], [99, 1078], [102, 1078], [104, 1078], [97, 1079], [98, 1079], [99, 1079], [102, 1079], [104, 1079]




Yellow line right - [260, 982], [261, 982], [259, 983], [260, 983], [261, 983], [258, 984], [259, 984], [260, 984], [261, 984], [257, 985], [258, 985], [259, 985], [260, 985], [257, 986], [258, 986], [259, 986], [256, 987], [257, 987], [258, 987], [255, 988], [256, 988], [257, 988], [258, 988], [254, 989], [255, 989], [256, 989], [257, 989], [253, 990], [254, 990], [255, 990], [256, 990], [250, 991], [251, 991], [252, 991], [253, 991], [254, 991], [255, 991], [250, 992], [251, 992], [252, 992], [253, 992], [254, 992], [249, 993], [250, 993], [251, 993], [252, 993], [253, 993], [248, 994], [249, 994], [250, 994], [251, 994], [248, 995], [249, 995], [250, 995], [248, 996], [249, 996], [248, 997], [249, 997], [248, 998], [249, 998], [248, 999], [249, 999], [248, 1000], [249, 1000], [247, 1001], [248, 1001], [249, 1001], [245, 1002], [246, 1002], [247, 1002], [248, 1002], [249, 1002], [244, 1003], [245, 1003], [246, 1003], [247, 1003], [248, 1003], [243, 1004], [244, 1004], [245, 1004], [246, 1004], [243, 1005], [244, 1005], [245, 1005], [243, 1006], [244, 1006], [242, 1007], [243, 1007], [244, 1007], [241, 1008], [242, 1008], [243, 1008], [244, 1008], [240, 1009], [241, 1009], [242, 1009], [243, 1009], [240, 1010], [241, 1010], [242, 1010], [240, 1011], [241, 1011], [240, 1012], [241, 1012], [208, 1013], [209, 1013], [240, 1013], [241, 1013], [206, 1014], [207, 1014], [208, 1014], [209, 1014], [240, 1014], [241, 1014], [206, 1015], [207, 1015], [208, 1015], [209, 1015], [240, 1015], [241, 1015], [206, 1016], [207, 1016], [208, 1016], [240, 1016], [241, 1016], [242, 1016], [243, 1016], [206, 1017], [207, 1017], [208, 1017], [240, 1017], [241, 1017], [242, 1017], [243, 1017], [244, 1017], [206, 1018], [207, 1018], [208, 1018], [209, 1018], [242, 1018], [243, 1018], [244, 1018], [206, 1019], [207, 1019], [208, 1019], [209, 1019], [242, 1019], [243, 1019], [244, 1019], [206, 1020], [207, 1020], [208, 1020], [209, 1020], [241, 1020], [242, 1020], [243, 1020], [207, 1021], [208, 1021], [236, 1021], [237, 1021], [238, 1021], [239, 1021], [241, 1021], [242, 1021], [243, 1021], [206, 1022], [207, 1022], [208, 1022], [235, 1022], [236, 1022], [237, 1022], [238, 1022], [239, 1022], [241, 1022], [242, 1022], [243, 1022], [192, 1023], [193, 1023], [194, 1023], [206, 1023], [207, 1023], [208, 1023], [235, 1023], [236, 1023], [237, 1023], [238, 1023], [239, 1023], [241, 1023], [242, 1023], [243, 1023], [189, 1024], [190, 1024], [191, 1024], [192, 1024], [193, 1024], [194, 1024], [195, 1024], [196, 1024], [206, 1024], [207, 1024], [208, 1024], [235, 1024], [236, 1024], [237, 1024], [238, 1024], [239, 1024], [241, 1024], [242, 1024], [243, 1024], [188, 1025], [189, 1025], [190, 1025], [191, 1025], [192, 1025], [193, 1025], [194, 1025], [196, 1025], [206, 1025], [207, 1025], [208, 1025], [236, 1025], [237, 1025], [238, 1025], [239, 1025], [241, 1025], [242, 1025], [243, 1025], [186, 1026], [187, 1026], [188, 1026], [189, 1026], [190, 1026], [191, 1026], [192, 1026], [193, 1026], [194, 1026], [195, 1026], [196, 1026], [204, 1026], [205, 1026], [206, 1026], [207, 1026], [237, 1026], [238, 1026], [239, 1026], [240, 1026], [241, 1026], [242, 1026], [243, 1026], [185, 1027], [186, 1027], [187, 1027], [188, 1027], [189, 1027], [190, 1027], [191, 1027], [192, 1027], [193, 1027], [194, 1027], [195, 1027], [196, 1027], [197, 1027], [198, 1027], [199, 1027], [200, 1027], [201, 1027], [202, 1027], [203, 1027], [204, 1027], [205, 1027], [206, 1027], [207, 1027], [238, 1027], [239, 1027], [240, 1027], [241, 1027], [242, 1027], [184, 1028], [185, 1028], [186, 1028], [187, 1028], [194, 1028], [195, 1028], [196, 1028], [197, 1028], [198, 1028], [199, 1028], [200, 1028], [201, 1028], [202, 1028], [203, 1028], [204, 1028], [205, 1028], [236, 1028], [237, 1028], [238, 1028], [239, 1028], [182, 1029], [183, 1029], [184, 1029], [185, 1029], [186, 1029], [189, 1029], [190, 1029], [191, 1029], [194, 1029], [195, 1029], [196, 1029], [197, 1029], [198, 1029], [199, 1029], [200, 1029], [201, 1029], [202, 1029], [234, 1029], [235, 1029], [236, 1029], [237, 1029], [238, 1029], [239, 1029], [179, 1030], [180, 1030], [181, 1030], [182, 1030], [183, 1030], [184, 1030], [185, 1030], [189, 1030], [191, 1030], [192, 1030], [193, 1030], [198, 1030], [199, 1030], [200, 1030], [201, 1030], [234, 1030], [235, 1030], [236, 1030], [237, 1030], [178, 1031], [179, 1031], [181, 1031], [182, 1031], [183, 1031], [184, 1031], [185, 1031], [189, 1031], [190, 1031], [191, 1031], [192, 1031], [193, 1031], [197, 1031], [198, 1031], [199, 1031], [201, 1031], [202, 1031], [203, 1031], [204, 1031], [205, 1031], [206, 1031], [233, 1031], [234, 1031], [235, 1031], [176, 1032], [177, 1032], [178, 1032], [181, 1032], [182, 1032], [183, 1032], [184, 1032], [185, 1032], [191, 1032], [192, 1032], [193, 1032], [194, 1032], [197, 1032], [199, 1032], [200, 1032], [201, 1032], [202, 1032], [203, 1032], [204, 1032], [205, 1032], [206, 1032], [232, 1032], [233, 1032], [234, 1032], [235, 1032], [174, 1033], [175, 1033], [176, 1033], [177, 1033], [178, 1033], [184, 1033], [185, 1033], [191, 1033], [192, 1033], [193, 1033], [194, 1033], [197, 1033], [198, 1033], [199, 1033], [200, 1033], [201, 1033], [202, 1033], [203, 1033], [204, 1033], [205, 1033], [206, 1033], [229, 1033], [230, 1033], [231, 1033], [232, 1033], [233, 1033], [234, 1033], [173, 1034], [174, 1034], [175, 1034], [176, 1034], [177, 1034], [178, 1034], [182, 1034], [183, 1034], [184, 1034], [185, 1034], [191, 1034], [192, 1034], [193, 1034], [194, 1034], [200, 1034], [201, 1034], [202, 1034], [203, 1034], [204, 1034], [205, 1034], [206, 1034], [228, 1034], [229, 1034], [230, 1034], [231, 1034], [232, 1034], [233, 1034], [171, 1035], [172, 1035], [173, 1035], [174, 1035], [176, 1035], [178, 1035], [179, 1035], [181, 1035], [182, 1035], [183, 1035], [184, 1035], [185, 1035], [192, 1035], [194, 1035], [228, 1035], [229, 1035], [230, 1035], [169, 1036], [170, 1036], [171, 1036], [172, 1036], [173, 1036], [174, 1036], [175, 1036], [176, 1036], [177, 1036], [178, 1036], [179, 1036], [181, 1036], [182, 1036], [183, 1036], [184, 1036], [185, 1036], [192, 1036], [193, 1036], [194, 1036], [228, 1036], [229, 1036], [230, 1036], [167, 1037], [168, 1037], [169, 1037], [170, 1037], [171, 1037], [172, 1037], [173, 1037], [174, 1037], [175, 1037], [176, 1037], [177, 1037], [178, 1037], [179, 1037], [181, 1037], [182, 1037], [183, 1037], [227, 1037], [228, 1037], [229, 1037], [230, 1037], [166, 1038], [167, 1038], [168, 1038], [169, 1038], [170, 1038], [171, 1038], [172, 1038], [173, 1038], [175, 1038], [176, 1038], [177, 1038], [178, 1038], [179, 1038], [180, 1038], [181, 1038], [182, 1038], [183, 1038], [227, 1038], [228, 1038], [229, 1038], [230, 1038], [164, 1039], [165, 1039], [166, 1039], [167, 1039], [168, 1039], [169, 1039], [170, 1039], [171, 1039], [172, 1039], [174, 1039], [175, 1039], [176, 1039], [177, 1039], [178, 1039], [179, 1039], [180, 1039], [181, 1039], [182, 1039], [183, 1039], [218, 1039], [219, 1039], [220, 1039], [221, 1039], [222, 1039], [227, 1039], [228, 1039], [162, 1040], [163, 1040], [164, 1040], [165, 1040], [166, 1040], [167, 1040], [169, 1040], [170, 1040], [171, 1040], [172, 1040], [173, 1040], [174, 1040], [175, 1040], [176, 1040], [177, 1040], [178, 1040], [179, 1040], [180, 1040], [182, 1040], [218, 1040], [219, 1040], [220, 1040], [221, 1040], [222, 1040], [223, 1040], [224, 1040], [225, 1040], [226, 1040], [227, 1040], [228, 1040], [167, 1041], [168, 1041], [169, 1041], [170, 1041], [171, 1041], [172, 1041], [173, 1041], [174, 1041], [175, 1041], [176, 1041], [180, 1041], [181, 1041], [182, 1041], [218, 1041], [219, 1041], [220, 1041], [221, 1041], [222, 1041], [224, 1041], [225, 1041], [226, 1041], [227, 1041], [228, 1041], [167, 1042], [168, 1042], [169, 1042], [218, 1042], [219, 1042], [220, 1042], [221, 1042], [222, 1042], [223, 1042], [224, 1042], [225, 1042], [226, 1042], [157, 1043], [218, 1043], [219, 1043], [220, 1043], [221, 1043], [222, 1043], [223, 1043], [224, 1043], [225, 1043], [156, 1044], [157, 1044], [158, 1044], [159, 1044], [218, 1044], [219, 1044], [220, 1044], [221, 1044], [222, 1044], [223, 1044], [154, 1045], [156, 1045], [157, 1045], [158, 1045], [159, 1045], [218, 1045], [219, 1045], [220, 1045], [221, 1045], [222, 1045], [152, 1046], [153, 1046], [157, 1046], [158, 1046], [159, 1046], [160, 1046], [161, 1046], [173, 1046], [174, 1046], [175, 1046], [220, 1046], [221, 1046], [222, 1046], [151, 1047], [152, 1047], [157, 1047], [158, 1047], [159, 1047], [160, 1047], [161, 1047], [162, 1047], [173, 1047], [175, 1047], [218, 1047], [219, 1047], [220, 1047], [221, 1047], [222, 1047], [149, 1048], [151, 1048], [152, 1048], [157, 1048], [158, 1048], [159, 1048], [160, 1048], [161, 1048], [162, 1048], [163, 1048], [164, 1048], [173, 1048], [174, 1048], [175, 1048], [217, 1048], [218, 1048], [219, 1048], [220, 1048], [221, 1048], [222, 1048], [148, 1049], [149, 1049], [151, 1049], [152, 1049], [158, 1049], [159, 1049], [160, 1049], [161, 1049], [162, 1049], [163, 1049], [164, 1049], [165, 1049], [216, 1049], [217, 1049], [218, 1049], [219, 1049], [220, 1049], [221, 1049], [148, 1050], [149, 1050], [150, 1050], [151, 1050], [152, 1050], [160, 1050], [161, 1050], [162, 1050], [163, 1050], [164, 1050], [165, 1050], [168, 1050], [169, 1050], [170, 1050], [171, 1050], [215, 1050], [216, 1050], [217, 1050], [218, 1050], [219, 1050], [220, 1050], [148, 1051], [149, 1051], [150, 1051], [151, 1051], [160, 1051], [161, 1051], [162, 1051], [163, 1051], [164, 1051], [165, 1051], [167, 1051], [168, 1051], [169, 1051], [170, 1051], [171, 1051], [215, 1051], [216, 1051], [217, 1051], [218, 1051], [219, 1051], [148, 1052], [149, 1052], [150, 1052], [151, 1052], [163, 1052], [164, 1052], [165, 1052], [167, 1052], [168, 1052], [169, 1052], [170, 1052], [171, 1052], [215, 1052], [216, 1052], [148, 1053], [149, 1053], [150, 1053], [151, 1053], [163, 1053], [164, 1053], [165, 1053], [167, 1053], [168, 1053], [169, 1053], [170, 1053], [171, 1053], [213, 1053], [214, 1053], [215, 1053], [216, 1053], [143, 1054], [144, 1054], [145, 1054], [147, 1054], [148, 1054], [149, 1054], [150, 1054], [151, 1054], [160, 1054], [161, 1054], [162, 1054], [164, 1054], [165, 1054], [167, 1054], [168, 1054], [169, 1054], [170, 1054], [171, 1054], [209, 1054], [210, 1054], [211, 1054], [212, 1054], [213, 1054], [214, 1054], [215, 1054], [216, 1054], [140, 1055], [141, 1055], [142, 1055], [143, 1055], [145, 1055], [147, 1055], [148, 1055], [149, 1055], [150, 1055], [151, 1055], [160, 1055], [161, 1055], [162, 1055], [163, 1055], [164, 1055], [165, 1055], [169, 1055], [170, 1055], [171, 1055], [209, 1055], [210, 1055], [211, 1055], [212, 1055], [213, 1055], [214, 1055], [140, 1056], [142, 1056], [143, 1056], [144, 1056], [145, 1056], [147, 1056], [148, 1056], [149, 1056], [150, 1056], [159, 1056], [160, 1056], [161, 1056], [162, 1056], [163, 1056], [164, 1056], [165, 1056], [167, 1056], [168, 1056], [169, 1056], [170, 1056], [171, 1056], [209, 1056], [210, 1056], [140, 1057], [141, 1057], [142, 1057], [144, 1057], [147, 1057], [148, 1057], [149, 1057], [150, 1057], [159, 1057], [161, 1057], [162, 1057], [167, 1057], [168, 1057], [169, 1057], [170, 1057], [172, 1057], [173, 1057], [174, 1057], [175, 1057], [209, 1057], [210, 1057], [211, 1057], [138, 1058], [139, 1058], [140, 1058], [141, 1058], [142, 1058], [143, 1058], [144, 1058], [146, 1058], [147, 1058], [148, 1058], [159, 1058], [160, 1058], [161, 1058], [162, 1058], [163, 1058], [164, 1058], [165, 1058], [166, 1058], [167, 1058], [168, 1058], [169, 1058], [170, 1058], [171, 1058], [172, 1058], [173, 1058], [174, 1058], [175, 1058], [209, 1058], [210, 1058], [211, 1058], [212, 1058], [136, 1059], [137, 1059], [138, 1059], [139, 1059], [140, 1059], [141, 1059], [144, 1059], [145, 1059], [146, 1059], [147, 1059], [149, 1059], [150, 1059], [161, 1059], [162, 1059], [163, 1059], [164, 1059], [165, 1059], [166, 1059], [167, 1059], [168, 1059], [169, 1059], [170, 1059], [171, 1059], [172, 1059], [173, 1059], [174, 1059], [175, 1059], [178, 1059], [179, 1059], [180, 1059], [181, 1059], [182, 1059], [210, 1059], [211, 1059], [212, 1059], [136, 1060], [137, 1060], [138, 1060], [139, 1060], [140, 1060], [142, 1060], [143, 1060], [144, 1060], [146, 1060], [147, 1060], [148, 1060], [149, 1060], [150, 1060], [166, 1060], [167, 1060], [168, 1060], [169, 1060], [170, 1060], [171, 1060], [172, 1060], [173, 1060], [174, 1060], [175, 1060], [176, 1060], [177, 1060], [178, 1060], [179, 1060], [180, 1060], [181, 1060], [182, 1060], [183, 1060], [184, 1060], [211, 1060], [212, 1060], [213, 1060], [136, 1061], [137, 1061], [138, 1061], [139, 1061], [140, 1061], [141, 1061], [142, 1061], [143, 1061], [144, 1061], [145, 1061], [146, 1061], [147, 1061], [148, 1061], [149, 1061], [150, 1061], [169, 1061], [170, 1061], [171, 1061], [173, 1061], [174, 1061], [175, 1061], [176, 1061], [177, 1061], [178, 1061], [179, 1061], [181, 1061], [182, 1061], [183, 1061], [184, 1061], [211, 1061], [212, 1061], [213, 1061], [135, 1062], [136, 1062], [137, 1062], [138, 1062], [139, 1062], [140, 1062], [141, 1062], [142, 1062], [145, 1062], [146, 1062], [147, 1062], [148, 1062], [149, 1062], [170, 1062], [171, 1062], [172, 1062], [173, 1062], [174, 1062], [182, 1062], [183, 1062], [184, 1062], [212, 1062], [213, 1062], [135, 1063], [136, 1063], [137, 1063], [138, 1063], [139, 1063], [140, 1063], [141, 1063], [142, 1063], [143, 1063], [144, 1063], [145, 1063], [146, 1063], [171, 1063], [172, 1063], [173, 1063], [174, 1063], [181, 1063], [182, 1063], [183, 1063], [212, 1063], [213, 1063], [134, 1064], [135, 1064], [136, 1064], [143, 1064], [144, 1064], [145, 1064], [146, 1064], [171, 1064], [172, 1064], [174, 1064], [175, 1064], [176, 1064], [181, 1064], [182, 1064], [183, 1064], [212, 1064], [213, 1064], [132, 1065], [133, 1065], [134, 1065], [135, 1065], [136, 1065], [140, 1065], [141, 1065], [142, 1065], [173, 1065], [174, 1065], [175, 1065], [176, 1065], [181, 1065], [182, 1065], [211, 1065], [212, 1065], [213, 1065], [131, 1066], [132, 1066], [133, 1066], [134, 1066], [136, 1066], [137, 1066], [140, 1066], [142, 1066], [143, 1066], [144, 1066], [173, 1066], [174, 1066], [175, 1066], [176, 1066], [179, 1066], [180, 1066], [181, 1066], [182, 1066], [210, 1066], [211, 1066], [212, 1066], [213, 1066], [131, 1067], [132, 1067], [133, 1067], [134, 1067], [135, 1067], [136, 1067], [137, 1067], [140, 1067], [141, 1067], [142, 1067], [143, 1067], [144, 1067], [172, 1067], [173, 1067], [174, 1067], [177, 1067], [178, 1067], [179, 1067], [180, 1067], [181, 1067], [182, 1067], [210, 1067], [211, 1067], [212, 1067], [128, 1068], [129, 1068], [130, 1068], [131, 1068], [132, 1068], [134, 1068], [135, 1068], [136, 1068], [137, 1068], [140, 1068], [141, 1068], [143, 1068], [144, 1068], [171, 1068], [172, 1068], [173, 1068], [174, 1068], [175, 1068], [176, 1068], [177, 1068], [178, 1068], [179, 1068], [180, 1068], [209, 1068], [210, 1068], [211, 1068], [127, 1069], [128, 1069], [129, 1069], [130, 1069], [131, 1069], [132, 1069], [134, 1069], [135, 1069], [136, 1069], [140, 1069], [141, 1069], [142, 1069], [143, 1069], [144, 1069], [171, 1069], [172, 1069], [173, 1069], [174, 1069], [175, 1069], [176, 1069], [177, 1069], [178, 1069], [179, 1069], [180, 1069], [208, 1069], [209, 1069], [210, 1069], [211, 1069], [126, 1070], [127, 1070], [128, 1070], [129, 1070], [131, 1070], [132, 1070], [133, 1070], [134, 1070], [141, 1070], [142, 1070], [143, 1070], [144, 1070], [171, 1070], [173, 1070], [174, 1070], [175, 1070], [176, 1070], [177, 1070], [178, 1070], [179, 1070], [207, 1070], [208, 1070], [209, 1070], [210, 1070], [126, 1071], [127, 1071], [128, 1071], [129, 1071], [131, 1071], [132, 1071], [133, 1071], [134, 1071], [140, 1071], [141, 1071], [142, 1071], [143, 1071], [171, 1071], [172, 1071], [173, 1071], [174, 1071], [175, 1071], [176, 1071], [206, 1071], [207, 1071], [208, 1071], [209, 1071], [126, 1072], [127, 1072], [128, 1072], [129, 1072], [130, 1072], [131, 1072], [132, 1072], [133, 1072], [134, 1072], [140, 1072], [141, 1072], [142, 1072], [143, 1072], [171, 1072], [172, 1072], [173, 1072], [174, 1072], [175, 1072], [206, 1072], [207, 1072], [208, 1072], [128, 1073], [129, 1073], [130, 1073], [131, 1073], [132, 1073], [133, 1073], [140, 1073], [141, 1073], [142, 1073], [150, 1073], [151, 1073], [152, 1073], [153, 1073], [168, 1073], [169, 1073], [170, 1073], [171, 1073], [172, 1073], [173, 1073], [174, 1073], [175, 1073], [206, 1073], [207, 1073], [128, 1074], [129, 1074], [130, 1074], [131, 1074], [132, 1074], [133, 1074], [150, 1074], [151, 1074], [152, 1074], [153, 1074], [167, 1074], [168, 1074], [169, 1074], [170, 1074], [171, 1074], [172, 1074], [173, 1074], [205, 1074], [206, 1074], [207, 1074], [128, 1075], [129, 1075], [130, 1075], [131, 1075], [132, 1075], [133, 1075], [150, 1075], [151, 1075], [152, 1075], [153, 1075], [166, 1075], [167, 1075], [168, 1075], [169, 1075], [170, 1075], [171, 1075], [172, 1075], [205, 1075], [206, 1075], [207, 1075], [128, 1076], [129, 1076], [130, 1076], [131, 1076], [132, 1076], [133, 1076], [150, 1076], [152, 1076], [166, 1076], [167, 1076], [168, 1076], [169, 1076], [170, 1076], [205, 1076], [206, 1076], [128, 1077], [129, 1077], [130, 1077], [132, 1077], [133, 1077], [134, 1077], [150, 1077], [151, 1077], [152, 1077], [153, 1077], [165, 1077], [166, 1077], [167, 1077], [168, 1077], [169, 1077], [205, 1077], [206, 1077], [131, 1078], [132, 1078], [133, 1078], [134, 1078], [151, 1078], [153, 1078], [162, 1078], [163, 1078], [164, 1078], [165, 1078], [166, 1078], [167, 1078], [168, 1078], [205, 1078], [206, 1078], [131, 1079], [133, 1079], [134, 1079], [151, 1079], [153, 1079], [162, 1079], [164, 1079], [165, 1079], [166, 1079], [167, 1079], [168, 1079], [205, 1079], [206, 1079]




White line right - [1680, 143], [1681, 143], [1682, 143], [1683, 143], [1679, 144], [1680, 144], [1681, 144], [1682, 144], [1683, 144], [1678, 145], [1679, 145], [1680, 145], [1681, 145], [1682, 145], [1683, 145], [1678, 146], [1679, 146], [1680, 146], [1681, 146], [1682, 146], [1683, 146], [1677, 147], [1678, 147], [1679, 147], [1680, 147], [1681, 147], [1682, 147], [1683, 147], [1677, 148], [1678, 148], [1679, 148], [1680, 148], [1681, 148], [1682, 148], [1677, 149], [1678, 149], [1679, 149], [1680, 149], [1682, 149], [1679, 150], [1680, 150], [1681, 150], [1682, 150], [1679, 151], [1680, 151], [1681, 151], [1682, 151], [1679, 152], [1680, 152], [1681, 152], [1682, 152], [1678, 153], [1679, 153], [1681, 153], [1682, 153], [1678, 154], [1679, 154], [1680, 154], [1681, 154], [1678, 155], [1679, 155], [1680, 155], [1681, 155], [1675, 156], [1676, 156], [1677, 156], [1678, 156], [1679, 156], [1680, 156], [1681, 156], [1674, 157], [1675, 157], [1676, 157], [1677, 157], [1678, 157], [1679, 157], [1680, 157], [1674, 158], [1675, 158], [1676, 158], [1677, 158], [1678, 158], [1679, 158], [1680, 158], [1674, 159], [1675, 159], [1676, 159], [1677, 159], [1678, 159], [1679, 159], [1680, 159], [1674, 160], [1675, 160], [1676, 160], [1677, 160], [1678, 160], [1679, 160], [1674, 161], [1675, 161], [1676, 161], [1677, 161], [1678, 161], [1472, 263], [1473, 263], [1474, 263], [1475, 263], [1470, 264], [1471, 264], [1472, 264], [1473, 264], [1474, 264], [1475, 264], [1476, 264], [1470, 265], [1471, 265], [1472, 265], [1473, 265], [1474, 265], [1475, 265], [1476, 265], [1477, 265], [1478, 265], [1479, 265], [1480, 265], [1481, 265], [1473, 266], [1474, 266], [1475, 266], [1476, 266], [1477, 266], [1478, 266], [1480, 266], [1481, 266], [1482, 266], [1483, 266], [1477, 267], [1478, 267], [1479, 267], [1480, 267], [1481, 267], [1482, 267], [1483, 267], [1484, 267], [1485, 267], [1486, 267], [1487, 267], [1480, 268], [1481, 268], [1482, 268], [1483, 268], [1484, 268], [1485, 268], [1486, 268], [1487, 268], [1488, 268], [1489, 268], [1483, 269], [1484, 269], [1485, 269], [1486, 269], [1487, 269], [1488, 269], [1489, 269], [1485, 270], [1486, 270], [1487, 270], [1488, 270], [1489, 270], [1496, 271], [1497, 271], [1498, 271], [1499, 271], [1496, 272], [1497, 272], [1498, 272], [1499, 272], [1500, 272], [1501, 272], [1502, 272], [1503, 272], [1504, 272], [1496, 273], [1497, 273], [1498, 273], [1499, 273], [1501, 273], [1502, 273], [1503, 273], [1504, 273], [1505, 273], [1506, 273], [1507, 273], [1497, 274], [1498, 274], [1499, 274], [1500, 274], [1501, 274], [1502, 274], [1503, 274], [1504, 274], [1505, 274], [1506, 274], [1507, 274], [1508, 274], [1501, 275], [1502, 275], [1503, 275], [1504, 275], [1505, 275], [1506, 275], [1507, 275], [1508, 275], [1509, 275], [1510, 275], [1503, 276], [1504, 276], [1505, 276], [1506, 276], [1507, 276], [1508, 276], [1509, 276], [1510, 276], [1507, 277], [1508, 277], [1509, 277], [1510, 277], [1614, 310], [1615, 310], [1616, 310], [1617, 310], [1614, 311], [1615, 311], [1616, 311], [1617, 311], [1614, 312], [1615, 312], [1616, 312], [1617, 312], [1683, 332], [1684, 332], [1685, 332], [1686, 332], [1687, 332], [1683, 333], [1684, 333], [1685, 333], [1686, 333], [1687, 333], [1688, 333], [1689, 333], [1690, 333], [1691, 333], [1692, 333], [1683, 334], [1684, 334], [1685, 334], [1686, 334], [1687, 334], [1688, 334], [1689, 334], [1690, 334], [1691, 334], [1692, 334], [1693, 334], [1694, 334], [1695, 334], [1696, 334], [1685, 335], [1686, 335], [1687, 335], [1688, 335], [1689, 335], [1690, 335], [1692, 335], [1693, 335], [1694, 335], [1695, 335], [1696, 335], [1697, 335], [1698, 335], [1699, 335], [1688, 336], [1689, 336], [1690, 336], [1691, 336], [1692, 336], [1693, 336], [1694, 336], [1695, 336], [1696, 336], [1697, 336], [1698, 336], [1699, 336], [1700, 336], [1701, 336], [1690, 337], [1691, 337], [1692, 337], [1693, 337], [1694, 337], [1695, 337], [1696, 337], [1697, 337], [1698, 337], [1699, 337], [1700, 337], [1701, 337], [1693, 338], [1694, 338], [1695, 338], [1696, 338], [1697, 338], [1698, 338], [1699, 338], [1700, 338], [1701, 338], [1698, 339], [1699, 339], [1700, 339], [1701, 339], [1323, 430], [1324, 430], [1325, 430], [1311, 431], [1312, 431], [1313, 431], [1314, 431], [1315, 431], [1316, 431], [1317, 431], [1318, 431], [1319, 431], [1320, 431], [1321, 431], [1322, 431], [1323, 431], [1324, 431], [1325, 431], [1326, 431], [1327, 431], [1310, 432], [1311, 432], [1312, 432], [1313, 432], [1314, 432], [1315, 432], [1316, 432], [1317, 432], [1318, 432], [1319, 432], [1320, 432], [1321, 432], [1322, 432], [1323, 432], [1324, 432], [1325, 432], [1326, 432], [1327, 432], [1310, 433], [1311, 433], [1312, 433], [1320, 433], [1321, 433], [1322, 433], [1323, 433], [1324, 433], [1325, 433], [1326, 433], [1327, 433], [1310, 434], [1311, 434], [1312, 434], [1315, 434], [1316, 434], [1317, 434], [1318, 434], [1319, 434], [1320, 434], [1321, 434], [1322, 434], [1323, 434], [1324, 434], [1325, 434], [1326, 434], [1327, 434], [1311, 435], [1312, 435], [1313, 435], [1314, 435], [1315, 435], [1316, 435], [1317, 435], [1318, 435], [1319, 435], [1320, 435], [1321, 435], [1323, 435], [1324, 435], [1325, 435], [1326, 435], [1311, 436], [1312, 436], [1313, 436], [1314, 436], [1315, 436], [1316, 436], [1313, 437], [1314, 437], [1315, 437]


