White line left - 




Yellow line left - [956, 952], [957, 952], [958, 952], [959, 952], [960, 952], [956, 953], [957, 953], [958, 953], [959, 953], [960, 953], [955, 954], [956, 954], [957, 954], [959, 954], [960, 954], [955, 955], [956, 955], [957, 955], [959, 955], [960, 955], [955, 956], [956, 956], [959, 956], [960, 956], [941, 957], [942, 957], [943, 957], [944, 957], [945, 957], [955, 957], [956, 957], [959, 957], [960, 957], [961, 957], [938, 958], [939, 958], [940, 958], [941, 958], [942, 958], [943, 958], [944, 958], [945, 958], [954, 958], [955, 958], [956, 958], [959, 958], [960, 958], [961, 958], [938, 959], [939, 959], [941, 959], [942, 959], [943, 959], [944, 959], [945, 959], [946, 959], [947, 959], [948, 959], [949, 959], [952, 959], [953, 959], [954, 959], [955, 959], [956, 959], [960, 959], [961, 959], [962, 959], [938, 960], [939, 960], [940, 960], [941, 960], [942, 960], [943, 960], [944, 960], [945, 960], [946, 960], [947, 960], [948, 960], [949, 960], [950, 960], [951, 960], [952, 960], [953, 960], [954, 960], [955, 960], [960, 960], [961, 960], [962, 960], [941, 961], [942, 961], [943, 961], [944, 961], [945, 961], [946, 961], [947, 961], [948, 961], [949, 961], [950, 961], [951, 961], [952, 961], [953, 961], [954, 961], [960, 961], [961, 961], [962, 961], [941, 962], [942, 962], [943, 962], [948, 962], [949, 962], [950, 962], [952, 962], [953, 962], [954, 962], [959, 962], [960, 962], [961, 962], [941, 963], [942, 963], [943, 963], [958, 963], [959, 963], [960, 963], [961, 963], [941, 964], [942, 964], [943, 964], [958, 964], [959, 964], [960, 964], [961, 964], [941, 965], [942, 965], [943, 965], [958, 965], [959, 965], [960, 965], [961, 965], [941, 966], [942, 966], [943, 966], [960, 966], [961, 966], [940, 967], [941, 967], [942, 967], [943, 967], [960, 967], [961, 967], [962, 967], [963, 967], [940, 968], [941, 968], [942, 968], [960, 968], [961, 968], [962, 968], [963, 968], [964, 968], [940, 969], [941, 969], [962, 969], [963, 969], [964, 969], [940, 970], [941, 970], [962, 970], [963, 970], [964, 970], [939, 971], [940, 971], [941, 971], [961, 971], [962, 971], [963, 971], [964, 971], [939, 972], [940, 972], [941, 972], [961, 972], [962, 972], [963, 972], [964, 972], [939, 973], [940, 973], [941, 973], [957, 973], [958, 973], [959, 973], [960, 973], [961, 973], [962, 973], [963, 973], [964, 973], [939, 974], [940, 974], [941, 974], [957, 974], [960, 974], [961, 974], [962, 974], [940, 975], [941, 975], [957, 975], [960, 975], [961, 975], [940, 976], [941, 976], [957, 976], [960, 976], [961, 976], [939, 977], [940, 977], [941, 977], [957, 977], [958, 977], [959, 977], [960, 977], [961, 977], [962, 977], [938, 978], [939, 978], [940, 978], [941, 978], [960, 978], [961, 978], [962, 978], [938, 979], [939, 979], [940, 979], [941, 979], [942, 979], [961, 979], [962, 979], [938, 980], [939, 980], [940, 980], [941, 980], [942, 980], [961, 980], [962, 980], [963, 980], [964, 980], [965, 980], [966, 980], [967, 980], [939, 981], [940, 981], [941, 981], [942, 981], [961, 981], [962, 981], [963, 981], [964, 981], [965, 981], [967, 981], [939, 982], [940, 982], [941, 982], [942, 982], [963, 982], [964, 982], [965, 982], [966, 982], [967, 982], [968, 982], [940, 983], [941, 983], [963, 983], [964, 983], [965, 983], [966, 983], [968, 983], [940, 984], [941, 984], [942, 984], [943, 984], [944, 984], [945, 984], [963, 984], [964, 984], [965, 984], [966, 984], [967, 984], [968, 984], [940, 985], [941, 985], [942, 985], [943, 985], [944, 985], [945, 985], [965, 985], [966, 985], [967, 985], [968, 985], [969, 985], [944, 986], [945, 986], [946, 986], [947, 986], [948, 986], [949, 986], [958, 986], [959, 986], [960, 986], [967, 986], [968, 986], [969, 986], [970, 986], [944, 987], [945, 987], [946, 987], [947, 987], [948, 987], [949, 987], [950, 987], [951, 987], [952, 987], [953, 987], [954, 987], [955, 987], [956, 987], [957, 987], [958, 987], [959, 987], [960, 987], [968, 987], [969, 987], [970, 987], [945, 988], [946, 988], [947, 988], [948, 988], [949, 988], [950, 988], [951, 988], [952, 988], [953, 988], [954, 988], [955, 988], [956, 988], [957, 988], [958, 988], [959, 988], [960, 988], [961, 988], [969, 988], [970, 988], [971, 988], [972, 988], [946, 989], [947, 989], [948, 989], [949, 989], [950, 989], [951, 989], [952, 989], [953, 989], [954, 989], [955, 989], [956, 989], [957, 989], [959, 989], [960, 989], [961, 989], [969, 989], [970, 989], [971, 989], [972, 989], [945, 990], [946, 990], [947, 990], [948, 990], [949, 990], [950, 990], [951, 990], [952, 990], [953, 990], [954, 990], [960, 990], [961, 990], [969, 990], [970, 990], [971, 990], [972, 990], [973, 990], [974, 990], [943, 991], [944, 991], [945, 991], [946, 991], [947, 991], [948, 991], [949, 991], [950, 991], [951, 991], [952, 991], [953, 991], [954, 991], [955, 991], [956, 991], [957, 991], [959, 991], [960, 991], [961, 991], [970, 991], [971, 991], [972, 991], [973, 991], [974, 991], [975, 991], [943, 992], [944, 992], [945, 992], [946, 992], [947, 992], [948, 992], [949, 992], [950, 992], [951, 992], [952, 992], [953, 992], [954, 992], [955, 992], [956, 992], [957, 992], [958, 992], [959, 992], [960, 992], [961, 992], [971, 992], [972, 992], [974, 992], [975, 992], [976, 992], [943, 993], [944, 993], [955, 993], [956, 993], [957, 993], [958, 993], [959, 993], [960, 993], [971, 993], [972, 993], [973, 993], [974, 993], [975, 993], [976, 993], [943, 994], [944, 994], [955, 994], [956, 994], [957, 994], [973, 994], [974, 994], [975, 994], [976, 994], [942, 995], [943, 995], [944, 995], [975, 995], [976, 995], [942, 996], [943, 996], [944, 996], [945, 996], [975, 996], [976, 996], [977, 996], [942, 997], [943, 997], [944, 997], [945, 997], [946, 997], [975, 997], [976, 997], [977, 997], [978, 997], [944, 998], [945, 998], [946, 998], [947, 998], [976, 998], [977, 998], [978, 998], [945, 999], [946, 999], [947, 999], [948, 999], [976, 999], [977, 999], [978, 999], [946, 1000], [947, 1000], [948, 1000], [976, 1000], [977, 1000], [978, 1000], [946, 1001], [947, 1001], [948, 1001], [976, 1001], [977, 1001], [978, 1001], [946, 1002], [947, 1002], [948, 1002], [977, 1002], [978, 1002], [979, 1002], [947, 1003], [948, 1003], [949, 1003], [950, 1003], [976, 1003], [977, 1003], [978, 1003], [979, 1003], [947, 1004], [948, 1004], [949, 1004], [950, 1004], [976, 1004], [977, 1004], [978, 1004], [979, 1004], [947, 1005], [948, 1005], [949, 1005], [950, 1005], [976, 1005], [977, 1005], [978, 1005], [979, 1005], [948, 1006], [949, 1006], [950, 1006], [977, 1006], [978, 1006], [979, 1006], [948, 1007], [949, 1007], [950, 1007], [951, 1007], [952, 1007], [953, 1007], [954, 1007], [955, 1007], [956, 1007], [957, 1007], [958, 1007], [959, 1007], [977, 1007], [978, 1007], [979, 1007], [948, 1008], [949, 1008], [950, 1008], [951, 1008], [952, 1008], [953, 1008], [954, 1008], [955, 1008], [956, 1008], [957, 1008], [958, 1008], [959, 1008], [960, 1008], [977, 1008], [978, 1008], [979, 1008], [952, 1009], [953, 1009], [954, 1009], [955, 1009], [956, 1009], [957, 1009], [958, 1009], [959, 1009], [960, 1009], [977, 1009], [978, 1009], [979, 1009], [950, 1010], [951, 1010], [952, 1010], [953, 1010], [954, 1010], [955, 1010], [956, 1010], [957, 1010], [958, 1010], [959, 1010], [960, 1010], [977, 1010], [978, 1010], [979, 1010], [950, 1011], [951, 1011], [952, 1011], [953, 1011], [954, 1011], [955, 1011], [956, 1011], [957, 1011], [977, 1011], [978, 1011], [979, 1011], [950, 1012], [951, 1012], [952, 1012], [954, 1012], [955, 1012], [956, 1012], [977, 1012], [978, 1012], [979, 1012], [950, 1013], [951, 1013], [952, 1013], [977, 1013], [978, 1013], [979, 1013], [980, 1013], [950, 1014], [951, 1014], [952, 1014], [953, 1014], [977, 1014], [978, 1014], [979, 1014], [980, 1014], [982, 1014], [983, 1014], [984, 1014], [951, 1015], [952, 1015], [953, 1015], [979, 1015], [980, 1015], [982, 1015], [983, 1015], [984, 1015], [985, 1015], [951, 1016], [952, 1016], [953, 1016], [979, 1016], [980, 1016], [981, 1016], [982, 1016], [983, 1016], [985, 1016], [986, 1016], [951, 1017], [952, 1017], [953, 1017], [979, 1017], [980, 1017], [981, 1017], [982, 1017], [983, 1017], [984, 1017], [985, 1017], [986, 1017], [987, 1017], [951, 1018], [952, 1018], [982, 1018], [983, 1018], [984, 1018], [985, 1018], [986, 1018], [987, 1018], [988, 1018], [951, 1019], [952, 1019], [953, 1019], [954, 1019], [982, 1019], [983, 1019], [984, 1019], [985, 1019], [986, 1019], [987, 1019], [988, 1019], [951, 1020], [952, 1020], [953, 1020], [954, 1020], [955, 1020], [985, 1020], [986, 1020], [987, 1020], [988, 1020], [952, 1021], [953, 1021], [954, 1021], [955, 1021], [956, 1021], [987, 1021], [988, 1021], [952, 1022], [953, 1022], [954, 1022], [955, 1022], [956, 1022], [986, 1022], [987, 1022], [988, 1022], [952, 1023], [953, 1023], [954, 1023], [955, 1023], [956, 1023], [957, 1023], [984, 1023], [985, 1023], [986, 1023], [987, 1023], [988, 1023], [952, 1024], [954, 1024], [955, 1024], [956, 1024], [957, 1024], [984, 1024], [985, 1024], [986, 1024], [987, 1024], [952, 1025], [953, 1025], [954, 1025], [955, 1025], [956, 1025], [957, 1025], [984, 1025], [985, 1025], [986, 1025], [987, 1025], [953, 1026], [954, 1026], [955, 1026], [956, 1026], [984, 1026], [985, 1026], [986, 1026], [987, 1026], [988, 1026], [989, 1026], [953, 1027], [954, 1027], [955, 1027], [956, 1027], [984, 1027], [985, 1027], [986, 1027], [987, 1027], [988, 1027], [989, 1027], [953, 1028], [954, 1028], [988, 1028], [989, 1028], [990, 1028], [991, 1028], [953, 1029], [954, 1029], [988, 1029], [989, 1029], [990, 1029], [991, 1029], [953, 1030], [954, 1030], [990, 1030], [991, 1030], [992, 1030], [993, 1030], [953, 1031], [954, 1031], [990, 1031], [991, 1031], [992, 1031], [993, 1031], [953, 1032], [954, 1032], [990, 1032], [991, 1032], [992, 1032], [993, 1032], [953, 1033], [954, 1033], [991, 1033], [992, 1033], [993, 1033], [953, 1034], [954, 1034], [955, 1034], [991, 1034], [992, 1034], [993, 1034], [953, 1035], [954, 1035], [955, 1035], [992, 1035], [993, 1035], [954, 1036], [955, 1036], [956, 1036], [992, 1036], [993, 1036], [954, 1037], [955, 1037], [956, 1037], [992, 1037], [993, 1037], [955, 1038], [956, 1038], [992, 1038], [993, 1038], [994, 1038], [955, 1039], [956, 1039], [992, 1039], [993, 1039], [994, 1039], [995, 1039], [955, 1040], [956, 1040], [993, 1040], [994, 1040], [995, 1040], [996, 1040], [955, 1041], [956, 1041], [994, 1041], [995, 1041], [996, 1041], [997, 1041], [955, 1042], [956, 1042], [995, 1042], [996, 1042], [997, 1042], [955, 1043], [956, 1043], [957, 1043], [958, 1043], [996, 1043], [997, 1043], [955, 1044], [956, 1044], [957, 1044], [958, 1044], [996, 1044], [997, 1044], [956, 1045], [957, 1045], [958, 1045], [996, 1045], [997, 1045], [956, 1046], [957, 1046], [958, 1046], [996, 1046], [997, 1046], [956, 1047], [957, 1047], [958, 1047], [996, 1047], [997, 1047], [957, 1048], [958, 1048], [996, 1048], [997, 1048], [957, 1049], [958, 1049], [996, 1049], [997, 1049], [957, 1050], [958, 1050], [996, 1050], [997, 1050], [957, 1051], [958, 1051], [996, 1051], [997, 1051], [957, 1052], [958, 1052], [995, 1052], [996, 1052], [997, 1052], [957, 1053], [958, 1053], [995, 1053], [996, 1053], [997, 1053], [957, 1054], [958, 1054], [959, 1054], [995, 1054], [996, 1054], [997, 1054], [957, 1055], [958, 1055], [959, 1055], [996, 1055], [997, 1055], [956, 1056], [957, 1056], [958, 1056], [959, 1056], [996, 1056], [997, 1056], [998, 1056], [956, 1057], [957, 1057], [958, 1057], [996, 1057], [997, 1057], [998, 1057], [956, 1058], [957, 1058], [958, 1058], [996, 1058], [997, 1058], [998, 1058], [957, 1059], [958, 1059], [959, 1059], [996, 1059], [997, 1059], [998, 1059], [999, 1059], [957, 1060], [958, 1060], [959, 1060], [960, 1060], [997, 1060], [998, 1060], [999, 1060], [958, 1061], [959, 1061], [960, 1061], [961, 1061], [962, 1061], [963, 1061], [964, 1061], [998, 1061], [999, 1061], [1000, 1061], [959, 1062], [960, 1062], [961, 1062], [962, 1062], [963, 1062], [964, 1062], [965, 1062], [998, 1062], [999, 1062], [1000, 1062], [961, 1063], [962, 1063], [963, 1063], [964, 1063], [965, 1063], [999, 1063], [1000, 1063], [962, 1064], [963, 1064], [964, 1064], [965, 1064], [966, 1064], [999, 1064], [1000, 1064], [964, 1065], [965, 1065], [966, 1065], [999, 1065], [1000, 1065], [1001, 1065], [965, 1066], [966, 1066], [967, 1066], [968, 1066], [999, 1066], [1000, 1066], [1001, 1066], [965, 1067], [966, 1067], [967, 1067], [968, 1067], [1000, 1067], [1001, 1067], [965, 1068], [966, 1068], [967, 1068], [968, 1068], [1000, 1068], [1001, 1068], [965, 1069], [966, 1069], [967, 1069], [1000, 1069], [1001, 1069], [965, 1070], [966, 1070], [967, 1070], [968, 1070], [1000, 1070], [1001, 1070], [966, 1071], [967, 1071], [968, 1071], [969, 1071], [999, 1071], [1000, 1071], [1001, 1071], [967, 1072], [968, 1072], [969, 1072], [970, 1072], [999, 1072], [1000, 1072], [1001, 1072], [968, 1073], [969, 1073], [970, 1073], [999, 1073], [1000, 1073], [968, 1074], [969, 1074], [970, 1074], [999, 1074], [1000, 1074], [967, 1075], [968, 1075], [969, 1075], [970, 1075], [999, 1075], [1000, 1075], [1001, 1075], [966, 1076], [967, 1076], [968, 1076], [969, 1076], [999, 1076], [1000, 1076], [1001, 1076], [966, 1077], [967, 1077], [968, 1077], [998, 1077], [999, 1077], [1000, 1077], [1001, 1077], [966, 1078], [967, 1078], [998, 1078], [999, 1078], [1000, 1078], [966, 1079], [967, 1079], [998, 1079], [999, 1079], [1000, 1079]




Yellow line right - [986, 839], [987, 839], [988, 839], [985, 840], [986, 840], [987, 840], [988, 840], [989, 840], [985, 841], [986, 841], [987, 841], [988, 841], [989, 841], [990, 841], [991, 841], [984, 842], [985, 842], [986, 842], [987, 842], [988, 842], [989, 842], [990, 842], [991, 842], [984, 843], [985, 843], [986, 843], [987, 843], [990, 843], [991, 843], [992, 843], [984, 844], [985, 844], [986, 844], [987, 844], [990, 844], [991, 844], [992, 844], [984, 845], [985, 845], [986, 845], [990, 845], [991, 845], [992, 845], [984, 846], [985, 846], [986, 846], [987, 846], [990, 846], [991, 846], [992, 846], [984, 847], [985, 847], [986, 847], [987, 847], [991, 847], [992, 847], [999, 847], [1000, 847], [1001, 847], [985, 848], [986, 848], [987, 848], [988, 848], [989, 848], [991, 848], [992, 848], [993, 848], [994, 848], [995, 848], [996, 848], [997, 848], [998, 848], [999, 848], [1000, 848], [1001, 848], [1002, 848], [1003, 848], [1004, 848], [985, 849], [986, 849], [987, 849], [988, 849], [989, 849], [991, 849], [992, 849], [993, 849], [994, 849], [995, 849], [996, 849], [997, 849], [998, 849], [999, 849], [1000, 849], [1001, 849], [1002, 849], [1003, 849], [1004, 849], [1005, 849], [986, 850], [987, 850], [988, 850], [989, 850], [993, 850], [994, 850], [995, 850], [1003, 850], [1004, 850], [1005, 850], [986, 851], [987, 851], [988, 851], [989, 851], [1004, 851], [1005, 851], [1006, 851], [1007, 851], [1008, 851], [1009, 851], [1010, 851], [986, 852], [987, 852], [988, 852], [1004, 852], [1005, 852], [1006, 852], [1007, 852], [1008, 852], [1009, 852], [1010, 852], [986, 853], [987, 853], [988, 853], [1004, 853], [1005, 853], [1006, 853], [1007, 853], [1008, 853], [1009, 853], [1010, 853], [987, 854], [988, 854], [1004, 854], [1005, 854], [1006, 854], [1007, 854], [1008, 854], [1009, 854], [1010, 854], [987, 855], [988, 855], [989, 855], [1008, 855], [1009, 855], [1010, 855], [987, 856], [988, 856], [989, 856], [1008, 856], [1009, 856], [1010, 856], [988, 857], [989, 857], [990, 857], [1008, 857], [1009, 857], [1010, 857], [988, 858], [989, 858], [990, 858], [1008, 858], [1009, 858], [1010, 858], [989, 859], [990, 859], [1009, 859], [1010, 859], [1011, 859], [989, 860], [990, 860], [1009, 860], [1010, 860], [1011, 860], [1012, 860], [1013, 860], [1014, 860], [989, 861], [990, 861], [1010, 861], [1011, 861], [1012, 861], [1013, 861], [1014, 861], [1015, 861], [1016, 861], [1017, 861], [1018, 861], [989, 862], [990, 862], [1013, 862], [1014, 862], [1015, 862], [1016, 862], [1017, 862], [1018, 862], [989, 863], [990, 863], [991, 863], [1016, 863], [1017, 863], [1018, 863], [989, 864], [990, 864], [991, 864], [992, 864], [1016, 864], [1017, 864], [990, 865], [991, 865], [992, 865], [993, 865], [1016, 865], [1017, 865], [1018, 865], [1019, 865], [1020, 865], [991, 866], [992, 866], [993, 866], [994, 866], [1016, 866], [1017, 866], [1019, 866], [1020, 866], [992, 867], [993, 867], [994, 867], [1000, 867], [1001, 867], [1002, 867], [1003, 867], [1004, 867], [1005, 867], [1006, 867], [1016, 867], [1017, 867], [1018, 867], [1019, 867], [1020, 867], [992, 868], [993, 868], [994, 868], [999, 868], [1000, 868], [1001, 868], [1002, 868], [1003, 868], [1004, 868], [1005, 868], [1006, 868], [1007, 868], [1016, 868], [1017, 868], [1018, 868], [1019, 868], [992, 869], [993, 869], [994, 869], [999, 869], [1000, 869], [1001, 869], [1002, 869], [1003, 869], [1004, 869], [1005, 869], [1006, 869], [1007, 869], [1016, 869], [1017, 869], [1018, 869], [1019, 869], [1023, 869], [1024, 869], [1025, 869], [992, 870], [993, 870], [994, 870], [995, 870], [996, 870], [997, 870], [998, 870], [999, 870], [1000, 870], [1001, 870], [1002, 870], [1006, 870], [1007, 870], [1008, 870], [1018, 870], [1019, 870], [1020, 870], [1021, 870], [1022, 870], [1023, 870], [1024, 870], [1025, 870], [1026, 870], [993, 871], [994, 871], [995, 871], [996, 871], [997, 871], [998, 871], [999, 871], [1000, 871], [1001, 871], [1002, 871], [1005, 871], [1006, 871], [1007, 871], [1008, 871], [1018, 871], [1019, 871], [1020, 871], [1021, 871], [1022, 871], [1023, 871], [1024, 871], [1025, 871], [1026, 871], [993, 872], [994, 872], [995, 872], [996, 872], [997, 872], [998, 872], [1005, 872], [1006, 872], [1007, 872], [1008, 872], [1022, 872], [1023, 872], [1024, 872], [1025, 872], [1026, 872], [1027, 872], [1005, 873], [1006, 873], [1007, 873], [1008, 873], [1025, 873], [1026, 873], [1027, 873], [1006, 874], [1007, 874], [1008, 874], [1026, 874], [1027, 874], [1028, 874], [1006, 875], [1007, 875], [1008, 875], [1026, 875], [1027, 875], [1028, 875], [1029, 875], [1005, 876], [1006, 876], [1007, 876], [1008, 876], [1027, 876], [1028, 876], [1029, 876], [1004, 877], [1005, 877], [1006, 877], [1007, 877], [1008, 877], [1028, 877], [1029, 877], [1030, 877], [1004, 878], [1005, 878], [1006, 878], [1028, 878], [1029, 878], [1030, 878], [1031, 878], [1004, 879], [1005, 879], [1006, 879], [1029, 879], [1030, 879], [1031, 879], [1032, 879], [1005, 880], [1006, 880], [1007, 880], [1008, 880], [1030, 880], [1031, 880], [1032, 880], [1033, 880], [1002, 881], [1003, 881], [1004, 881], [1005, 881], [1006, 881], [1007, 881], [1008, 881], [1031, 881], [1032, 881], [1033, 881], [1002, 882], [1003, 882], [1004, 882], [1006, 882], [1007, 882], [1008, 882], [1031, 882], [1032, 882], [1033, 882], [1002, 883], [1003, 883], [1004, 883], [1005, 883], [1006, 883], [1007, 883], [1008, 883], [1031, 883], [1032, 883], [1033, 883], [1002, 884], [1003, 884], [1004, 884], [1005, 884], [1006, 884], [1007, 884], [1008, 884], [1029, 884], [1030, 884], [1031, 884], [1032, 884], [1033, 884], [1002, 885], [1003, 885], [1004, 885], [1005, 885], [1006, 885], [1007, 885], [1028, 885], [1029, 885], [1030, 885], [1031, 885], [1032, 885], [1033, 885], [1002, 886], [1003, 886], [1004, 886], [1005, 886], [1006, 886], [1007, 886], [1028, 886], [1029, 886], [1030, 886], [1002, 887], [1003, 887], [1004, 887], [1005, 887], [1027, 887], [1028, 887], [1029, 887], [1003, 888], [1004, 888], [1005, 888], [1027, 888], [1028, 888], [1029, 888], [1004, 889], [1005, 889], [1006, 889], [1027, 889], [1028, 889], [1029, 889], [1004, 890], [1005, 890], [1006, 890], [1027, 890], [1028, 890], [1029, 890], [1005, 891], [1006, 891], [1007, 891], [1028, 891], [1029, 891], [1005, 892], [1006, 892], [1007, 892], [1008, 892], [1028, 892], [1029, 892], [1031, 892], [1032, 892], [1033, 892], [1034, 892], [1006, 893], [1007, 893], [1008, 893], [1028, 893], [1029, 893], [1030, 893], [1031, 893], [1032, 893], [1033, 893], [1034, 893], [1007, 894], [1008, 894], [1009, 894], [1028, 894], [1029, 894], [1030, 894], [1031, 894], [1032, 894], [1033, 894], [1034, 894], [1006, 895], [1007, 895], [1008, 895], [1009, 895], [1010, 895], [1030, 895], [1031, 895], [1032, 895], [1033, 895], [1034, 895], [1035, 895], [1036, 895], [1006, 896], [1007, 896], [1008, 896], [1009, 896], [1010, 896], [1032, 896], [1033, 896], [1034, 896], [1035, 896], [1036, 896], [1006, 897], [1007, 897], [1008, 897], [1009, 897], [1010, 897], [1032, 897], [1033, 897], [1034, 897], [1035, 897], [1036, 897], [1007, 898], [1008, 898], [1009, 898], [1010, 898], [1032, 898], [1033, 898], [1034, 898], [1035, 898], [1036, 898], [1037, 898], [1008, 899], [1009, 899], [1010, 899], [1011, 899], [1012, 899], [1032, 899], [1033, 899], [1034, 899], [1035, 899], [1036, 899], [1037, 899], [1008, 900], [1009, 900], [1010, 900], [1011, 900], [1012, 900], [1013, 900], [1014, 900], [1015, 900], [1033, 900], [1034, 900], [1035, 900], [1036, 900], [1037, 900], [1038, 900], [1009, 901], [1010, 901], [1011, 901], [1012, 901], [1013, 901], [1014, 901], [1015, 901], [1036, 901], [1037, 901], [1038, 901], [1039, 901], [1040, 901], [1041, 901], [1042, 901], [1011, 902], [1012, 902], [1013, 902], [1014, 902], [1015, 902], [1036, 902], [1037, 902], [1038, 902], [1039, 902], [1040, 902], [1041, 902], [1042, 902], [1043, 902], [1011, 903], [1012, 903], [1013, 903], [1014, 903], [1015, 903], [1036, 903], [1037, 903], [1038, 903], [1039, 903], [1040, 903], [1041, 903], [1042, 903], [1043, 903], [1011, 904], [1012, 904], [1013, 904], [1014, 904], [1015, 904], [1016, 904], [1036, 904], [1037, 904], [1038, 904], [1039, 904], [1042, 904], [1043, 904], [1012, 905], [1013, 905], [1014, 905], [1016, 905], [1037, 905], [1038, 905], [1039, 905], [1042, 905], [1043, 905], [1044, 905], [1013, 906], [1014, 906], [1015, 906], [1016, 906], [1040, 906], [1041, 906], [1043, 906], [1044, 906], [1013, 907], [1014, 907], [1015, 907], [1016, 907], [1039, 907], [1040, 907], [1041, 907], [1042, 907], [1043, 907], [1044, 907], [1014, 908], [1015, 908], [1016, 908], [1017, 908], [1039, 908], [1040, 908], [1041, 908], [1042, 908], [1043, 908], [1044, 908], [1015, 909], [1016, 909], [1017, 909], [1039, 909], [1040, 909], [1041, 909], [1042, 909], [1014, 910], [1015, 910], [1016, 910], [1017, 910], [1039, 910], [1040, 910], [1041, 910], [1042, 910], [1043, 910], [1014, 911], [1016, 911], [1017, 911], [1018, 911], [1019, 911], [1039, 911], [1040, 911], [1041, 911], [1042, 911], [1043, 911], [1044, 911], [1014, 912], [1015, 912], [1016, 912], [1017, 912], [1018, 912], [1019, 912], [1020, 912], [1042, 912], [1043, 912], [1044, 912], [1045, 912], [1016, 913], [1019, 913], [1020, 913], [1043, 913], [1044, 913], [1045, 913], [1016, 914], [1017, 914], [1018, 914], [1019, 914], [1020, 914], [1043, 914], [1044, 914], [1045, 914], [1016, 915], [1017, 915], [1018, 915], [1019, 915], [1020, 915], [1043, 915], [1044, 915], [1045, 915], [1015, 916], [1016, 916], [1017, 916], [1019, 916], [1020, 916], [1044, 916], [1045, 916], [1046, 916], [1015, 917], [1016, 917], [1017, 917], [1018, 917], [1019, 917], [1020, 917], [1044, 917], [1045, 917], [1046, 917], [1015, 918], [1016, 918], [1017, 918], [1018, 918], [1019, 918], [1020, 918], [1045, 918], [1046, 918], [1015, 919], [1016, 919], [1017, 919], [1018, 919], [1019, 919], [1045, 919], [1046, 919], [1047, 919], [1048, 919], [1049, 919], [1015, 920], [1016, 920], [1017, 920], [1045, 920], [1046, 920], [1047, 920], [1048, 920], [1049, 920], [1015, 921], [1016, 921], [1017, 921], [1018, 921], [1046, 921], [1047, 921], [1049, 921], [1050, 921], [1016, 922], [1017, 922], [1018, 922], [1046, 922], [1047, 922], [1048, 922], [1049, 922], [1050, 922], [1017, 923], [1018, 923], [1047, 923], [1048, 923], [1049, 923], [1050, 923], [1016, 924], [1017, 924], [1018, 924], [1048, 924], [1049, 924], [1050, 924], [1016, 925], [1017, 925], [1018, 925], [1048, 925], [1049, 925], [1050, 925], [1051, 925], [1016, 926], [1017, 926], [1018, 926], [1048, 926], [1049, 926], [1050, 926], [1051, 926], [1052, 926], [1017, 927], [1018, 927], [1050, 927], [1051, 927], [1052, 927], [1053, 927], [1017, 928], [1018, 928], [1051, 928], [1052, 928], [1053, 928], [1054, 928], [1055, 928], [1017, 929], [1018, 929], [1052, 929], [1053, 929], [1054, 929], [1055, 929], [1056, 929], [1057, 929], [1058, 929], [1059, 929], [1060, 929], [1017, 930], [1018, 930], [1054, 930], [1055, 930], [1056, 930], [1057, 930], [1058, 930], [1059, 930], [1060, 930], [1017, 931], [1018, 931], [1055, 931], [1056, 931], [1057, 931], [1058, 931], [1059, 931], [1060, 931], [1017, 932], [1018, 932], [1056, 932], [1059, 932], [1060, 932], [1017, 933], [1018, 933], [1056, 933], [1057, 933], [1058, 933], [1059, 933], [1060, 933], [1017, 934], [1018, 934], [1059, 934], [1060, 934], [1017, 935], [1018, 935], [1019, 935], [1059, 935], [1060, 935], [1017, 936], [1018, 936], [1019, 936], [1058, 936], [1059, 936], [1060, 936], [1018, 937], [1019, 937], [1020, 937], [1058, 937], [1059, 937], [1060, 937], [1018, 938], [1019, 938], [1020, 938], [1058, 938], [1059, 938], [1060, 938], [1019, 939], [1020, 939], [1021, 939], [1058, 939], [1059, 939], [1060, 939], [1019, 940], [1020, 940], [1021, 940], [1058, 940], [1059, 940], [1060, 940], [1020, 941], [1021, 941], [1022, 941], [1058, 941], [1059, 941], [1060, 941], [1020, 942], [1021, 942], [1022, 942], [1023, 942], [1059, 942], [1060, 942], [1021, 943], [1022, 943], [1023, 943], [1059, 943], [1060, 943], [1061, 943], [1022, 944], [1023, 944], [1024, 944], [1025, 944], [1059, 944], [1060, 944], [1061, 944], [1022, 945], [1023, 945], [1024, 945], [1025, 945], [1060, 945], [1061, 945], [1062, 945], [1024, 946], [1025, 946], [1026, 946], [1027, 946], [1060, 946], [1061, 946], [1062, 946], [1024, 947], [1025, 947], [1026, 947], [1027, 947], [1061, 947], [1062, 947], [1063, 947], [1025, 948], [1026, 948], [1027, 948], [1061, 948], [1062, 948], [1063, 948], [1064, 948], [1065, 948], [1025, 949], [1026, 949], [1062, 949], [1063, 949], [1064, 949], [1065, 949], [1066, 949], [1025, 950], [1026, 950], [1064, 950], [1065, 950], [1066, 950], [1067, 950], [1025, 951], [1026, 951], [1027, 951], [1065, 951], [1066, 951], [1067, 951], [1068, 951], [1025, 952], [1026, 952], [1027, 952], [1028, 952], [1066, 952], [1067, 952], [1068, 952], [1026, 953], [1027, 953], [1028, 953], [1067, 953], [1068, 953], [1069, 953], [1027, 954], [1028, 954], [1029, 954], [1067, 954], [1068, 954], [1069, 954], [1027, 955], [1028, 955], [1029, 955], [1030, 955], [1067, 955], [1068, 955], [1069, 955], [1028, 956], [1029, 956], [1030, 956], [1067, 956], [1068, 956], [1069, 956], [1029, 957], [1030, 957], [1067, 957], [1068, 957], [1029, 958], [1030, 958], [1031, 958], [1066, 958], [1067, 958], [1068, 958], [1029, 959], [1030, 959], [1031, 959], [1066, 959], [1067, 959], [1068, 959], [1030, 960], [1031, 960], [1066, 960], [1067, 960], [1068, 960], [1030, 961], [1031, 961], [1066, 961], [1067, 961], [1068, 961], [1030, 962], [1031, 962], [1032, 962], [1066, 962], [1067, 962], [1068, 962], [1030, 963], [1031, 963], [1032, 963], [1067, 963], [1068, 963], [1069, 963], [1031, 964], [1032, 964], [1067, 964], [1068, 964], [1069, 964], [1070, 964], [1071, 964], [1031, 965], [1032, 965], [1033, 965], [1034, 965], [1068, 965], [1069, 965], [1070, 965], [1071, 965], [1072, 965], [1073, 965], [1031, 966], [1032, 966], [1033, 966], [1034, 966], [1070, 966], [1071, 966], [1072, 966], [1073, 966], [1033, 967], [1034, 967], [1035, 967], [1070, 967], [1071, 967], [1072, 967], [1073, 967], [1074, 967], [1033, 968], [1034, 968], [1035, 968], [1072, 968], [1073, 968], [1074, 968], [1075, 968], [1034, 969], [1035, 969], [1073, 969], [1074, 969], [1075, 969], [1034, 970], [1035, 970], [1074, 970], [1075, 970], [1076, 970], [1034, 971], [1035, 971], [1036, 971], [1074, 971], [1075, 971], [1076, 971], [1034, 972], [1035, 972], [1036, 972], [1075, 972], [1076, 972], [1077, 972], [1035, 973], [1036, 973], [1075, 973], [1076, 973], [1077, 973], [1078, 973], [1035, 974], [1036, 974], [1076, 974], [1077, 974], [1078, 974], [1035, 975], [1036, 975], [1077, 975], [1078, 975], [1035, 976], [1036, 976], [1077, 976], [1078, 976], [1035, 977], [1036, 977], [1076, 977], [1077, 977], [1078, 977], [1035, 978], [1036, 978], [1037, 978], [1076, 978], [1077, 978], [1078, 978], [1035, 979], [1036, 979], [1037, 979], [1076, 979], [1077, 979], [1078, 979], [1036, 980], [1037, 980], [1076, 980], [1077, 980], [1078, 980], [1036, 981], [1037, 981], [1038, 981], [1076, 981], [1077, 981], [1078, 981], [1079, 981], [1036, 982], [1037, 982], [1038, 982], [1039, 982], [1077, 982], [1078, 982], [1079, 982], [1080, 982], [1037, 983], [1038, 983], [1039, 983], [1078, 983], [1079, 983], [1080, 983], [1081, 983], [1082, 983], [1038, 984], [1039, 984], [1040, 984], [1079, 984], [1080, 984], [1081, 984], [1082, 984], [1083, 984], [1038, 985], [1039, 985], [1040, 985], [1041, 985], [1081, 985], [1082, 985], [1083, 985], [1084, 985], [1039, 986], [1040, 986], [1041, 986], [1082, 986], [1083, 986], [1084, 986], [1040, 987], [1041, 987], [1042, 987], [1083, 987], [1084, 987], [1085, 987], [1040, 988], [1041, 988], [1042, 988], [1083, 988], [1084, 988], [1085, 988], [1041, 989], [1042, 989], [1043, 989], [1084, 989], [1085, 989], [1086, 989], [1041, 990], [1042, 990], [1043, 990], [1084, 990], [1085, 990], [1086, 990], [1087, 990], [1042, 991], [1043, 991], [1044, 991], [1085, 991], [1086, 991], [1087, 991], [1042, 992], [1043, 992], [1044, 992], [1086, 992], [1087, 992], [1043, 993], [1044, 993], [1045, 993], [1086, 993], [1087, 993], [1088, 993], [1043, 994], [1044, 994], [1045, 994], [1086, 994], [1087, 994], [1088, 994], [1044, 995], [1045, 995], [1087, 995], [1088, 995], [1044, 996], [1045, 996], [1046, 996], [1087, 996], [1088, 996], [1089, 996], [1090, 996], [1044, 997], [1045, 997], [1046, 997], [1047, 997], [1087, 997], [1088, 997], [1089, 997], [1090, 997], [1045, 998], [1046, 998], [1047, 998], [1089, 998], [1090, 998], [1091, 998], [1046, 999], [1047, 999], [1089, 999], [1090, 999], [1091, 999], [1046, 1000], [1047, 1000], [1048, 1000], [1090, 1000], [1091, 1000], [1046, 1001], [1047, 1001], [1048, 1001], [1090, 1001], [1091, 1001], [1047, 1002], [1048, 1002], [1049, 1002], [1090, 1002], [1091, 1002], [1092, 1002], [1047, 1003], [1048, 1003], [1049, 1003], [1090, 1003], [1091, 1003], [1092, 1003], [1047, 1004], [1048, 1004], [1049, 1004], [1091, 1004], [1092, 1004], [1047, 1005], [1048, 1005], [1049, 1005], [1091, 1005], [1092, 1005], [1048, 1006], [1049, 1006], [1091, 1006], [1092, 1006], [1093, 1006], [1094, 1006], [1048, 1007], [1049, 1007], [1050, 1007], [1091, 1007], [1092, 1007], [1093, 1007], [1094, 1007], [1048, 1008], [1049, 1008], [1050, 1008], [1093, 1008], [1094, 1008], [1095, 1008], [1049, 1009], [1050, 1009], [1093, 1009], [1094, 1009], [1095, 1009], [1049, 1010], [1050, 1010], [1094, 1010], [1095, 1010], [1096, 1010], [1049, 1011], [1050, 1011], [1094, 1011], [1095, 1011], [1096, 1011], [1049, 1012], [1050, 1012], [1051, 1012], [1095, 1012], [1096, 1012], [1049, 1013], [1050, 1013], [1051, 1013], [1094, 1013], [1095, 1013], [1096, 1013], [1050, 1014], [1051, 1014], [1094, 1014], [1095, 1014], [1096, 1014], [1050, 1015], [1051, 1015], [1052, 1015], [1094, 1015], [1095, 1015], [1096, 1015], [1050, 1016], [1051, 1016], [1052, 1016], [1095, 1016], [1096, 1016], [1097, 1016], [1051, 1017], [1052, 1017], [1053, 1017], [1095, 1017], [1096, 1017], [1097, 1017], [1051, 1018], [1052, 1018], [1053, 1018], [1095, 1018], [1096, 1018], [1097, 1018], [1098, 1018], [1052, 1019], [1053, 1019], [1054, 1019], [1095, 1019], [1096, 1019], [1097, 1019], [1098, 1019], [1099, 1019], [1052, 1020], [1053, 1020], [1054, 1020], [1055, 1020], [1097, 1020], [1098, 1020], [1099, 1020], [1053, 1021], [1054, 1021], [1055, 1021], [1056, 1021], [1098, 1021], [1099, 1021], [1100, 1021], [1054, 1022], [1055, 1022], [1056, 1022], [1098, 1022], [1099, 1022], [1100, 1022], [1101, 1022], [1055, 1023], [1056, 1023], [1099, 1023], [1100, 1023], [1101, 1023], [1055, 1024], [1056, 1024], [1057, 1024], [1099, 1024], [1100, 1024], [1101, 1024], [1055, 1025], [1056, 1025], [1057, 1025], [1058, 1025], [1059, 1025], [1060, 1025], [1099, 1025], [1100, 1025], [1056, 1026], [1057, 1026], [1058, 1026], [1059, 1026], [1060, 1026], [1061, 1026], [1098, 1026], [1099, 1026], [1100, 1026], [1057, 1027], [1058, 1027], [1059, 1027], [1060, 1027], [1061, 1027], [1098, 1027], [1099, 1027], [1100, 1027], [1101, 1027], [1058, 1028], [1059, 1028], [1060, 1028], [1061, 1028], [1062, 1028], [1098, 1028], [1099, 1028], [1100, 1028], [1101, 1028], [1060, 1029], [1061, 1029], [1062, 1029], [1063, 1029], [1100, 1029], [1101, 1029], [1102, 1029], [1061, 1030], [1062, 1030], [1063, 1030], [1100, 1030], [1101, 1030], [1102, 1030], [1062, 1031], [1063, 1031], [1064, 1031], [1101, 1031], [1102, 1031], [1062, 1032], [1063, 1032], [1064, 1032], [1101, 1032], [1102, 1032], [1103, 1032], [1104, 1032], [1063, 1033], [1064, 1033], [1065, 1033], [1101, 1033], [1102, 1033], [1103, 1033], [1104, 1033], [1105, 1033], [1063, 1034], [1064, 1034], [1065, 1034], [1066, 1034], [1067, 1034], [1068, 1034], [1101, 1034], [1102, 1034], [1103, 1034], [1104, 1034], [1105, 1034], [1064, 1035], [1065, 1035], [1066, 1035], [1067, 1035], [1068, 1035], [1069, 1035], [1104, 1035], [1105, 1035], [1106, 1035], [1065, 1036], [1066, 1036], [1067, 1036], [1068, 1036], [1069, 1036], [1070, 1036], [1104, 1036], [1105, 1036], [1106, 1036], [1065, 1037], [1066, 1037], [1067, 1037], [1068, 1037], [1069, 1037], [1070, 1037], [1105, 1037], [1106, 1037], [1107, 1037], [1068, 1038], [1069, 1038], [1070, 1038], [1105, 1038], [1106, 1038], [1107, 1038], [1067, 1039], [1068, 1039], [1069, 1039], [1106, 1039], [1107, 1039], [1067, 1040], [1068, 1040], [1069, 1040], [1106, 1040], [1107, 1040], [1108, 1040], [1067, 1041], [1068, 1041], [1069, 1041], [1106, 1041], [1107, 1041], [1108, 1041], [1109, 1041], [1068, 1042], [1069, 1042], [1070, 1042], [1107, 1042], [1108, 1042], [1109, 1042], [1110, 1042], [1068, 1043], [1069, 1043], [1070, 1043], [1108, 1043], [1109, 1043], [1110, 1043], [1111, 1043], [1112, 1043], [1069, 1044], [1070, 1044], [1071, 1044], [1109, 1044], [1110, 1044], [1111, 1044], [1112, 1044], [1069, 1045], [1070, 1045], [1071, 1045], [1072, 1045], [1111, 1045], [1112, 1045], [1070, 1046], [1071, 1046], [1072, 1046], [1111, 1046], [1112, 1046], [1071, 1047], [1072, 1047], [1073, 1047], [1110, 1047], [1111, 1047], [1112, 1047], [1071, 1048], [1072, 1048], [1073, 1048], [1110, 1048], [1111, 1048], [1112, 1048], [1072, 1049], [1073, 1049], [1074, 1049], [1109, 1049], [1110, 1049], [1111, 1049], [1112, 1049], [1072, 1050], [1073, 1050], [1074, 1050], [1109, 1050], [1110, 1050], [1111, 1050], [1112, 1050], [1073, 1051], [1074, 1051], [1109, 1051], [1110, 1051], [1111, 1051], [1112, 1051], [1113, 1051], [1114, 1051], [1073, 1052], [1074, 1052], [1111, 1052], [1112, 1052], [1113, 1052], [1114, 1052], [1115, 1052], [1073, 1053], [1074, 1053], [1113, 1053], [1114, 1053], [1115, 1053], [1116, 1053], [1073, 1054], [1074, 1054], [1114, 1054], [1115, 1054], [1116, 1054], [1073, 1055], [1074, 1055], [1115, 1055], [1116, 1055], [1117, 1055], [1073, 1056], [1074, 1056], [1115, 1056], [1116, 1056], [1117, 1056], [1118, 1056], [1073, 1057], [1074, 1057], [1116, 1057], [1117, 1057], [1118, 1057], [1073, 1058], [1074, 1058], [1117, 1058], [1118, 1058], [1119, 1058], [1120, 1058], [1073, 1059], [1074, 1059], [1117, 1059], [1118, 1059], [1119, 1059], [1120, 1059], [1121, 1059], [1073, 1060], [1074, 1060], [1075, 1060], [1117, 1060], [1118, 1060], [1119, 1060], [1120, 1060], [1121, 1060], [1073, 1061], [1074, 1061], [1075, 1061], [1120, 1061], [1121, 1061], [1122, 1061], [1074, 1062], [1075, 1062], [1120, 1062], [1121, 1062], [1122, 1062], [1074, 1063], [1075, 1063], [1121, 1063], [1122, 1063], [1074, 1064], [1075, 1064], [1076, 1064], [1121, 1064], [1122, 1064], [1074, 1065], [1075, 1065], [1076, 1065], [1121, 1065], [1122, 1065], [1074, 1066], [1075, 1066], [1076, 1066], [1121, 1066], [1122, 1066], [1074, 1067], [1075, 1067], [1121, 1067], [1122, 1067], [1074, 1068], [1075, 1068], [1121, 1068], [1122, 1068], [1123, 1068], [1074, 1069], [1075, 1069], [1076, 1069], [1121, 1069], [1122, 1069], [1123, 1069], [1074, 1070], [1075, 1070], [1076, 1070], [1122, 1070], [1123, 1070], [1124, 1070], [1075, 1071], [1076, 1071], [1122, 1071], [1123, 1071], [1124, 1071], [1125, 1071], [1075, 1072], [1076, 1072], [1123, 1072], [1124, 1072], [1125, 1072], [1075, 1073], [1076, 1073], [1077, 1073], [1124, 1073], [1125, 1073], [1126, 1073], [1075, 1074], [1076, 1074], [1077, 1074], [1124, 1074], [1125, 1074], [1126, 1074], [1076, 1075], [1077, 1075], [1078, 1075], [1123, 1075], [1124, 1075], [1125, 1075], [1126, 1075], [1076, 1076], [1077, 1076], [1078, 1076], [1123, 1076], [1124, 1076], [1125, 1076], [1077, 1077], [1078, 1077], [1123, 1077], [1124, 1077], [1077, 1078], [1078, 1078], [1122, 1078], [1123, 1078], [1124, 1078], [1077, 1079], [1078, 1079], [1122, 1079], [1123, 1079], [1124, 1079]




White line right - 


