White line left - 




Yellow line left - [1555, 214], [1556, 214], [1557, 214], [1558, 214], [1554, 215], [1555, 215], [1556, 215], [1557, 215], [1558, 215], [1554, 216], [1555, 216], [1556, 216], [1557, 216], [1558, 216], [1554, 217], [1555, 217], [1556, 217], [1557, 217], [1558, 217], [1554, 218], [1555, 218], [1556, 218], [1557, 218], [1558, 218], [1567, 218], [1568, 218], [1569, 218], [1570, 218], [1571, 218], [1572, 218], [1573, 218], [1574, 218], [1558, 219], [1559, 219], [1560, 219], [1561, 219], [1562, 219], [1563, 219], [1564, 219], [1565, 219], [1566, 219], [1567, 219], [1568, 219], [1569, 219], [1570, 219], [1571, 219], [1572, 219], [1573, 219], [1574, 219], [1557, 220], [1558, 220], [1559, 220], [1560, 220], [1561, 220], [1562, 220], [1563, 220], [1564, 220], [1565, 220], [1566, 220], [1567, 220], [1568, 220], [1573, 220], [1574, 220], [1557, 221], [1558, 221], [1559, 221], [1573, 221], [1574, 221], [1557, 222], [1558, 222], [1573, 222], [1574, 222], [1575, 222], [1557, 223], [1558, 223], [1573, 223], [1574, 223], [1575, 223], [1576, 223], [1577, 223], [1537, 224], [1556, 224], [1557, 224], [1558, 224], [1574, 224], [1575, 224], [1576, 224], [1577, 224], [1578, 224], [1536, 225], [1537, 225], [1538, 225], [1539, 225], [1540, 225], [1541, 225], [1542, 225], [1543, 225], [1544, 225], [1556, 225], [1557, 225], [1558, 225], [1576, 225], [1577, 225], [1578, 225], [1536, 226], [1537, 226], [1538, 226], [1539, 226], [1540, 226], [1541, 226], [1542, 226], [1543, 226], [1544, 226], [1556, 226], [1557, 226], [1577, 226], [1578, 226], [1543, 227], [1544, 227], [1555, 227], [1556, 227], [1557, 227], [1577, 227], [1578, 227], [1541, 228], [1542, 228], [1543, 228], [1544, 228], [1555, 228], [1556, 228], [1557, 228], [1576, 228], [1577, 228], [1578, 228], [1529, 229], [1530, 229], [1531, 229], [1532, 229], [1533, 229], [1534, 229], [1536, 229], [1537, 229], [1538, 229], [1539, 229], [1540, 229], [1541, 229], [1542, 229], [1543, 229], [1544, 229], [1555, 229], [1556, 229], [1575, 229], [1576, 229], [1577, 229], [1578, 229], [1527, 230], [1528, 230], [1529, 230], [1530, 230], [1531, 230], [1532, 230], [1533, 230], [1534, 230], [1535, 230], [1536, 230], [1537, 230], [1538, 230], [1539, 230], [1540, 230], [1541, 230], [1542, 230], [1555, 230], [1556, 230], [1574, 230], [1575, 230], [1576, 230], [1577, 230], [1526, 231], [1527, 231], [1528, 231], [1529, 231], [1530, 231], [1531, 231], [1532, 231], [1533, 231], [1534, 231], [1535, 231], [1536, 231], [1537, 231], [1555, 231], [1556, 231], [1557, 231], [1568, 231], [1569, 231], [1570, 231], [1571, 231], [1572, 231], [1573, 231], [1574, 231], [1575, 231], [1576, 231], [1555, 232], [1556, 232], [1557, 232], [1558, 232], [1559, 232], [1560, 232], [1563, 232], [1564, 232], [1565, 232], [1566, 232], [1567, 232], [1568, 232], [1569, 232], [1570, 232], [1571, 232], [1572, 232], [1573, 232], [1574, 232], [1575, 232], [1556, 233], [1557, 233], [1558, 233], [1559, 233], [1560, 233], [1561, 233], [1562, 233], [1563, 233], [1564, 233], [1565, 233], [1566, 233], [1567, 233], [1568, 233], [1569, 233], [1559, 234], [1560, 234], [1561, 234], [1562, 234], [1563, 234], [1564, 234], [1561, 235], [1562, 235], [1563, 235], [1554, 236], [1555, 236], [1556, 236], [1554, 237], [1555, 237], [1556, 237], [1554, 238], [1556, 238], [1554, 239], [1555, 239], [1556, 239], [1554, 240], [1555, 240], [1556, 240]




Yellow line right - [1598, 193], [1599, 193], [1600, 193], [1601, 193], [1602, 193], [1603, 193], [1604, 193], [1605, 193], [1606, 193], [1596, 194], [1597, 194], [1598, 194], [1599, 194], [1600, 194], [1601, 194], [1602, 194], [1603, 194], [1604, 194], [1605, 194], [1606, 194], [1595, 195], [1596, 195], [1597, 195], [1598, 195], [1599, 195], [1600, 195], [1601, 195], [1602, 195], [1603, 195], [1605, 195], [1606, 195], [1594, 196], [1595, 196], [1596, 196], [1597, 196], [1604, 196], [1605, 196], [1606, 196], [1593, 197], [1594, 197], [1595, 197], [1596, 197], [1603, 197], [1604, 197], [1605, 197], [1606, 197], [1593, 198], [1594, 198], [1595, 198], [1603, 198], [1604, 198], [1605, 198], [1592, 199], [1593, 199], [1594, 199], [1603, 199], [1604, 199], [1605, 199], [1606, 199], [1592, 200], [1593, 200], [1594, 200], [1603, 200], [1604, 200], [1605, 200], [1606, 200], [1607, 200], [1590, 201], [1591, 201], [1592, 201], [1593, 201], [1605, 201], [1606, 201], [1607, 201], [1608, 201], [1590, 202], [1591, 202], [1592, 202], [1593, 202], [1606, 202], [1607, 202], [1608, 202], [1590, 203], [1591, 203], [1606, 203], [1607, 203], [1608, 203], [1590, 204], [1591, 204], [1592, 204], [1604, 204], [1605, 204], [1606, 204], [1607, 204], [1608, 204], [1590, 205], [1591, 205], [1592, 205], [1593, 205], [1603, 205], [1604, 205], [1605, 205], [1606, 205], [1607, 205], [1591, 206], [1592, 206], [1593, 206], [1602, 206], [1603, 206], [1604, 206], [1605, 206], [1592, 207], [1593, 207], [1594, 207], [1601, 207], [1602, 207], [1603, 207], [1604, 207], [1592, 208], [1593, 208], [1594, 208], [1601, 208], [1602, 208], [1603, 208], [1593, 209], [1594, 209], [1600, 209], [1601, 209], [1602, 209], [1593, 210], [1594, 210], [1599, 210], [1600, 210], [1601, 210], [1602, 210], [1593, 211], [1594, 211], [1595, 211], [1596, 211], [1597, 211], [1598, 211], [1599, 211], [1600, 211], [1601, 211], [1593, 212], [1594, 212], [1595, 212], [1596, 212], [1597, 212], [1598, 212], [1599, 212], [1600, 212], [1597, 213], [1598, 213], [1599, 213]




White line right - [1706, 130], [1707, 130], [1708, 130], [1709, 130], [1710, 130], [1711, 130], [1705, 131], [1706, 131], [1707, 131], [1708, 131], [1709, 131], [1710, 131], [1711, 131], [1712, 131], [1705, 132], [1706, 132], [1708, 132], [1709, 132], [1710, 132], [1711, 132], [1712, 132], [1704, 133], [1705, 133], [1706, 133], [1707, 133], [1708, 133], [1709, 133], [1710, 133], [1711, 133], [1712, 133], [1704, 134], [1705, 134], [1706, 134], [1707, 134], [1708, 134], [1709, 134], [1710, 134], [1711, 134], [1712, 134], [1703, 135], [1704, 135], [1706, 135], [1707, 135], [1708, 135], [1709, 135], [1710, 135], [1711, 135], [1712, 135], [1703, 136], [1704, 136], [1705, 136], [1706, 136], [1708, 136], [1709, 136], [1710, 136], [1711, 136], [1712, 136], [1702, 137], [1703, 137], [1705, 137], [1706, 137], [1708, 137], [1709, 137], [1710, 137], [1711, 137], [1702, 138], [1703, 138], [1704, 138], [1705, 138], [1708, 138], [1709, 138], [1710, 138], [1711, 138], [1701, 139], [1702, 139], [1703, 139], [1704, 139], [1705, 139], [1706, 139], [1707, 139], [1708, 139], [1710, 139], [1711, 139], [1701, 140], [1702, 140], [1704, 140], [1706, 140], [1707, 140], [1708, 140], [1709, 140], [1710, 140], [1700, 141], [1701, 141], [1702, 141], [1703, 141], [1704, 141], [1705, 141], [1706, 141], [1707, 141], [1708, 141], [1709, 141], [1710, 141], [1700, 142], [1701, 142], [1702, 142], [1703, 142], [1704, 142], [1706, 142], [1707, 142], [1708, 142], [1709, 142], [1700, 143], [1701, 143], [1702, 143], [1703, 143], [1704, 143], [1705, 143], [1706, 143], [1707, 143], [1708, 143], [1709, 143], [1699, 144], [1700, 144], [1701, 144], [1702, 144], [1703, 144], [1704, 144], [1705, 144], [1706, 144], [1707, 144], [1708, 144], [1709, 144], [1699, 145], [1700, 145], [1701, 145], [1702, 145], [1703, 145], [1704, 145], [1705, 145], [1706, 145], [1707, 145], [1708, 145], [1699, 146], [1700, 146], [1701, 146], [1702, 146], [1703, 146], [1704, 146], [1705, 146], [1707, 146], [1708, 146], [1698, 147], [1699, 147], [1701, 147], [1702, 147], [1703, 147], [1704, 147], [1705, 147], [1706, 147], [1707, 147], [1708, 147], [1698, 148], [1699, 148], [1700, 148], [1701, 148], [1703, 148], [1704, 148], [1705, 148], [1706, 148], [1707, 148], [1698, 149], [1699, 149], [1700, 149], [1701, 149], [1702, 149], [1703, 149], [1704, 149], [1705, 149], [1706, 149], [1707, 149], [1697, 150], [1698, 150], [1699, 150], [1700, 150], [1701, 150], [1702, 150], [1703, 150], [1704, 150], [1705, 150], [1706, 150], [1697, 151], [1698, 151], [1699, 151], [1700, 151], [1701, 151], [1702, 151], [1703, 151], [1704, 151], [1705, 151], [1706, 151], [1697, 152], [1698, 152], [1699, 152], [1700, 152], [1702, 152], [1703, 152], [1704, 152], [1705, 152], [1706, 152], [1696, 153], [1697, 153], [1699, 153], [1700, 153], [1701, 153], [1702, 153], [1703, 153], [1704, 153], [1705, 153], [1696, 154], [1697, 154], [1698, 154], [1699, 154], [1701, 154], [1702, 154], [1703, 154], [1704, 154], [1705, 154], [1696, 155], [1697, 155], [1698, 155], [1699, 155], [1700, 155], [1701, 155], [1702, 155], [1703, 155], [1704, 155], [1696, 156], [1697, 156], [1698, 156], [1699, 156], [1700, 156], [1701, 156], [1703, 156], [1704, 156], [1696, 157], [1697, 157], [1698, 157], [1700, 157], [1701, 157], [1702, 157], [1703, 157], [1704, 157], [1696, 158], [1697, 158], [1698, 158], [1699, 158], [1700, 158], [1701, 158], [1702, 158], [1703, 158], [1697, 159], [1698, 159], [1699, 159], [1688, 183], [1689, 183], [1690, 183], [1691, 183], [1686, 184], [1687, 184], [1688, 184], [1689, 184], [1690, 184], [1691, 184], [1692, 184], [1685, 185], [1686, 185], [1687, 185], [1688, 185], [1690, 185], [1691, 185], [1692, 185], [1693, 185], [1684, 186], [1685, 186], [1686, 186], [1687, 186], [1688, 186], [1689, 186], [1690, 186], [1691, 186], [1692, 186], [1693, 186], [1684, 187], [1685, 187], [1687, 187], [1688, 187], [1689, 187], [1690, 187], [1692, 187], [1693, 187], [1684, 188], [1685, 188], [1686, 188], [1687, 188], [1688, 188], [1689, 188], [1690, 188], [1691, 188], [1692, 188], [1683, 189], [1684, 189], [1686, 189], [1687, 189], [1688, 189], [1689, 189], [1690, 189], [1691, 189], [1692, 189], [1683, 190], [1684, 190], [1685, 190], [1686, 190], [1688, 190], [1689, 190], [1690, 190], [1691, 190], [1692, 190], [1682, 191], [1683, 191], [1684, 191], [1685, 191], [1686, 191], [1687, 191], [1688, 191], [1689, 191], [1690, 191], [1691, 191], [1682, 192], [1683, 192], [1684, 192], [1685, 192], [1686, 192], [1687, 192], [1688, 192], [1690, 192], [1691, 192], [1682, 193], [1683, 193], [1684, 193], [1685, 193], [1686, 193], [1687, 193], [1688, 193], [1689, 193], [1690, 193], [1691, 193], [1681, 194], [1682, 194], [1683, 194], [1684, 194], [1685, 194], [1686, 194], [1687, 194], [1688, 194], [1689, 194], [1690, 194], [1681, 195], [1682, 195], [1684, 195], [1685, 195], [1686, 195], [1687, 195], [1688, 195], [1689, 195], [1690, 195], [1680, 196], [1681, 196], [1682, 196], [1683, 196], [1684, 196], [1685, 196], [1686, 196], [1687, 196], [1688, 196], [1689, 196], [1690, 196], [1680, 197], [1681, 197], [1683, 197], [1684, 197], [1685, 197], [1686, 197], [1687, 197], [1688, 197], [1689, 197], [1680, 198], [1681, 198], [1682, 198], [1683, 198], [1684, 198], [1686, 198], [1687, 198], [1688, 198], [1689, 198], [1679, 199], [1680, 199], [1681, 199], [1682, 199], [1683, 199], [1686, 199], [1688, 199], [1679, 200], [1680, 200], [1681, 200], [1682, 200], [1683, 200], [1685, 200], [1686, 200], [1687, 200], [1688, 200], [1679, 201], [1680, 201], [1681, 201], [1682, 201], [1685, 201], [1686, 201], [1687, 201], [1688, 201], [1679, 202], [1680, 202], [1681, 202], [1682, 202], [1684, 202], [1685, 202], [1686, 202], [1687, 202], [1678, 203], [1679, 203], [1681, 203], [1682, 203], [1684, 203], [1685, 203], [1686, 203], [1687, 203], [1678, 204], [1679, 204], [1680, 204], [1681, 204], [1683, 204], [1684, 204], [1686, 204], [1687, 204], [1678, 205], [1679, 205], [1680, 205], [1681, 205], [1683, 205], [1684, 205], [1685, 205], [1686, 205], [1677, 206], [1678, 206], [1679, 206], [1680, 206], [1681, 206], [1682, 206], [1683, 206], [1684, 206], [1685, 206], [1686, 206], [1677, 207], [1678, 207], [1680, 207], [1681, 207], [1682, 207], [1683, 207], [1684, 207], [1685, 207], [1686, 207], [1677, 208], [1678, 208], [1679, 208], [1680, 208], [1681, 208], [1682, 208], [1684, 208], [1685, 208], [1677, 209], [1678, 209], [1679, 209], [1680, 209], [1681, 209], [1682, 209], [1683, 209], [1684, 209], [1685, 209], [1677, 210], [1678, 210], [1679, 210], [1680, 210], [1681, 210], [1682, 210], [1683, 210], [1684, 210], [1470, 264], [1471, 264], [1469, 265], [1470, 265], [1471, 265], [1472, 265], [1473, 265], [1474, 265], [1466, 266], [1467, 266], [1468, 266], [1470, 266], [1471, 266], [1472, 266], [1473, 266], [1474, 266], [1475, 266], [1476, 266], [1477, 266], [1466, 267], [1467, 267], [1468, 267], [1471, 267], [1472, 267], [1474, 267], [1475, 267], [1476, 267], [1477, 267], [1478, 267], [1479, 267], [1480, 267], [1463, 268], [1464, 268], [1465, 268], [1466, 268], [1467, 268], [1471, 268], [1473, 268], [1474, 268], [1475, 268], [1476, 268], [1477, 268], [1478, 268], [1479, 268], [1480, 268], [1481, 268], [1482, 268], [1464, 269], [1465, 269], [1466, 269], [1467, 269], [1468, 269], [1469, 269], [1470, 269], [1471, 269], [1472, 269], [1473, 269], [1475, 269], [1476, 269], [1477, 269], [1478, 269], [1479, 269], [1480, 269], [1481, 269], [1482, 269], [1483, 269], [1484, 269], [1485, 269], [1486, 269], [1487, 269], [1488, 269], [1489, 269], [1490, 269], [1491, 269], [1492, 269], [1493, 269], [1494, 269], [1466, 270], [1467, 270], [1468, 270], [1469, 270], [1470, 270], [1471, 270], [1472, 270], [1473, 270], [1474, 270], [1475, 270], [1476, 270], [1477, 270], [1478, 270], [1479, 270], [1480, 270], [1481, 270], [1482, 270], [1483, 270], [1484, 270], [1485, 270], [1486, 270], [1487, 270], [1488, 270], [1489, 270], [1490, 270], [1491, 270], [1492, 270], [1493, 270], [1494, 270], [1495, 270], [1469, 271], [1470, 271], [1471, 271], [1472, 271], [1473, 271], [1474, 271], [1476, 271], [1477, 271], [1478, 271], [1479, 271], [1480, 271], [1481, 271], [1482, 271], [1483, 271], [1484, 271], [1485, 271], [1486, 271], [1487, 271], [1488, 271], [1489, 271], [1490, 271], [1491, 271], [1492, 271], [1494, 271], [1495, 271], [1471, 272], [1472, 272], [1473, 272], [1474, 272], [1475, 272], [1476, 272], [1478, 272], [1479, 272], [1480, 272], [1481, 272], [1482, 272], [1483, 272], [1484, 272], [1485, 272], [1486, 272], [1487, 272], [1488, 272], [1489, 272], [1490, 272], [1491, 272], [1492, 272], [1493, 272], [1494, 272], [1495, 272], [1474, 273], [1475, 273], [1476, 273], [1477, 273], [1478, 273], [1479, 273], [1481, 273], [1482, 273], [1483, 273], [1484, 273], [1485, 273], [1491, 273], [1492, 273], [1493, 273], [1494, 273], [1495, 273], [1496, 273], [1476, 274], [1477, 274], [1478, 274], [1479, 274], [1480, 274], [1481, 274], [1483, 274], [1484, 274], [1485, 274], [1486, 274], [1487, 274], [1488, 274], [1491, 274], [1492, 274], [1493, 274], [1494, 274], [1495, 274], [1496, 274], [1497, 274], [1479, 275], [1480, 275], [1481, 275], [1482, 275], [1483, 275], [1484, 275], [1485, 275], [1486, 275], [1487, 275], [1488, 275], [1489, 275], [1490, 275], [1491, 275], [1492, 275], [1493, 275], [1494, 275], [1495, 275], [1496, 275], [1497, 275], [1498, 275], [1499, 275], [1500, 275], [1481, 276], [1482, 276], [1483, 276], [1484, 276], [1485, 276], [1486, 276], [1487, 276], [1488, 276], [1489, 276], [1490, 276], [1491, 276], [1492, 276], [1493, 276], [1494, 276], [1495, 276], [1497, 276], [1498, 276], [1499, 276], [1500, 276], [1501, 276], [1502, 276], [1503, 276], [1484, 277], [1485, 277], [1486, 277], [1487, 277], [1488, 277], [1489, 277], [1491, 277], [1492, 277], [1493, 277], [1494, 277], [1495, 277], [1496, 277], [1497, 277], [1498, 277], [1499, 277], [1500, 277], [1501, 277], [1502, 277], [1503, 277], [1504, 277], [1505, 277], [1506, 277], [1487, 278], [1488, 278], [1489, 278], [1490, 278], [1491, 278], [1492, 278], [1494, 278], [1495, 278], [1496, 278], [1498, 278], [1499, 278], [1500, 278], [1501, 278], [1503, 278], [1504, 278], [1505, 278], [1506, 278], [1507, 278], [1508, 278], [1489, 279], [1490, 279], [1491, 279], [1492, 279], [1493, 279], [1494, 279], [1496, 279], [1497, 279], [1498, 279], [1499, 279], [1500, 279], [1501, 279], [1502, 279], [1503, 279], [1504, 279], [1506, 279], [1507, 279], [1508, 279], [1509, 279], [1510, 279], [1511, 279], [1492, 280], [1493, 280], [1494, 280], [1495, 280], [1496, 280], [1497, 280], [1499, 280], [1500, 280], [1501, 280], [1502, 280], [1503, 280], [1504, 280], [1505, 280], [1506, 280], [1508, 280], [1509, 280], [1510, 280], [1511, 280], [1512, 280], [1513, 280], [1494, 281], [1495, 281], [1496, 281], [1497, 281], [1498, 281], [1499, 281], [1500, 281], [1502, 281], [1503, 281], [1504, 281], [1505, 281], [1506, 281], [1507, 281], [1508, 281], [1509, 281], [1510, 281], [1511, 281], [1512, 281], [1513, 281], [1514, 281], [1515, 281], [1516, 281], [1497, 282], [1498, 282], [1499, 282], [1500, 282], [1501, 282], [1502, 282], [1504, 282], [1505, 282], [1506, 282], [1507, 282], [1508, 282], [1509, 282], [1510, 282], [1511, 282], [1512, 282], [1513, 282], [1514, 282], [1515, 282], [1516, 282], [1517, 282], [1518, 282], [1519, 282], [1500, 283], [1501, 283], [1502, 283], [1503, 283], [1504, 283], [1505, 283], [1507, 283], [1508, 283], [1509, 283], [1511, 283], [1512, 283], [1513, 283], [1514, 283], [1515, 283], [1516, 283], [1517, 283], [1518, 283], [1519, 283], [1520, 283], [1521, 283], [1522, 283], [1502, 284], [1503, 284], [1504, 284], [1505, 284], [1506, 284], [1507, 284], [1508, 284], [1509, 284], [1510, 284], [1511, 284], [1512, 284], [1514, 284], [1515, 284], [1516, 284], [1517, 284], [1519, 284], [1520, 284], [1521, 284], [1522, 284], [1523, 284], [1524, 284], [1505, 285], [1506, 285], [1507, 285], [1508, 285], [1509, 285], [1510, 285], [1511, 285], [1512, 285], [1513, 285], [1514, 285], [1515, 285], [1517, 285], [1518, 285], [1519, 285], [1520, 285], [1522, 285], [1523, 285], [1524, 285], [1525, 285], [1526, 285], [1527, 285], [1508, 286], [1509, 286], [1510, 286], [1511, 286], [1512, 286], [1513, 286], [1514, 286], [1515, 286], [1516, 286], [1517, 286], [1519, 286], [1520, 286], [1521, 286], [1522, 286], [1523, 286], [1524, 286], [1525, 286], [1526, 286], [1527, 286], [1528, 286], [1529, 286], [1530, 286], [1511, 287], [1512, 287], [1513, 287], [1514, 287], [1515, 287], [1516, 287], [1517, 287], [1518, 287], [1519, 287], [1520, 287], [1522, 287], [1523, 287], [1524, 287], [1525, 287], [1526, 287], [1527, 287], [1528, 287], [1529, 287], [1530, 287], [1531, 287], [1532, 287], [1513, 288], [1514, 288], [1515, 288], [1516, 288], [1517, 288], [1518, 288], [1520, 288], [1521, 288], [1522, 288], [1523, 288], [1524, 288], [1525, 288], [1526, 288], [1527, 288], [1528, 288], [1529, 288], [1530, 288], [1531, 288], [1532, 288], [1533, 288], [1534, 288], [1516, 289], [1517, 289], [1518, 289], [1519, 289], [1520, 289], [1521, 289], [1522, 289], [1523, 289], [1524, 289], [1525, 289], [1526, 289], [1527, 289], [1528, 289], [1529, 289], [1530, 289], [1531, 289], [1532, 289], [1533, 289], [1534, 289], [1535, 289], [1536, 289], [1537, 289], [1519, 290], [1520, 290], [1521, 290], [1522, 290], [1523, 290], [1525, 290], [1526, 290], [1527, 290], [1528, 290], [1530, 290], [1531, 290], [1532, 290], [1533, 290], [1534, 290], [1535, 290], [1536, 290], [1537, 290], [1538, 290], [1539, 290], [1521, 291], [1522, 291], [1523, 291], [1524, 291], [1525, 291], [1526, 291], [1528, 291], [1529, 291], [1530, 291], [1531, 291], [1532, 291], [1533, 291], [1534, 291], [1535, 291], [1536, 291], [1537, 291], [1538, 291], [1539, 291], [1540, 291], [1541, 291], [1524, 292], [1525, 292], [1526, 292], [1527, 292], [1528, 292], [1530, 292], [1531, 292], [1532, 292], [1533, 292], [1535, 292], [1536, 292], [1537, 292], [1538, 292], [1539, 292], [1540, 292], [1541, 292], [1542, 292], [1543, 292], [1544, 292], [1527, 293], [1528, 293], [1529, 293], [1530, 293], [1531, 293], [1533, 293], [1534, 293], [1535, 293], [1536, 293], [1538, 293], [1539, 293], [1540, 293], [1541, 293], [1542, 293], [1543, 293], [1544, 293], [1545, 293], [1546, 293], [1547, 293], [1529, 294], [1530, 294], [1531, 294], [1532, 294], [1533, 294], [1534, 294], [1536, 294], [1537, 294], [1538, 294], [1540, 294], [1541, 294], [1542, 294], [1543, 294], [1545, 294], [1546, 294], [1547, 294], [1548, 294], [1549, 294], [1532, 295], [1533, 295], [1534, 295], [1535, 295], [1536, 295], [1537, 295], [1539, 295], [1540, 295], [1541, 295], [1543, 295], [1544, 295], [1545, 295], [1546, 295], [1548, 295], [1549, 295], [1550, 295], [1551, 295], [1552, 295], [1553, 295], [1535, 296], [1536, 296], [1537, 296], [1538, 296], [1539, 296], [1541, 296], [1542, 296], [1543, 296], [1545, 296], [1546, 296], [1547, 296], [1548, 296], [1549, 296], [1550, 296], [1551, 296], [1552, 296], [1553, 296], [1554, 296], [1555, 296], [1538, 297], [1539, 297], [1540, 297], [1541, 297], [1543, 297], [1544, 297], [1545, 297], [1546, 297], [1547, 297], [1548, 297], [1549, 297], [1550, 297], [1551, 297], [1552, 297], [1553, 297], [1554, 297], [1555, 297], [1556, 297], [1557, 297], [1558, 297], [1540, 298], [1541, 298], [1542, 298], [1543, 298], [1544, 298], [1545, 298], [1546, 298], [1547, 298], [1548, 298], [1549, 298], [1551, 298], [1552, 298], [1553, 298], [1554, 298], [1556, 298], [1557, 298], [1558, 298], [1559, 298], [1560, 298], [1542, 299], [1543, 299], [1544, 299], [1545, 299], [1546, 299], [1547, 299], [1549, 299], [1550, 299], [1551, 299], [1552, 299], [1553, 299], [1554, 299], [1555, 299], [1556, 299], [1557, 299], [1558, 299], [1559, 299], [1560, 299], [1561, 299], [1562, 299], [1563, 299], [1545, 300], [1546, 300], [1547, 300], [1548, 300], [1549, 300], [1550, 300], [1551, 300], [1552, 300], [1553, 300], [1554, 300], [1556, 300], [1557, 300], [1558, 300], [1559, 300], [1560, 300], [1561, 300], [1562, 300], [1563, 300], [1564, 300], [1565, 300], [1548, 301], [1549, 301], [1550, 301], [1551, 301], [1552, 301], [1554, 301], [1555, 301], [1556, 301], [1557, 301], [1558, 301], [1559, 301], [1560, 301], [1561, 301], [1562, 301], [1563, 301], [1564, 301], [1565, 301], [1566, 301], [1567, 301], [1568, 301], [1551, 302], [1552, 302], [1553, 302], [1554, 302], [1555, 302], [1556, 302], [1557, 302], [1558, 302], [1560, 302], [1561, 302], [1562, 302], [1563, 302], [1564, 302], [1565, 302], [1566, 302], [1567, 302], [1568, 302], [1569, 302], [1570, 302], [1571, 302], [1553, 303], [1554, 303], [1555, 303], [1556, 303], [1557, 303], [1558, 303], [1559, 303], [1560, 303], [1561, 303], [1563, 303], [1564, 303], [1565, 303], [1566, 303], [1567, 303], [1569, 303], [1570, 303], [1571, 303], [1572, 303], [1573, 303], [1574, 303], [1556, 304], [1557, 304], [1558, 304], [1559, 304], [1560, 304], [1561, 304], [1562, 304], [1563, 304], [1564, 304], [1565, 304], [1566, 304], [1567, 304], [1568, 304], [1569, 304], [1570, 304], [1571, 304], [1572, 304], [1573, 304], [1574, 304], [1575, 304], [1576, 304], [1558, 305], [1559, 305], [1560, 305], [1561, 305], [1562, 305], [1563, 305], [1564, 305], [1565, 305], [1566, 305], [1567, 305], [1569, 305], [1570, 305], [1571, 305], [1572, 305], [1573, 305], [1574, 305], [1575, 305], [1576, 305], [1577, 305], [1578, 305], [1579, 305], [1560, 306], [1561, 306], [1562, 306], [1563, 306], [1564, 306], [1565, 306], [1566, 306], [1567, 306], [1568, 306], [1569, 306], [1571, 306], [1572, 306], [1573, 306], [1574, 306], [1575, 306], [1577, 306], [1578, 306], [1579, 306], [1580, 306], [1581, 306], [1563, 307], [1564, 307], [1565, 307], [1566, 307], [1567, 307], [1569, 307], [1570, 307], [1571, 307], [1572, 307], [1574, 307], [1575, 307], [1576, 307], [1577, 307], [1578, 307], [1580, 307], [1581, 307], [1582, 307], [1583, 307], [1584, 307], [1566, 308], [1567, 308], [1568, 308], [1569, 308], [1570, 308], [1571, 308], [1572, 308], [1573, 308], [1574, 308], [1575, 308], [1576, 308], [1577, 308], [1578, 308], [1579, 308], [1580, 308], [1582, 308], [1583, 308], [1584, 308], [1585, 308], [1586, 308], [1587, 308], [1568, 309], [1569, 309], [1570, 309], [1571, 309], [1572, 309], [1574, 309], [1575, 309], [1576, 309], [1577, 309], [1578, 309], [1580, 309], [1581, 309], [1582, 309], [1583, 309], [1584, 309], [1585, 309], [1586, 309], [1587, 309], [1588, 309], [1589, 309], [1590, 309], [1571, 310], [1572, 310], [1573, 310], [1574, 310], [1575, 310], [1576, 310], [1577, 310], [1578, 310], [1579, 310], [1580, 310], [1582, 310], [1583, 310], [1584, 310], [1585, 310], [1586, 310], [1587, 310], [1588, 310], [1589, 310], [1590, 310], [1591, 310], [1592, 310], [1573, 311], [1574, 311], [1575, 311], [1576, 311], [1577, 311], [1578, 311], [1580, 311], [1581, 311], [1582, 311], [1583, 311], [1584, 311], [1585, 311], [1586, 311], [1587, 311], [1588, 311], [1589, 311], [1590, 311], [1591, 311], [1592, 311], [1593, 311], [1594, 311], [1595, 311], [1596, 311], [1576, 312], [1577, 312], [1578, 312], [1579, 312], [1580, 312], [1581, 312], [1582, 312], [1583, 312], [1584, 312], [1585, 312], [1586, 312], [1587, 312], [1588, 312], [1589, 312], [1590, 312], [1591, 312], [1592, 312], [1593, 312], [1594, 312], [1595, 312], [1596, 312], [1597, 312], [1598, 312], [1599, 312], [1579, 313], [1580, 313], [1581, 313], [1582, 313], [1583, 313], [1584, 313], [1585, 313], [1586, 313], [1587, 313], [1588, 313], [1590, 313], [1591, 313], [1592, 313], [1593, 313], [1594, 313], [1595, 313], [1597, 313], [1598, 313], [1599, 313], [1600, 313], [1601, 313], [1602, 313], [1582, 314], [1583, 314], [1584, 314], [1585, 314], [1586, 314], [1587, 314], [1588, 314], [1589, 314], [1590, 314], [1591, 314], [1592, 314], [1593, 314], [1594, 314], [1595, 314], [1596, 314], [1597, 314], [1598, 314], [1600, 314], [1601, 314], [1602, 314], [1603, 314], [1604, 314], [1585, 315], [1586, 315], [1587, 315], [1588, 315], [1589, 315], [1590, 315], [1591, 315], [1592, 315], [1593, 315], [1594, 315], [1595, 315], [1596, 315], [1597, 315], [1598, 315], [1599, 315], [1600, 315], [1601, 315], [1602, 315], [1603, 315], [1604, 315], [1605, 315], [1606, 315], [1607, 315], [1588, 316], [1589, 316], [1590, 316], [1591, 316], [1592, 316], [1593, 316], [1594, 316], [1595, 316], [1596, 316], [1597, 316], [1598, 316], [1599, 316], [1600, 316], [1601, 316], [1602, 316], [1603, 316], [1604, 316], [1605, 316], [1606, 316], [1607, 316], [1608, 316], [1609, 316], [1590, 317], [1591, 317], [1592, 317], [1593, 317], [1594, 317], [1596, 317], [1597, 317], [1598, 317], [1599, 317], [1600, 317], [1602, 317], [1603, 317], [1604, 317], [1605, 317], [1607, 317], [1608, 317], [1609, 317], [1610, 317], [1611, 317], [1593, 318], [1594, 318], [1595, 318], [1596, 318], [1597, 318], [1598, 318], [1599, 318], [1600, 318], [1601, 318], [1602, 318], [1604, 318], [1605, 318], [1606, 318], [1607, 318], [1608, 318], [1609, 318], [1610, 318], [1611, 318], [1612, 318], [1613, 318], [1595, 319], [1596, 319], [1597, 319], [1598, 319], [1599, 319], [1600, 319], [1601, 319], [1602, 319], [1603, 319], [1604, 319], [1606, 319], [1607, 319], [1608, 319], [1609, 319], [1610, 319], [1611, 319], [1612, 319], [1613, 319], [1614, 319], [1615, 319], [1616, 319], [1597, 320], [1598, 320], [1599, 320], [1600, 320], [1601, 320], [1602, 320], [1603, 320], [1604, 320], [1605, 320], [1606, 320], [1607, 320], [1608, 320], [1609, 320], [1610, 320], [1611, 320], [1612, 320], [1613, 320], [1614, 320], [1615, 320], [1616, 320], [1617, 320], [1618, 320], [1600, 321], [1601, 321], [1602, 321], [1603, 321], [1604, 321], [1606, 321], [1607, 321], [1608, 321], [1609, 321], [1610, 321], [1611, 321], [1612, 321], [1613, 321], [1614, 321], [1615, 321], [1616, 321], [1617, 321], [1618, 321], [1619, 321], [1620, 321], [1621, 321], [1602, 322], [1603, 322], [1604, 322], [1605, 322], [1606, 322], [1607, 322], [1608, 322], [1609, 322], [1610, 322], [1611, 322], [1612, 322], [1614, 322], [1615, 322], [1616, 322], [1617, 322], [1618, 322], [1619, 322], [1620, 322], [1621, 322], [1622, 322], [1623, 322], [1605, 323], [1606, 323], [1607, 323], [1608, 323], [1609, 323], [1610, 323], [1611, 323], [1612, 323], [1613, 323], [1614, 323], [1615, 323], [1616, 323], [1617, 323], [1618, 323], [1619, 323], [1620, 323], [1622, 323], [1623, 323], [1624, 323], [1625, 323], [1626, 323], [1608, 324], [1609, 324], [1610, 324], [1611, 324], [1612, 324], [1613, 324], [1614, 324], [1615, 324], [1616, 324], [1617, 324], [1618, 324], [1619, 324], [1620, 324], [1621, 324], [1622, 324], [1623, 324], [1624, 324], [1625, 324], [1626, 324], [1627, 324], [1628, 324], [1610, 325], [1611, 325], [1612, 325], [1613, 325], [1614, 325], [1615, 325], [1617, 325], [1618, 325], [1619, 325], [1620, 325], [1622, 325], [1623, 325], [1624, 325], [1625, 325], [1627, 325], [1628, 325], [1629, 325], [1630, 325], [1631, 325], [1613, 326], [1614, 326], [1615, 326], [1616, 326], [1617, 326], [1618, 326], [1619, 326], [1620, 326], [1621, 326], [1622, 326], [1623, 326], [1624, 326], [1625, 326], [1626, 326], [1627, 326], [1628, 326], [1629, 326], [1630, 326], [1631, 326], [1632, 326], [1633, 326], [1634, 326], [1616, 327], [1617, 327], [1618, 327], [1619, 327], [1620, 327], [1622, 327], [1623, 327], [1624, 327], [1625, 327], [1627, 327], [1628, 327], [1629, 327], [1630, 327], [1632, 327], [1633, 327], [1634, 327], [1635, 327], [1636, 327], [1637, 327], [1619, 328], [1620, 328], [1621, 328], [1622, 328], [1623, 328], [1624, 328], [1625, 328], [1626, 328], [1627, 328], [1628, 328], [1629, 328], [1630, 328], [1631, 328], [1632, 328], [1633, 328], [1634, 328], [1635, 328], [1636, 328], [1637, 328], [1638, 328], [1639, 328], [1621, 329], [1622, 329], [1623, 329], [1624, 329], [1625, 329], [1627, 329], [1628, 329], [1629, 329], [1630, 329], [1632, 329], [1633, 329], [1634, 329], [1635, 329], [1636, 329], [1638, 329], [1639, 329], [1640, 329], [1641, 329], [1642, 329], [1624, 330], [1625, 330], [1626, 330], [1627, 330], [1628, 330], [1629, 330], [1630, 330], [1631, 330], [1632, 330], [1633, 330], [1635, 330], [1636, 330], [1637, 330], [1638, 330], [1639, 330], [1640, 330], [1641, 330], [1642, 330], [1643, 330], [1644, 330], [1626, 331], [1627, 331], [1628, 331], [1629, 331], [1630, 331], [1631, 331], [1632, 331], [1633, 331], [1634, 331], [1635, 331], [1636, 331], [1637, 331], [1638, 331], [1639, 331], [1640, 331], [1641, 331], [1642, 331], [1643, 331], [1644, 331], [1645, 331], [1646, 331], [1647, 331], [1629, 332], [1630, 332], [1631, 332], [1632, 332], [1633, 332], [1634, 332], [1635, 332], [1636, 332], [1637, 332], [1638, 332], [1639, 332], [1640, 332], [1641, 332], [1642, 332], [1643, 332], [1644, 332], [1646, 332], [1647, 332], [1648, 332], [1649, 332], [1650, 332], [1632, 333], [1633, 333], [1634, 333], [1635, 333], [1636, 333], [1637, 333], [1638, 333], [1639, 333], [1640, 333], [1641, 333], [1642, 333], [1643, 333], [1644, 333], [1645, 333], [1646, 333], [1647, 333], [1649, 333], [1650, 333], [1651, 333], [1652, 333], [1653, 333], [1634, 334], [1635, 334], [1636, 334], [1637, 334], [1638, 334], [1639, 334], [1640, 334], [1641, 334], [1642, 334], [1643, 334], [1644, 334], [1645, 334], [1646, 334], [1647, 334], [1648, 334], [1649, 334], [1650, 334], [1651, 334], [1652, 334], [1653, 334], [1654, 334], [1655, 334], [1637, 335], [1638, 335], [1639, 335], [1640, 335], [1641, 335], [1643, 335], [1644, 335], [1645, 335], [1646, 335], [1647, 335], [1649, 335], [1650, 335], [1651, 335], [1652, 335], [1653, 335], [1654, 335], [1655, 335], [1656, 335], [1657, 335], [1658, 335], [1640, 336], [1641, 336], [1642, 336], [1643, 336], [1644, 336], [1646, 336], [1647, 336], [1648, 336], [1649, 336], [1651, 336], [1652, 336], [1653, 336], [1654, 336], [1655, 336], [1657, 336], [1658, 336], [1659, 336], [1660, 336], [1661, 336], [1642, 337], [1643, 337], [1644, 337], [1645, 337], [1646, 337], [1647, 337], [1648, 337], [1649, 337], [1650, 337], [1651, 337], [1652, 337], [1654, 337], [1655, 337], [1656, 337], [1657, 337], [1658, 337], [1659, 337], [1660, 337], [1661, 337], [1662, 337], [1663, 337], [1645, 338], [1646, 338], [1647, 338], [1648, 338], [1649, 338], [1651, 338], [1652, 338], [1653, 338], [1654, 338], [1655, 338], [1656, 338], [1658, 338], [1659, 338], [1660, 338], [1661, 338], [1662, 338], [1663, 338], [1664, 338], [1665, 338], [1666, 338], [1648, 339], [1649, 339], [1650, 339], [1651, 339], [1652, 339], [1653, 339], [1654, 339], [1655, 339], [1656, 339], [1657, 339], [1658, 339], [1660, 339], [1661, 339], [1662, 339], [1663, 339], [1664, 339], [1665, 339], [1666, 339], [1667, 339], [1668, 339], [1669, 339], [1651, 340], [1652, 340], [1653, 340], [1654, 340], [1655, 340], [1657, 340], [1658, 340], [1659, 340], [1660, 340], [1662, 340], [1663, 340], [1664, 340], [1665, 340], [1666, 340], [1667, 340], [1668, 340], [1669, 340], [1670, 340], [1671, 340], [1653, 341], [1654, 341], [1655, 341], [1656, 341], [1657, 341], [1659, 341], [1660, 341], [1661, 341], [1662, 341], [1663, 341], [1664, 341], [1665, 341], [1666, 341], [1667, 341], [1668, 341], [1670, 341], [1671, 341], [1672, 341], [1673, 341], [1674, 341], [1656, 342], [1657, 342], [1658, 342], [1659, 342], [1660, 342], [1661, 342], [1662, 342], [1663, 342], [1664, 342], [1665, 342], [1667, 342], [1668, 342], [1669, 342], [1670, 342], [1671, 342], [1672, 342], [1673, 342], [1674, 342], [1675, 342], [1676, 342], [1658, 343], [1659, 343], [1660, 343], [1661, 343], [1662, 343], [1663, 343], [1664, 343], [1665, 343], [1666, 343], [1667, 343], [1669, 343], [1670, 343], [1671, 343], [1672, 343], [1673, 343], [1675, 343], [1676, 343], [1677, 343], [1678, 343], [1679, 343], [1661, 344], [1662, 344], [1663, 344], [1664, 344], [1665, 344], [1666, 344], [1667, 344], [1668, 344], [1669, 344], [1670, 344], [1671, 344], [1672, 344], [1673, 344], [1674, 344], [1675, 344], [1676, 344], [1677, 344], [1678, 344], [1679, 344], [1680, 344], [1681, 344], [1664, 345], [1665, 345], [1666, 345], [1667, 345], [1669, 345], [1670, 345], [1671, 345], [1672, 345], [1673, 345], [1675, 345], [1676, 345], [1677, 345], [1678, 345], [1680, 345], [1681, 345], [1682, 345], [1683, 345], [1684, 345], [1666, 346], [1667, 346], [1668, 346], [1669, 346], [1670, 346], [1672, 346], [1673, 346], [1674, 346], [1675, 346], [1676, 346], [1677, 346], [1678, 346], [1679, 346], [1680, 346], [1681, 346], [1682, 346], [1683, 346], [1684, 346], [1685, 346], [1686, 346], [1687, 346], [1688, 346], [1669, 347], [1670, 347], [1671, 347], [1672, 347], [1673, 347], [1675, 347], [1676, 347], [1677, 347], [1678, 347], [1680, 347], [1681, 347], [1682, 347], [1683, 347], [1684, 347], [1685, 347], [1686, 347], [1687, 347], [1688, 347], [1689, 347], [1690, 347], [1671, 348], [1672, 348], [1673, 348], [1674, 348], [1675, 348], [1677, 348], [1678, 348], [1679, 348], [1680, 348], [1681, 348], [1682, 348], [1683, 348], [1684, 348], [1685, 348], [1686, 348], [1687, 348], [1688, 348], [1689, 348], [1690, 348], [1691, 348], [1692, 348], [1693, 348], [1674, 349], [1675, 349], [1676, 349], [1677, 349], [1678, 349], [1680, 349], [1681, 349], [1682, 349], [1683, 349], [1684, 349], [1685, 349], [1686, 349], [1687, 349], [1688, 349], [1689, 349], [1690, 349], [1691, 349], [1692, 349], [1693, 349], [1694, 349], [1695, 349], [1676, 350], [1677, 350], [1678, 350], [1679, 350], [1680, 350], [1681, 350], [1682, 350], [1683, 350], [1684, 350], [1685, 350], [1686, 350], [1687, 350], [1688, 350], [1689, 350], [1690, 350], [1691, 350], [1692, 350], [1694, 350], [1695, 350], [1696, 350], [1697, 350], [1698, 350], [1679, 351], [1680, 351], [1681, 351], [1682, 351], [1683, 351], [1684, 351], [1685, 351], [1686, 351], [1687, 351], [1688, 351], [1689, 351], [1690, 351], [1691, 351], [1692, 351], [1693, 351], [1694, 351], [1695, 351], [1696, 351], [1697, 351], [1698, 351], [1699, 351], [1700, 351], [1701, 351], [1682, 352], [1683, 352], [1684, 352], [1685, 352], [1686, 352], [1687, 352], [1689, 352], [1690, 352], [1691, 352], [1692, 352], [1693, 352], [1694, 352], [1695, 352], [1696, 352], [1697, 352], [1698, 352], [1699, 352], [1700, 352], [1701, 352], [1702, 352], [1703, 352], [1685, 353], [1686, 353], [1687, 353], [1688, 353], [1689, 353], [1691, 353], [1692, 353], [1693, 353], [1694, 353], [1695, 353], [1696, 353], [1697, 353], [1698, 353], [1699, 353], [1700, 353], [1701, 353], [1702, 353], [1703, 353], [1704, 353], [1705, 353], [1706, 353], [1688, 354], [1689, 354], [1690, 354], [1691, 354], [1692, 354], [1693, 354], [1694, 354], [1695, 354], [1696, 354], [1697, 354], [1699, 354], [1700, 354], [1701, 354], [1702, 354], [1703, 354], [1705, 354], [1706, 354], [1707, 354], [1708, 354], [1709, 354], [1690, 355], [1691, 355], [1692, 355], [1693, 355], [1694, 355], [1696, 355], [1697, 355], [1698, 355], [1699, 355], [1700, 355], [1702, 355], [1703, 355], [1704, 355], [1705, 355], [1706, 355], [1708, 355], [1709, 355], [1710, 355], [1711, 355], [1693, 356], [1694, 356], [1695, 356], [1696, 356], [1697, 356], [1698, 356], [1699, 356], [1700, 356], [1701, 356], [1702, 356], [1705, 356], [1706, 356], [1707, 356], [1708, 356], [1709, 356], [1710, 356], [1711, 356], [1712, 356], [1713, 356], [1695, 357], [1696, 357], [1697, 357], [1698, 357], [1699, 357], [1701, 357], [1702, 357], [1703, 357], [1704, 357], [1708, 357], [1709, 357], [1710, 357], [1711, 357], [1712, 357], [1713, 357], [1714, 357], [1715, 357], [1716, 357], [1698, 358], [1699, 358], [1700, 358], [1701, 358], [1703, 358], [1704, 358], [1705, 358], [1706, 358], [1710, 358], [1711, 358], [1712, 358], [1713, 358], [1714, 358], [1715, 358], [1716, 358], [1717, 358], [1718, 358], [1700, 359], [1701, 359], [1702, 359], [1703, 359], [1705, 359], [1706, 359], [1707, 359], [1708, 359], [1709, 359], [1713, 359], [1714, 359], [1715, 359], [1716, 359], [1717, 359], [1718, 359], [1719, 359], [1720, 359], [1721, 359], [1702, 360], [1703, 360], [1704, 360], [1705, 360], [1706, 360], [1707, 360], [1708, 360], [1709, 360], [1710, 360], [1711, 360], [1715, 360], [1716, 360], [1717, 360], [1718, 360], [1720, 360], [1721, 360], [1722, 360], [1723, 360], [1704, 361], [1705, 361], [1706, 361], [1707, 361], [1708, 361], [1710, 361], [1711, 361], [1712, 361], [1713, 361], [1714, 361], [1717, 361], [1718, 361], [1719, 361], [1720, 361], [1721, 361], [1722, 361], [1723, 361], [1724, 361], [1725, 361], [1726, 361], [1707, 362], [1708, 362], [1709, 362], [1710, 362], [1711, 362], [1712, 362], [1713, 362], [1714, 362], [1715, 362], [1716, 362], [1717, 362], [1720, 362], [1721, 362], [1722, 362], [1723, 362], [1724, 362], [1725, 362], [1726, 362], [1727, 362], [1728, 362], [1709, 363], [1710, 363], [1711, 363], [1712, 363], [1713, 363], [1714, 363], [1715, 363], [1716, 363], [1717, 363], [1718, 363], [1719, 363], [1720, 363], [1722, 363], [1723, 363], [1724, 363], [1725, 363], [1727, 363], [1728, 363], [1729, 363], [1730, 363], [1731, 363], [1712, 364], [1713, 364], [1714, 364], [1715, 364], [1716, 364], [1717, 364], [1718, 364], [1719, 364], [1720, 364], [1721, 364], [1722, 364], [1723, 364], [1724, 364], [1725, 364], [1726, 364], [1727, 364], [1729, 364], [1730, 364], [1731, 364], [1732, 364], [1733, 364], [1715, 365], [1716, 365], [1717, 365], [1718, 365], [1719, 365], [1720, 365], [1721, 365], [1722, 365], [1723, 365], [1724, 365], [1725, 365], [1726, 365], [1728, 365], [1729, 365], [1731, 365], [1732, 365], [1733, 365], [1734, 365], [1735, 365], [1736, 365], [1718, 366], [1719, 366], [1720, 366], [1721, 366], [1722, 366], [1724, 366], [1725, 366], [1726, 366], [1727, 366], [1728, 366], [1729, 366], [1730, 366], [1731, 366], [1732, 366], [1733, 366], [1734, 366], [1735, 366], [1736, 366], [1737, 366], [1738, 366], [1739, 366], [1721, 367], [1722, 367], [1723, 367], [1724, 367], [1725, 367], [1726, 367], [1728, 367], [1729, 367], [1730, 367], [1731, 367], [1732, 367], [1733, 367], [1734, 367], [1735, 367], [1737, 367], [1738, 367], [1739, 367], [1740, 367], [1741, 367], [1723, 368], [1724, 368], [1725, 368], [1726, 368], [1727, 368], [1728, 368], [1729, 368], [1730, 368], [1731, 368], [1732, 368], [1733, 368], [1735, 368], [1736, 368], [1737, 368], [1738, 368], [1740, 368], [1741, 368], [1742, 368], [1743, 368], [1744, 368], [1726, 369], [1727, 369], [1728, 369], [1729, 369], [1730, 369], [1731, 369], [1732, 369], [1733, 369], [1734, 369], [1735, 369], [1737, 369], [1738, 369], [1739, 369], [1740, 369], [1742, 369], [1743, 369], [1744, 369], [1745, 369], [1746, 369], [1729, 370], [1730, 370], [1731, 370], [1732, 370], [1733, 370], [1735, 370], [1736, 370], [1737, 370], [1738, 370], [1740, 370], [1741, 370], [1742, 370], [1744, 370], [1745, 370], [1746, 370], [1747, 370], [1748, 370], [1731, 371], [1732, 371], [1733, 371], [1734, 371], [1735, 371], [1737, 371], [1738, 371], [1739, 371], [1740, 371], [1741, 371], [1742, 371], [1743, 371], [1744, 371], [1745, 371], [1747, 371], [1748, 371], [1749, 371], [1750, 371], [1751, 371], [1734, 372], [1735, 372], [1736, 372], [1737, 372], [1738, 372], [1740, 372], [1741, 372], [1742, 372], [1743, 372], [1745, 372], [1746, 372], [1747, 372], [1748, 372], [1749, 372], [1750, 372], [1751, 372], [1752, 372], [1753, 372], [1736, 373], [1737, 373], [1738, 373], [1739, 373], [1740, 373], [1741, 373], [1742, 373], [1743, 373], [1744, 373], [1745, 373], [1746, 373], [1747, 373], [1748, 373], [1749, 373], [1750, 373], [1752, 373], [1753, 373], [1754, 373], [1755, 373], [1756, 373], [1284, 374], [1739, 374], [1740, 374], [1741, 374], [1742, 374], [1743, 374], [1744, 374], [1745, 374], [1746, 374], [1747, 374], [1748, 374], [1749, 374], [1751, 374], [1752, 374], [1753, 374], [1754, 374], [1755, 374], [1756, 374], [1757, 374], [1758, 374], [1283, 375], [1284, 375], [1285, 375], [1742, 375], [1743, 375], [1744, 375], [1745, 375], [1746, 375], [1748, 375], [1749, 375], [1750, 375], [1751, 375], [1753, 375], [1754, 375], [1755, 375], [1756, 375], [1757, 375], [1758, 375], [1759, 375], [1760, 375], [1761, 375], [1762, 375], [1281, 376], [1282, 376], [1284, 376], [1285, 376], [1286, 376], [1745, 376], [1746, 376], [1747, 376], [1748, 376], [1749, 376], [1750, 376], [1751, 376], [1752, 376], [1753, 376], [1754, 376], [1755, 376], [1756, 376], [1757, 376], [1758, 376], [1760, 376], [1761, 376], [1762, 376], [1763, 376], [1764, 376], [1281, 377], [1282, 377], [1283, 377], [1285, 377], [1286, 377], [1287, 377], [1747, 377], [1748, 377], [1749, 377], [1750, 377], [1751, 377], [1752, 377], [1754, 377], [1755, 377], [1756, 377], [1758, 377], [1759, 377], [1760, 377], [1761, 377], [1763, 377], [1764, 377], [1765, 377], [1766, 377], [1767, 377], [1282, 378], [1283, 378], [1284, 378], [1286, 378], [1287, 378], [1288, 378], [1750, 378], [1751, 378], [1752, 378], [1753, 378], [1754, 378], [1756, 378], [1757, 378], [1758, 378], [1759, 378], [1760, 378], [1762, 378], [1763, 378], [1765, 378], [1766, 378], [1767, 378], [1768, 378], [1769, 378], [1283, 379], [1284, 379], [1285, 379], [1287, 379], [1288, 379], [1289, 379], [1753, 379], [1754, 379], [1755, 379], [1756, 379], [1757, 379], [1758, 379], [1759, 379], [1760, 379], [1761, 379], [1762, 379], [1764, 379], [1765, 379], [1767, 379], [1768, 379], [1769, 379], [1770, 379], [1771, 379], [1772, 379], [1284, 380], [1285, 380], [1286, 380], [1288, 380], [1289, 380], [1290, 380], [1755, 380], [1756, 380], [1757, 380], [1758, 380], [1759, 380], [1760, 380], [1761, 380], [1762, 380], [1763, 380], [1764, 380], [1765, 380], [1766, 380], [1767, 380], [1769, 380], [1770, 380], [1771, 380], [1772, 380], [1773, 380], [1774, 380], [1775, 380], [1273, 381], [1274, 381], [1285, 381], [1286, 381], [1287, 381], [1289, 381], [1290, 381], [1291, 381], [1758, 381], [1759, 381], [1760, 381], [1761, 381], [1762, 381], [1763, 381], [1764, 381], [1765, 381], [1766, 381], [1768, 381], [1769, 381], [1770, 381], [1771, 381], [1772, 381], [1773, 381], [1774, 381], [1775, 381], [1776, 381], [1777, 381], [1778, 381], [1271, 382], [1272, 382], [1273, 382], [1274, 382], [1275, 382], [1286, 382], [1287, 382], [1288, 382], [1290, 382], [1291, 382], [1292, 382], [1761, 382], [1762, 382], [1763, 382], [1764, 382], [1765, 382], [1767, 382], [1768, 382], [1769, 382], [1770, 382], [1771, 382], [1772, 382], [1773, 382], [1774, 382], [1775, 382], [1776, 382], [1777, 382], [1778, 382], [1779, 382], [1780, 382], [1781, 382], [1271, 383], [1272, 383], [1273, 383], [1274, 383], [1275, 383], [1276, 383], [1287, 383], [1288, 383], [1289, 383], [1291, 383], [1292, 383], [1293, 383], [1763, 383], [1764, 383], [1765, 383], [1766, 383], [1767, 383], [1768, 383], [1770, 383], [1771, 383], [1772, 383], [1773, 383], [1774, 383], [1775, 383], [1776, 383], [1777, 383], [1779, 383], [1780, 383], [1781, 383], [1782, 383], [1783, 383], [1272, 384], [1273, 384], [1274, 384], [1275, 384], [1276, 384], [1277, 384], [1288, 384], [1289, 384], [1290, 384], [1292, 384], [1293, 384], [1294, 384], [1765, 384], [1766, 384], [1767, 384], [1768, 384], [1769, 384], [1770, 384], [1772, 384], [1773, 384], [1774, 384], [1775, 384], [1776, 384], [1777, 384], [1778, 384], [1779, 384], [1780, 384], [1781, 384], [1782, 384], [1783, 384], [1784, 384], [1785, 384], [1786, 384], [1273, 385], [1274, 385], [1276, 385], [1277, 385], [1289, 385], [1290, 385], [1291, 385], [1293, 385], [1294, 385], [1295, 385], [1768, 385], [1769, 385], [1770, 385], [1771, 385], [1772, 385], [1774, 385], [1775, 385], [1776, 385], [1777, 385], [1778, 385], [1779, 385], [1780, 385], [1781, 385], [1782, 385], [1784, 385], [1785, 385], [1786, 385], [1787, 385], [1788, 385], [1273, 386], [1274, 386], [1275, 386], [1276, 386], [1277, 386], [1278, 386], [1279, 386], [1290, 386], [1291, 386], [1292, 386], [1294, 386], [1295, 386], [1296, 386], [1770, 386], [1771, 386], [1772, 386], [1773, 386], [1774, 386], [1775, 386], [1776, 386], [1777, 386], [1778, 386], [1779, 386], [1780, 386], [1782, 386], [1783, 386], [1784, 386], [1785, 386], [1786, 386], [1787, 386], [1788, 386], [1789, 386], [1790, 386], [1791, 386], [1274, 387], [1275, 387], [1276, 387], [1277, 387], [1278, 387], [1279, 387], [1291, 387], [1292, 387], [1293, 387], [1295, 387], [1296, 387], [1297, 387], [1773, 387], [1774, 387], [1775, 387], [1776, 387], [1777, 387], [1778, 387], [1780, 387], [1781, 387], [1782, 387], [1783, 387], [1784, 387], [1785, 387], [1786, 387], [1787, 387], [1788, 387], [1789, 387], [1790, 387], [1791, 387], [1792, 387], [1793, 387], [1275, 388], [1276, 388], [1277, 388], [1278, 388], [1279, 388], [1280, 388], [1292, 388], [1293, 388], [1294, 388], [1296, 388], [1297, 388], [1298, 388], [1776, 388], [1777, 388], [1778, 388], [1779, 388], [1780, 388], [1781, 388], [1782, 388], [1783, 388], [1784, 388], [1785, 388], [1787, 388], [1788, 388], [1789, 388], [1791, 388], [1792, 388], [1793, 388], [1794, 388], [1795, 388], [1796, 388], [1276, 389], [1277, 389], [1278, 389], [1279, 389], [1280, 389], [1281, 389], [1293, 389], [1294, 389], [1295, 389], [1297, 389], [1298, 389], [1299, 389], [1779, 389], [1780, 389], [1781, 389], [1782, 389], [1783, 389], [1785, 389], [1786, 389], [1787, 389], [1788, 389], [1789, 389], [1790, 389], [1791, 389], [1792, 389], [1794, 389], [1795, 389], [1796, 389], [1797, 389], [1798, 389], [1799, 389], [1277, 390], [1278, 390], [1279, 390], [1280, 390], [1281, 390], [1282, 390], [1294, 390], [1295, 390], [1296, 390], [1298, 390], [1299, 390], [1300, 390], [1781, 390], [1782, 390], [1783, 390], [1784, 390], [1785, 390], [1786, 390], [1787, 390], [1788, 390], [1789, 390], [1790, 390], [1791, 390], [1792, 390], [1793, 390], [1794, 390], [1795, 390], [1797, 390], [1798, 390], [1799, 390], [1800, 390], [1801, 390], [1802, 390], [1278, 391], [1279, 391], [1280, 391], [1281, 391], [1282, 391], [1283, 391], [1295, 391], [1296, 391], [1297, 391], [1299, 391], [1300, 391], [1301, 391], [1784, 391], [1785, 391], [1786, 391], [1787, 391], [1788, 391], [1789, 391], [1790, 391], [1791, 391], [1792, 391], [1793, 391], [1794, 391], [1795, 391], [1796, 391], [1797, 391], [1798, 391], [1800, 391], [1801, 391], [1802, 391], [1803, 391], [1804, 391], [1805, 391], [1279, 392], [1280, 392], [1281, 392], [1282, 392], [1283, 392], [1284, 392], [1296, 392], [1297, 392], [1298, 392], [1300, 392], [1301, 392], [1302, 392], [1786, 392], [1787, 392], [1788, 392], [1789, 392], [1790, 392], [1791, 392], [1793, 392], [1794, 392], [1795, 392], [1796, 392], [1798, 392], [1799, 392], [1800, 392], [1801, 392], [1802, 392], [1803, 392], [1804, 392], [1805, 392], [1806, 392], [1807, 392], [1280, 393], [1281, 393], [1282, 393], [1283, 393], [1284, 393], [1285, 393], [1297, 393], [1298, 393], [1299, 393], [1301, 393], [1302, 393], [1303, 393], [1789, 393], [1790, 393], [1791, 393], [1792, 393], [1793, 393], [1795, 393], [1796, 393], [1797, 393], [1798, 393], [1800, 393], [1801, 393], [1802, 393], [1803, 393], [1804, 393], [1806, 393], [1807, 393], [1808, 393], [1809, 393], [1281, 394], [1282, 394], [1283, 394], [1284, 394], [1285, 394], [1298, 394], [1299, 394], [1300, 394], [1302, 394], [1303, 394], [1304, 394], [1792, 394], [1793, 394], [1794, 394], [1795, 394], [1796, 394], [1797, 394], [1798, 394], [1799, 394], [1800, 394], [1801, 394], [1802, 394], [1803, 394], [1804, 394], [1805, 394], [1806, 394], [1808, 394], [1809, 394], [1810, 394], [1811, 394], [1812, 394], [1282, 395], [1283, 395], [1285, 395], [1286, 395], [1299, 395], [1300, 395], [1301, 395], [1303, 395], [1304, 395], [1794, 395], [1795, 395], [1796, 395], [1797, 395], [1798, 395], [1799, 395], [1800, 395], [1801, 395], [1802, 395], [1803, 395], [1804, 395], [1806, 395], [1807, 395], [1808, 395], [1810, 395], [1811, 395], [1812, 395], [1813, 395], [1814, 395], [1815, 395], [1283, 396], [1284, 396], [1285, 396], [1286, 396], [1287, 396], [1300, 396], [1301, 396], [1302, 396], [1303, 396], [1304, 396], [1305, 396], [1797, 396], [1798, 396], [1799, 396], [1800, 396], [1801, 396], [1803, 396], [1804, 396], [1805, 396], [1806, 396], [1807, 396], [1808, 396], [1809, 396], [1810, 396], [1811, 396], [1812, 396], [1813, 396], [1814, 396], [1815, 396], [1816, 396], [1817, 396], [1283, 397], [1284, 397], [1285, 397], [1286, 397], [1287, 397], [1288, 397], [1301, 397], [1302, 397], [1303, 397], [1304, 397], [1305, 397], [1306, 397], [1800, 397], [1801, 397], [1802, 397], [1803, 397], [1804, 397], [1806, 397], [1807, 397], [1808, 397], [1809, 397], [1811, 397], [1812, 397], [1813, 397], [1815, 397], [1816, 397], [1817, 397], [1818, 397], [1819, 397], [1820, 397], [1284, 398], [1285, 398], [1286, 398], [1287, 398], [1288, 398], [1289, 398], [1302, 398], [1303, 398], [1304, 398], [1305, 398], [1306, 398], [1307, 398], [1802, 398], [1803, 398], [1804, 398], [1805, 398], [1806, 398], [1807, 398], [1808, 398], [1809, 398], [1810, 398], [1811, 398], [1813, 398], [1814, 398], [1815, 398], [1816, 398], [1817, 398], [1818, 398], [1819, 398], [1820, 398], [1821, 398], [1822, 398], [1285, 399], [1286, 399], [1287, 399], [1288, 399], [1289, 399], [1290, 399], [1303, 399], [1304, 399], [1305, 399], [1306, 399], [1307, 399], [1308, 399], [1805, 399], [1806, 399], [1807, 399], [1808, 399], [1809, 399], [1810, 399], [1811, 399], [1812, 399], [1813, 399], [1814, 399], [1815, 399], [1819, 399], [1820, 399], [1821, 399], [1822, 399], [1823, 399], [1824, 399], [1286, 400], [1287, 400], [1288, 400], [1289, 400], [1290, 400], [1291, 400], [1304, 400], [1305, 400], [1306, 400], [1307, 400], [1308, 400], [1309, 400], [1807, 400], [1808, 400], [1809, 400], [1810, 400], [1811, 400], [1812, 400], [1813, 400], [1814, 400], [1815, 400], [1818, 400], [1819, 400], [1820, 400], [1821, 400], [1822, 400], [1823, 400], [1824, 400], [1287, 401], [1288, 401], [1289, 401], [1290, 401], [1291, 401], [1292, 401], [1305, 401], [1306, 401], [1307, 401], [1308, 401], [1309, 401], [1310, 401], [1810, 401], [1811, 401], [1812, 401], [1813, 401], [1814, 401], [1815, 401], [1816, 401], [1818, 401], [1819, 401], [1820, 401], [1821, 401], [1822, 401], [1823, 401], [1824, 401], [1288, 402], [1289, 402], [1290, 402], [1291, 402], [1292, 402], [1293, 402], [1306, 402], [1307, 402], [1308, 402], [1309, 402], [1310, 402], [1311, 402], [1812, 402], [1813, 402], [1814, 402], [1815, 402], [1816, 402], [1817, 402], [1819, 402], [1820, 402], [1821, 402], [1822, 402], [1823, 402], [1824, 402], [1289, 403], [1290, 403], [1291, 403], [1292, 403], [1293, 403], [1294, 403], [1307, 403], [1308, 403], [1309, 403], [1310, 403], [1311, 403], [1312, 403], [1815, 403], [1816, 403], [1817, 403], [1818, 403], [1819, 403], [1820, 403], [1822, 403], [1823, 403], [1824, 403], [1290, 404], [1291, 404], [1292, 404], [1293, 404], [1294, 404], [1295, 404], [1308, 404], [1309, 404], [1310, 404], [1311, 404], [1312, 404], [1313, 404], [1817, 404], [1818, 404], [1819, 404], [1820, 404], [1821, 404], [1822, 404], [1823, 404], [1824, 404], [1291, 405], [1292, 405], [1294, 405], [1295, 405], [1309, 405], [1310, 405], [1311, 405], [1312, 405], [1313, 405], [1314, 405], [1821, 405], [1822, 405], [1823, 405], [1824, 405], [1291, 406], [1292, 406], [1293, 406], [1294, 406], [1295, 406], [1296, 406], [1310, 406], [1311, 406], [1312, 406], [1313, 406], [1314, 406], [1315, 406], [1823, 406], [1824, 406], [1292, 407], [1293, 407], [1294, 407], [1295, 407], [1296, 407], [1297, 407], [1311, 407], [1312, 407], [1313, 407], [1314, 407], [1315, 407], [1293, 408], [1294, 408], [1295, 408], [1296, 408], [1297, 408], [1298, 408], [1312, 408], [1313, 408], [1314, 408], [1315, 408], [1316, 408], [1294, 409], [1295, 409], [1296, 409], [1297, 409], [1298, 409], [1299, 409], [1313, 409], [1314, 409], [1315, 409], [1316, 409], [1317, 409], [1295, 410], [1296, 410], [1297, 410], [1298, 410], [1299, 410], [1300, 410], [1314, 410], [1315, 410], [1316, 410], [1317, 410], [1318, 410], [1296, 411], [1297, 411], [1298, 411], [1299, 411], [1300, 411], [1301, 411], [1314, 411], [1315, 411], [1316, 411], [1317, 411], [1318, 411], [1319, 411], [1297, 412], [1298, 412], [1299, 412], [1300, 412], [1301, 412], [1302, 412], [1315, 412], [1316, 412], [1317, 412], [1318, 412], [1319, 412], [1320, 412], [1298, 413], [1299, 413], [1300, 413], [1301, 413], [1302, 413], [1303, 413], [1316, 413], [1317, 413], [1318, 413], [1319, 413], [1320, 413], [1321, 413], [1299, 414], [1300, 414], [1301, 414], [1302, 414], [1303, 414], [1317, 414], [1318, 414], [1319, 414], [1320, 414], [1321, 414], [1322, 414], [1300, 415], [1301, 415], [1302, 415], [1303, 415], [1304, 415], [1318, 415], [1319, 415], [1320, 415], [1321, 415], [1322, 415], [1323, 415], [1301, 416], [1302, 416], [1304, 416], [1305, 416], [1319, 416], [1320, 416], [1321, 416], [1322, 416], [1323, 416], [1324, 416], [1302, 417], [1303, 417], [1305, 417], [1306, 417], [1320, 417], [1321, 417], [1322, 417], [1323, 417], [1324, 417], [1325, 417], [1303, 418], [1304, 418], [1306, 418], [1307, 418], [1321, 418], [1322, 418], [1323, 418], [1324, 418], [1325, 418], [1326, 418], [1304, 419], [1305, 419], [1306, 419], [1307, 419], [1308, 419], [1322, 419], [1323, 419], [1324, 419], [1325, 419], [1326, 419], [1327, 419], [1305, 420], [1306, 420], [1307, 420], [1308, 420], [1309, 420], [1323, 420], [1324, 420], [1325, 420], [1326, 420], [1327, 420], [1328, 420], [1305, 421], [1306, 421], [1307, 421], [1308, 421], [1309, 421], [1310, 421], [1324, 421], [1325, 421], [1326, 421], [1327, 421], [1328, 421], [1329, 421], [1306, 422], [1307, 422], [1308, 422], [1309, 422], [1310, 422], [1325, 422], [1326, 422], [1327, 422], [1328, 422], [1329, 422], [1330, 422], [1307, 423], [1308, 423], [1309, 423], [1310, 423], [1311, 423], [1326, 423], [1327, 423], [1328, 423], [1329, 423], [1330, 423], [1331, 423], [1308, 424], [1309, 424], [1311, 424], [1312, 424], [1327, 424], [1328, 424], [1329, 424], [1330, 424], [1331, 424], [1332, 424], [1309, 425], [1310, 425], [1312, 425], [1313, 425], [1328, 425], [1329, 425], [1330, 425], [1331, 425], [1332, 425], [1333, 425], [1310, 426], [1311, 426], [1313, 426], [1314, 426], [1329, 426], [1330, 426], [1331, 426], [1332, 426], [1333, 426], [1334, 426], [1311, 427], [1312, 427], [1314, 427], [1315, 427], [1330, 427], [1331, 427], [1333, 427], [1334, 427], [1312, 428], [1313, 428], [1314, 428], [1315, 428], [1316, 428], [1330, 428], [1331, 428], [1332, 428], [1333, 428], [1334, 428], [1335, 428], [1313, 429], [1314, 429], [1315, 429], [1316, 429], [1317, 429], [1331, 429], [1332, 429], [1333, 429], [1334, 429], [1335, 429], [1336, 429], [1313, 430], [1314, 430], [1315, 430], [1316, 430], [1317, 430], [1318, 430], [1332, 430], [1333, 430], [1334, 430], [1335, 430], [1336, 430], [1337, 430], [1314, 431], [1315, 431], [1316, 431], [1317, 431], [1318, 431], [1319, 431], [1333, 431], [1334, 431], [1335, 431], [1336, 431], [1337, 431], [1338, 431], [1315, 432], [1316, 432], [1317, 432], [1318, 432], [1319, 432], [1320, 432], [1334, 432], [1335, 432], [1336, 432], [1337, 432], [1338, 432], [1339, 432], [1316, 433], [1317, 433], [1318, 433], [1319, 433], [1320, 433], [1321, 433], [1335, 433], [1336, 433], [1337, 433], [1338, 433], [1339, 433], [1340, 433], [1317, 434], [1318, 434], [1319, 434], [1320, 434], [1321, 434], [1322, 434], [1336, 434], [1337, 434], [1338, 434], [1339, 434], [1340, 434], [1341, 434], [1318, 435], [1319, 435], [1320, 435], [1321, 435], [1322, 435], [1337, 435], [1338, 435], [1339, 435], [1340, 435], [1341, 435], [1342, 435], [1319, 436], [1320, 436], [1321, 436], [1322, 436], [1323, 436], [1338, 436], [1339, 436], [1340, 436], [1341, 436], [1342, 436], [1343, 436], [1320, 437], [1321, 437], [1322, 437], [1323, 437], [1324, 437], [1339, 437], [1340, 437], [1341, 437], [1342, 437], [1343, 437], [1344, 437], [1321, 438], [1322, 438], [1323, 438], [1324, 438], [1325, 438], [1340, 438], [1341, 438], [1342, 438], [1343, 438], [1344, 438], [1345, 438], [1321, 439], [1322, 439], [1323, 439], [1324, 439], [1325, 439], [1326, 439], [1341, 439], [1342, 439], [1343, 439], [1344, 439], [1345, 439], [1322, 440], [1323, 440], [1324, 440], [1325, 440], [1326, 440], [1327, 440], [1341, 440], [1342, 440], [1343, 440], [1344, 440], [1345, 440], [1346, 440], [1323, 441], [1324, 441], [1325, 441], [1326, 441], [1327, 441], [1328, 441], [1343, 441], [1344, 441], [1345, 441], [1346, 441], [1347, 441], [1324, 442], [1325, 442], [1326, 442], [1327, 442], [1328, 442], [1329, 442], [1344, 442], [1345, 442], [1346, 442], [1347, 442], [1348, 442], [1325, 443], [1326, 443], [1327, 443], [1328, 443], [1329, 443], [1344, 443], [1345, 443], [1346, 443], [1347, 443], [1348, 443], [1349, 443], [1326, 444], [1327, 444], [1328, 444], [1329, 444], [1330, 444], [1345, 444], [1346, 444], [1347, 444], [1348, 444], [1349, 444], [1350, 444], [1327, 445], [1328, 445], [1329, 445], [1330, 445], [1331, 445], [1346, 445], [1347, 445], [1348, 445], [1349, 445], [1350, 445], [1351, 445], [1328, 446], [1329, 446], [1330, 446], [1331, 446], [1332, 446], [1347, 446], [1348, 446], [1349, 446], [1350, 446], [1351, 446], [1352, 446], [1328, 447], [1329, 447], [1330, 447], [1331, 447], [1332, 447], [1333, 447], [1348, 447], [1349, 447], [1350, 447], [1351, 447], [1352, 447], [1353, 447], [1329, 448], [1330, 448], [1331, 448], [1332, 448], [1333, 448], [1334, 448], [1349, 448], [1350, 448], [1351, 448], [1352, 448], [1353, 448], [1354, 448], [1330, 449], [1331, 449], [1332, 449], [1333, 449], [1334, 449], [1335, 449], [1350, 449], [1351, 449], [1352, 449], [1353, 449], [1354, 449], [1355, 449], [1331, 450], [1332, 450], [1333, 450], [1334, 450], [1335, 450], [1351, 450], [1352, 450], [1353, 450], [1354, 450], [1355, 450], [1356, 450], [1332, 451], [1333, 451], [1334, 451], [1335, 451], [1336, 451], [1352, 451], [1353, 451], [1354, 451], [1355, 451], [1356, 451], [1357, 451], [1333, 452], [1334, 452], [1336, 452], [1337, 452], [1353, 452], [1354, 452], [1355, 452], [1356, 452], [1357, 452], [1358, 452], [1334, 453], [1335, 453], [1336, 453], [1337, 453], [1338, 453], [1354, 453], [1355, 453], [1356, 453], [1357, 453], [1358, 453], [1359, 453], [1335, 454], [1336, 454], [1337, 454], [1338, 454], [1339, 454], [1355, 454], [1356, 454], [1357, 454], [1358, 454], [1359, 454], [1360, 454], [1335, 455], [1336, 455], [1337, 455], [1338, 455], [1339, 455], [1340, 455], [1356, 455], [1357, 455], [1358, 455], [1359, 455], [1360, 455], [1361, 455], [1336, 456], [1337, 456], [1338, 456], [1339, 456], [1340, 456], [1357, 456], [1358, 456], [1359, 456], [1360, 456], [1361, 456], [1362, 456], [1337, 457], [1338, 457], [1339, 457], [1340, 457], [1341, 457], [1358, 457], [1359, 457], [1360, 457], [1361, 457], [1362, 457], [1338, 458], [1339, 458], [1341, 458], [1342, 458], [1359, 458], [1360, 458], [1362, 458], [1363, 458], [1339, 459], [1340, 459], [1342, 459], [1343, 459], [1360, 459], [1361, 459], [1362, 459], [1363, 459], [1364, 459], [1340, 460], [1341, 460], [1343, 460], [1344, 460], [1360, 460], [1361, 460], [1362, 460], [1363, 460], [1364, 460], [1365, 460], [1341, 461], [1342, 461], [1344, 461], [1345, 461], [1361, 461], [1362, 461], [1363, 461], [1364, 461], [1365, 461], [1366, 461], [1342, 462], [1343, 462], [1345, 462], [1346, 462], [1362, 462], [1363, 462], [1364, 462], [1365, 462], [1366, 462], [1367, 462], [1343, 463], [1344, 463], [1345, 463], [1346, 463], [1347, 463], [1363, 463], [1364, 463], [1365, 463], [1366, 463], [1367, 463], [1368, 463], [1344, 464], [1345, 464], [1346, 464], [1347, 464], [1364, 464], [1365, 464], [1366, 464], [1367, 464], [1368, 464], [1369, 464], [1344, 465], [1345, 465], [1346, 465], [1347, 465], [1348, 465], [1365, 465], [1366, 465], [1367, 465], [1368, 465], [1369, 465], [1370, 465], [1345, 466], [1346, 466], [1348, 466], [1349, 466], [1366, 466], [1367, 466], [1368, 466], [1369, 466], [1370, 466], [1371, 466], [1346, 467], [1347, 467], [1349, 467], [1350, 467], [1367, 467], [1368, 467], [1369, 467], [1370, 467], [1371, 467], [1372, 467], [1347, 468], [1348, 468], [1350, 468], [1351, 468], [1368, 468], [1369, 468], [1370, 468], [1371, 468], [1372, 468], [1348, 469], [1349, 469], [1351, 469], [1352, 469], [1369, 469], [1370, 469], [1371, 469], [1372, 469], [1373, 469], [1349, 470], [1350, 470], [1351, 470], [1352, 470], [1353, 470], [1370, 470], [1371, 470], [1373, 470], [1374, 470], [1350, 471], [1351, 471], [1352, 471], [1353, 471], [1354, 471], [1371, 471], [1372, 471], [1374, 471], [1375, 471], [1350, 472], [1351, 472], [1352, 472], [1353, 472], [1354, 472], [1355, 472], [1372, 472], [1373, 472], [1374, 472], [1375, 472], [1376, 472], [1351, 473], [1352, 473], [1353, 473], [1354, 473], [1355, 473], [1373, 473], [1374, 473], [1375, 473], [1376, 473], [1377, 473], [1352, 474], [1353, 474], [1354, 474], [1355, 474], [1356, 474], [1373, 474], [1374, 474], [1375, 474], [1376, 474], [1377, 474], [1378, 474], [1353, 475], [1354, 475], [1356, 475], [1357, 475], [1374, 475], [1375, 475], [1376, 475], [1377, 475], [1378, 475], [1379, 475], [1354, 476], [1355, 476], [1357, 476], [1358, 476], [1375, 476], [1376, 476], [1377, 476], [1378, 476], [1379, 476], [1380, 476], [1355, 477], [1356, 477], [1358, 477], [1359, 477], [1376, 477], [1377, 477], [1378, 477], [1379, 477], [1380, 477], [1381, 477], [1356, 478], [1357, 478], [1359, 478], [1360, 478], [1377, 478], [1378, 478], [1379, 478], [1380, 478], [1381, 478], [1382, 478], [1357, 479], [1358, 479], [1359, 479], [1360, 479], [1361, 479], [1378, 479], [1379, 479], [1380, 479], [1381, 479], [1382, 479], [1383, 479], [1358, 480], [1359, 480], [1360, 480], [1361, 480], [1362, 480], [1379, 480], [1380, 480], [1381, 480], [1382, 480], [1383, 480], [1384, 480], [1358, 481], [1359, 481], [1360, 481], [1361, 481], [1362, 481], [1380, 481], [1381, 481], [1382, 481], [1383, 481], [1384, 481], [1385, 481], [1359, 482], [1360, 482], [1361, 482], [1362, 482], [1363, 482], [1381, 482], [1382, 482], [1383, 482], [1384, 482], [1385, 482], [1386, 482], [1360, 483], [1361, 483], [1363, 483], [1364, 483], [1382, 483], [1383, 483], [1384, 483], [1385, 483], [1386, 483], [1361, 484], [1362, 484], [1364, 484], [1365, 484], [1383, 484], [1384, 484], [1386, 484], [1387, 484], [1362, 485], [1363, 485], [1365, 485], [1366, 485], [1384, 485], [1385, 485], [1386, 485], [1387, 485], [1388, 485], [1363, 486], [1364, 486], [1366, 486], [1367, 486], [1384, 486], [1385, 486], [1386, 486], [1387, 486], [1388, 486], [1389, 486], [1364, 487], [1365, 487], [1367, 487], [1368, 487], [1385, 487], [1386, 487], [1387, 487], [1388, 487], [1389, 487], [1390, 487], [1365, 488], [1366, 488], [1367, 488], [1368, 488], [1369, 488], [1386, 488], [1387, 488], [1388, 488], [1389, 488], [1390, 488], [1391, 488], [1366, 489], [1367, 489], [1368, 489], [1369, 489], [1370, 489], [1387, 489], [1388, 489], [1389, 489], [1390, 489], [1391, 489], [1392, 489], [1366, 490], [1367, 490], [1368, 490], [1369, 490], [1370, 490], [1371, 490], [1388, 490], [1389, 490], [1390, 490], [1391, 490], [1392, 490], [1393, 490], [1367, 491], [1368, 491], [1369, 491], [1370, 491], [1371, 491], [1372, 491], [1389, 491], [1390, 491], [1391, 491], [1392, 491], [1393, 491], [1394, 491], [1368, 492], [1369, 492], [1370, 492], [1371, 492], [1372, 492], [1390, 492], [1391, 492], [1392, 492], [1393, 492], [1394, 492], [1395, 492], [1369, 493], [1370, 493], [1371, 493], [1372, 493], [1373, 493], [1391, 493], [1392, 493], [1393, 493], [1394, 493], [1395, 493], [1396, 493], [1370, 494], [1371, 494], [1373, 494], [1374, 494], [1392, 494], [1393, 494], [1394, 494], [1395, 494], [1396, 494], [1371, 495], [1372, 495], [1374, 495], [1375, 495], [1393, 495], [1394, 495], [1395, 495], [1396, 495], [1397, 495], [1372, 496], [1373, 496], [1374, 496], [1375, 496], [1376, 496], [1394, 496], [1395, 496], [1397, 496], [1398, 496], [1373, 497], [1374, 497], [1375, 497], [1376, 497], [1377, 497], [1395, 497], [1396, 497], [1398, 497], [1399, 497], [1373, 498], [1374, 498], [1375, 498], [1376, 498], [1377, 498], [1378, 498], [1396, 498], [1397, 498], [1398, 498], [1399, 498], [1400, 498], [1374, 499], [1375, 499], [1376, 499], [1377, 499], [1378, 499], [1397, 499], [1398, 499], [1399, 499], [1400, 499], [1401, 499], [1375, 500], [1376, 500], [1377, 500], [1378, 500], [1379, 500], [1397, 500], [1398, 500], [1399, 500], [1400, 500], [1401, 500], [1402, 500], [1376, 501], [1377, 501], [1378, 501], [1379, 501], [1380, 501], [1398, 501], [1399, 501], [1400, 501], [1401, 501], [1402, 501], [1403, 501], [1377, 502], [1378, 502], [1379, 502], [1380, 502], [1381, 502], [1399, 502], [1400, 502], [1401, 502], [1402, 502], [1403, 502], [1404, 502], [1377, 503], [1378, 503], [1379, 503], [1380, 503], [1381, 503], [1382, 503], [1400, 503], [1401, 503], [1402, 503], [1403, 503], [1404, 503], [1405, 503], [1378, 504], [1379, 504], [1380, 504], [1381, 504], [1382, 504], [1383, 504], [1401, 504], [1402, 504], [1403, 504], [1404, 504], [1405, 504], [1379, 505], [1380, 505], [1381, 505], [1382, 505], [1383, 505], [1384, 505], [1385, 505], [1386, 505], [1387, 505], [1388, 505], [1389, 505], [1390, 505], [1391, 505], [1392, 505], [1393, 505], [1394, 505], [1395, 505], [1396, 505], [1397, 505], [1398, 505], [1399, 505], [1400, 505], [1402, 505], [1403, 505], [1405, 505], [1406, 505], [1380, 506], [1381, 506], [1382, 506], [1383, 506], [1384, 506], [1385, 506], [1386, 506], [1387, 506], [1388, 506], [1389, 506], [1390, 506], [1391, 506], [1392, 506], [1393, 506], [1394, 506], [1395, 506], [1396, 506], [1397, 506], [1398, 506], [1399, 506], [1400, 506], [1401, 506], [1402, 506], [1403, 506], [1404, 506], [1405, 506], [1406, 506], [1381, 507], [1382, 507], [1383, 507], [1384, 507], [1385, 507], [1386, 507], [1387, 507], [1388, 507], [1389, 507], [1390, 507], [1391, 507], [1392, 507], [1393, 507], [1394, 507], [1395, 507], [1396, 507], [1397, 507], [1398, 507], [1399, 507], [1400, 507], [1403, 507], [1404, 507], [1405, 507], [1406, 507], [1384, 508], [1385, 508], [1386, 508], [1387, 508], [1388, 508], [1389, 508], [1390, 508], [1391, 508], [1392, 508], [1393, 508], [1394, 508], [1395, 508], [1396, 508], [1397, 508], [1398, 508], [1399, 508], [1400, 508], [1401, 508], [1402, 508], [1403, 508], [1404, 508], [1405, 508], [1406, 508], [1554, 698], [1555, 698], [1556, 698], [1557, 698], [1558, 698], [1559, 698], [1560, 698], [1561, 698], [1554, 699], [1555, 699], [1556, 699], [1557, 699], [1558, 699], [1559, 699], [1560, 699], [1561, 699], [1562, 699], [1563, 699], [1564, 699], [1565, 699], [1566, 699], [1567, 699], [1568, 699], [1569, 699], [1570, 699], [1571, 699], [1572, 699], [1573, 699], [1574, 699], [1575, 699], [1576, 699], [1577, 699], [1578, 699], [1579, 699], [1580, 699], [1581, 699], [1554, 700], [1555, 700], [1560, 700], [1561, 700], [1562, 700], [1563, 700], [1564, 700], [1565, 700], [1566, 700], [1567, 700], [1568, 700], [1569, 700], [1570, 700], [1571, 700], [1572, 700], [1573, 700], [1574, 700], [1575, 700], [1576, 700], [1577, 700], [1578, 700], [1579, 700], [1580, 700], [1581, 700], [1582, 700], [1583, 700], [1554, 701], [1555, 701], [1580, 701], [1581, 701], [1582, 701], [1583, 701], [1584, 701], [1554, 702], [1555, 702], [1582, 702], [1583, 702], [1584, 702], [1585, 702], [1554, 703], [1555, 703], [1583, 703], [1584, 703], [1585, 703], [1554, 704], [1555, 704], [1556, 704], [1557, 704], [1584, 704], [1585, 704], [1586, 704], [1554, 705], [1555, 705], [1556, 705], [1557, 705], [1558, 705], [1584, 705], [1585, 705], [1586, 705], [1587, 705], [1556, 706], [1557, 706], [1558, 706], [1559, 706], [1585, 706], [1586, 706], [1587, 706], [1557, 707], [1558, 707], [1559, 707], [1560, 707], [1586, 707], [1587, 707], [1588, 707], [1558, 708], [1559, 708], [1560, 708], [1561, 708], [1586, 708], [1587, 708], [1588, 708], [1559, 709], [1560, 709], [1561, 709], [1562, 709], [1586, 709], [1587, 709], [1588, 709], [1560, 710], [1561, 710], [1562, 710], [1563, 710], [1564, 710], [1565, 710], [1566, 710], [1577, 710], [1578, 710], [1579, 710], [1586, 710], [1587, 710], [1588, 710], [1561, 711], [1562, 711], [1563, 711], [1564, 711], [1565, 711], [1566, 711], [1567, 711], [1568, 711], [1569, 711], [1570, 711], [1571, 711], [1572, 711], [1573, 711], [1574, 711], [1575, 711], [1576, 711], [1577, 711], [1578, 711], [1579, 711], [1580, 711], [1581, 711], [1582, 711], [1585, 711], [1586, 711], [1587, 711], [1565, 712], [1566, 712], [1567, 712], [1568, 712], [1569, 712], [1570, 712], [1571, 712], [1572, 712], [1573, 712], [1574, 712], [1575, 712], [1576, 712], [1577, 712], [1578, 712], [1579, 712], [1580, 712], [1581, 712], [1582, 712], [1583, 712], [1584, 712], [1585, 712], [1586, 712], [1587, 712], [1581, 713], [1582, 713], [1583, 713], [1584, 713], [1585, 713], [1586, 713]


