White line left - 




Yellow line left - [793, 977], [794, 977], [795, 977], [793, 978], [795, 978], [790, 979], [791, 979], [792, 979], [793, 979], [794, 979], [795, 979], [796, 979], [789, 980], [790, 980], [791, 980], [792, 980], [793, 980], [794, 980], [795, 980], [796, 980], [788, 981], [789, 981], [790, 981], [791, 981], [792, 981], [793, 981], [794, 981], [795, 981], [796, 981], [788, 982], [789, 982], [790, 982], [791, 982], [792, 982], [793, 982], [794, 982], [795, 982], [796, 982], [797, 982], [788, 983], [789, 983], [791, 983], [793, 983], [794, 983], [795, 983], [796, 983], [797, 983], [788, 984], [789, 984], [791, 984], [792, 984], [793, 984], [794, 984], [795, 984], [796, 984], [797, 984], [788, 985], [789, 985], [794, 985], [795, 985], [796, 985], [788, 986], [789, 986], [790, 986], [791, 986], [792, 986], [793, 986], [794, 986], [795, 986], [796, 986], [788, 987], [789, 987], [790, 987], [791, 987], [792, 987], [793, 987], [794, 987], [795, 987], [796, 987], [792, 988], [793, 988], [794, 988], [795, 988], [796, 996], [797, 996], [798, 996], [768, 997], [769, 997], [770, 997], [773, 997], [774, 997], [775, 997], [776, 997], [777, 997], [778, 997], [779, 997], [780, 997], [781, 997], [782, 997], [783, 997], [784, 997], [786, 997], [787, 997], [788, 997], [789, 997], [791, 997], [792, 997], [793, 997], [794, 997], [795, 997], [796, 997], [797, 997], [798, 997], [767, 998], [768, 998], [769, 998], [770, 998], [771, 998], [772, 998], [773, 998], [774, 998], [775, 998], [776, 998], [777, 998], [778, 998], [779, 998], [780, 998], [781, 998], [782, 998], [783, 998], [784, 998], [785, 998], [786, 998], [787, 998], [788, 998], [789, 998], [790, 998], [791, 998], [792, 998], [793, 998], [794, 998], [795, 998], [796, 998], [797, 998], [798, 998], [799, 998], [767, 999], [768, 999], [769, 999], [770, 999], [771, 999], [772, 999], [773, 999], [774, 999], [775, 999], [776, 999], [778, 999], [779, 999], [780, 999], [781, 999], [782, 999], [783, 999], [784, 999], [785, 999], [786, 999], [787, 999], [788, 999], [789, 999], [790, 999], [791, 999], [792, 999], [794, 999], [795, 999], [796, 999], [797, 999], [798, 999], [799, 999], [767, 1000], [768, 1000], [769, 1000], [770, 1000], [771, 1000], [772, 1000], [773, 1000], [774, 1000], [775, 1000], [776, 1000], [777, 1000], [778, 1000], [779, 1000], [780, 1000], [782, 1000], [784, 1000], [785, 1000], [786, 1000], [787, 1000], [788, 1000], [789, 1000], [790, 1000], [791, 1000], [792, 1000], [793, 1000], [794, 1000], [795, 1000], [796, 1000], [797, 1000], [798, 1000], [799, 1000], [767, 1001], [768, 1001], [769, 1001], [770, 1001], [771, 1001], [772, 1001], [773, 1001], [774, 1001], [775, 1001], [776, 1001], [777, 1001], [778, 1001], [779, 1001], [780, 1001], [781, 1001], [782, 1001], [783, 1001], [784, 1001], [785, 1001], [786, 1001], [787, 1001], [788, 1001], [789, 1001], [790, 1001], [791, 1001], [792, 1001], [793, 1001], [794, 1001], [795, 1001], [796, 1001], [797, 1001], [798, 1001], [799, 1001], [768, 1002], [769, 1002], [770, 1002], [771, 1002], [772, 1002], [773, 1002], [774, 1002], [775, 1002], [777, 1002], [778, 1002], [779, 1002], [780, 1002], [781, 1002], [782, 1002], [783, 1002], [784, 1002], [785, 1002], [786, 1002], [787, 1002], [788, 1002], [789, 1002], [790, 1002], [791, 1002], [792, 1002], [793, 1002], [794, 1002], [795, 1002], [796, 1002], [768, 1003], [769, 1003], [770, 1003], [772, 1003], [786, 1003], [787, 1003], [788, 1003], [789, 1003], [794, 1003], [795, 1003], [796, 1003], [770, 1004], [771, 1004], [772, 1004], [786, 1004], [787, 1004], [788, 1004], [789, 1004], [786, 1005], [787, 1005], [788, 1005], [789, 1005], [786, 1006], [787, 1006], [788, 1006], [786, 1007], [788, 1007], [786, 1008], [787, 1008], [788, 1008], [798, 1020], [799, 1020], [800, 1020], [786, 1021], [787, 1021], [788, 1021], [792, 1021], [793, 1021], [794, 1021], [796, 1021], [797, 1021], [798, 1021], [799, 1021], [800, 1021], [771, 1022], [772, 1022], [773, 1022], [777, 1022], [778, 1022], [779, 1022], [786, 1022], [787, 1022], [788, 1022], [792, 1022], [794, 1022], [796, 1022], [797, 1022], [798, 1022], [799, 1022], [800, 1022], [801, 1022], [771, 1023], [772, 1023], [773, 1023], [775, 1023], [776, 1023], [777, 1023], [778, 1023], [779, 1023], [780, 1023], [781, 1023], [782, 1023], [784, 1023], [785, 1023], [786, 1023], [787, 1023], [788, 1023], [789, 1023], [790, 1023], [791, 1023], [792, 1023], [793, 1023], [794, 1023], [795, 1023], [796, 1023], [797, 1023], [798, 1023], [799, 1023], [800, 1023], [801, 1023], [769, 1024], [770, 1024], [771, 1024], [772, 1024], [773, 1024], [774, 1024], [775, 1024], [776, 1024], [777, 1024], [778, 1024], [779, 1024], [780, 1024], [781, 1024], [782, 1024], [783, 1024], [784, 1024], [785, 1024], [786, 1024], [787, 1024], [788, 1024], [789, 1024], [790, 1024], [791, 1024], [792, 1024], [793, 1024], [794, 1024], [795, 1024], [796, 1024], [797, 1024], [798, 1024], [799, 1024], [800, 1024], [801, 1024], [766, 1025], [767, 1025], [768, 1025], [769, 1025], [770, 1025], [771, 1025], [772, 1025], [773, 1025], [774, 1025], [775, 1025], [776, 1025], [777, 1025], [778, 1025], [779, 1025], [781, 1025], [782, 1025], [783, 1025], [784, 1025], [786, 1025], [787, 1025], [788, 1025], [789, 1025], [790, 1025], [791, 1025], [793, 1025], [794, 1025], [795, 1025], [799, 1025], [800, 1025], [765, 1026], [766, 1026], [767, 1026], [768, 1026], [769, 1026], [770, 1026], [771, 1026], [772, 1026], [773, 1026], [774, 1026], [775, 1026], [776, 1026], [777, 1026], [778, 1026], [779, 1026], [780, 1026], [785, 1026], [786, 1026], [787, 1026], [788, 1026], [789, 1026], [790, 1026], [791, 1026], [792, 1026], [793, 1026], [794, 1026], [795, 1026], [796, 1026], [797, 1026], [798, 1026], [799, 1026], [800, 1026], [765, 1027], [766, 1027], [767, 1027], [768, 1027], [769, 1027], [770, 1027], [771, 1027], [772, 1027], [773, 1027], [774, 1027], [775, 1027], [776, 1027], [777, 1027], [778, 1027], [779, 1027], [780, 1027], [781, 1027], [782, 1027], [783, 1027], [784, 1027], [785, 1027], [786, 1027], [787, 1027], [788, 1027], [789, 1027], [791, 1027], [792, 1027], [793, 1027], [794, 1027], [795, 1027], [796, 1027], [797, 1027], [798, 1027], [799, 1027], [800, 1027], [764, 1028], [765, 1028], [766, 1028], [767, 1028], [768, 1028], [769, 1028], [770, 1028], [772, 1028], [773, 1028], [774, 1028], [775, 1028], [776, 1028], [777, 1028], [778, 1028], [779, 1028], [780, 1028], [781, 1028], [782, 1028], [783, 1028], [784, 1028], [785, 1028], [786, 1028], [787, 1028], [788, 1028], [789, 1028], [791, 1028], [792, 1028], [793, 1028], [795, 1028], [796, 1028], [797, 1028], [798, 1028], [799, 1028], [800, 1028], [763, 1029], [764, 1029], [765, 1029], [766, 1029], [767, 1029], [768, 1029], [780, 1029], [781, 1029], [782, 1029], [783, 1029], [784, 1029], [785, 1029], [786, 1029], [788, 1029], [789, 1029], [790, 1029], [791, 1029], [792, 1029], [795, 1029], [796, 1029], [797, 1029], [798, 1029], [799, 1029], [763, 1030], [764, 1030], [765, 1030], [767, 1030], [768, 1030], [769, 1030], [789, 1030], [790, 1030], [791, 1030], [761, 1031], [762, 1031], [763, 1031], [764, 1031], [767, 1031], [768, 1031], [769, 1031], [773, 1031], [774, 1031], [775, 1031], [761, 1032], [763, 1032], [764, 1032], [765, 1032], [766, 1032], [767, 1032], [768, 1032], [769, 1032], [770, 1032], [771, 1032], [773, 1032], [775, 1032], [761, 1033], [762, 1033], [763, 1033], [764, 1033], [765, 1033], [768, 1033], [771, 1033], [773, 1033], [774, 1033], [775, 1033], [762, 1034], [763, 1034], [764, 1034], [765, 1034], [767, 1034], [768, 1034], [769, 1034], [770, 1034], [771, 1034], [762, 1035], [763, 1035], [764, 1035], [765, 1035], [766, 1035], [767, 1035], [768, 1035], [763, 1036], [764, 1036], [765, 1036], [766, 1036], [767, 1036], [768, 1036], [769, 1036], [764, 1037], [765, 1037], [767, 1037], [768, 1037], [769, 1037], [763, 1038], [764, 1038], [765, 1038], [766, 1038], [767, 1038], [768, 1038], [769, 1038], [785, 1038], [786, 1038], [787, 1038], [763, 1039], [764, 1039], [765, 1039], [766, 1039], [767, 1039], [768, 1039], [769, 1039], [784, 1039], [785, 1039], [786, 1039], [787, 1039], [763, 1040], [764, 1040], [767, 1040], [768, 1040], [769, 1040], [784, 1040], [785, 1040], [786, 1040], [787, 1040], [788, 1040], [763, 1041], [764, 1041], [767, 1041], [768, 1041], [769, 1041], [784, 1041], [785, 1041], [786, 1041], [787, 1041], [788, 1041], [763, 1042], [764, 1042], [768, 1042], [769, 1042], [770, 1042], [771, 1042], [773, 1042], [774, 1042], [775, 1042], [780, 1042], [781, 1042], [782, 1042], [784, 1042], [785, 1042], [786, 1042], [787, 1042], [788, 1042], [763, 1043], [764, 1043], [768, 1043], [769, 1043], [770, 1043], [771, 1043], [772, 1043], [773, 1043], [774, 1043], [775, 1043], [776, 1043], [777, 1043], [778, 1043], [779, 1043], [780, 1043], [781, 1043], [782, 1043], [783, 1043], [785, 1043], [786, 1043], [787, 1043], [788, 1043], [763, 1044], [764, 1044], [768, 1044], [769, 1044], [770, 1044], [771, 1044], [772, 1044], [773, 1044], [774, 1044], [775, 1044], [776, 1044], [777, 1044], [778, 1044], [779, 1044], [780, 1044], [781, 1044], [782, 1044], [783, 1044], [784, 1044], [763, 1045], [764, 1045], [765, 1045], [774, 1045], [775, 1045], [776, 1045], [777, 1045], [780, 1045], [781, 1045], [782, 1045], [783, 1045], [784, 1045], [763, 1046], [764, 1046], [765, 1046], [774, 1046], [775, 1046], [776, 1046], [781, 1046], [782, 1046], [783, 1046], [764, 1047], [765, 1047], [781, 1047], [782, 1047], [783, 1047], [784, 1047], [764, 1048], [765, 1048], [782, 1048], [783, 1048], [784, 1048], [788, 1048], [789, 1048], [790, 1048], [763, 1049], [764, 1049], [765, 1049], [782, 1049], [783, 1049], [784, 1049], [785, 1049], [786, 1049], [787, 1049], [788, 1049], [789, 1049], [790, 1049], [791, 1049], [763, 1050], [764, 1050], [765, 1050], [782, 1050], [783, 1050], [784, 1050], [785, 1050], [786, 1050], [787, 1050], [788, 1050], [789, 1050], [790, 1050], [791, 1050], [763, 1051], [764, 1051], [786, 1051], [787, 1051], [788, 1051], [789, 1051], [790, 1051], [792, 1051], [793, 1051], [763, 1052], [764, 1052], [788, 1052], [789, 1052], [790, 1052], [791, 1052], [792, 1052], [793, 1052], [794, 1052], [763, 1053], [764, 1053], [789, 1053], [790, 1053], [791, 1053], [792, 1053], [793, 1053], [794, 1053], [795, 1053], [796, 1053], [797, 1053], [798, 1053], [799, 1053], [763, 1054], [764, 1054], [791, 1054], [792, 1054], [793, 1054], [794, 1054], [795, 1054], [796, 1054], [797, 1054], [798, 1054], [799, 1054], [800, 1054], [763, 1055], [764, 1055], [794, 1055], [795, 1055], [796, 1055], [797, 1055], [798, 1055], [799, 1055], [800, 1055], [763, 1056], [764, 1056], [798, 1056], [799, 1056], [800, 1056], [763, 1057], [764, 1057], [798, 1057], [799, 1057], [800, 1057], [763, 1058], [764, 1058], [798, 1058], [799, 1058], [800, 1058], [763, 1059], [764, 1059], [799, 1059], [800, 1059], [763, 1060], [764, 1060], [799, 1060], [800, 1060], [763, 1061], [764, 1061], [798, 1061], [799, 1061], [800, 1061], [763, 1062], [764, 1062], [798, 1062], [799, 1062], [800, 1062], [763, 1063], [764, 1063], [798, 1063], [799, 1063], [800, 1063], [758, 1064], [759, 1064], [760, 1064], [762, 1064], [763, 1064], [764, 1064], [799, 1064], [800, 1064], [801, 1064], [758, 1065], [760, 1065], [762, 1065], [763, 1065], [764, 1065], [799, 1065], [800, 1065], [801, 1065], [758, 1066], [759, 1066], [760, 1066], [762, 1066], [763, 1066], [764, 1066], [799, 1066], [800, 1066], [801, 1066], [756, 1067], [757, 1067], [758, 1067], [762, 1067], [763, 1067], [764, 1067], [799, 1067], [800, 1067], [756, 1068], [758, 1068], [763, 1068], [764, 1068], [783, 1068], [784, 1068], [785, 1068], [799, 1068], [800, 1068], [801, 1068], [756, 1069], [757, 1069], [758, 1069], [763, 1069], [764, 1069], [783, 1069], [785, 1069], [799, 1069], [800, 1069], [801, 1069], [763, 1070], [764, 1070], [782, 1070], [783, 1070], [784, 1070], [785, 1070], [800, 1070], [801, 1070], [760, 1071], [761, 1071], [762, 1071], [763, 1071], [764, 1071], [782, 1071], [784, 1071], [800, 1071], [801, 1071], [760, 1072], [761, 1072], [762, 1072], [763, 1072], [764, 1072], [782, 1072], [783, 1072], [784, 1072], [800, 1072], [801, 1072], [760, 1073], [761, 1073], [762, 1073], [763, 1073], [799, 1073], [800, 1073], [801, 1073], [760, 1074], [761, 1074], [762, 1074], [798, 1074], [799, 1074], [800, 1074], [801, 1074], [760, 1075], [761, 1075], [762, 1075], [798, 1075], [799, 1075], [800, 1075], [759, 1076], [760, 1076], [761, 1076], [798, 1076], [799, 1076], [800, 1076], [759, 1077], [760, 1077], [761, 1077], [762, 1077], [799, 1077], [800, 1077], [801, 1077], [759, 1078], [760, 1078], [761, 1078], [762, 1078], [766, 1078], [767, 1078], [768, 1078], [799, 1078], [800, 1078], [801, 1078], [759, 1079], [762, 1079], [766, 1079], [768, 1079], [799, 1079], [800, 1079], [801, 1079]




Yellow line right - [1575, 302], [1576, 302], [1577, 302], [1578, 302], [1579, 302], [1580, 302], [1581, 302], [1582, 302], [1583, 302], [1584, 302], [1585, 302], [1587, 302], [1588, 302], [1589, 302], [1590, 302], [1572, 303], [1573, 303], [1574, 303], [1575, 303], [1576, 303], [1577, 303], [1578, 303], [1579, 303], [1580, 303], [1581, 303], [1582, 303], [1583, 303], [1584, 303], [1585, 303], [1586, 303], [1587, 303], [1588, 303], [1589, 303], [1590, 303], [1591, 303], [1592, 303], [1594, 303], [1595, 303], [1596, 303], [1597, 303], [1572, 304], [1573, 304], [1574, 304], [1575, 304], [1576, 304], [1578, 304], [1579, 304], [1580, 304], [1581, 304], [1582, 304], [1583, 304], [1584, 304], [1585, 304], [1586, 304], [1587, 304], [1588, 304], [1589, 304], [1590, 304], [1591, 304], [1592, 304], [1593, 304], [1594, 304], [1595, 304], [1596, 304], [1597, 304], [1571, 305], [1572, 305], [1573, 305], [1591, 305], [1592, 305], [1593, 305], [1594, 305], [1595, 305], [1596, 305], [1597, 305], [1598, 305], [1571, 306], [1572, 306], [1573, 306], [1593, 306], [1594, 306], [1595, 306], [1596, 306], [1597, 306], [1598, 306], [1599, 306], [1601, 306], [1602, 306], [1603, 306], [1604, 306], [1605, 306], [1571, 307], [1572, 307], [1573, 307], [1574, 307], [1594, 307], [1595, 307], [1596, 307], [1597, 307], [1598, 307], [1599, 307], [1600, 307], [1601, 307], [1602, 307], [1603, 307], [1604, 307], [1605, 307], [1571, 308], [1572, 308], [1573, 308], [1574, 308], [1598, 308], [1599, 308], [1600, 308], [1601, 308], [1602, 308], [1604, 308], [1605, 308], [1606, 308], [1607, 308], [1608, 308], [1609, 308], [1394, 309], [1395, 309], [1396, 309], [1397, 309], [1572, 309], [1573, 309], [1574, 309], [1575, 309], [1601, 309], [1602, 309], [1603, 309], [1604, 309], [1605, 309], [1606, 309], [1607, 309], [1608, 309], [1609, 309], [1610, 309], [1611, 309], [1612, 309], [1613, 309], [1634, 309], [1635, 309], [1636, 309], [1392, 310], [1393, 310], [1394, 310], [1395, 310], [1396, 310], [1397, 310], [1398, 310], [1399, 310], [1444, 310], [1445, 310], [1446, 310], [1447, 310], [1448, 310], [1449, 310], [1450, 310], [1451, 310], [1572, 310], [1573, 310], [1574, 310], [1575, 310], [1576, 310], [1577, 310], [1602, 310], [1603, 310], [1604, 310], [1605, 310], [1606, 310], [1608, 310], [1609, 310], [1610, 310], [1611, 310], [1612, 310], [1613, 310], [1614, 310], [1615, 310], [1616, 310], [1617, 310], [1618, 310], [1619, 310], [1620, 310], [1621, 310], [1622, 310], [1623, 310], [1629, 310], [1630, 310], [1631, 310], [1634, 310], [1636, 310], [1391, 311], [1392, 311], [1393, 311], [1394, 311], [1395, 311], [1396, 311], [1397, 311], [1398, 311], [1399, 311], [1400, 311], [1444, 311], [1445, 311], [1446, 311], [1447, 311], [1448, 311], [1451, 311], [1452, 311], [1453, 311], [1477, 311], [1478, 311], [1479, 311], [1480, 311], [1481, 311], [1482, 311], [1483, 311], [1573, 311], [1574, 311], [1575, 311], [1576, 311], [1577, 311], [1578, 311], [1604, 311], [1605, 311], [1606, 311], [1608, 311], [1612, 311], [1613, 311], [1614, 311], [1615, 311], [1616, 311], [1617, 311], [1618, 311], [1619, 311], [1620, 311], [1621, 311], [1622, 311], [1623, 311], [1628, 311], [1629, 311], [1630, 311], [1631, 311], [1632, 311], [1633, 311], [1634, 311], [1635, 311], [1636, 311], [1637, 311], [1649, 311], [1650, 311], [1651, 311], [1652, 311], [1653, 311], [1654, 311], [1655, 311], [1656, 311], [1657, 311], [1658, 311], [1659, 311], [1660, 311], [1391, 312], [1392, 312], [1393, 312], [1394, 312], [1395, 312], [1396, 312], [1397, 312], [1398, 312], [1399, 312], [1400, 312], [1401, 312], [1402, 312], [1436, 312], [1437, 312], [1438, 312], [1443, 312], [1444, 312], [1445, 312], [1446, 312], [1447, 312], [1448, 312], [1449, 312], [1450, 312], [1451, 312], [1452, 312], [1453, 312], [1454, 312], [1455, 312], [1472, 312], [1473, 312], [1474, 312], [1475, 312], [1476, 312], [1477, 312], [1478, 312], [1479, 312], [1480, 312], [1481, 312], [1482, 312], [1483, 312], [1484, 312], [1485, 312], [1486, 312], [1487, 312], [1573, 312], [1574, 312], [1575, 312], [1576, 312], [1577, 312], [1578, 312], [1606, 312], [1607, 312], [1608, 312], [1612, 312], [1613, 312], [1614, 312], [1615, 312], [1622, 312], [1623, 312], [1624, 312], [1625, 312], [1626, 312], [1627, 312], [1628, 312], [1629, 312], [1630, 312], [1631, 312], [1632, 312], [1633, 312], [1634, 312], [1635, 312], [1636, 312], [1637, 312], [1638, 312], [1639, 312], [1640, 312], [1641, 312], [1642, 312], [1643, 312], [1644, 312], [1645, 312], [1646, 312], [1647, 312], [1648, 312], [1649, 312], [1650, 312], [1651, 312], [1652, 312], [1653, 312], [1654, 312], [1655, 312], [1656, 312], [1657, 312], [1658, 312], [1659, 312], [1660, 312], [1661, 312], [1662, 312], [1663, 312], [1393, 313], [1394, 313], [1395, 313], [1396, 313], [1397, 313], [1398, 313], [1399, 313], [1400, 313], [1401, 313], [1402, 313], [1436, 313], [1438, 313], [1442, 313], [1443, 313], [1444, 313], [1445, 313], [1446, 313], [1447, 313], [1448, 313], [1449, 313], [1450, 313], [1451, 313], [1452, 313], [1453, 313], [1454, 313], [1455, 313], [1456, 313], [1472, 313], [1473, 313], [1474, 313], [1475, 313], [1476, 313], [1477, 313], [1478, 313], [1479, 313], [1480, 313], [1481, 313], [1482, 313], [1483, 313], [1484, 313], [1485, 313], [1486, 313], [1487, 313], [1488, 313], [1489, 313], [1490, 313], [1491, 313], [1492, 313], [1493, 313], [1494, 313], [1495, 313], [1496, 313], [1573, 313], [1574, 313], [1575, 313], [1576, 313], [1577, 313], [1578, 313], [1579, 313], [1580, 313], [1581, 313], [1622, 313], [1623, 313], [1624, 313], [1625, 313], [1626, 313], [1627, 313], [1628, 313], [1630, 313], [1631, 313], [1633, 313], [1634, 313], [1635, 313], [1636, 313], [1637, 313], [1638, 313], [1639, 313], [1640, 313], [1641, 313], [1642, 313], [1643, 313], [1644, 313], [1645, 313], [1646, 313], [1647, 313], [1648, 313], [1649, 313], [1650, 313], [1651, 313], [1652, 313], [1657, 313], [1658, 313], [1659, 313], [1660, 313], [1661, 313], [1662, 313], [1663, 313], [1665, 313], [1666, 313], [1667, 313], [1386, 314], [1387, 314], [1388, 314], [1389, 314], [1390, 314], [1391, 314], [1392, 314], [1393, 314], [1394, 314], [1395, 314], [1397, 314], [1398, 314], [1399, 314], [1400, 314], [1401, 314], [1403, 314], [1404, 314], [1405, 314], [1406, 314], [1407, 314], [1435, 314], [1436, 314], [1437, 314], [1438, 314], [1439, 314], [1442, 314], [1443, 314], [1444, 314], [1445, 314], [1446, 314], [1454, 314], [1455, 314], [1456, 314], [1457, 314], [1458, 314], [1471, 314], [1472, 314], [1474, 314], [1475, 314], [1476, 314], [1478, 314], [1479, 314], [1480, 314], [1481, 314], [1486, 314], [1487, 314], [1488, 314], [1489, 314], [1490, 314], [1491, 314], [1492, 314], [1493, 314], [1494, 314], [1495, 314], [1496, 314], [1497, 314], [1498, 314], [1499, 314], [1500, 314], [1506, 314], [1507, 314], [1508, 314], [1513, 314], [1514, 314], [1515, 314], [1516, 314], [1517, 314], [1518, 314], [1519, 314], [1520, 314], [1521, 314], [1527, 314], [1528, 314], [1529, 314], [1530, 314], [1531, 314], [1532, 314], [1535, 314], [1536, 314], [1537, 314], [1538, 314], [1539, 314], [1572, 314], [1573, 314], [1574, 314], [1575, 314], [1576, 314], [1577, 314], [1581, 314], [1623, 314], [1624, 314], [1625, 314], [1626, 314], [1627, 314], [1628, 314], [1629, 314], [1630, 314], [1631, 314], [1662, 314], [1663, 314], [1664, 314], [1665, 314], [1666, 314], [1667, 314], [1668, 314], [1669, 314], [1670, 314], [1385, 315], [1386, 315], [1387, 315], [1388, 315], [1389, 315], [1390, 315], [1391, 315], [1392, 315], [1393, 315], [1394, 315], [1395, 315], [1396, 315], [1397, 315], [1398, 315], [1399, 315], [1400, 315], [1401, 315], [1402, 315], [1403, 315], [1404, 315], [1405, 315], [1407, 315], [1434, 315], [1435, 315], [1436, 315], [1437, 315], [1438, 315], [1439, 315], [1440, 315], [1442, 315], [1443, 315], [1444, 315], [1445, 315], [1446, 315], [1455, 315], [1456, 315], [1457, 315], [1458, 315], [1459, 315], [1460, 315], [1461, 315], [1462, 315], [1463, 315], [1464, 315], [1471, 315], [1472, 315], [1473, 315], [1475, 315], [1476, 315], [1477, 315], [1478, 315], [1479, 315], [1480, 315], [1481, 315], [1487, 315], [1488, 315], [1489, 315], [1490, 315], [1491, 315], [1492, 315], [1493, 315], [1495, 315], [1496, 315], [1497, 315], [1498, 315], [1499, 315], [1500, 315], [1501, 315], [1502, 315], [1505, 315], [1506, 315], [1507, 315], [1508, 315], [1509, 315], [1510, 315], [1511, 315], [1512, 315], [1513, 315], [1514, 315], [1515, 315], [1516, 315], [1517, 315], [1518, 315], [1519, 315], [1520, 315], [1521, 315], [1522, 315], [1523, 315], [1524, 315], [1525, 315], [1526, 315], [1527, 315], [1528, 315], [1529, 315], [1530, 315], [1531, 315], [1532, 315], [1533, 315], [1534, 315], [1535, 315], [1536, 315], [1537, 315], [1538, 315], [1539, 315], [1540, 315], [1541, 315], [1542, 315], [1543, 315], [1544, 315], [1560, 315], [1561, 315], [1562, 315], [1571, 315], [1572, 315], [1573, 315], [1574, 315], [1575, 315], [1577, 315], [1578, 315], [1579, 315], [1581, 315], [1629, 315], [1630, 315], [1631, 315], [1662, 315], [1663, 315], [1664, 315], [1665, 315], [1666, 315], [1667, 315], [1668, 315], [1669, 315], [1670, 315], [1671, 315], [1672, 315], [1673, 315], [1676, 315], [1677, 315], [1678, 315], [1383, 316], [1384, 316], [1385, 316], [1386, 316], [1387, 316], [1388, 316], [1389, 316], [1390, 316], [1391, 316], [1392, 316], [1395, 316], [1396, 316], [1397, 316], [1398, 316], [1399, 316], [1400, 316], [1401, 316], [1402, 316], [1403, 316], [1404, 316], [1405, 316], [1406, 316], [1407, 316], [1408, 316], [1409, 316], [1410, 316], [1411, 316], [1428, 316], [1429, 316], [1430, 316], [1434, 316], [1435, 316], [1436, 316], [1438, 316], [1439, 316], [1440, 316], [1441, 316], [1442, 316], [1443, 316], [1457, 316], [1458, 316], [1459, 316], [1460, 316], [1461, 316], [1462, 316], [1463, 316], [1464, 316], [1465, 316], [1466, 316], [1467, 316], [1468, 316], [1471, 316], [1472, 316], [1473, 316], [1474, 316], [1475, 316], [1476, 316], [1477, 316], [1479, 316], [1480, 316], [1481, 316], [1499, 316], [1500, 316], [1501, 316], [1502, 316], [1503, 316], [1504, 316], [1505, 316], [1506, 316], [1507, 316], [1508, 316], [1509, 316], [1510, 316], [1511, 316], [1512, 316], [1513, 316], [1514, 316], [1518, 316], [1519, 316], [1520, 316], [1521, 316], [1522, 316], [1523, 316], [1524, 316], [1525, 316], [1526, 316], [1527, 316], [1528, 316], [1531, 316], [1532, 316], [1533, 316], [1534, 316], [1535, 316], [1536, 316], [1538, 316], [1539, 316], [1540, 316], [1541, 316], [1542, 316], [1543, 316], [1544, 316], [1545, 316], [1546, 316], [1547, 316], [1548, 316], [1549, 316], [1550, 316], [1551, 316], [1552, 316], [1553, 316], [1555, 316], [1556, 316], [1557, 316], [1558, 316], [1559, 316], [1560, 316], [1561, 316], [1562, 316], [1570, 316], [1571, 316], [1572, 316], [1574, 316], [1575, 316], [1576, 316], [1577, 316], [1578, 316], [1579, 316], [1580, 316], [1581, 316], [1582, 316], [1583, 316], [1661, 316], [1662, 316], [1663, 316], [1664, 316], [1669, 316], [1670, 316], [1671, 316], [1672, 316], [1673, 316], [1674, 316], [1675, 316], [1676, 316], [1677, 316], [1678, 316], [1679, 316], [1680, 316], [1384, 317], [1385, 317], [1386, 317], [1389, 317], [1390, 317], [1391, 317], [1392, 317], [1393, 317], [1398, 317], [1399, 317], [1400, 317], [1401, 317], [1403, 317], [1404, 317], [1405, 317], [1407, 317], [1408, 317], [1409, 317], [1410, 317], [1411, 317], [1428, 317], [1430, 317], [1434, 317], [1435, 317], [1436, 317], [1439, 317], [1440, 317], [1441, 317], [1442, 317], [1443, 317], [1463, 317], [1464, 317], [1465, 317], [1466, 317], [1467, 317], [1468, 317], [1469, 317], [1474, 317], [1475, 317], [1476, 317], [1478, 317], [1479, 317], [1480, 317], [1501, 317], [1502, 317], [1503, 317], [1504, 317], [1505, 317], [1506, 317], [1507, 317], [1508, 317], [1509, 317], [1510, 317], [1511, 317], [1541, 317], [1542, 317], [1543, 317], [1544, 317], [1545, 317], [1546, 317], [1547, 317], [1548, 317], [1549, 317], [1550, 317], [1551, 317], [1552, 317], [1553, 317], [1554, 317], [1555, 317], [1556, 317], [1557, 317], [1558, 317], [1559, 317], [1560, 317], [1561, 317], [1562, 317], [1563, 317], [1564, 317], [1565, 317], [1566, 317], [1567, 317], [1568, 317], [1569, 317], [1570, 317], [1571, 317], [1573, 317], [1574, 317], [1575, 317], [1576, 317], [1577, 317], [1578, 317], [1579, 317], [1580, 317], [1581, 317], [1582, 317], [1583, 317], [1584, 317], [1585, 317], [1586, 317], [1661, 317], [1662, 317], [1663, 317], [1664, 317], [1672, 317], [1673, 317], [1674, 317], [1675, 317], [1676, 317], [1677, 317], [1678, 317], [1679, 317], [1680, 317], [1681, 317], [1384, 318], [1385, 318], [1386, 318], [1391, 318], [1392, 318], [1393, 318], [1394, 318], [1395, 318], [1396, 318], [1397, 318], [1398, 318], [1399, 318], [1402, 318], [1403, 318], [1404, 318], [1405, 318], [1407, 318], [1408, 318], [1409, 318], [1410, 318], [1411, 318], [1428, 318], [1429, 318], [1430, 318], [1434, 318], [1435, 318], [1436, 318], [1437, 318], [1440, 318], [1441, 318], [1442, 318], [1443, 318], [1465, 318], [1466, 318], [1467, 318], [1468, 318], [1469, 318], [1470, 318], [1471, 318], [1472, 318], [1473, 318], [1475, 318], [1476, 318], [1477, 318], [1478, 318], [1480, 318], [1550, 318], [1551, 318], [1552, 318], [1553, 318], [1554, 318], [1555, 318], [1556, 318], [1561, 318], [1562, 318], [1563, 318], [1564, 318], [1565, 318], [1566, 318], [1567, 318], [1568, 318], [1569, 318], [1570, 318], [1571, 318], [1572, 318], [1573, 318], [1574, 318], [1575, 318], [1576, 318], [1577, 318], [1578, 318], [1579, 318], [1580, 318], [1582, 318], [1583, 318], [1584, 318], [1585, 318], [1586, 318], [1628, 318], [1629, 318], [1630, 318], [1661, 318], [1662, 318], [1663, 318], [1664, 318], [1679, 318], [1680, 318], [1681, 318], [1383, 319], [1384, 319], [1385, 319], [1386, 319], [1387, 319], [1388, 319], [1389, 319], [1390, 319], [1391, 319], [1392, 319], [1393, 319], [1394, 319], [1395, 319], [1396, 319], [1397, 319], [1398, 319], [1399, 319], [1400, 319], [1401, 319], [1402, 319], [1403, 319], [1405, 319], [1406, 319], [1408, 319], [1409, 319], [1416, 319], [1417, 319], [1418, 319], [1419, 319], [1425, 319], [1426, 319], [1427, 319], [1435, 319], [1436, 319], [1437, 319], [1440, 319], [1441, 319], [1442, 319], [1468, 319], [1469, 319], [1470, 319], [1471, 319], [1472, 319], [1473, 319], [1474, 319], [1477, 319], [1478, 319], [1479, 319], [1480, 319], [1481, 319], [1572, 319], [1573, 319], [1574, 319], [1575, 319], [1576, 319], [1577, 319], [1578, 319], [1579, 319], [1580, 319], [1581, 319], [1582, 319], [1583, 319], [1584, 319], [1585, 319], [1586, 319], [1628, 319], [1630, 319], [1678, 319], [1679, 319], [1680, 319], [1681, 319], [1375, 320], [1376, 320], [1383, 320], [1384, 320], [1385, 320], [1386, 320], [1387, 320], [1388, 320], [1389, 320], [1390, 320], [1391, 320], [1392, 320], [1393, 320], [1398, 320], [1399, 320], [1400, 320], [1401, 320], [1402, 320], [1403, 320], [1404, 320], [1405, 320], [1406, 320], [1407, 320], [1408, 320], [1416, 320], [1417, 320], [1418, 320], [1419, 320], [1420, 320], [1421, 320], [1422, 320], [1423, 320], [1424, 320], [1425, 320], [1426, 320], [1427, 320], [1428, 320], [1429, 320], [1430, 320], [1434, 320], [1435, 320], [1436, 320], [1437, 320], [1470, 320], [1471, 320], [1472, 320], [1473, 320], [1474, 320], [1475, 320], [1476, 320], [1477, 320], [1478, 320], [1479, 320], [1480, 320], [1481, 320], [1576, 320], [1577, 320], [1578, 320], [1579, 320], [1580, 320], [1581, 320], [1582, 320], [1583, 320], [1584, 320], [1585, 320], [1628, 320], [1629, 320], [1630, 320], [1677, 320], [1678, 320], [1679, 320], [1680, 320], [1374, 321], [1375, 321], [1376, 321], [1383, 321], [1384, 321], [1385, 321], [1387, 321], [1388, 321], [1389, 321], [1390, 321], [1391, 321], [1392, 321], [1393, 321], [1404, 321], [1405, 321], [1406, 321], [1407, 321], [1408, 321], [1416, 321], [1417, 321], [1418, 321], [1419, 321], [1420, 321], [1421, 321], [1422, 321], [1423, 321], [1424, 321], [1425, 321], [1426, 321], [1427, 321], [1428, 321], [1429, 321], [1430, 321], [1431, 321], [1432, 321], [1433, 321], [1434, 321], [1435, 321], [1436, 321], [1437, 321], [1471, 321], [1472, 321], [1473, 321], [1474, 321], [1475, 321], [1476, 321], [1480, 321], [1481, 321], [1482, 321], [1509, 321], [1510, 321], [1511, 321], [1677, 321], [1678, 321], [1679, 321], [1680, 321], [1374, 322], [1375, 322], [1376, 322], [1406, 322], [1407, 322], [1408, 322], [1415, 322], [1416, 322], [1417, 322], [1418, 322], [1419, 322], [1420, 322], [1421, 322], [1422, 322], [1423, 322], [1424, 322], [1425, 322], [1426, 322], [1427, 322], [1428, 322], [1429, 322], [1430, 322], [1431, 322], [1432, 322], [1433, 322], [1434, 322], [1435, 322], [1436, 322], [1437, 322], [1473, 322], [1474, 322], [1475, 322], [1476, 322], [1480, 322], [1481, 322], [1482, 322], [1509, 322], [1511, 322], [1677, 322], [1678, 322], [1679, 322], [1680, 322], [1371, 323], [1372, 323], [1373, 323], [1374, 323], [1375, 323], [1413, 323], [1414, 323], [1415, 323], [1416, 323], [1417, 323], [1418, 323], [1419, 323], [1420, 323], [1421, 323], [1422, 323], [1424, 323], [1425, 323], [1427, 323], [1428, 323], [1429, 323], [1430, 323], [1431, 323], [1432, 323], [1473, 323], [1474, 323], [1475, 323], [1476, 323], [1477, 323], [1478, 323], [1480, 323], [1481, 323], [1482, 323], [1483, 323], [1509, 323], [1510, 323], [1511, 323], [1520, 323], [1521, 323], [1522, 323], [1523, 323], [1679, 323], [1680, 323], [1681, 323], [1371, 324], [1372, 324], [1373, 324], [1374, 324], [1375, 324], [1413, 324], [1414, 324], [1417, 324], [1419, 324], [1420, 324], [1421, 324], [1422, 324], [1423, 324], [1424, 324], [1474, 324], [1475, 324], [1476, 324], [1477, 324], [1478, 324], [1479, 324], [1480, 324], [1481, 324], [1482, 324], [1483, 324], [1520, 324], [1521, 324], [1522, 324], [1523, 324], [1524, 324], [1679, 324], [1680, 324], [1681, 324], [1682, 324], [1683, 324], [1371, 325], [1372, 325], [1408, 325], [1409, 325], [1410, 325], [1413, 325], [1414, 325], [1415, 325], [1416, 325], [1417, 325], [1418, 325], [1419, 325], [1420, 325], [1421, 325], [1422, 325], [1423, 325], [1474, 325], [1475, 325], [1476, 325], [1477, 325], [1478, 325], [1479, 325], [1480, 325], [1481, 325], [1482, 325], [1483, 325], [1520, 325], [1521, 325], [1522, 325], [1523, 325], [1524, 325], [1525, 325], [1526, 325], [1527, 325], [1528, 325], [1529, 325], [1680, 325], [1681, 325], [1682, 325], [1683, 325], [1684, 325], [1685, 325], [1686, 325], [1365, 326], [1366, 326], [1367, 326], [1368, 326], [1369, 326], [1370, 326], [1371, 326], [1372, 326], [1406, 326], [1407, 326], [1408, 326], [1409, 326], [1410, 326], [1411, 326], [1412, 326], [1413, 326], [1414, 326], [1415, 326], [1416, 326], [1419, 326], [1420, 326], [1421, 326], [1510, 326], [1511, 326], [1512, 326], [1513, 326], [1514, 326], [1515, 326], [1516, 326], [1517, 326], [1520, 326], [1521, 326], [1523, 326], [1524, 326], [1525, 326], [1526, 326], [1527, 326], [1528, 326], [1529, 326], [1530, 326], [1531, 326], [1680, 326], [1681, 326], [1682, 326], [1683, 326], [1684, 326], [1685, 326], [1686, 326], [1687, 326], [1688, 326], [1689, 326], [1690, 326], [1691, 326], [1692, 326], [1693, 326], [1364, 327], [1365, 327], [1366, 327], [1367, 327], [1368, 327], [1369, 327], [1370, 327], [1371, 327], [1372, 327], [1406, 327], [1408, 327], [1410, 327], [1411, 327], [1412, 327], [1413, 327], [1414, 327], [1415, 327], [1508, 327], [1509, 327], [1510, 327], [1511, 327], [1512, 327], [1513, 327], [1514, 327], [1515, 327], [1516, 327], [1517, 327], [1518, 327], [1519, 327], [1520, 327], [1521, 327], [1522, 327], [1523, 327], [1524, 327], [1525, 327], [1526, 327], [1527, 327], [1528, 327], [1529, 327], [1530, 327], [1531, 327], [1532, 327], [1533, 327], [1534, 327], [1535, 327], [1536, 327], [1537, 327], [1685, 327], [1686, 327], [1687, 327], [1688, 327], [1689, 327], [1690, 327], [1691, 327], [1692, 327], [1693, 327], [1694, 327], [1695, 327], [1406, 328], [1407, 328], [1408, 328], [1410, 328], [1411, 328], [1412, 328], [1508, 328], [1509, 328], [1510, 328], [1511, 328], [1512, 328], [1513, 328], [1514, 328], [1515, 328], [1516, 328], [1517, 328], [1518, 328], [1519, 328], [1521, 328], [1522, 328], [1523, 328], [1524, 328], [1525, 328], [1526, 328], [1527, 328], [1528, 328], [1529, 328], [1530, 328], [1531, 328], [1532, 328], [1533, 328], [1534, 328], [1535, 328], [1536, 328], [1537, 328], [1687, 328], [1688, 328], [1689, 328], [1690, 328], [1691, 328], [1692, 328], [1693, 328], [1694, 328], [1695, 328], [1696, 328], [1697, 328], [1698, 328], [1699, 328], [1700, 328], [1701, 328], [1702, 328], [1703, 328], [1704, 328], [1407, 329], [1408, 329], [1409, 329], [1410, 329], [1411, 329], [1412, 329], [1508, 329], [1509, 329], [1510, 329], [1516, 329], [1517, 329], [1518, 329], [1520, 329], [1521, 329], [1522, 329], [1523, 329], [1524, 329], [1525, 329], [1526, 329], [1527, 329], [1528, 329], [1529, 329], [1530, 329], [1531, 329], [1532, 329], [1533, 329], [1534, 329], [1535, 329], [1536, 329], [1537, 329], [1691, 329], [1692, 329], [1693, 329], [1694, 329], [1695, 329], [1696, 329], [1697, 329], [1698, 329], [1699, 329], [1700, 329], [1701, 329], [1702, 329], [1703, 329], [1704, 329], [1705, 329], [1706, 329], [1359, 330], [1407, 330], [1409, 330], [1410, 330], [1411, 330], [1508, 330], [1509, 330], [1510, 330], [1517, 330], [1518, 330], [1519, 330], [1520, 330], [1522, 330], [1523, 330], [1524, 330], [1525, 330], [1526, 330], [1527, 330], [1528, 330], [1529, 330], [1532, 330], [1533, 330], [1534, 330], [1535, 330], [1536, 330], [1703, 330], [1704, 330], [1705, 330], [1706, 330], [1707, 330], [1715, 330], [1716, 330], [1717, 330], [1407, 331], [1408, 331], [1409, 331], [1410, 331], [1411, 331], [1509, 331], [1510, 331], [1511, 331], [1512, 331], [1513, 331], [1514, 331], [1515, 331], [1516, 331], [1517, 331], [1518, 331], [1519, 331], [1520, 331], [1705, 331], [1706, 331], [1707, 331], [1708, 331], [1709, 331], [1710, 331], [1715, 331], [1717, 331], [1407, 332], [1408, 332], [1409, 332], [1410, 332], [1411, 332], [1412, 332], [1509, 332], [1510, 332], [1511, 332], [1512, 332], [1513, 332], [1514, 332], [1515, 332], [1516, 332], [1517, 332], [1518, 332], [1519, 332], [1705, 332], [1706, 332], [1708, 332], [1709, 332], [1710, 332], [1715, 332], [1716, 332], [1717, 332], [1410, 333], [1411, 333], [1412, 333], [1413, 333], [1510, 333], [1511, 333], [1512, 333], [1513, 333], [1514, 333], [1515, 333], [1516, 333], [1517, 333], [1519, 333], [1705, 333], [1706, 333], [1707, 333], [1709, 333], [1710, 333], [1711, 333], [1712, 333], [1713, 333], [1714, 333], [1715, 333], [1411, 334], [1412, 334], [1413, 334], [1510, 334], [1511, 334], [1512, 334], [1513, 334], [1514, 334], [1517, 334], [1518, 334], [1519, 334], [1705, 334], [1706, 334], [1707, 334], [1708, 334], [1709, 334], [1710, 334], [1711, 334], [1712, 334], [1713, 334], [1714, 334], [1715, 334], [1716, 334], [1717, 334], [1718, 334], [1409, 335], [1410, 335], [1411, 335], [1412, 335], [1413, 335], [1712, 335], [1713, 335], [1714, 335], [1715, 335], [1716, 335], [1717, 335], [1718, 335], [1719, 335], [1720, 335], [1409, 336], [1410, 336], [1411, 336], [1412, 336], [1717, 336], [1718, 336], [1719, 336], [1720, 336], [1721, 336], [1409, 337], [1410, 337], [1411, 337], [1412, 337], [1719, 337], [1720, 337], [1721, 337], [1722, 337], [1723, 337], [1724, 337], [1409, 338], [1410, 338], [1411, 338], [1720, 338], [1721, 338], [1722, 338], [1723, 338], [1724, 338], [1725, 338], [1726, 338], [1410, 339], [1411, 339], [1721, 339], [1722, 339], [1723, 339], [1724, 339], [1725, 339], [1726, 339], [1407, 340], [1408, 340], [1409, 340], [1410, 340], [1411, 340], [1721, 340], [1722, 340], [1723, 340], [1724, 340], [1725, 340], [1726, 340], [1727, 340], [1407, 341], [1408, 341], [1409, 341], [1410, 341], [1411, 341], [1720, 341], [1721, 341], [1722, 341], [1723, 341], [1724, 341], [1725, 341], [1726, 341], [1727, 341], [1373, 342], [1374, 342], [1375, 342], [1407, 342], [1408, 342], [1720, 342], [1721, 342], [1722, 342], [1723, 342], [1724, 342], [1725, 342], [1726, 342], [1727, 342], [1373, 343], [1374, 343], [1375, 343], [1376, 343], [1406, 343], [1407, 343], [1408, 343], [1719, 343], [1720, 343], [1721, 343], [1722, 343], [1723, 343], [1724, 343], [1725, 343], [1726, 343], [1728, 343], [1729, 343], [1730, 343], [1731, 343], [1732, 343], [1733, 343], [1734, 343], [1735, 343], [1736, 343], [1372, 344], [1373, 344], [1374, 344], [1375, 344], [1376, 344], [1377, 344], [1378, 344], [1406, 344], [1407, 344], [1408, 344], [1718, 344], [1719, 344], [1720, 344], [1721, 344], [1722, 344], [1727, 344], [1728, 344], [1729, 344], [1730, 344], [1731, 344], [1732, 344], [1733, 344], [1734, 344], [1735, 344], [1736, 344], [1737, 344], [1372, 345], [1373, 345], [1374, 345], [1375, 345], [1376, 345], [1377, 345], [1378, 345], [1406, 345], [1407, 345], [1408, 345], [1714, 345], [1715, 345], [1716, 345], [1717, 345], [1718, 345], [1719, 345], [1720, 345], [1727, 345], [1728, 345], [1729, 345], [1730, 345], [1733, 345], [1734, 345], [1735, 345], [1736, 345], [1737, 345], [1738, 345], [1372, 346], [1373, 346], [1374, 346], [1375, 346], [1376, 346], [1377, 346], [1378, 346], [1406, 346], [1407, 346], [1408, 346], [1713, 346], [1714, 346], [1715, 346], [1716, 346], [1717, 346], [1718, 346], [1719, 346], [1728, 346], [1729, 346], [1736, 346], [1737, 346], [1738, 346], [1373, 347], [1374, 347], [1375, 347], [1376, 347], [1405, 347], [1406, 347], [1407, 347], [1408, 347], [1713, 347], [1714, 347], [1715, 347], [1716, 347], [1717, 347], [1718, 347], [1728, 347], [1729, 347], [1737, 347], [1738, 347], [1739, 347], [1740, 347], [1741, 347], [1405, 348], [1406, 348], [1407, 348], [1713, 348], [1714, 348], [1715, 348], [1716, 348], [1717, 348], [1718, 348], [1719, 348], [1720, 348], [1721, 348], [1722, 348], [1723, 348], [1725, 348], [1726, 348], [1727, 348], [1728, 348], [1729, 348], [1733, 348], [1734, 348], [1735, 348], [1737, 348], [1738, 348], [1739, 348], [1740, 348], [1741, 348], [1405, 349], [1406, 349], [1407, 349], [1714, 349], [1715, 349], [1716, 349], [1717, 349], [1718, 349], [1719, 349], [1720, 349], [1721, 349], [1722, 349], [1723, 349], [1724, 349], [1725, 349], [1726, 349], [1727, 349], [1728, 349], [1729, 349], [1733, 349], [1734, 349], [1735, 349], [1736, 349], [1739, 349], [1740, 349], [1741, 349], [1406, 350], [1407, 350], [1408, 350], [1717, 350], [1718, 350], [1719, 350], [1720, 350], [1721, 350], [1722, 350], [1723, 350], [1724, 350], [1725, 350], [1726, 350], [1730, 350], [1731, 350], [1732, 350], [1733, 350], [1734, 350], [1735, 350], [1736, 350], [1737, 350], [1738, 350], [1739, 350], [1740, 350], [1741, 350], [1390, 351], [1391, 351], [1392, 351], [1406, 351], [1407, 351], [1408, 351], [1717, 351], [1718, 351], [1719, 351], [1720, 351], [1721, 351], [1722, 351], [1723, 351], [1728, 351], [1729, 351], [1730, 351], [1731, 351], [1732, 351], [1733, 351], [1734, 351], [1735, 351], [1736, 351], [1737, 351], [1738, 351], [1739, 351], [1740, 351], [1390, 352], [1392, 352], [1406, 352], [1407, 352], [1408, 352], [1728, 352], [1730, 352], [1731, 352], [1732, 352], [1733, 352], [1734, 352], [1735, 352], [1390, 353], [1391, 353], [1392, 353], [1398, 353], [1399, 353], [1400, 353], [1401, 353], [1402, 353], [1403, 353], [1406, 353], [1407, 353], [1728, 353], [1729, 353], [1730, 353], [1731, 353], [1732, 353], [1733, 353], [1734, 353], [1735, 353], [1736, 353], [1737, 353], [1398, 354], [1399, 354], [1400, 354], [1401, 354], [1402, 354], [1403, 354], [1404, 354], [1405, 354], [1406, 354], [1407, 354], [1734, 354], [1735, 354], [1736, 354], [1737, 354], [1739, 354], [1740, 354], [1741, 354], [1742, 354], [1397, 355], [1398, 355], [1399, 355], [1400, 355], [1401, 355], [1402, 355], [1403, 355], [1404, 355], [1405, 355], [1406, 355], [1407, 355], [1734, 355], [1735, 355], [1736, 355], [1737, 355], [1738, 355], [1739, 355], [1740, 355], [1741, 355], [1742, 355], [1743, 355], [1397, 356], [1398, 356], [1399, 356], [1400, 356], [1402, 356], [1403, 356], [1404, 356], [1736, 356], [1737, 356], [1738, 356], [1739, 356], [1740, 356], [1741, 356], [1742, 356], [1743, 356], [1747, 356], [1748, 356], [1749, 356], [1750, 356], [1751, 356], [1397, 357], [1398, 357], [1399, 357], [1742, 357], [1743, 357], [1744, 357], [1745, 357], [1746, 357], [1747, 357], [1748, 357], [1749, 357], [1750, 357], [1751, 357], [1397, 358], [1398, 358], [1399, 358], [1400, 358], [1742, 358], [1743, 358], [1744, 358], [1745, 358], [1746, 358], [1747, 358], [1748, 358], [1749, 358], [1750, 358], [1751, 358], [1398, 359], [1399, 359], [1400, 359], [1401, 359], [1732, 359], [1733, 359], [1734, 359], [1743, 359], [1744, 359], [1745, 359], [1746, 359], [1747, 359], [1748, 359], [1749, 359], [1750, 359], [1751, 359], [1399, 360], [1400, 360], [1401, 360], [1402, 360], [1403, 360], [1732, 360], [1733, 360], [1734, 360], [1736, 360], [1737, 360], [1738, 360], [1739, 360], [1740, 360], [1741, 360], [1742, 360], [1743, 360], [1744, 360], [1747, 360], [1748, 360], [1749, 360], [1750, 360], [1400, 361], [1401, 361], [1402, 361], [1403, 361], [1404, 361], [1405, 361], [1732, 361], [1733, 361], [1734, 361], [1735, 361], [1736, 361], [1737, 361], [1738, 361], [1739, 361], [1740, 361], [1741, 361], [1742, 361], [1743, 361], [1744, 361], [1747, 361], [1748, 361], [1749, 361], [1402, 362], [1403, 362], [1404, 362], [1405, 362], [1406, 362], [1732, 362], [1733, 362], [1734, 362], [1735, 362], [1736, 362], [1737, 362], [1404, 363], [1405, 363], [1406, 363], [1407, 363], [1408, 363], [1411, 363], [1412, 363], [1413, 363], [1732, 363], [1733, 363], [1734, 363], [1735, 363], [1736, 363], [1405, 364], [1406, 364], [1407, 364], [1408, 364], [1409, 364], [1410, 364], [1411, 364], [1412, 364], [1413, 364], [1733, 364], [1734, 364], [1735, 364], [1736, 364], [1407, 365], [1408, 365], [1409, 365], [1410, 365], [1411, 365], [1412, 365], [1413, 365], [1414, 365], [1415, 365], [1416, 365], [1417, 365], [1418, 365], [1733, 365], [1734, 365], [1735, 365], [1736, 365], [1410, 366], [1411, 366], [1412, 366], [1413, 366], [1414, 366], [1415, 366], [1416, 366], [1417, 366], [1418, 366], [1734, 366], [1735, 366], [1736, 366], [1738, 366], [1739, 366], [1740, 366], [1411, 367], [1412, 367], [1413, 367], [1414, 367], [1415, 367], [1416, 367], [1417, 367], [1418, 367], [1734, 367], [1735, 367], [1736, 367], [1737, 367], [1738, 367], [1739, 367], [1740, 367], [1741, 367], [1742, 367], [1748, 367], [1749, 367], [1750, 367], [1411, 368], [1412, 368], [1413, 368], [1414, 368], [1415, 368], [1416, 368], [1734, 368], [1735, 368], [1736, 368], [1737, 368], [1738, 368], [1739, 368], [1740, 368], [1741, 368], [1742, 368], [1743, 368], [1744, 368], [1745, 368], [1746, 368], [1747, 368], [1748, 368], [1749, 368], [1750, 368], [1751, 368], [1752, 368], [1753, 368], [1754, 368], [1412, 369], [1413, 369], [1414, 369], [1415, 369], [1416, 369], [1417, 369], [1418, 369], [1419, 369], [1420, 369], [1737, 369], [1738, 369], [1739, 369], [1740, 369], [1742, 369], [1743, 369], [1744, 369], [1745, 369], [1746, 369], [1747, 369], [1748, 369], [1749, 369], [1750, 369], [1751, 369], [1752, 369], [1753, 369], [1754, 369], [1755, 369], [1756, 369], [1757, 369], [1758, 369], [1759, 369], [1760, 369], [1761, 369], [1762, 369], [1763, 369], [1764, 369], [1765, 369], [1766, 369], [1767, 369], [1768, 369], [1769, 369], [1770, 369], [1415, 370], [1416, 370], [1417, 370], [1418, 370], [1419, 370], [1420, 370], [1421, 370], [1422, 370], [1423, 370], [1424, 370], [1425, 370], [1426, 370], [1427, 370], [1739, 370], [1741, 370], [1743, 370], [1744, 370], [1745, 370], [1746, 370], [1747, 370], [1748, 370], [1749, 370], [1750, 370], [1751, 370], [1753, 370], [1754, 370], [1755, 370], [1756, 370], [1757, 370], [1758, 370], [1759, 370], [1760, 370], [1761, 370], [1762, 370], [1763, 370], [1764, 370], [1765, 370], [1766, 370], [1767, 370], [1768, 370], [1769, 370], [1770, 370], [1771, 370], [1772, 370], [1773, 370], [1774, 370], [1775, 370], [1419, 371], [1420, 371], [1421, 371], [1422, 371], [1423, 371], [1424, 371], [1425, 371], [1426, 371], [1427, 371], [1428, 371], [1438, 371], [1439, 371], [1440, 371], [1441, 371], [1739, 371], [1740, 371], [1741, 371], [1748, 371], [1749, 371], [1750, 371], [1753, 371], [1754, 371], [1755, 371], [1759, 371], [1760, 371], [1761, 371], [1769, 371], [1770, 371], [1771, 371], [1772, 371], [1773, 371], [1774, 371], [1775, 371], [1776, 371], [1777, 371], [1420, 372], [1421, 372], [1422, 372], [1423, 372], [1424, 372], [1425, 372], [1426, 372], [1427, 372], [1428, 372], [1429, 372], [1430, 372], [1431, 372], [1437, 372], [1438, 372], [1439, 372], [1440, 372], [1441, 372], [1774, 372], [1775, 372], [1776, 372], [1777, 372], [1427, 373], [1428, 373], [1429, 373], [1430, 373], [1431, 373], [1432, 373], [1433, 373], [1434, 373], [1435, 373], [1436, 373], [1437, 373], [1438, 373], [1440, 373], [1441, 373], [1442, 373], [1443, 373], [1444, 373], [1445, 373], [1446, 373], [1447, 373], [1776, 373], [1777, 373], [1778, 373], [1427, 374], [1428, 374], [1429, 374], [1430, 374], [1431, 374], [1432, 374], [1433, 374], [1434, 374], [1435, 374], [1436, 374], [1437, 374], [1438, 374], [1439, 374], [1440, 374], [1441, 374], [1442, 374], [1443, 374], [1444, 374], [1445, 374], [1446, 374], [1447, 374], [1776, 374], [1777, 374], [1778, 374], [1779, 374], [1780, 374], [1432, 375], [1433, 375], [1434, 375], [1435, 375], [1436, 375], [1437, 375], [1438, 375], [1439, 375], [1441, 375], [1442, 375], [1443, 375], [1445, 375], [1446, 375], [1447, 375], [1448, 375], [1449, 375], [1761, 375], [1762, 375], [1763, 375], [1777, 375], [1778, 375], [1779, 375], [1780, 375], [1781, 375], [1782, 375], [1445, 376], [1446, 376], [1447, 376], [1448, 376], [1449, 376], [1450, 376], [1451, 376], [1761, 376], [1763, 376], [1779, 376], [1780, 376], [1781, 376], [1782, 376], [1783, 376], [1448, 377], [1449, 377], [1450, 377], [1451, 377], [1761, 377], [1762, 377], [1763, 377], [1781, 377], [1782, 377], [1783, 377], [1784, 377], [1785, 377], [1450, 378], [1451, 378], [1452, 378], [1456, 378], [1457, 378], [1458, 378], [1782, 378], [1783, 378], [1784, 378], [1785, 378], [1450, 379], [1451, 379], [1452, 379], [1453, 379], [1454, 379], [1455, 379], [1456, 379], [1457, 379], [1458, 379], [1784, 379], [1785, 379], [1786, 379], [1451, 380], [1452, 380], [1453, 380], [1454, 380], [1455, 380], [1456, 380], [1457, 380], [1458, 380], [1784, 380], [1785, 380], [1786, 380], [1787, 380], [1788, 380], [1809, 380], [1810, 380], [1811, 380], [1456, 381], [1457, 381], [1458, 381], [1785, 381], [1786, 381], [1787, 381], [1788, 381], [1792, 381], [1793, 381], [1794, 381], [1797, 381], [1798, 381], [1799, 381], [1800, 381], [1802, 381], [1803, 381], [1804, 381], [1806, 381], [1807, 381], [1808, 381], [1809, 381], [1810, 381], [1811, 381], [1812, 381], [1452, 382], [1453, 382], [1454, 382], [1455, 382], [1456, 382], [1457, 382], [1458, 382], [1459, 382], [1460, 382], [1787, 382], [1788, 382], [1789, 382], [1790, 382], [1791, 382], [1792, 382], [1793, 382], [1794, 382], [1795, 382], [1796, 382], [1797, 382], [1798, 382], [1799, 382], [1800, 382], [1801, 382], [1802, 382], [1803, 382], [1804, 382], [1805, 382], [1806, 382], [1807, 382], [1808, 382], [1809, 382], [1810, 382], [1811, 382], [1812, 382], [1813, 382], [1814, 382], [1815, 382], [1816, 382], [1817, 382], [1451, 383], [1452, 383], [1453, 383], [1454, 383], [1455, 383], [1456, 383], [1458, 383], [1459, 383], [1460, 383], [1773, 383], [1774, 383], [1775, 383], [1787, 383], [1788, 383], [1789, 383], [1790, 383], [1791, 383], [1792, 383], [1793, 383], [1794, 383], [1795, 383], [1796, 383], [1797, 383], [1798, 383], [1799, 383], [1800, 383], [1801, 383], [1802, 383], [1803, 383], [1804, 383], [1805, 383], [1806, 383], [1807, 383], [1808, 383], [1809, 383], [1810, 383], [1811, 383], [1812, 383], [1813, 383], [1814, 383], [1815, 383], [1816, 383], [1817, 383], [1451, 384], [1452, 384], [1453, 384], [1454, 384], [1455, 384], [1456, 384], [1457, 384], [1458, 384], [1459, 384], [1460, 384], [1764, 384], [1765, 384], [1766, 384], [1767, 384], [1773, 384], [1774, 384], [1775, 384], [1790, 384], [1791, 384], [1792, 384], [1814, 384], [1815, 384], [1816, 384], [1817, 384], [1818, 384], [1819, 384], [1451, 385], [1452, 385], [1453, 385], [1454, 385], [1455, 385], [1456, 385], [1457, 385], [1458, 385], [1459, 385], [1764, 385], [1765, 385], [1766, 385], [1767, 385], [1768, 385], [1769, 385], [1770, 385], [1771, 385], [1773, 385], [1775, 385], [1781, 385], [1782, 385], [1783, 385], [1784, 385], [1785, 385], [1786, 385], [1787, 385], [1788, 385], [1789, 385], [1790, 385], [1791, 385], [1816, 385], [1817, 385], [1818, 385], [1819, 385], [1820, 385], [1823, 385], [1824, 385], [1451, 386], [1452, 386], [1453, 386], [1454, 386], [1455, 386], [1456, 386], [1457, 386], [1458, 386], [1459, 386], [1764, 386], [1765, 386], [1766, 386], [1767, 386], [1769, 386], [1770, 386], [1771, 386], [1773, 386], [1774, 386], [1775, 386], [1781, 386], [1782, 386], [1783, 386], [1784, 386], [1785, 386], [1786, 386], [1787, 386], [1788, 386], [1789, 386], [1790, 386], [1791, 386], [1818, 386], [1819, 386], [1820, 386], [1821, 386], [1822, 386], [1823, 386], [1824, 386], [1452, 387], [1453, 387], [1454, 387], [1455, 387], [1456, 387], [1457, 387], [1458, 387], [1470, 387], [1471, 387], [1472, 387], [1767, 387], [1768, 387], [1769, 387], [1770, 387], [1771, 387], [1772, 387], [1773, 387], [1774, 387], [1775, 387], [1776, 387], [1777, 387], [1778, 387], [1779, 387], [1780, 387], [1781, 387], [1782, 387], [1783, 387], [1784, 387], [1785, 387], [1786, 387], [1787, 387], [1788, 387], [1789, 387], [1790, 387], [1791, 387], [1819, 387], [1820, 387], [1821, 387], [1822, 387], [1823, 387], [1824, 387], [1457, 388], [1458, 388], [1459, 388], [1470, 388], [1471, 388], [1472, 388], [1473, 388], [1474, 388], [1769, 388], [1770, 388], [1772, 388], [1773, 388], [1774, 388], [1775, 388], [1776, 388], [1777, 388], [1778, 388], [1779, 388], [1780, 388], [1781, 388], [1782, 388], [1783, 388], [1788, 388], [1789, 388], [1790, 388], [1791, 388], [1820, 388], [1821, 388], [1822, 388], [1823, 388], [1824, 388], [1457, 389], [1458, 389], [1459, 389], [1460, 389], [1461, 389], [1462, 389], [1463, 389], [1464, 389], [1470, 389], [1471, 389], [1472, 389], [1473, 389], [1474, 389], [1771, 389], [1772, 389], [1773, 389], [1774, 389], [1776, 389], [1777, 389], [1778, 389], [1779, 389], [1780, 389], [1781, 389], [1782, 389], [1786, 389], [1787, 389], [1788, 389], [1789, 389], [1790, 389], [1820, 389], [1821, 389], [1822, 389], [1823, 389], [1824, 389], [1458, 390], [1459, 390], [1460, 390], [1461, 390], [1462, 390], [1463, 390], [1464, 390], [1465, 390], [1466, 390], [1471, 390], [1472, 390], [1473, 390], [1474, 390], [1771, 390], [1772, 390], [1773, 390], [1774, 390], [1775, 390], [1781, 390], [1782, 390], [1783, 390], [1784, 390], [1785, 390], [1786, 390], [1787, 390], [1788, 390], [1789, 390], [1822, 390], [1823, 390], [1824, 390], [1463, 391], [1464, 391], [1465, 391], [1466, 391], [1467, 391], [1772, 391], [1773, 391], [1774, 391], [1775, 391], [1776, 391], [1777, 391], [1778, 391], [1779, 391], [1780, 391], [1781, 391], [1782, 391], [1783, 391], [1784, 391], [1785, 391], [1786, 391], [1787, 391], [1823, 391], [1824, 391], [1465, 392], [1466, 392], [1467, 392], [1468, 392], [1469, 392], [1774, 392], [1775, 392], [1776, 392], [1777, 392], [1778, 392], [1779, 392], [1780, 392], [1781, 392], [1782, 392], [1783, 392], [1784, 392], [1824, 392], [1466, 393], [1467, 393], [1468, 393], [1469, 393], [1470, 393], [1471, 393], [1472, 393], [1488, 393], [1489, 393], [1490, 393], [1491, 393], [1492, 393], [1773, 393], [1774, 393], [1775, 393], [1777, 393], [1778, 393], [1779, 393], [1780, 393], [1468, 394], [1469, 394], [1470, 394], [1471, 394], [1472, 394], [1473, 394], [1474, 394], [1475, 394], [1476, 394], [1477, 394], [1478, 394], [1488, 394], [1489, 394], [1490, 394], [1491, 394], [1492, 394], [1772, 394], [1773, 394], [1774, 394], [1775, 394], [1471, 395], [1472, 395], [1473, 395], [1474, 395], [1475, 395], [1476, 395], [1477, 395], [1478, 395], [1479, 395], [1483, 395], [1484, 395], [1485, 395], [1486, 395], [1487, 395], [1488, 395], [1489, 395], [1491, 395], [1492, 395], [1494, 395], [1495, 395], [1496, 395], [1772, 395], [1773, 395], [1774, 395], [1775, 395], [1477, 396], [1478, 396], [1479, 396], [1480, 396], [1481, 396], [1482, 396], [1483, 396], [1484, 396], [1485, 396], [1486, 396], [1487, 396], [1488, 396], [1489, 396], [1490, 396], [1491, 396], [1492, 396], [1493, 396], [1494, 396], [1495, 396], [1496, 396], [1772, 396], [1773, 396], [1774, 396], [1478, 397], [1479, 397], [1480, 397], [1481, 397], [1482, 397], [1483, 397], [1484, 397], [1485, 397], [1486, 397], [1491, 397], [1492, 397], [1493, 397], [1494, 397], [1495, 397], [1496, 397], [1497, 397], [1498, 397], [1492, 398], [1493, 398], [1494, 398], [1495, 398], [1496, 398], [1497, 398], [1498, 398], [1495, 399], [1496, 399], [1497, 399], [1498, 399], [1494, 400], [1495, 400], [1496, 400], [1497, 400], [1494, 401], [1495, 401], [1496, 401], [1497, 401], [1498, 401], [1770, 401], [1771, 401], [1772, 401], [1774, 401], [1775, 401], [1776, 401], [1777, 401], [1778, 401], [1779, 401], [1494, 402], [1495, 402], [1496, 402], [1497, 402], [1498, 402], [1765, 402], [1766, 402], [1767, 402], [1770, 402], [1771, 402], [1772, 402], [1774, 402], [1775, 402], [1776, 402], [1777, 402], [1778, 402], [1779, 402], [1497, 403], [1498, 403], [1499, 403], [1765, 403], [1767, 403], [1770, 403], [1771, 403], [1772, 403], [1773, 403], [1774, 403], [1775, 403], [1777, 403], [1778, 403], [1779, 403], [1497, 404], [1498, 404], [1499, 404], [1500, 404], [1765, 404], [1766, 404], [1767, 404], [1770, 404], [1771, 404], [1772, 404], [1773, 404], [1775, 404], [1776, 404], [1777, 404], [1778, 404], [1779, 404], [1498, 405], [1499, 405], [1500, 405], [1501, 405], [1502, 405], [1503, 405], [1504, 405], [1771, 405], [1772, 405], [1773, 405], [1774, 405], [1775, 405], [1776, 405], [1777, 405], [1778, 405], [1499, 406], [1500, 406], [1501, 406], [1502, 406], [1503, 406], [1504, 406], [1505, 406], [1506, 406], [1507, 406], [1508, 406], [1771, 406], [1772, 406], [1773, 406], [1774, 406], [1776, 406], [1777, 406], [1778, 406], [1503, 407], [1504, 407], [1505, 407], [1506, 407], [1507, 407], [1508, 407], [1509, 407], [1510, 407], [1511, 407], [1504, 408], [1505, 408], [1506, 408], [1507, 408], [1508, 408], [1509, 408], [1510, 408], [1511, 408], [1512, 408], [1513, 408], [1514, 408], [1510, 409], [1511, 409], [1512, 409], [1513, 409], [1514, 409], [1515, 409], [1516, 409], [1517, 409], [1513, 410], [1514, 410], [1515, 410], [1516, 410], [1517, 410], [1518, 410], [1519, 410], [1520, 410], [1516, 411], [1517, 411], [1518, 411], [1519, 411], [1520, 411], [1521, 411], [1522, 411], [1519, 412], [1520, 412], [1521, 412], [1522, 412], [1519, 413], [1520, 413], [1521, 413], [1522, 413], [1523, 413], [1520, 414], [1521, 414], [1522, 414], [1523, 414], [1521, 415], [1522, 415], [1523, 415], [1521, 416], [1522, 416], [1523, 416], [1524, 416], [1525, 416], [1522, 417], [1523, 417], [1524, 417], [1525, 417], [1526, 417], [1527, 417], [1532, 417], [1533, 417], [1534, 417], [1535, 417], [1524, 418], [1525, 418], [1526, 418], [1527, 418], [1528, 418], [1529, 418], [1530, 418], [1531, 418], [1532, 418], [1533, 418], [1534, 418], [1535, 418], [1536, 418], [1537, 418], [1526, 419], [1527, 419], [1528, 419], [1529, 419], [1530, 419], [1531, 419], [1532, 419], [1533, 419], [1534, 419], [1535, 419], [1536, 419], [1537, 419], [1538, 419], [1536, 420], [1537, 420], [1538, 420], [1536, 421], [1537, 421], [1538, 421], [1536, 422], [1537, 422], [1538, 422], [1537, 423], [1538, 423], [1539, 423], [1540, 423], [1541, 423], [1537, 424], [1538, 424], [1539, 424], [1540, 424], [1541, 424], [1542, 424], [1540, 425], [1541, 425], [1542, 425], [1543, 425], [1544, 425], [1541, 426], [1542, 426], [1543, 426], [1544, 426], [1545, 426], [1546, 426], [1547, 426], [1548, 426], [1543, 427], [1544, 427], [1545, 427], [1546, 427], [1547, 427], [1548, 427], [1549, 427], [1550, 427], [1551, 427], [1547, 428], [1548, 428], [1549, 428], [1550, 428], [1551, 428], [1552, 428], [1550, 429], [1551, 429], [1552, 429], [1553, 429], [1554, 429], [1555, 429], [1556, 429], [1557, 429], [1558, 429], [1559, 429], [1560, 429], [1561, 429], [1551, 430], [1552, 430], [1553, 430], [1554, 430], [1555, 430], [1556, 430], [1557, 430], [1558, 430], [1559, 430], [1560, 430], [1561, 430], [1557, 431], [1558, 431], [1559, 431], [1560, 431], [1561, 431], [1562, 431], [1559, 432], [1560, 432], [1561, 432], [1562, 432], [1563, 432], [1561, 433], [1562, 433], [1563, 433], [1564, 433], [1565, 433], [1566, 433], [1567, 433], [1568, 433], [1569, 433], [1562, 434], [1563, 434], [1564, 434], [1565, 434], [1566, 434], [1567, 434], [1568, 434], [1569, 434], [1563, 435], [1564, 435], [1565, 435], [1566, 435], [1567, 435], [1568, 435], [1569, 435], [1570, 435], [1571, 435], [1568, 436], [1569, 436], [1570, 436], [1571, 436], [1572, 436], [1570, 437], [1571, 437], [1572, 437], [1573, 437], [1574, 437], [1571, 438], [1572, 438], [1573, 438], [1574, 438], [1575, 438], [1573, 439], [1574, 439], [1575, 439], [1576, 439], [1577, 439], [1574, 440], [1575, 440], [1576, 440], [1577, 440], [1578, 440], [1579, 440], [1576, 441], [1577, 441], [1578, 441], [1579, 441], [1580, 441], [1581, 441], [1582, 441], [1578, 442], [1579, 442], [1580, 442], [1581, 442], [1582, 442], [1583, 442], [1584, 442], [1581, 443], [1582, 443], [1583, 443], [1584, 443], [1585, 443], [1586, 443], [1587, 443], [1588, 443], [1603, 443], [1604, 443], [1605, 443], [1583, 444], [1584, 444], [1585, 444], [1586, 444], [1587, 444], [1588, 444], [1589, 444], [1596, 444], [1597, 444], [1598, 444], [1599, 444], [1600, 444], [1601, 444], [1602, 444], [1603, 444], [1604, 444], [1605, 444], [1606, 444], [1587, 445], [1588, 445], [1589, 445], [1590, 445], [1591, 445], [1593, 445], [1594, 445], [1595, 445], [1596, 445], [1597, 445], [1598, 445], [1599, 445], [1600, 445], [1601, 445], [1602, 445], [1603, 445], [1604, 445], [1605, 445], [1606, 445], [1588, 446], [1589, 446], [1590, 446], [1591, 446], [1592, 446], [1593, 446], [1594, 446], [1595, 446], [1596, 446], [1597, 446], [1605, 446], [1606, 446], [1590, 447], [1591, 447], [1592, 447], [1593, 447], [1594, 447], [1595, 447], [1596, 447], [1598, 447], [1599, 447], [1600, 447], [1604, 447], [1605, 447], [1606, 447], [1597, 448], [1598, 448], [1599, 448], [1600, 448], [1604, 448], [1605, 448], [1606, 448], [1597, 449], [1598, 449], [1599, 449], [1600, 449], [1604, 449], [1605, 449], [1606, 449], [1597, 450], [1598, 450], [1599, 450], [1604, 450], [1605, 450], [1606, 450], [1607, 450], [1609, 450], [1610, 450], [1611, 450], [1612, 450], [1613, 450], [1614, 450], [1615, 450], [1616, 450], [1604, 451], [1605, 451], [1606, 451], [1607, 451], [1608, 451], [1609, 451], [1610, 451], [1611, 451], [1612, 451], [1613, 451], [1614, 451], [1615, 451], [1616, 451], [1617, 451], [1628, 451], [1629, 451], [1630, 451], [1631, 451], [1606, 452], [1607, 452], [1608, 452], [1609, 452], [1610, 452], [1613, 452], [1614, 452], [1615, 452], [1616, 452], [1617, 452], [1618, 452], [1627, 452], [1628, 452], [1629, 452], [1630, 452], [1631, 452], [1632, 452], [1606, 453], [1607, 453], [1608, 453], [1616, 453], [1617, 453], [1618, 453], [1627, 453], [1628, 453], [1629, 453], [1630, 453], [1631, 453], [1632, 453], [1615, 454], [1616, 454], [1617, 454], [1618, 454], [1627, 454], [1628, 454], [1629, 454], [1630, 454], [1631, 454], [1632, 454], [1612, 455], [1613, 455], [1614, 455], [1615, 455], [1617, 455], [1618, 455], [1627, 455], [1628, 455], [1629, 455], [1630, 455], [1631, 455], [1632, 455], [1612, 456], [1613, 456], [1614, 456], [1615, 456], [1616, 456], [1617, 456], [1618, 456], [1619, 456], [1628, 456], [1629, 456], [1630, 456], [1631, 456], [1633, 456], [1634, 456], [1635, 456], [1612, 457], [1613, 457], [1614, 457], [1615, 457], [1616, 457], [1617, 457], [1618, 457], [1619, 457], [1631, 457], [1632, 457], [1633, 457], [1634, 457], [1635, 457], [1636, 457], [1612, 458], [1613, 458], [1614, 458], [1615, 458], [1616, 458], [1617, 458], [1618, 458], [1619, 458], [1620, 458], [1621, 458], [1622, 458], [1623, 458], [1631, 458], [1632, 458], [1633, 458], [1634, 458], [1635, 458], [1636, 458], [1618, 459], [1619, 459], [1620, 459], [1621, 459], [1622, 459], [1623, 459], [1624, 459], [1625, 459], [1626, 459], [1631, 459], [1632, 459], [1635, 459], [1636, 459], [1622, 460], [1623, 460], [1624, 460], [1625, 460], [1626, 460], [1627, 460], [1630, 460], [1631, 460], [1632, 460], [1634, 460], [1635, 460], [1636, 460], [1623, 461], [1624, 461], [1625, 461], [1626, 461], [1627, 461], [1628, 461], [1629, 461], [1630, 461], [1631, 461], [1632, 461], [1634, 461], [1635, 461], [1636, 461], [1626, 462], [1627, 462], [1628, 462], [1629, 462], [1630, 462], [1631, 462], [1632, 462], [1634, 462], [1635, 462], [1628, 463], [1629, 463], [1630, 463], [1631, 463], [1632, 463], [1633, 463], [1634, 463], [1635, 463], [1656, 463], [1657, 463], [1658, 463], [1633, 464], [1634, 464], [1635, 464], [1656, 464], [1657, 464], [1658, 464], [1659, 464], [1633, 465], [1634, 465], [1635, 465], [1636, 465], [1637, 465], [1656, 465], [1657, 465], [1658, 465], [1659, 465], [1663, 465], [1664, 465], [1665, 465], [1666, 465], [1667, 465], [1668, 465], [1634, 466], [1635, 466], [1636, 466], [1637, 466], [1638, 466], [1639, 466], [1656, 466], [1657, 466], [1658, 466], [1659, 466], [1662, 466], [1663, 466], [1664, 466], [1665, 466], [1666, 466], [1667, 466], [1668, 466], [1669, 466], [1670, 466], [1671, 466], [1672, 466], [1636, 467], [1637, 467], [1638, 467], [1639, 467], [1640, 467], [1641, 467], [1656, 467], [1657, 467], [1658, 467], [1659, 467], [1661, 467], [1662, 467], [1663, 467], [1664, 467], [1667, 467], [1668, 467], [1669, 467], [1670, 467], [1671, 467], [1672, 467], [1673, 467], [1674, 467], [1675, 467], [1638, 468], [1639, 468], [1640, 468], [1641, 468], [1642, 468], [1643, 468], [1656, 468], [1657, 468], [1658, 468], [1660, 468], [1661, 468], [1662, 468], [1663, 468], [1671, 468], [1672, 468], [1673, 468], [1674, 468], [1675, 468], [1676, 468], [1677, 468], [1678, 468], [1640, 469], [1641, 469], [1642, 469], [1643, 469], [1644, 469], [1648, 469], [1649, 469], [1650, 469], [1651, 469], [1652, 469], [1653, 469], [1659, 469], [1660, 469], [1661, 469], [1662, 469], [1668, 469], [1669, 469], [1670, 469], [1671, 469], [1672, 469], [1673, 469], [1674, 469], [1675, 469], [1677, 469], [1678, 469], [1642, 470], [1643, 470], [1644, 470], [1645, 470], [1646, 470], [1647, 470], [1648, 470], [1649, 470], [1650, 470], [1651, 470], [1652, 470], [1653, 470], [1659, 470], [1660, 470], [1661, 470], [1662, 470], [1663, 470], [1664, 470], [1665, 470], [1666, 470], [1667, 470], [1668, 470], [1669, 470], [1670, 470], [1671, 470], [1672, 470], [1673, 470], [1674, 470], [1675, 470], [1676, 470], [1677, 470], [1678, 470], [1643, 471], [1644, 471], [1645, 471], [1646, 471], [1647, 471], [1648, 471], [1649, 471], [1650, 471], [1651, 471], [1652, 471], [1653, 471], [1654, 471], [1659, 471], [1660, 471], [1662, 471], [1663, 471], [1664, 471], [1665, 471], [1666, 471], [1667, 471], [1668, 471], [1669, 471], [1670, 471], [1671, 471], [1672, 471], [1673, 471], [1674, 471], [1675, 471], [1652, 472], [1653, 472], [1654, 472], [1655, 472], [1656, 472], [1658, 472], [1659, 472], [1660, 472], [1661, 472], [1662, 472], [1663, 472], [1664, 472], [1665, 472], [1666, 472], [1667, 472], [1668, 472], [1670, 472], [1671, 472], [1672, 472], [1653, 473], [1654, 473], [1655, 473], [1656, 473], [1657, 473], [1658, 473], [1659, 473], [1660, 473], [1661, 473], [1662, 473], [1663, 473], [1664, 473], [1796, 473], [1797, 473], [1798, 473], [1655, 474], [1656, 474], [1657, 474], [1658, 474], [1659, 474], [1660, 474], [1661, 474], [1662, 474], [1663, 474], [1796, 474], [1798, 474], [1662, 475], [1663, 475], [1791, 475], [1792, 475], [1793, 475], [1794, 475], [1795, 475], [1796, 475], [1797, 475], [1798, 475], [1800, 475], [1801, 475], [1802, 475], [1803, 475], [1662, 476], [1663, 476], [1664, 476], [1791, 476], [1792, 476], [1793, 476], [1794, 476], [1795, 476], [1796, 476], [1797, 476], [1798, 476], [1799, 476], [1800, 476], [1801, 476], [1802, 476], [1803, 476], [1662, 477], [1663, 477], [1664, 477], [1665, 477], [1666, 477], [1667, 477], [1668, 477], [1677, 477], [1678, 477], [1679, 477], [1680, 477], [1681, 477], [1682, 477], [1791, 477], [1792, 477], [1793, 477], [1794, 477], [1795, 477], [1796, 477], [1797, 477], [1798, 477], [1799, 477], [1800, 477], [1801, 477], [1802, 477], [1803, 477], [1663, 478], [1664, 478], [1665, 478], [1666, 478], [1667, 478], [1668, 478], [1669, 478], [1670, 478], [1671, 478], [1672, 478], [1677, 478], [1678, 478], [1679, 478], [1680, 478], [1682, 478], [1791, 478], [1792, 478], [1793, 478], [1794, 478], [1795, 478], [1796, 478], [1797, 478], [1798, 478], [1799, 478], [1800, 478], [1801, 478], [1802, 478], [1803, 478], [1667, 479], [1668, 479], [1669, 479], [1670, 479], [1671, 479], [1672, 479], [1677, 479], [1678, 479], [1679, 479], [1680, 479], [1681, 479], [1682, 479], [1791, 479], [1792, 479], [1793, 479], [1794, 479], [1795, 479], [1796, 479], [1797, 479], [1799, 479], [1800, 479], [1801, 479], [1802, 479], [1803, 479], [1668, 480], [1669, 480], [1670, 480], [1671, 480], [1672, 480], [1678, 480], [1679, 480], [1680, 480], [1793, 480], [1794, 480], [1795, 480], [1669, 481], [1670, 481], [1671, 481], [1669, 482], [1670, 482], [1671, 482], [1672, 482], [1673, 482], [1679, 482], [1680, 482], [1681, 482], [1670, 483], [1671, 483], [1672, 483], [1673, 483], [1674, 483], [1675, 483], [1676, 483], [1677, 483], [1678, 483], [1679, 483], [1680, 483], [1681, 483], [1682, 483], [1672, 484], [1673, 484], [1674, 484], [1675, 484], [1676, 484], [1677, 484], [1678, 484], [1679, 484], [1680, 484], [1681, 484], [1682, 484], [1683, 484], [1675, 485], [1676, 485], [1677, 485], [1678, 485], [1679, 485], [1680, 485], [1681, 485], [1682, 485], [1683, 485], [1682, 486], [1683, 486], [1684, 486], [1682, 487], [1683, 487], [1684, 487], [1682, 488], [1683, 488], [1684, 488], [1685, 488], [1686, 488], [1682, 489], [1683, 489], [1684, 489], [1685, 489], [1686, 489], [1687, 489], [1688, 489], [1689, 489], [1685, 490], [1686, 490], [1687, 490], [1688, 490], [1689, 490], [1690, 490], [1691, 490], [1688, 491], [1689, 491], [1690, 491], [1691, 491], [1692, 491], [1693, 491], [1694, 491], [1695, 491], [1776, 491], [1777, 491], [1778, 491], [1779, 491], [1780, 491], [1783, 491], [1784, 491], [1785, 491], [1786, 491], [1787, 491], [1788, 491], [1789, 491], [1690, 492], [1691, 492], [1692, 492], [1693, 492], [1694, 492], [1695, 492], [1776, 492], [1777, 492], [1778, 492], [1779, 492], [1780, 492], [1782, 492], [1783, 492], [1784, 492], [1785, 492], [1786, 492], [1787, 492], [1788, 492], [1789, 492], [1790, 492], [1791, 492], [1692, 493], [1693, 493], [1694, 493], [1695, 493], [1696, 493], [1776, 493], [1777, 493], [1778, 493], [1779, 493], [1781, 493], [1782, 493], [1783, 493], [1784, 493], [1785, 493], [1786, 493], [1787, 493], [1788, 493], [1789, 493], [1790, 493], [1791, 493], [1694, 494], [1695, 494], [1696, 494], [1697, 494], [1698, 494], [1776, 494], [1777, 494], [1779, 494], [1780, 494], [1781, 494], [1782, 494], [1783, 494], [1784, 494], [1785, 494], [1790, 494], [1791, 494], [1792, 494], [1695, 495], [1696, 495], [1697, 495], [1698, 495], [1699, 495], [1700, 495], [1701, 495], [1702, 495], [1777, 495], [1778, 495], [1779, 495], [1780, 495], [1781, 495], [1782, 495], [1783, 495], [1784, 495], [1785, 495], [1786, 495], [1787, 495], [1788, 495], [1790, 495], [1791, 495], [1792, 495], [1793, 495], [1794, 495], [1795, 495], [1697, 496], [1698, 496], [1699, 496], [1700, 496], [1701, 496], [1702, 496], [1777, 496], [1778, 496], [1779, 496], [1780, 496], [1781, 496], [1782, 496], [1783, 496], [1784, 496], [1785, 496], [1786, 496], [1787, 496], [1788, 496], [1789, 496], [1790, 496], [1791, 496], [1792, 496], [1793, 496], [1794, 496], [1795, 496], [1796, 496], [1797, 496], [1701, 497], [1702, 497], [1703, 497], [1704, 497], [1705, 497], [1706, 497], [1707, 497], [1781, 497], [1782, 497], [1783, 497], [1784, 497], [1785, 497], [1786, 497], [1787, 497], [1788, 497], [1789, 497], [1790, 497], [1791, 497], [1793, 497], [1794, 497], [1795, 497], [1796, 497], [1797, 497], [1701, 498], [1702, 498], [1703, 498], [1704, 498], [1705, 498], [1706, 498], [1707, 498], [1708, 498], [1709, 498], [1710, 498], [1711, 498], [1712, 498], [1713, 498], [1781, 498], [1782, 498], [1783, 498], [1784, 498], [1785, 498], [1786, 498], [1787, 498], [1788, 498], [1789, 498], [1790, 498], [1791, 498], [1792, 498], [1793, 498], [1794, 498], [1796, 498], [1797, 498], [1798, 498], [1799, 498], [1800, 498], [1704, 499], [1705, 499], [1706, 499], [1707, 499], [1708, 499], [1709, 499], [1710, 499], [1711, 499], [1712, 499], [1713, 499], [1714, 499], [1715, 499], [1716, 499], [1717, 499], [1718, 499], [1719, 499], [1720, 499], [1721, 499], [1722, 499], [1723, 499], [1781, 499], [1782, 499], [1783, 499], [1784, 499], [1785, 499], [1786, 499], [1787, 499], [1788, 499], [1789, 499], [1790, 499], [1791, 499], [1792, 499], [1793, 499], [1794, 499], [1795, 499], [1796, 499], [1798, 499], [1799, 499], [1800, 499], [1712, 500], [1713, 500], [1714, 500], [1715, 500], [1716, 500], [1717, 500], [1718, 500], [1719, 500], [1720, 500], [1721, 500], [1722, 500], [1723, 500], [1782, 500], [1783, 500], [1784, 500], [1786, 500], [1787, 500], [1788, 500], [1789, 500], [1790, 500], [1791, 500], [1792, 500], [1793, 500], [1794, 500], [1795, 500], [1796, 500], [1797, 500], [1798, 500], [1799, 500], [1800, 500], [1715, 501], [1716, 501], [1717, 501], [1718, 501], [1719, 501], [1720, 501], [1722, 501], [1723, 501], [1786, 501], [1787, 501], [1788, 501], [1789, 501], [1790, 501], [1791, 501], [1792, 501], [1793, 501], [1794, 501], [1795, 501], [1797, 501], [1798, 501], [1799, 501], [1721, 502], [1722, 502], [1723, 502], [1786, 502], [1787, 502], [1788, 502], [1789, 502], [1790, 502], [1791, 502], [1792, 502], [1793, 502], [1794, 502], [1795, 502], [1796, 502], [1797, 502], [1798, 502], [1799, 502], [1800, 502], [1721, 503], [1722, 503], [1786, 503], [1787, 503], [1788, 503], [1789, 503], [1790, 503], [1791, 503], [1793, 503], [1794, 503], [1795, 503], [1796, 503], [1797, 503], [1798, 503], [1799, 503], [1800, 503], [1721, 504], [1722, 504], [1723, 504], [1741, 504], [1742, 504], [1743, 504], [1744, 504], [1787, 504], [1788, 504], [1789, 504], [1790, 504], [1791, 504], [1792, 504], [1793, 504], [1794, 504], [1795, 504], [1796, 504], [1797, 504], [1798, 504], [1799, 504], [1800, 504], [1721, 505], [1722, 505], [1723, 505], [1724, 505], [1728, 505], [1729, 505], [1730, 505], [1741, 505], [1742, 505], [1743, 505], [1744, 505], [1787, 505], [1788, 505], [1789, 505], [1790, 505], [1791, 505], [1792, 505], [1793, 505], [1794, 505], [1795, 505], [1797, 505], [1798, 505], [1799, 505], [1722, 506], [1723, 506], [1724, 506], [1725, 506], [1726, 506], [1727, 506], [1728, 506], [1729, 506], [1730, 506], [1731, 506], [1732, 506], [1740, 506], [1741, 506], [1742, 506], [1743, 506], [1744, 506], [1788, 506], [1789, 506], [1790, 506], [1791, 506], [1792, 506], [1793, 506], [1795, 506], [1796, 506], [1797, 506], [1723, 507], [1724, 507], [1725, 507], [1726, 507], [1727, 507], [1728, 507], [1729, 507], [1730, 507], [1731, 507], [1732, 507], [1733, 507], [1734, 507], [1735, 507], [1736, 507], [1737, 507], [1739, 507], [1740, 507], [1741, 507], [1742, 507], [1743, 507], [1744, 507], [1745, 507], [1756, 507], [1757, 507], [1758, 507], [1759, 507], [1760, 507], [1761, 507], [1762, 507], [1763, 507], [1764, 507], [1725, 508], [1726, 508], [1727, 508], [1731, 508], [1732, 508], [1733, 508], [1734, 508], [1735, 508], [1736, 508], [1737, 508], [1738, 508], [1739, 508], [1740, 508], [1742, 508], [1744, 508], [1745, 508], [1746, 508], [1747, 508], [1748, 508], [1749, 508], [1750, 508], [1754, 508], [1755, 508], [1756, 508], [1757, 508], [1758, 508], [1759, 508], [1760, 508], [1761, 508], [1762, 508], [1763, 508], [1764, 508], [1765, 508], [1766, 508], [1733, 509], [1734, 509], [1735, 509], [1736, 509], [1737, 509], [1738, 509], [1739, 509], [1740, 509], [1741, 509], [1743, 509], [1744, 509], [1745, 509], [1746, 509], [1747, 509], [1748, 509], [1749, 509], [1750, 509], [1751, 509], [1752, 509], [1753, 509], [1754, 509], [1755, 509], [1757, 509], [1758, 509], [1759, 509], [1760, 509], [1761, 509], [1762, 509], [1763, 509], [1764, 509], [1765, 509], [1766, 509], [1774, 509], [1775, 509], [1776, 509], [1777, 509], [1778, 509], [1737, 510], [1738, 510], [1739, 510], [1740, 510], [1741, 510], [1742, 510], [1743, 510], [1744, 510], [1745, 510], [1746, 510], [1747, 510], [1748, 510], [1749, 510], [1751, 510], [1752, 510], [1754, 510], [1755, 510], [1756, 510], [1757, 510], [1758, 510], [1759, 510], [1760, 510], [1761, 510], [1762, 510], [1763, 510], [1764, 510], [1765, 510], [1766, 510], [1774, 510], [1778, 510], [1779, 510], [1780, 510], [1736, 511], [1737, 511], [1738, 511], [1739, 511], [1740, 511], [1741, 511], [1742, 511], [1743, 511], [1744, 511], [1745, 511], [1746, 511], [1747, 511], [1748, 511], [1749, 511], [1750, 511], [1751, 511], [1752, 511], [1753, 511], [1754, 511], [1755, 511], [1756, 511], [1759, 511], [1760, 511], [1761, 511], [1762, 511], [1763, 511], [1764, 511], [1765, 511], [1766, 511], [1767, 511], [1774, 511], [1775, 511], [1776, 511], [1777, 511], [1778, 511], [1780, 511], [1736, 512], [1737, 512], [1738, 512], [1739, 512], [1740, 512], [1741, 512], [1743, 512], [1744, 512], [1745, 512], [1747, 512], [1748, 512], [1749, 512], [1750, 512], [1751, 512], [1752, 512], [1754, 512], [1755, 512], [1756, 512], [1759, 512], [1760, 512], [1761, 512], [1762, 512], [1763, 512], [1764, 512], [1765, 512], [1767, 512], [1778, 512], [1779, 512], [1780, 512], [1736, 513], [1737, 513], [1738, 513], [1739, 513], [1740, 513], [1741, 513], [1754, 513], [1755, 513], [1756, 513], [1759, 513], [1760, 513], [1761, 513], [1762, 513], [1763, 513], [1765, 513], [1766, 513], [1767, 513], [1768, 513], [1738, 514], [1739, 514], [1740, 514], [1741, 514], [1742, 514], [1743, 514], [1744, 514], [1745, 514], [1748, 514], [1749, 514], [1750, 514], [1751, 514], [1752, 514], [1753, 514], [1754, 514], [1755, 514], [1756, 514], [1757, 514], [1758, 514], [1759, 514], [1760, 514], [1761, 514], [1762, 514], [1763, 514], [1764, 514], [1765, 514], [1766, 514], [1767, 514], [1768, 514], [1740, 515], [1741, 515], [1742, 515], [1743, 515], [1744, 515], [1745, 515], [1746, 515], [1747, 515], [1748, 515], [1749, 515], [1750, 515], [1751, 515], [1752, 515], [1753, 515], [1754, 515], [1755, 515], [1756, 515], [1757, 515], [1758, 515], [1759, 515], [1760, 515], [1762, 515], [1763, 515], [1764, 515], [1765, 515], [1766, 515], [1767, 515], [1768, 515], [1744, 516], [1745, 516], [1746, 516], [1747, 516], [1748, 516], [1749, 516], [1760, 516], [1761, 516], [1762, 516], [1764, 516], [1765, 516], [1766, 516], [1760, 517], [1761, 517], [1762, 517], [1763, 517], [1764, 517], [1765, 517], [1766, 517], [1759, 518], [1760, 518], [1761, 518], [1762, 518], [1763, 518], [1764, 518], [1765, 518], [1766, 518], [1758, 519], [1759, 519], [1760, 519], [1762, 519], [1763, 519], [1764, 519], [1765, 519], [1758, 520], [1759, 520], [1760, 520], [1761, 520], [1762, 520], [1763, 520], [1764, 520], [1765, 520], [1766, 520], [1767, 520], [1768, 520], [1758, 521], [1759, 521], [1760, 521], [1761, 521], [1762, 521], [1763, 521], [1765, 521], [1766, 521], [1767, 521], [1768, 521], [1771, 521], [1772, 521], [1773, 521], [1762, 522], [1763, 522], [1764, 522], [1765, 522], [1766, 522], [1767, 522], [1768, 522], [1769, 522], [1771, 522], [1772, 522], [1773, 522], [1774, 522], [1762, 523], [1763, 523], [1764, 523], [1765, 523], [1766, 523], [1767, 523], [1768, 523], [1769, 523], [1770, 523], [1771, 523], [1772, 523], [1773, 523], [1774, 523], [1762, 524], [1763, 524], [1764, 524], [1765, 524], [1766, 524], [1767, 524], [1768, 524], [1769, 524], [1770, 524], [1771, 524], [1772, 524], [1773, 524], [1774, 524], [1775, 524], [1762, 525], [1763, 525], [1764, 525], [1765, 525], [1766, 525], [1767, 525], [1768, 525], [1770, 525], [1771, 525], [1772, 525], [1773, 525], [1774, 525], [1775, 525], [1768, 526], [1769, 526], [1770, 526], [1772, 526], [1773, 526], [1774, 526], [1775, 526], [1768, 527], [1769, 527], [1770, 527], [1771, 527], [1772, 527], [1773, 527], [1774, 527], [1776, 527], [1777, 527], [1778, 527], [1772, 528], [1773, 528], [1774, 528], [1775, 528], [1776, 528], [1777, 528], [1778, 528], [1779, 528], [1772, 529], [1773, 529], [1774, 529], [1776, 529], [1777, 529], [1778, 529], [1779, 529], [1781, 529], [1782, 529], [1783, 529], [1784, 529], [1785, 529], [1786, 529], [1772, 530], [1773, 530], [1774, 530], [1775, 530], [1776, 530], [1777, 530], [1778, 530], [1779, 530], [1780, 530], [1781, 530], [1782, 530], [1783, 530], [1784, 530], [1785, 530], [1786, 530], [1774, 531], [1775, 531], [1779, 531], [1780, 531], [1781, 531], [1783, 531], [1784, 531], [1785, 531], [1786, 531], [1787, 531], [1788, 531], [1789, 531], [1790, 531], [1791, 531], [1774, 532], [1775, 532], [1779, 532], [1780, 532], [1781, 532], [1782, 532], [1783, 532], [1784, 532], [1786, 532], [1787, 532], [1788, 532], [1789, 532], [1790, 532], [1791, 532], [1774, 533], [1775, 533], [1776, 533], [1777, 533], [1778, 533], [1779, 533], [1780, 533], [1781, 533], [1782, 533], [1783, 533], [1784, 533], [1785, 533], [1786, 533], [1787, 533], [1788, 533], [1789, 533], [1790, 533], [1791, 533], [1792, 533], [1803, 533], [1804, 533], [1805, 533], [1781, 534], [1782, 534], [1783, 534], [1784, 534], [1785, 534], [1786, 534], [1787, 534], [1788, 534], [1789, 534], [1790, 534], [1791, 534], [1792, 534], [1793, 534], [1794, 534], [1795, 534], [1796, 534], [1797, 534], [1798, 534], [1799, 534], [1800, 534], [1801, 534], [1802, 534], [1803, 534], [1804, 534], [1805, 534], [1806, 534], [1807, 534], [1781, 535], [1782, 535], [1783, 535], [1784, 535], [1786, 535], [1787, 535], [1788, 535], [1790, 535], [1791, 535], [1792, 535], [1793, 535], [1794, 535], [1795, 535], [1796, 535], [1797, 535], [1798, 535], [1799, 535], [1800, 535], [1801, 535], [1802, 535], [1803, 535], [1804, 535], [1805, 535], [1806, 535], [1807, 535], [1782, 536], [1783, 536], [1784, 536], [1785, 536], [1786, 536], [1787, 536], [1788, 536], [1790, 536], [1791, 536], [1792, 536], [1793, 536], [1794, 536], [1795, 536], [1797, 536], [1798, 536], [1799, 536], [1800, 536], [1801, 536], [1802, 536], [1803, 536], [1804, 536], [1805, 536], [1806, 536], [1807, 536], [1784, 537], [1785, 537], [1786, 537], [1787, 537], [1788, 537], [1791, 537], [1792, 537], [1793, 537], [1794, 537], [1795, 537], [1796, 537], [1797, 537], [1798, 537], [1799, 537], [1800, 537], [1801, 537], [1802, 537], [1804, 537], [1805, 537], [1806, 537], [1807, 537], [1816, 537], [1817, 537], [1818, 537], [1819, 537], [1820, 537], [1786, 538], [1787, 538], [1788, 538], [1789, 538], [1790, 538], [1791, 538], [1792, 538], [1793, 538], [1794, 538], [1795, 538], [1796, 538], [1797, 538], [1798, 538], [1799, 538], [1800, 538], [1801, 538], [1802, 538], [1803, 538], [1804, 538], [1806, 538], [1807, 538], [1808, 538], [1810, 538], [1811, 538], [1812, 538], [1813, 538], [1814, 538], [1815, 538], [1816, 538], [1817, 538], [1818, 538], [1819, 538], [1820, 538], [1821, 538], [1787, 539], [1788, 539], [1789, 539], [1790, 539], [1791, 539], [1792, 539], [1793, 539], [1794, 539], [1795, 539], [1796, 539], [1797, 539], [1798, 539], [1799, 539], [1800, 539], [1801, 539], [1802, 539], [1803, 539], [1804, 539], [1805, 539], [1806, 539], [1807, 539], [1808, 539], [1809, 539], [1810, 539], [1811, 539], [1812, 539], [1814, 539], [1815, 539], [1816, 539], [1817, 539], [1818, 539], [1819, 539], [1820, 539], [1821, 539], [1822, 539], [1791, 540], [1792, 540], [1793, 540], [1799, 540], [1800, 540], [1801, 540], [1802, 540], [1803, 540], [1804, 540], [1805, 540], [1806, 540], [1807, 540], [1808, 540], [1809, 540], [1810, 540], [1812, 540], [1813, 540], [1814, 540], [1815, 540], [1816, 540], [1817, 540], [1818, 540], [1819, 540], [1821, 540], [1822, 540], [1823, 540], [1824, 540], [1806, 541], [1807, 541], [1808, 541], [1809, 541], [1810, 541], [1811, 541], [1812, 541], [1813, 541], [1814, 541], [1815, 541], [1816, 541], [1817, 541], [1818, 541], [1819, 541], [1820, 541], [1821, 541], [1822, 541], [1823, 541], [1824, 541], [1807, 542], [1808, 542], [1809, 542], [1810, 542], [1812, 542], [1813, 542], [1814, 542], [1815, 542], [1816, 542], [1817, 542], [1818, 542], [1819, 542], [1820, 542], [1821, 542], [1822, 542], [1823, 542], [1824, 542], [1804, 543], [1805, 543], [1806, 543], [1807, 543], [1808, 543], [1809, 543], [1810, 543], [1811, 543], [1812, 543], [1813, 543], [1814, 543], [1816, 543], [1817, 543], [1818, 543], [1819, 543], [1820, 543], [1823, 543], [1824, 543], [1802, 544], [1803, 544], [1804, 544], [1805, 544], [1806, 544], [1807, 544], [1808, 544], [1809, 544], [1810, 544], [1811, 544], [1812, 544], [1814, 544], [1815, 544], [1816, 544], [1817, 544], [1818, 544], [1819, 544], [1820, 544], [1821, 544], [1822, 544], [1823, 544], [1802, 545], [1803, 545], [1804, 545], [1805, 545], [1806, 545], [1807, 545], [1808, 545], [1809, 545], [1810, 545], [1815, 545], [1816, 545], [1817, 545], [1818, 545], [1819, 545], [1820, 545], [1821, 545], [1822, 545], [1823, 545], [1824, 545], [1802, 546], [1803, 546], [1804, 546], [1805, 546], [1806, 546], [1807, 546], [1808, 546], [1809, 546], [1810, 546], [1811, 546], [1812, 546], [1813, 546], [1814, 546], [1815, 546], [1816, 546], [1817, 546], [1820, 546], [1821, 546], [1822, 546], [1824, 546], [1807, 547], [1808, 547], [1809, 547], [1810, 547], [1811, 547], [1812, 547], [1813, 547], [1814, 547], [1815, 547], [1816, 547], [1817, 547], [1818, 547], [1819, 547], [1820, 547], [1821, 547], [1822, 547], [1823, 547], [1824, 547], [1823, 548], [1824, 548], [1819, 550], [1820, 550], [1821, 550], [1819, 551], [1821, 551], [1819, 552], [1820, 552], [1821, 552]




White line right - [1418, 409], [1419, 409], [1420, 409], [1421, 409], [1418, 410], [1419, 410], [1420, 410], [1421, 410], [1418, 411], [1419, 411], [1420, 411], [1421, 411], [1423, 411], [1424, 411], [1425, 411], [1426, 411], [1423, 412], [1424, 412], [1425, 412], [1426, 412], [1423, 413], [1424, 413], [1425, 413], [1427, 413], [1428, 413], [1429, 413], [1430, 413], [1426, 414], [1427, 414], [1429, 414], [1430, 414], [1426, 415], [1427, 415], [1428, 415], [1429, 415], [1430, 415], [1433, 416], [1434, 416], [1435, 416], [1436, 416], [1433, 417], [1434, 417], [1435, 417], [1436, 417], [1433, 418], [1434, 418], [1435, 418], [1436, 418], [1454, 427], [1455, 427], [1456, 427], [1457, 427], [1454, 428], [1455, 428], [1456, 428], [1457, 428], [1458, 428], [1459, 428], [1454, 429], [1455, 429], [1456, 429], [1457, 429], [1458, 429], [1459, 429], [1460, 429], [1461, 429], [1455, 430], [1456, 430], [1457, 430], [1458, 430], [1459, 430], [1460, 430], [1461, 430], [1462, 430], [1456, 431], [1457, 431], [1458, 431], [1459, 431], [1460, 431], [1461, 431], [1462, 431], [1463, 431], [1464, 431], [1465, 431], [1458, 432], [1459, 432], [1460, 432], [1461, 432], [1462, 432], [1463, 432], [1464, 432], [1465, 432], [1466, 432], [1467, 432], [1461, 433], [1462, 433], [1463, 433], [1464, 433], [1465, 433], [1466, 433], [1467, 433], [1462, 434], [1463, 434], [1464, 434], [1465, 434], [1466, 434], [1467, 434], [1462, 435], [1463, 435], [1464, 435], [1465, 435], [1466, 435], [1463, 436], [1464, 436], [1465, 436], [1491, 446], [1492, 446], [1493, 446], [1494, 446], [1491, 447], [1492, 447], [1493, 447], [1494, 447], [1491, 448], [1492, 448], [1493, 448], [1494, 448]


