White line left - 




Yellow line left - [1165, 663], [1166, 663], [1167, 663], [1165, 664], [1166, 664], [1167, 664], [1168, 664], [1165, 665], [1166, 665], [1167, 665], [1168, 665], [1166, 666], [1167, 666], [1168, 666], [1166, 667], [1167, 667], [1168, 667]




Yellow line right - [1190, 647], [1191, 647], [1192, 647], [1193, 647], [1194, 647], [1195, 647], [1196, 647], [1197, 647], [1189, 648], [1190, 648], [1191, 648], [1192, 648], [1193, 648], [1194, 648], [1195, 648], [1196, 648], [1197, 648], [1198, 648], [1199, 648], [1200, 648], [1201, 648], [1202, 648], [1203, 648], [1204, 648], [1205, 648], [1206, 648], [1207, 648], [1208, 648], [1209, 648], [1189, 649], [1190, 649], [1191, 649], [1196, 649], [1197, 649], [1198, 649], [1199, 649], [1200, 649], [1201, 649], [1202, 649], [1203, 649], [1204, 649], [1205, 649], [1206, 649], [1207, 649], [1208, 649], [1209, 649], [1210, 649], [1211, 649], [1212, 649], [1188, 650], [1189, 650], [1190, 650], [1208, 650], [1209, 650], [1210, 650], [1211, 650], [1212, 650], [1213, 650], [1214, 650], [1215, 650], [1188, 651], [1189, 651], [1190, 651], [1211, 651], [1212, 651], [1213, 651], [1214, 651], [1215, 651], [1216, 651], [1217, 651], [1188, 652], [1189, 652], [1214, 652], [1215, 652], [1216, 652], [1217, 652], [1218, 652], [1188, 653], [1189, 653], [1216, 653], [1217, 653], [1218, 653], [1187, 654], [1188, 654], [1189, 654], [1217, 654], [1218, 654], [1219, 654], [1187, 655], [1188, 655], [1189, 655], [1217, 655], [1218, 655], [1219, 655], [1187, 656], [1188, 656], [1189, 656], [1217, 656], [1218, 656], [1219, 656], [1220, 656], [1188, 657], [1189, 657], [1190, 657], [1215, 657], [1216, 657], [1217, 657], [1218, 657], [1219, 657], [1220, 657], [1188, 658], [1189, 658], [1190, 658], [1191, 658], [1192, 658], [1193, 658], [1212, 658], [1213, 658], [1214, 658], [1215, 658], [1216, 658], [1217, 658], [1218, 658], [1219, 658], [1220, 658], [1189, 659], [1190, 659], [1191, 659], [1192, 659], [1193, 659], [1194, 659], [1195, 659], [1209, 659], [1210, 659], [1211, 659], [1212, 659], [1213, 659], [1214, 659], [1215, 659], [1216, 659], [1192, 660], [1193, 660], [1194, 660], [1195, 660], [1196, 660], [1197, 660], [1198, 660], [1199, 660], [1200, 660], [1201, 660], [1202, 660], [1203, 660], [1204, 660], [1205, 660], [1206, 660], [1207, 660], [1208, 660], [1209, 660], [1210, 660], [1211, 660], [1212, 660], [1213, 660], [1194, 661], [1195, 661], [1196, 661], [1197, 661], [1198, 661], [1199, 661], [1200, 661], [1201, 661], [1202, 661], [1203, 661], [1204, 661], [1205, 661], [1206, 661], [1207, 661], [1208, 661], [1209, 661], [1210, 661], [1202, 662], [1203, 662], [1204, 662]




White line right - 


