White line left - 




Yellow line left - [1256, 660], [1257, 660], [1258, 660], [1259, 660], [1256, 661], [1257, 661], [1258, 661], [1259, 661], [1260, 661], [1256, 662], [1257, 662], [1259, 662], [1260, 662], [1261, 662], [1256, 663], [1257, 663], [1258, 663], [1259, 663], [1260, 663], [1261, 663], [1257, 664], [1258, 664], [1259, 664], [1260, 664], [1261, 664]




Yellow line right - [1279, 693], [1280, 693], [1281, 693], [1282, 693], [1279, 694], [1280, 694], [1281, 694], [1282, 694], [1279, 695], [1280, 695], [1281, 695], [1282, 695], [1279, 696], [1280, 696], [1281, 696], [1283, 696], [1284, 696], [1285, 696], [1279, 697], [1280, 697], [1281, 697], [1282, 697], [1283, 697], [1284, 697], [1285, 697], [1282, 698], [1283, 698], [1284, 698], [1285, 698], [1282, 699], [1283, 699], [1284, 699], [1293, 703], [1294, 703], [1295, 703], [1293, 704], [1295, 704], [1293, 705], [1294, 705], [1295, 705]




White line right - [1602, 222], [1603, 222], [1604, 222], [1622, 222], [1623, 222], [1624, 222], [1625, 222], [1626, 222], [1627, 222], [1599, 223], [1600, 223], [1601, 223], [1602, 223], [1603, 223], [1604, 223], [1622, 223], [1623, 223], [1626, 223], [1627, 223], [1629, 223], [1630, 223], [1631, 223], [1638, 223], [1639, 223], [1640, 223], [1598, 224], [1599, 224], [1600, 224], [1601, 224], [1602, 224], [1603, 224], [1604, 224], [1622, 224], [1623, 224], [1624, 224], [1625, 224], [1626, 224], [1627, 224], [1629, 224], [1631, 224], [1638, 224], [1640, 224], [1646, 224], [1647, 224], [1648, 224], [1649, 224], [1650, 224], [1651, 224], [1652, 224], [1653, 224], [1654, 224], [1597, 225], [1598, 225], [1599, 225], [1601, 225], [1602, 225], [1603, 225], [1616, 225], [1617, 225], [1618, 225], [1619, 225], [1620, 225], [1629, 225], [1630, 225], [1631, 225], [1638, 225], [1639, 225], [1640, 225], [1646, 225], [1647, 225], [1649, 225], [1650, 225], [1651, 225], [1652, 225], [1653, 225], [1654, 225], [1655, 225], [1656, 225], [1657, 225], [1658, 225], [1659, 225], [1660, 225], [1661, 225], [1662, 225], [1596, 226], [1597, 226], [1598, 226], [1599, 226], [1600, 226], [1601, 226], [1602, 226], [1603, 226], [1611, 226], [1612, 226], [1613, 226], [1614, 226], [1615, 226], [1616, 226], [1617, 226], [1619, 226], [1620, 226], [1646, 226], [1647, 226], [1648, 226], [1649, 226], [1650, 226], [1651, 226], [1652, 226], [1653, 226], [1654, 226], [1655, 226], [1656, 226], [1657, 226], [1659, 226], [1660, 226], [1661, 226], [1662, 226], [1663, 226], [1596, 227], [1597, 227], [1598, 227], [1599, 227], [1600, 227], [1601, 227], [1611, 227], [1612, 227], [1614, 227], [1615, 227], [1616, 227], [1617, 227], [1618, 227], [1619, 227], [1620, 227], [1653, 227], [1654, 227], [1655, 227], [1656, 227], [1657, 227], [1658, 227], [1659, 227], [1660, 227], [1662, 227], [1663, 227], [1664, 227], [1595, 228], [1596, 228], [1597, 228], [1598, 228], [1599, 228], [1600, 228], [1601, 228], [1602, 228], [1611, 228], [1612, 228], [1613, 228], [1614, 228], [1615, 228], [1653, 228], [1654, 228], [1655, 228], [1656, 228], [1657, 228], [1659, 228], [1660, 228], [1661, 228], [1662, 228], [1663, 228], [1664, 228], [1595, 229], [1596, 229], [1597, 229], [1598, 229], [1599, 229], [1600, 229], [1602, 229], [1660, 229], [1661, 229], [1662, 229], [1663, 229], [1664, 229], [1595, 230], [1596, 230], [1597, 230], [1598, 230], [1600, 230], [1601, 230], [1602, 230], [1659, 230], [1660, 230], [1661, 230], [1662, 230], [1663, 230], [1664, 230], [1594, 231], [1595, 231], [1596, 231], [1597, 231], [1598, 231], [1658, 231], [1659, 231], [1660, 231], [1662, 231], [1663, 231], [1594, 232], [1595, 232], [1596, 232], [1597, 232], [1598, 232], [1658, 232], [1659, 232], [1661, 232], [1662, 232], [1663, 232], [1594, 233], [1595, 233], [1596, 233], [1597, 233], [1602, 233], [1603, 233], [1604, 233], [1657, 233], [1658, 233], [1659, 233], [1660, 233], [1661, 233], [1662, 233], [1594, 234], [1595, 234], [1596, 234], [1597, 234], [1602, 234], [1604, 234], [1649, 234], [1650, 234], [1651, 234], [1657, 234], [1658, 234], [1660, 234], [1661, 234], [1593, 235], [1594, 235], [1596, 235], [1597, 235], [1602, 235], [1603, 235], [1604, 235], [1649, 235], [1651, 235], [1657, 235], [1658, 235], [1659, 235], [1660, 235], [1661, 235], [1593, 236], [1594, 236], [1595, 236], [1596, 236], [1649, 236], [1650, 236], [1651, 236], [1656, 236], [1657, 236], [1659, 236], [1660, 236], [1593, 237], [1594, 237], [1595, 237], [1596, 237], [1655, 237], [1656, 237], [1657, 237], [1658, 237], [1659, 237], [1592, 238], [1593, 238], [1594, 238], [1595, 238], [1596, 238], [1654, 238], [1655, 238], [1656, 238], [1657, 238], [1658, 238], [1659, 238], [1592, 239], [1593, 239], [1594, 239], [1595, 239], [1596, 239], [1654, 239], [1655, 239], [1657, 239], [1658, 239], [1592, 240], [1593, 240], [1594, 240], [1595, 240], [1644, 240], [1645, 240], [1646, 240], [1647, 240], [1653, 240], [1654, 240], [1655, 240], [1656, 240], [1657, 240], [1658, 240], [1592, 241], [1593, 241], [1594, 241], [1595, 241], [1643, 241], [1644, 241], [1645, 241], [1646, 241], [1647, 241], [1648, 241], [1653, 241], [1654, 241], [1655, 241], [1656, 241], [1657, 241], [1592, 242], [1593, 242], [1594, 242], [1595, 242], [1643, 242], [1644, 242], [1645, 242], [1646, 242], [1647, 242], [1648, 242], [1652, 242], [1653, 242], [1654, 242], [1655, 242], [1656, 242], [1591, 243], [1592, 243], [1594, 243], [1595, 243], [1643, 243], [1644, 243], [1645, 243], [1647, 243], [1648, 243], [1652, 243], [1653, 243], [1654, 243], [1655, 243], [1656, 243], [1591, 244], [1592, 244], [1593, 244], [1594, 244], [1643, 244], [1644, 244], [1645, 244], [1646, 244], [1647, 244], [1648, 244], [1651, 244], [1652, 244], [1654, 244], [1655, 244], [1591, 245], [1592, 245], [1593, 245], [1594, 245], [1643, 245], [1644, 245], [1645, 245], [1646, 245], [1647, 245], [1648, 245], [1649, 245], [1650, 245], [1651, 245], [1652, 245], [1653, 245], [1654, 245], [1590, 246], [1591, 246], [1593, 246], [1594, 246], [1643, 246], [1644, 246], [1645, 246], [1646, 246], [1647, 246], [1648, 246], [1649, 246], [1650, 246], [1651, 246], [1652, 246], [1653, 246], [1654, 246], [1590, 247], [1591, 247], [1592, 247], [1593, 247], [1643, 247], [1644, 247], [1645, 247], [1646, 247], [1647, 247], [1648, 247], [1649, 247], [1650, 247], [1652, 247], [1653, 247], [1590, 248], [1591, 248], [1592, 248], [1593, 248], [1644, 248], [1645, 248], [1646, 248], [1647, 248], [1648, 248], [1649, 248], [1650, 248], [1651, 248], [1652, 248], [1653, 248], [1589, 249], [1590, 249], [1591, 249], [1592, 249], [1593, 249], [1646, 249], [1647, 249], [1648, 249], [1649, 249], [1650, 249], [1651, 249], [1652, 249], [1589, 250], [1590, 250], [1592, 250], [1593, 250], [1647, 250], [1648, 250], [1649, 250], [1650, 250], [1651, 250], [1589, 251], [1590, 251], [1591, 251], [1592, 251], [1593, 251], [1646, 251], [1647, 251], [1648, 251], [1649, 251], [1650, 251], [1651, 251], [1589, 252], [1590, 252], [1591, 252], [1592, 252], [1644, 252], [1645, 252], [1646, 252], [1647, 252], [1648, 252], [1649, 252], [1650, 252], [1589, 253], [1590, 253], [1591, 253], [1592, 253], [1644, 253], [1645, 253], [1646, 253], [1648, 253], [1649, 253], [1588, 254], [1589, 254], [1590, 254], [1591, 254], [1592, 254], [1644, 254], [1645, 254], [1646, 254], [1647, 254], [1648, 254], [1649, 254], [1588, 255], [1589, 255], [1590, 255], [1591, 255], [1592, 255], [1609, 255], [1610, 255], [1611, 255], [1612, 255], [1644, 255], [1645, 255], [1646, 255], [1647, 255], [1648, 255], [1588, 256], [1589, 256], [1590, 256], [1591, 256], [1609, 256], [1610, 256], [1611, 256], [1612, 256], [1622, 256], [1623, 256], [1624, 256], [1625, 256], [1643, 256], [1644, 256], [1645, 256], [1646, 256], [1647, 256], [1588, 257], [1589, 257], [1590, 257], [1591, 257], [1592, 257], [1609, 257], [1610, 257], [1611, 257], [1612, 257], [1618, 257], [1619, 257], [1620, 257], [1622, 257], [1623, 257], [1624, 257], [1625, 257], [1642, 257], [1643, 257], [1644, 257], [1645, 257], [1646, 257], [1647, 257], [1588, 258], [1589, 258], [1591, 258], [1592, 258], [1593, 258], [1594, 258], [1618, 258], [1620, 258], [1622, 258], [1623, 258], [1624, 258], [1625, 258], [1626, 258], [1627, 258], [1628, 258], [1629, 258], [1630, 258], [1640, 258], [1641, 258], [1642, 258], [1643, 258], [1645, 258], [1646, 258], [1588, 259], [1589, 259], [1590, 259], [1591, 259], [1592, 259], [1593, 259], [1594, 259], [1618, 259], [1619, 259], [1620, 259], [1622, 259], [1623, 259], [1625, 259], [1626, 259], [1627, 259], [1628, 259], [1629, 259], [1630, 259], [1638, 259], [1639, 259], [1640, 259], [1641, 259], [1642, 259], [1643, 259], [1644, 259], [1645, 259], [1646, 259], [1589, 260], [1590, 260], [1591, 260], [1592, 260], [1593, 260], [1594, 260], [1622, 260], [1623, 260], [1624, 260], [1625, 260], [1626, 260], [1627, 260], [1628, 260], [1629, 260], [1630, 260], [1638, 260], [1639, 260], [1640, 260], [1641, 260], [1642, 260], [1643, 260], [1644, 260], [1645, 260], [1638, 261], [1639, 261], [1640, 261], [1642, 261], [1643, 261], [1644, 261], [1637, 262], [1638, 262], [1639, 262], [1640, 262], [1641, 262], [1642, 262], [1643, 262], [1637, 263], [1638, 263], [1639, 263], [1640, 263], [1641, 263], [1642, 263], [1637, 264], [1638, 264], [1639, 264], [1402, 304], [1403, 304], [1404, 304], [1401, 305], [1402, 305], [1403, 305], [1404, 305], [1405, 305], [1406, 305], [1407, 305], [1399, 306], [1400, 306], [1403, 306], [1404, 306], [1405, 306], [1406, 306], [1407, 306], [1408, 306], [1409, 306], [1410, 306], [1397, 307], [1398, 307], [1399, 307], [1400, 307], [1401, 307], [1402, 307], [1403, 307], [1404, 307], [1406, 307], [1407, 307], [1408, 307], [1409, 307], [1410, 307], [1411, 307], [1412, 307], [1413, 307], [1414, 307], [1396, 308], [1397, 308], [1398, 308], [1399, 308], [1400, 308], [1401, 308], [1402, 308], [1403, 308], [1404, 308], [1405, 308], [1406, 308], [1409, 308], [1410, 308], [1411, 308], [1412, 308], [1413, 308], [1414, 308], [1415, 308], [1416, 308], [1394, 309], [1395, 309], [1396, 309], [1397, 309], [1398, 309], [1399, 309], [1400, 309], [1401, 309], [1402, 309], [1403, 309], [1404, 309], [1405, 309], [1406, 309], [1407, 309], [1408, 309], [1409, 309], [1413, 309], [1414, 309], [1415, 309], [1416, 309], [1417, 309], [1418, 309], [1419, 309], [1393, 310], [1394, 310], [1395, 310], [1396, 310], [1397, 310], [1398, 310], [1399, 310], [1400, 310], [1401, 310], [1402, 310], [1403, 310], [1404, 310], [1405, 310], [1407, 310], [1408, 310], [1409, 310], [1410, 310], [1411, 310], [1412, 310], [1413, 310], [1415, 310], [1416, 310], [1417, 310], [1418, 310], [1419, 310], [1420, 310], [1421, 310], [1422, 310], [1396, 311], [1397, 311], [1398, 311], [1399, 311], [1400, 311], [1401, 311], [1402, 311], [1403, 311], [1404, 311], [1405, 311], [1406, 311], [1407, 311], [1408, 311], [1410, 311], [1411, 311], [1412, 311], [1413, 311], [1414, 311], [1415, 311], [1418, 311], [1419, 311], [1420, 311], [1421, 311], [1422, 311], [1423, 311], [1424, 311], [1425, 311], [1399, 312], [1400, 312], [1401, 312], [1402, 312], [1403, 312], [1404, 312], [1405, 312], [1407, 312], [1408, 312], [1409, 312], [1410, 312], [1411, 312], [1413, 312], [1414, 312], [1415, 312], [1416, 312], [1417, 312], [1418, 312], [1419, 312], [1421, 312], [1422, 312], [1423, 312], [1424, 312], [1425, 312], [1426, 312], [1427, 312], [1428, 312], [1401, 313], [1402, 313], [1403, 313], [1404, 313], [1405, 313], [1406, 313], [1407, 313], [1408, 313], [1409, 313], [1410, 313], [1411, 313], [1412, 313], [1413, 313], [1414, 313], [1415, 313], [1416, 313], [1417, 313], [1418, 313], [1419, 313], [1420, 313], [1421, 313], [1422, 313], [1424, 313], [1425, 313], [1426, 313], [1427, 313], [1428, 313], [1429, 313], [1430, 313], [1405, 314], [1406, 314], [1407, 314], [1408, 314], [1409, 314], [1410, 314], [1412, 314], [1413, 314], [1414, 314], [1415, 314], [1416, 314], [1417, 314], [1419, 314], [1420, 314], [1421, 314], [1422, 314], [1423, 314], [1424, 314], [1427, 314], [1428, 314], [1429, 314], [1430, 314], [1431, 314], [1432, 314], [1433, 314], [1434, 314], [1407, 315], [1408, 315], [1409, 315], [1410, 315], [1411, 315], [1412, 315], [1413, 315], [1415, 315], [1416, 315], [1417, 315], [1418, 315], [1419, 315], [1420, 315], [1422, 315], [1423, 315], [1424, 315], [1425, 315], [1426, 315], [1427, 315], [1429, 315], [1430, 315], [1431, 315], [1432, 315], [1433, 315], [1434, 315], [1435, 315], [1436, 315], [1437, 315], [1410, 316], [1411, 316], [1412, 316], [1413, 316], [1414, 316], [1415, 316], [1416, 316], [1418, 316], [1419, 316], [1420, 316], [1421, 316], [1422, 316], [1423, 316], [1425, 316], [1426, 316], [1427, 316], [1428, 316], [1429, 316], [1430, 316], [1431, 316], [1432, 316], [1433, 316], [1434, 316], [1435, 316], [1436, 316], [1437, 316], [1438, 316], [1439, 316], [1440, 316], [1413, 317], [1414, 317], [1415, 317], [1416, 317], [1417, 317], [1418, 317], [1419, 317], [1421, 317], [1422, 317], [1423, 317], [1424, 317], [1425, 317], [1426, 317], [1427, 317], [1428, 317], [1429, 317], [1430, 317], [1431, 317], [1432, 317], [1433, 317], [1434, 317], [1436, 317], [1437, 317], [1438, 317], [1439, 317], [1440, 317], [1441, 317], [1442, 317], [1443, 317], [1416, 318], [1417, 318], [1418, 318], [1419, 318], [1420, 318], [1421, 318], [1422, 318], [1423, 318], [1424, 318], [1425, 318], [1426, 318], [1427, 318], [1428, 318], [1429, 318], [1430, 318], [1431, 318], [1432, 318], [1433, 318], [1434, 318], [1435, 318], [1436, 318], [1437, 318], [1438, 318], [1439, 318], [1440, 318], [1441, 318], [1442, 318], [1443, 318], [1444, 318], [1445, 318], [1446, 318], [1419, 319], [1420, 319], [1421, 319], [1422, 319], [1423, 319], [1424, 319], [1425, 319], [1427, 319], [1428, 319], [1429, 319], [1430, 319], [1431, 319], [1432, 319], [1434, 319], [1435, 319], [1436, 319], [1437, 319], [1438, 319], [1439, 319], [1440, 319], [1442, 319], [1443, 319], [1444, 319], [1445, 319], [1446, 319], [1447, 319], [1448, 319], [1449, 319], [1422, 320], [1423, 320], [1424, 320], [1425, 320], [1426, 320], [1427, 320], [1428, 320], [1430, 320], [1431, 320], [1432, 320], [1433, 320], [1434, 320], [1435, 320], [1436, 320], [1437, 320], [1438, 320], [1439, 320], [1440, 320], [1441, 320], [1442, 320], [1443, 320], [1444, 320], [1445, 320], [1446, 320], [1447, 320], [1448, 320], [1449, 320], [1450, 320], [1451, 320], [1452, 320], [1425, 321], [1426, 321], [1427, 321], [1428, 321], [1429, 321], [1430, 321], [1431, 321], [1432, 321], [1433, 321], [1434, 321], [1435, 321], [1436, 321], [1437, 321], [1438, 321], [1439, 321], [1440, 321], [1441, 321], [1442, 321], [1443, 321], [1444, 321], [1445, 321], [1446, 321], [1447, 321], [1448, 321], [1449, 321], [1450, 321], [1451, 321], [1452, 321], [1453, 321], [1454, 321], [1455, 321], [1428, 322], [1429, 322], [1430, 322], [1431, 322], [1432, 322], [1433, 322], [1434, 322], [1436, 322], [1437, 322], [1438, 322], [1439, 322], [1440, 322], [1441, 322], [1442, 322], [1444, 322], [1445, 322], [1446, 322], [1447, 322], [1448, 322], [1449, 322], [1450, 322], [1451, 322], [1452, 322], [1453, 322], [1454, 322], [1455, 322], [1456, 322], [1457, 322], [1458, 322], [1430, 323], [1431, 323], [1432, 323], [1433, 323], [1434, 323], [1435, 323], [1436, 323], [1437, 323], [1438, 323], [1439, 323], [1440, 323], [1441, 323], [1442, 323], [1443, 323], [1444, 323], [1445, 323], [1446, 323], [1447, 323], [1448, 323], [1449, 323], [1450, 323], [1451, 323], [1452, 323], [1453, 323], [1454, 323], [1455, 323], [1456, 323], [1457, 323], [1458, 323], [1459, 323], [1460, 323], [1461, 323], [1434, 324], [1435, 324], [1436, 324], [1437, 324], [1438, 324], [1439, 324], [1440, 324], [1441, 324], [1442, 324], [1443, 324], [1444, 324], [1445, 324], [1446, 324], [1447, 324], [1448, 324], [1449, 324], [1450, 324], [1451, 324], [1452, 324], [1453, 324], [1454, 324], [1455, 324], [1457, 324], [1458, 324], [1459, 324], [1460, 324], [1461, 324], [1462, 324], [1463, 324], [1464, 324], [1437, 325], [1438, 325], [1439, 325], [1440, 325], [1441, 325], [1442, 325], [1443, 325], [1445, 325], [1446, 325], [1447, 325], [1448, 325], [1449, 325], [1450, 325], [1451, 325], [1452, 325], [1453, 325], [1454, 325], [1455, 325], [1456, 325], [1457, 325], [1460, 325], [1461, 325], [1462, 325], [1463, 325], [1464, 325], [1465, 325], [1466, 325], [1467, 325], [1440, 326], [1441, 326], [1442, 326], [1443, 326], [1444, 326], [1445, 326], [1446, 326], [1448, 326], [1449, 326], [1450, 326], [1451, 326], [1452, 326], [1453, 326], [1455, 326], [1456, 326], [1457, 326], [1458, 326], [1459, 326], [1463, 326], [1464, 326], [1465, 326], [1466, 326], [1467, 326], [1468, 326], [1469, 326], [1470, 326], [1443, 327], [1444, 327], [1445, 327], [1446, 327], [1447, 327], [1448, 327], [1449, 327], [1450, 327], [1451, 327], [1452, 327], [1453, 327], [1454, 327], [1455, 327], [1456, 327], [1457, 327], [1458, 327], [1459, 327], [1460, 327], [1461, 327], [1462, 327], [1463, 327], [1464, 327], [1466, 327], [1467, 327], [1468, 327], [1469, 327], [1470, 327], [1471, 327], [1472, 327], [1473, 327], [1474, 327], [1446, 328], [1447, 328], [1448, 328], [1449, 328], [1450, 328], [1451, 328], [1452, 328], [1453, 328], [1454, 328], [1455, 328], [1456, 328], [1457, 328], [1458, 328], [1459, 328], [1460, 328], [1461, 328], [1462, 328], [1463, 328], [1464, 328], [1465, 328], [1466, 328], [1467, 328], [1468, 328], [1469, 328], [1470, 328], [1471, 328], [1472, 328], [1473, 328], [1474, 328], [1475, 328], [1476, 328], [1448, 329], [1449, 329], [1450, 329], [1451, 329], [1452, 329], [1453, 329], [1454, 329], [1455, 329], [1458, 329], [1459, 329], [1460, 329], [1461, 329], [1462, 329], [1464, 329], [1465, 329], [1466, 329], [1467, 329], [1468, 329], [1469, 329], [1470, 329], [1473, 329], [1474, 329], [1475, 329], [1476, 329], [1477, 329], [1478, 329], [1479, 329], [1480, 329], [1451, 330], [1452, 330], [1453, 330], [1454, 330], [1455, 330], [1456, 330], [1457, 330], [1458, 330], [1459, 330], [1460, 330], [1461, 330], [1462, 330], [1463, 330], [1464, 330], [1465, 330], [1467, 330], [1468, 330], [1469, 330], [1470, 330], [1471, 330], [1472, 330], [1473, 330], [1475, 330], [1476, 330], [1477, 330], [1478, 330], [1479, 330], [1480, 330], [1481, 330], [1482, 330], [1454, 331], [1455, 331], [1456, 331], [1457, 331], [1458, 331], [1459, 331], [1460, 331], [1461, 331], [1462, 331], [1463, 331], [1464, 331], [1465, 331], [1466, 331], [1467, 331], [1468, 331], [1470, 331], [1471, 331], [1472, 331], [1473, 331], [1474, 331], [1475, 331], [1476, 331], [1479, 331], [1480, 331], [1481, 331], [1482, 331], [1483, 331], [1484, 331], [1485, 331], [1457, 332], [1458, 332], [1459, 332], [1460, 332], [1461, 332], [1462, 332], [1463, 332], [1465, 332], [1466, 332], [1467, 332], [1468, 332], [1469, 332], [1470, 332], [1471, 332], [1473, 332], [1474, 332], [1475, 332], [1476, 332], [1481, 332], [1482, 332], [1483, 332], [1484, 332], [1485, 332], [1486, 332], [1487, 332], [1488, 332], [1460, 333], [1461, 333], [1462, 333], [1463, 333], [1464, 333], [1465, 333], [1466, 333], [1467, 333], [1468, 333], [1469, 333], [1470, 333], [1471, 333], [1472, 333], [1473, 333], [1474, 333], [1475, 333], [1476, 333], [1477, 333], [1484, 333], [1485, 333], [1486, 333], [1487, 333], [1488, 333], [1489, 333], [1490, 333], [1491, 333], [1463, 334], [1464, 334], [1465, 334], [1466, 334], [1467, 334], [1468, 334], [1469, 334], [1470, 334], [1471, 334], [1472, 334], [1473, 334], [1474, 334], [1475, 334], [1476, 334], [1477, 334], [1479, 334], [1480, 334], [1481, 334], [1482, 334], [1483, 334], [1484, 334], [1485, 334], [1487, 334], [1488, 334], [1489, 334], [1490, 334], [1491, 334], [1492, 334], [1493, 334], [1494, 334], [1466, 335], [1467, 335], [1468, 335], [1469, 335], [1470, 335], [1471, 335], [1472, 335], [1475, 335], [1476, 335], [1477, 335], [1479, 335], [1480, 335], [1481, 335], [1482, 335], [1483, 335], [1484, 335], [1485, 335], [1486, 335], [1487, 335], [1488, 335], [1490, 335], [1491, 335], [1492, 335], [1493, 335], [1494, 335], [1495, 335], [1496, 335], [1497, 335], [1469, 336], [1470, 336], [1471, 336], [1472, 336], [1473, 336], [1474, 336], [1475, 336], [1479, 336], [1480, 336], [1481, 336], [1482, 336], [1483, 336], [1485, 336], [1486, 336], [1487, 336], [1488, 336], [1489, 336], [1490, 336], [1493, 336], [1494, 336], [1495, 336], [1496, 336], [1497, 336], [1498, 336], [1499, 336], [1500, 336], [1471, 337], [1472, 337], [1473, 337], [1474, 337], [1475, 337], [1476, 337], [1477, 337], [1478, 337], [1480, 337], [1481, 337], [1482, 337], [1483, 337], [1484, 337], [1485, 337], [1486, 337], [1487, 337], [1488, 337], [1489, 337], [1490, 337], [1491, 337], [1492, 337], [1493, 337], [1494, 337], [1496, 337], [1497, 337], [1498, 337], [1499, 337], [1500, 337], [1501, 337], [1502, 337], [1503, 337], [1474, 338], [1475, 338], [1476, 338], [1477, 338], [1478, 338], [1479, 338], [1480, 338], [1481, 338], [1483, 338], [1484, 338], [1485, 338], [1486, 338], [1487, 338], [1488, 338], [1489, 338], [1490, 338], [1491, 338], [1492, 338], [1493, 338], [1494, 338], [1495, 338], [1496, 338], [1497, 338], [1499, 338], [1500, 338], [1501, 338], [1502, 338], [1503, 338], [1504, 338], [1505, 338], [1506, 338], [1477, 339], [1478, 339], [1479, 339], [1480, 339], [1481, 339], [1482, 339], [1483, 339], [1484, 339], [1486, 339], [1487, 339], [1488, 339], [1489, 339], [1490, 339], [1491, 339], [1492, 339], [1493, 339], [1494, 339], [1495, 339], [1496, 339], [1497, 339], [1498, 339], [1499, 339], [1500, 339], [1502, 339], [1503, 339], [1504, 339], [1505, 339], [1506, 339], [1507, 339], [1508, 339], [1509, 339], [1480, 340], [1481, 340], [1482, 340], [1483, 340], [1484, 340], [1485, 340], [1486, 340], [1487, 340], [1489, 340], [1490, 340], [1491, 340], [1492, 340], [1493, 340], [1494, 340], [1496, 340], [1497, 340], [1498, 340], [1499, 340], [1500, 340], [1501, 340], [1502, 340], [1503, 340], [1505, 340], [1506, 340], [1507, 340], [1508, 340], [1509, 340], [1510, 340], [1511, 340], [1512, 340], [1483, 341], [1484, 341], [1485, 341], [1486, 341], [1487, 341], [1488, 341], [1489, 341], [1490, 341], [1491, 341], [1492, 341], [1493, 341], [1494, 341], [1495, 341], [1496, 341], [1497, 341], [1499, 341], [1500, 341], [1501, 341], [1502, 341], [1503, 341], [1504, 341], [1505, 341], [1508, 341], [1509, 341], [1510, 341], [1511, 341], [1512, 341], [1513, 341], [1514, 341], [1515, 341], [1486, 342], [1487, 342], [1488, 342], [1489, 342], [1490, 342], [1491, 342], [1492, 342], [1494, 342], [1495, 342], [1496, 342], [1497, 342], [1498, 342], [1499, 342], [1500, 342], [1501, 342], [1502, 342], [1503, 342], [1504, 342], [1505, 342], [1506, 342], [1507, 342], [1508, 342], [1511, 342], [1512, 342], [1513, 342], [1514, 342], [1515, 342], [1516, 342], [1517, 342], [1518, 342], [1489, 343], [1490, 343], [1491, 343], [1492, 343], [1493, 343], [1494, 343], [1495, 343], [1497, 343], [1498, 343], [1499, 343], [1500, 343], [1501, 343], [1502, 343], [1503, 343], [1504, 343], [1505, 343], [1506, 343], [1507, 343], [1508, 343], [1509, 343], [1510, 343], [1511, 343], [1514, 343], [1515, 343], [1516, 343], [1517, 343], [1518, 343], [1519, 343], [1520, 343], [1521, 343], [1492, 344], [1493, 344], [1494, 344], [1495, 344], [1496, 344], [1497, 344], [1498, 344], [1499, 344], [1500, 344], [1501, 344], [1502, 344], [1503, 344], [1504, 344], [1505, 344], [1506, 344], [1507, 344], [1508, 344], [1509, 344], [1510, 344], [1511, 344], [1512, 344], [1513, 344], [1514, 344], [1515, 344], [1517, 344], [1518, 344], [1519, 344], [1520, 344], [1521, 344], [1522, 344], [1523, 344], [1524, 344], [1495, 345], [1496, 345], [1497, 345], [1498, 345], [1499, 345], [1500, 345], [1501, 345], [1502, 345], [1504, 345], [1505, 345], [1506, 345], [1507, 345], [1508, 345], [1509, 345], [1510, 345], [1511, 345], [1512, 345], [1513, 345], [1514, 345], [1515, 345], [1516, 345], [1517, 345], [1518, 345], [1520, 345], [1521, 345], [1522, 345], [1523, 345], [1524, 345], [1525, 345], [1526, 345], [1527, 345], [1498, 346], [1499, 346], [1500, 346], [1501, 346], [1502, 346], [1503, 346], [1504, 346], [1505, 346], [1506, 346], [1507, 346], [1508, 346], [1509, 346], [1510, 346], [1511, 346], [1512, 346], [1513, 346], [1514, 346], [1515, 346], [1516, 346], [1517, 346], [1518, 346], [1519, 346], [1520, 346], [1521, 346], [1522, 346], [1523, 346], [1524, 346], [1525, 346], [1526, 346], [1527, 346], [1528, 346], [1529, 346], [1530, 346], [1501, 347], [1502, 347], [1503, 347], [1504, 347], [1505, 347], [1506, 347], [1507, 347], [1508, 347], [1510, 347], [1511, 347], [1512, 347], [1513, 347], [1514, 347], [1515, 347], [1517, 347], [1518, 347], [1519, 347], [1520, 347], [1521, 347], [1522, 347], [1523, 347], [1524, 347], [1526, 347], [1527, 347], [1528, 347], [1529, 347], [1530, 347], [1531, 347], [1532, 347], [1533, 347], [1505, 348], [1506, 348], [1507, 348], [1508, 348], [1509, 348], [1510, 348], [1511, 348], [1512, 348], [1513, 348], [1514, 348], [1515, 348], [1516, 348], [1517, 348], [1518, 348], [1521, 348], [1522, 348], [1523, 348], [1524, 348], [1525, 348], [1526, 348], [1527, 348], [1528, 348], [1529, 348], [1530, 348], [1531, 348], [1532, 348], [1533, 348], [1534, 348], [1535, 348], [1536, 348], [1537, 348], [1507, 349], [1508, 349], [1509, 349], [1510, 349], [1511, 349], [1512, 349], [1513, 349], [1515, 349], [1516, 349], [1517, 349], [1518, 349], [1519, 349], [1520, 349], [1521, 349], [1523, 349], [1524, 349], [1525, 349], [1526, 349], [1527, 349], [1528, 349], [1529, 349], [1530, 349], [1531, 349], [1532, 349], [1533, 349], [1534, 349], [1535, 349], [1536, 349], [1537, 349], [1538, 349], [1539, 349], [1540, 349], [1510, 350], [1511, 350], [1512, 350], [1513, 350], [1514, 350], [1515, 350], [1516, 350], [1518, 350], [1519, 350], [1520, 350], [1521, 350], [1522, 350], [1523, 350], [1524, 350], [1525, 350], [1527, 350], [1528, 350], [1529, 350], [1530, 350], [1531, 350], [1532, 350], [1536, 350], [1537, 350], [1538, 350], [1539, 350], [1540, 350], [1541, 350], [1542, 350], [1513, 351], [1514, 351], [1515, 351], [1516, 351], [1517, 351], [1518, 351], [1519, 351], [1521, 351], [1522, 351], [1523, 351], [1524, 351], [1525, 351], [1526, 351], [1527, 351], [1530, 351], [1531, 351], [1532, 351], [1533, 351], [1534, 351], [1535, 351], [1536, 351], [1537, 351], [1539, 351], [1540, 351], [1541, 351], [1542, 351], [1543, 351], [1544, 351], [1545, 351], [1516, 352], [1517, 352], [1518, 352], [1519, 352], [1520, 352], [1521, 352], [1522, 352], [1523, 352], [1524, 352], [1525, 352], [1526, 352], [1527, 352], [1528, 352], [1529, 352], [1530, 352], [1532, 352], [1533, 352], [1534, 352], [1535, 352], [1536, 352], [1537, 352], [1538, 352], [1539, 352], [1540, 352], [1541, 352], [1542, 352], [1543, 352], [1544, 352], [1545, 352], [1546, 352], [1547, 352], [1548, 352], [1519, 353], [1520, 353], [1521, 353], [1522, 353], [1523, 353], [1524, 353], [1525, 353], [1527, 353], [1528, 353], [1529, 353], [1530, 353], [1531, 353], [1532, 353], [1533, 353], [1534, 353], [1536, 353], [1537, 353], [1538, 353], [1539, 353], [1540, 353], [1541, 353], [1542, 353], [1544, 353], [1545, 353], [1546, 353], [1547, 353], [1548, 353], [1549, 353], [1550, 353], [1551, 353], [1522, 354], [1523, 354], [1524, 354], [1525, 354], [1526, 354], [1527, 354], [1528, 354], [1529, 354], [1530, 354], [1531, 354], [1532, 354], [1533, 354], [1534, 354], [1535, 354], [1539, 354], [1540, 354], [1541, 354], [1542, 354], [1543, 354], [1544, 354], [1545, 354], [1547, 354], [1548, 354], [1549, 354], [1550, 354], [1551, 354], [1552, 354], [1553, 354], [1554, 354], [1525, 355], [1526, 355], [1527, 355], [1528, 355], [1529, 355], [1530, 355], [1531, 355], [1532, 355], [1533, 355], [1534, 355], [1535, 355], [1536, 355], [1537, 355], [1538, 355], [1541, 355], [1542, 355], [1543, 355], [1544, 355], [1545, 355], [1546, 355], [1547, 355], [1548, 355], [1550, 355], [1551, 355], [1552, 355], [1553, 355], [1554, 355], [1555, 355], [1556, 355], [1557, 355], [1528, 356], [1529, 356], [1530, 356], [1531, 356], [1532, 356], [1533, 356], [1535, 356], [1536, 356], [1537, 356], [1538, 356], [1539, 356], [1540, 356], [1541, 356], [1544, 356], [1545, 356], [1546, 356], [1547, 356], [1548, 356], [1549, 356], [1550, 356], [1551, 356], [1553, 356], [1554, 356], [1555, 356], [1556, 356], [1557, 356], [1558, 356], [1559, 356], [1531, 357], [1532, 357], [1533, 357], [1534, 357], [1535, 357], [1536, 357], [1538, 357], [1539, 357], [1540, 357], [1541, 357], [1542, 357], [1543, 357], [1544, 357], [1547, 357], [1548, 357], [1549, 357], [1550, 357], [1551, 357], [1552, 357], [1553, 357], [1554, 357], [1556, 357], [1557, 357], [1558, 357], [1559, 357], [1560, 357], [1561, 357], [1562, 357], [1563, 357], [1533, 358], [1534, 358], [1535, 358], [1536, 358], [1537, 358], [1538, 358], [1539, 358], [1541, 358], [1542, 358], [1543, 358], [1544, 358], [1545, 358], [1546, 358], [1547, 358], [1550, 358], [1551, 358], [1552, 358], [1553, 358], [1554, 358], [1555, 358], [1556, 358], [1557, 358], [1558, 358], [1559, 358], [1560, 358], [1561, 358], [1562, 358], [1563, 358], [1564, 358], [1565, 358], [1566, 358], [1536, 359], [1537, 359], [1538, 359], [1539, 359], [1540, 359], [1541, 359], [1542, 359], [1544, 359], [1545, 359], [1546, 359], [1547, 359], [1548, 359], [1549, 359], [1550, 359], [1553, 359], [1554, 359], [1555, 359], [1556, 359], [1557, 359], [1558, 359], [1559, 359], [1562, 359], [1563, 359], [1564, 359], [1565, 359], [1566, 359], [1567, 359], [1568, 359], [1569, 359], [1539, 360], [1540, 360], [1541, 360], [1542, 360], [1543, 360], [1544, 360], [1545, 360], [1547, 360], [1548, 360], [1549, 360], [1550, 360], [1551, 360], [1552, 360], [1553, 360], [1554, 360], [1556, 360], [1557, 360], [1558, 360], [1559, 360], [1560, 360], [1561, 360], [1562, 360], [1563, 360], [1565, 360], [1566, 360], [1567, 360], [1568, 360], [1569, 360], [1570, 360], [1571, 360], [1572, 360], [1542, 361], [1543, 361], [1544, 361], [1545, 361], [1546, 361], [1547, 361], [1548, 361], [1550, 361], [1551, 361], [1552, 361], [1553, 361], [1554, 361], [1555, 361], [1556, 361], [1557, 361], [1558, 361], [1559, 361], [1560, 361], [1561, 361], [1562, 361], [1563, 361], [1564, 361], [1565, 361], [1566, 361], [1568, 361], [1569, 361], [1570, 361], [1571, 361], [1572, 361], [1573, 361], [1574, 361], [1545, 362], [1546, 362], [1547, 362], [1548, 362], [1549, 362], [1550, 362], [1551, 362], [1552, 362], [1553, 362], [1554, 362], [1555, 362], [1556, 362], [1557, 362], [1558, 362], [1559, 362], [1560, 362], [1562, 362], [1563, 362], [1564, 362], [1565, 362], [1566, 362], [1567, 362], [1568, 362], [1569, 362], [1571, 362], [1572, 362], [1573, 362], [1574, 362], [1575, 362], [1576, 362], [1577, 362], [1548, 363], [1549, 363], [1550, 363], [1551, 363], [1552, 363], [1553, 363], [1554, 363], [1555, 363], [1556, 363], [1557, 363], [1558, 363], [1559, 363], [1560, 363], [1561, 363], [1562, 363], [1563, 363], [1565, 363], [1566, 363], [1567, 363], [1568, 363], [1569, 363], [1570, 363], [1571, 363], [1572, 363], [1573, 363], [1574, 363], [1575, 363], [1576, 363], [1577, 363], [1578, 363], [1579, 363], [1580, 363], [1581, 363], [1551, 364], [1552, 364], [1553, 364], [1554, 364], [1555, 364], [1556, 364], [1557, 364], [1558, 364], [1559, 364], [1560, 364], [1561, 364], [1562, 364], [1563, 364], [1564, 364], [1565, 364], [1568, 364], [1569, 364], [1570, 364], [1571, 364], [1572, 364], [1573, 364], [1574, 364], [1575, 364], [1576, 364], [1577, 364], [1578, 364], [1579, 364], [1580, 364], [1581, 364], [1582, 364], [1583, 364], [1584, 364], [1554, 365], [1555, 365], [1556, 365], [1557, 365], [1558, 365], [1559, 365], [1560, 365], [1561, 365], [1562, 365], [1563, 365], [1564, 365], [1565, 365], [1566, 365], [1567, 365], [1568, 365], [1571, 365], [1572, 365], [1573, 365], [1574, 365], [1575, 365], [1576, 365], [1577, 365], [1580, 365], [1581, 365], [1582, 365], [1583, 365], [1584, 365], [1585, 365], [1586, 365], [1587, 365], [1557, 366], [1558, 366], [1559, 366], [1560, 366], [1561, 366], [1562, 366], [1563, 366], [1565, 366], [1566, 366], [1567, 366], [1568, 366], [1569, 366], [1570, 366], [1574, 366], [1575, 366], [1576, 366], [1577, 366], [1578, 366], [1579, 366], [1580, 366], [1581, 366], [1583, 366], [1584, 366], [1585, 366], [1586, 366], [1587, 366], [1588, 366], [1589, 366], [1590, 366], [1560, 367], [1561, 367], [1562, 367], [1563, 367], [1564, 367], [1565, 367], [1566, 367], [1568, 367], [1569, 367], [1570, 367], [1571, 367], [1572, 367], [1573, 367], [1574, 367], [1576, 367], [1577, 367], [1578, 367], [1579, 367], [1580, 367], [1581, 367], [1582, 367], [1583, 367], [1584, 367], [1586, 367], [1587, 367], [1588, 367], [1589, 367], [1590, 367], [1591, 367], [1592, 367], [1563, 368], [1564, 368], [1565, 368], [1566, 368], [1567, 368], [1568, 368], [1569, 368], [1570, 368], [1571, 368], [1572, 368], [1573, 368], [1574, 368], [1575, 368], [1576, 368], [1577, 368], [1580, 368], [1581, 368], [1582, 368], [1583, 368], [1584, 368], [1585, 368], [1586, 368], [1587, 368], [1588, 368], [1589, 368], [1590, 368], [1591, 368], [1592, 368], [1593, 368], [1594, 368], [1595, 368], [1596, 368], [1566, 369], [1567, 369], [1568, 369], [1569, 369], [1570, 369], [1571, 369], [1572, 369], [1574, 369], [1575, 369], [1576, 369], [1577, 369], [1578, 369], [1579, 369], [1580, 369], [1583, 369], [1584, 369], [1585, 369], [1586, 369], [1587, 369], [1588, 369], [1589, 369], [1590, 369], [1591, 369], [1592, 369], [1593, 369], [1594, 369], [1595, 369], [1596, 369], [1597, 369], [1598, 369], [1599, 369], [1569, 370], [1570, 370], [1571, 370], [1572, 370], [1573, 370], [1574, 370], [1575, 370], [1577, 370], [1578, 370], [1579, 370], [1580, 370], [1581, 370], [1582, 370], [1583, 370], [1587, 370], [1588, 370], [1589, 370], [1590, 370], [1591, 370], [1592, 370], [1593, 370], [1595, 370], [1596, 370], [1597, 370], [1598, 370], [1599, 370], [1600, 370], [1601, 370], [1602, 370], [1572, 371], [1573, 371], [1574, 371], [1575, 371], [1576, 371], [1577, 371], [1578, 371], [1580, 371], [1581, 371], [1582, 371], [1583, 371], [1584, 371], [1585, 371], [1586, 371], [1589, 371], [1590, 371], [1591, 371], [1592, 371], [1593, 371], [1594, 371], [1595, 371], [1596, 371], [1598, 371], [1599, 371], [1600, 371], [1601, 371], [1602, 371], [1603, 371], [1604, 371], [1605, 371], [1575, 372], [1576, 372], [1577, 372], [1578, 372], [1579, 372], [1580, 372], [1581, 372], [1582, 372], [1583, 372], [1584, 372], [1585, 372], [1586, 372], [1587, 372], [1588, 372], [1589, 372], [1592, 372], [1593, 372], [1594, 372], [1595, 372], [1596, 372], [1597, 372], [1598, 372], [1601, 372], [1602, 372], [1603, 372], [1604, 372], [1605, 372], [1606, 372], [1607, 372], [1608, 372], [1578, 373], [1579, 373], [1580, 373], [1581, 373], [1582, 373], [1583, 373], [1584, 373], [1586, 373], [1587, 373], [1588, 373], [1589, 373], [1590, 373], [1591, 373], [1592, 373], [1595, 373], [1596, 373], [1597, 373], [1598, 373], [1599, 373], [1600, 373], [1601, 373], [1602, 373], [1604, 373], [1605, 373], [1606, 373], [1607, 373], [1608, 373], [1609, 373], [1610, 373], [1611, 373], [1580, 374], [1581, 374], [1582, 374], [1583, 374], [1584, 374], [1585, 374], [1586, 374], [1587, 374], [1589, 374], [1590, 374], [1591, 374], [1592, 374], [1593, 374], [1594, 374], [1595, 374], [1597, 374], [1598, 374], [1599, 374], [1600, 374], [1601, 374], [1602, 374], [1603, 374], [1604, 374], [1605, 374], [1607, 374], [1608, 374], [1609, 374], [1610, 374], [1611, 374], [1612, 374], [1613, 374], [1614, 374], [1584, 375], [1585, 375], [1586, 375], [1587, 375], [1588, 375], [1589, 375], [1590, 375], [1591, 375], [1592, 375], [1593, 375], [1594, 375], [1595, 375], [1596, 375], [1597, 375], [1598, 375], [1601, 375], [1602, 375], [1603, 375], [1604, 375], [1605, 375], [1606, 375], [1607, 375], [1608, 375], [1610, 375], [1611, 375], [1612, 375], [1613, 375], [1614, 375], [1615, 375], [1616, 375], [1617, 375], [1587, 376], [1588, 376], [1589, 376], [1590, 376], [1591, 376], [1592, 376], [1593, 376], [1594, 376], [1595, 376], [1596, 376], [1597, 376], [1598, 376], [1599, 376], [1600, 376], [1601, 376], [1604, 376], [1605, 376], [1606, 376], [1607, 376], [1608, 376], [1609, 376], [1610, 376], [1611, 376], [1613, 376], [1614, 376], [1615, 376], [1616, 376], [1617, 376], [1618, 376], [1619, 376], [1620, 376], [1589, 377], [1590, 377], [1591, 377], [1592, 377], [1593, 377], [1594, 377], [1595, 377], [1596, 377], [1598, 377], [1599, 377], [1600, 377], [1601, 377], [1602, 377], [1603, 377], [1604, 377], [1607, 377], [1608, 377], [1609, 377], [1610, 377], [1611, 377], [1612, 377], [1613, 377], [1614, 377], [1616, 377], [1617, 377], [1618, 377], [1619, 377], [1620, 377], [1621, 377], [1622, 377], [1623, 377], [1592, 378], [1593, 378], [1594, 378], [1595, 378], [1596, 378], [1597, 378], [1598, 378], [1599, 378], [1600, 378], [1601, 378], [1602, 378], [1603, 378], [1604, 378], [1605, 378], [1606, 378], [1607, 378], [1608, 378], [1610, 378], [1611, 378], [1612, 378], [1613, 378], [1614, 378], [1615, 378], [1616, 378], [1617, 378], [1618, 378], [1619, 378], [1620, 378], [1621, 378], [1622, 378], [1623, 378], [1624, 378], [1625, 378], [1626, 378], [1596, 379], [1597, 379], [1598, 379], [1599, 379], [1600, 379], [1601, 379], [1602, 379], [1603, 379], [1604, 379], [1605, 379], [1606, 379], [1607, 379], [1608, 379], [1609, 379], [1610, 379], [1613, 379], [1614, 379], [1615, 379], [1616, 379], [1617, 379], [1618, 379], [1619, 379], [1620, 379], [1622, 379], [1623, 379], [1624, 379], [1625, 379], [1626, 379], [1627, 379], [1628, 379], [1629, 379], [1630, 379], [1598, 380], [1599, 380], [1600, 380], [1601, 380], [1602, 380], [1603, 380], [1604, 380], [1605, 380], [1607, 380], [1608, 380], [1609, 380], [1610, 380], [1611, 380], [1612, 380], [1613, 380], [1614, 380], [1617, 380], [1618, 380], [1619, 380], [1620, 380], [1621, 380], [1622, 380], [1625, 380], [1626, 380], [1627, 380], [1628, 380], [1629, 380], [1630, 380], [1631, 380], [1632, 380], [1633, 380], [1601, 381], [1602, 381], [1603, 381], [1604, 381], [1605, 381], [1606, 381], [1607, 381], [1608, 381], [1609, 381], [1610, 381], [1611, 381], [1612, 381], [1613, 381], [1614, 381], [1615, 381], [1616, 381], [1619, 381], [1620, 381], [1621, 381], [1622, 381], [1623, 381], [1624, 381], [1625, 381], [1629, 381], [1630, 381], [1631, 381], [1632, 381], [1633, 381], [1634, 381], [1635, 381], [1636, 381], [1604, 382], [1605, 382], [1606, 382], [1607, 382], [1608, 382], [1609, 382], [1610, 382], [1611, 382], [1613, 382], [1614, 382], [1615, 382], [1616, 382], [1617, 382], [1618, 382], [1619, 382], [1620, 382], [1621, 382], [1622, 382], [1623, 382], [1624, 382], [1625, 382], [1626, 382], [1627, 382], [1628, 382], [1632, 382], [1633, 382], [1634, 382], [1635, 382], [1636, 382], [1637, 382], [1638, 382], [1639, 382], [1607, 383], [1608, 383], [1609, 383], [1610, 383], [1611, 383], [1612, 383], [1613, 383], [1614, 383], [1615, 383], [1616, 383], [1617, 383], [1618, 383], [1619, 383], [1620, 383], [1621, 383], [1622, 383], [1624, 383], [1625, 383], [1626, 383], [1627, 383], [1628, 383], [1629, 383], [1630, 383], [1631, 383], [1635, 383], [1636, 383], [1637, 383], [1638, 383], [1639, 383], [1640, 383], [1641, 383], [1642, 383], [1610, 384], [1611, 384], [1612, 384], [1613, 384], [1614, 384], [1615, 384], [1616, 384], [1617, 384], [1619, 384], [1620, 384], [1621, 384], [1622, 384], [1623, 384], [1624, 384], [1625, 384], [1627, 384], [1628, 384], [1629, 384], [1630, 384], [1631, 384], [1632, 384], [1633, 384], [1634, 384], [1638, 384], [1639, 384], [1640, 384], [1641, 384], [1642, 384], [1643, 384], [1644, 384], [1645, 384], [1613, 385], [1614, 385], [1615, 385], [1616, 385], [1617, 385], [1618, 385], [1619, 385], [1620, 385], [1621, 385], [1622, 385], [1623, 385], [1624, 385], [1625, 385], [1626, 385], [1627, 385], [1628, 385], [1630, 385], [1631, 385], [1632, 385], [1633, 385], [1634, 385], [1635, 385], [1636, 385], [1637, 385], [1638, 385], [1641, 385], [1642, 385], [1643, 385], [1644, 385], [1645, 385], [1646, 385], [1647, 385], [1648, 385], [1616, 386], [1617, 386], [1618, 386], [1619, 386], [1620, 386], [1621, 386], [1622, 386], [1624, 386], [1625, 386], [1626, 386], [1627, 386], [1628, 386], [1629, 386], [1630, 386], [1633, 386], [1634, 386], [1635, 386], [1636, 386], [1637, 386], [1638, 386], [1639, 386], [1640, 386], [1641, 386], [1644, 386], [1645, 386], [1646, 386], [1647, 386], [1648, 386], [1649, 386], [1650, 386], [1651, 386], [1619, 387], [1620, 387], [1621, 387], [1622, 387], [1623, 387], [1624, 387], [1625, 387], [1627, 387], [1628, 387], [1629, 387], [1630, 387], [1631, 387], [1632, 387], [1633, 387], [1634, 387], [1637, 387], [1638, 387], [1639, 387], [1640, 387], [1641, 387], [1642, 387], [1643, 387], [1644, 387], [1645, 387], [1647, 387], [1648, 387], [1649, 387], [1650, 387], [1651, 387], [1652, 387], [1653, 387], [1654, 387], [1621, 388], [1622, 388], [1623, 388], [1624, 388], [1625, 388], [1626, 388], [1627, 388], [1628, 388], [1629, 388], [1630, 388], [1631, 388], [1632, 388], [1633, 388], [1634, 388], [1635, 388], [1636, 388], [1637, 388], [1640, 388], [1641, 388], [1642, 388], [1643, 388], [1644, 388], [1645, 388], [1646, 388], [1647, 388], [1650, 388], [1651, 388], [1652, 388], [1653, 388], [1654, 388], [1655, 388], [1656, 388], [1657, 388], [1624, 389], [1625, 389], [1626, 389], [1627, 389], [1628, 389], [1629, 389], [1630, 389], [1631, 389], [1633, 389], [1634, 389], [1635, 389], [1636, 389], [1637, 389], [1638, 389], [1639, 389], [1640, 389], [1644, 389], [1645, 389], [1646, 389], [1647, 389], [1648, 389], [1649, 389], [1650, 389], [1651, 389], [1653, 389], [1654, 389], [1655, 389], [1656, 389], [1657, 389], [1658, 389], [1659, 389], [1627, 390], [1628, 390], [1629, 390], [1630, 390], [1631, 390], [1632, 390], [1633, 390], [1634, 390], [1635, 390], [1636, 390], [1637, 390], [1638, 390], [1639, 390], [1640, 390], [1641, 390], [1642, 390], [1643, 390], [1644, 390], [1646, 390], [1647, 390], [1648, 390], [1649, 390], [1650, 390], [1651, 390], [1652, 390], [1653, 390], [1654, 390], [1656, 390], [1657, 390], [1658, 390], [1659, 390], [1660, 390], [1661, 390], [1662, 390], [1663, 390], [1630, 391], [1631, 391], [1632, 391], [1633, 391], [1634, 391], [1635, 391], [1636, 391], [1637, 391], [1638, 391], [1639, 391], [1640, 391], [1641, 391], [1642, 391], [1643, 391], [1644, 391], [1645, 391], [1646, 391], [1647, 391], [1650, 391], [1651, 391], [1652, 391], [1653, 391], [1654, 391], [1655, 391], [1656, 391], [1657, 391], [1658, 391], [1659, 391], [1660, 391], [1661, 391], [1662, 391], [1663, 391], [1664, 391], [1665, 391], [1666, 391], [1634, 392], [1635, 392], [1636, 392], [1637, 392], [1638, 392], [1639, 392], [1640, 392], [1641, 392], [1643, 392], [1644, 392], [1645, 392], [1646, 392], [1647, 392], [1648, 392], [1649, 392], [1650, 392], [1653, 392], [1654, 392], [1655, 392], [1656, 392], [1657, 392], [1658, 392], [1659, 392], [1662, 392], [1663, 392], [1664, 392], [1665, 392], [1666, 392], [1667, 392], [1668, 392], [1669, 392], [1637, 393], [1638, 393], [1639, 393], [1640, 393], [1641, 393], [1642, 393], [1643, 393], [1644, 393], [1646, 393], [1647, 393], [1648, 393], [1649, 393], [1650, 393], [1651, 393], [1652, 393], [1656, 393], [1657, 393], [1658, 393], [1659, 393], [1660, 393], [1661, 393], [1662, 393], [1663, 393], [1665, 393], [1666, 393], [1667, 393], [1668, 393], [1669, 393], [1670, 393], [1671, 393], [1672, 393], [1640, 394], [1641, 394], [1642, 394], [1643, 394], [1644, 394], [1645, 394], [1646, 394], [1649, 394], [1650, 394], [1651, 394], [1652, 394], [1653, 394], [1654, 394], [1655, 394], [1658, 394], [1659, 394], [1660, 394], [1661, 394], [1662, 394], [1663, 394], [1664, 394], [1665, 394], [1666, 394], [1668, 394], [1669, 394], [1670, 394], [1671, 394], [1672, 394], [1673, 394], [1674, 394], [1675, 394], [1643, 395], [1644, 395], [1645, 395], [1646, 395], [1647, 395], [1648, 395], [1649, 395], [1651, 395], [1652, 395], [1653, 395], [1654, 395], [1655, 395], [1656, 395], [1657, 395], [1658, 395], [1662, 395], [1663, 395], [1664, 395], [1665, 395], [1666, 395], [1667, 395], [1668, 395], [1669, 395], [1671, 395], [1672, 395], [1673, 395], [1674, 395], [1675, 395], [1676, 395], [1677, 395], [1678, 395], [1645, 396], [1646, 396], [1647, 396], [1648, 396], [1649, 396], [1650, 396], [1651, 396], [1652, 396], [1654, 396], [1655, 396], [1656, 396], [1657, 396], [1658, 396], [1659, 396], [1660, 396], [1661, 396], [1665, 396], [1666, 396], [1667, 396], [1668, 396], [1669, 396], [1670, 396], [1671, 396], [1672, 396], [1674, 396], [1675, 396], [1676, 396], [1677, 396], [1678, 396], [1679, 396], [1680, 396], [1681, 396], [1648, 397], [1649, 397], [1650, 397], [1651, 397], [1652, 397], [1653, 397], [1654, 397], [1655, 397], [1657, 397], [1658, 397], [1659, 397], [1660, 397], [1661, 397], [1662, 397], [1663, 397], [1664, 397], [1668, 397], [1669, 397], [1670, 397], [1671, 397], [1672, 397], [1673, 397], [1674, 397], [1675, 397], [1677, 397], [1678, 397], [1679, 397], [1680, 397], [1681, 397], [1682, 397], [1683, 397], [1651, 398], [1652, 398], [1653, 398], [1654, 398], [1655, 398], [1656, 398], [1657, 398], [1658, 398], [1660, 398], [1661, 398], [1662, 398], [1663, 398], [1664, 398], [1665, 398], [1666, 398], [1667, 398], [1671, 398], [1672, 398], [1673, 398], [1674, 398], [1675, 398], [1676, 398], [1677, 398], [1678, 398], [1680, 398], [1681, 398], [1682, 398], [1683, 398], [1684, 398], [1685, 398], [1686, 398], [1687, 398], [1654, 399], [1655, 399], [1656, 399], [1657, 399], [1658, 399], [1659, 399], [1660, 399], [1661, 399], [1663, 399], [1664, 399], [1665, 399], [1666, 399], [1667, 399], [1668, 399], [1669, 399], [1670, 399], [1674, 399], [1675, 399], [1676, 399], [1677, 399], [1678, 399], [1679, 399], [1680, 399], [1682, 399], [1683, 399], [1684, 399], [1685, 399], [1686, 399], [1687, 399], [1688, 399], [1689, 399], [1690, 399], [1657, 400], [1658, 400], [1659, 400], [1660, 400], [1661, 400], [1662, 400], [1663, 400], [1664, 400], [1666, 400], [1667, 400], [1668, 400], [1669, 400], [1670, 400], [1671, 400], [1672, 400], [1677, 400], [1678, 400], [1679, 400], [1680, 400], [1681, 400], [1682, 400], [1683, 400], [1686, 400], [1687, 400], [1688, 400], [1689, 400], [1690, 400], [1691, 400], [1692, 400], [1693, 400], [1660, 401], [1661, 401], [1662, 401], [1663, 401], [1664, 401], [1665, 401], [1666, 401], [1667, 401], [1669, 401], [1670, 401], [1671, 401], [1672, 401], [1673, 401], [1674, 401], [1675, 401], [1679, 401], [1680, 401], [1681, 401], [1682, 401], [1683, 401], [1684, 401], [1685, 401], [1686, 401], [1689, 401], [1690, 401], [1691, 401], [1692, 401], [1693, 401], [1694, 401], [1695, 401], [1696, 401], [1663, 402], [1664, 402], [1665, 402], [1666, 402], [1667, 402], [1668, 402], [1669, 402], [1670, 402], [1671, 402], [1672, 402], [1673, 402], [1674, 402], [1675, 402], [1676, 402], [1677, 402], [1682, 402], [1683, 402], [1684, 402], [1685, 402], [1686, 402], [1687, 402], [1688, 402], [1689, 402], [1692, 402], [1693, 402], [1694, 402], [1695, 402], [1696, 402], [1697, 402], [1698, 402], [1699, 402], [1666, 403], [1667, 403], [1668, 403], [1669, 403], [1670, 403], [1671, 403], [1672, 403], [1673, 403], [1674, 403], [1675, 403], [1676, 403], [1677, 403], [1678, 403], [1679, 403], [1680, 403], [1681, 403], [1682, 403], [1685, 403], [1686, 403], [1687, 403], [1688, 403], [1689, 403], [1690, 403], [1691, 403], [1692, 403], [1693, 403], [1695, 403], [1696, 403], [1697, 403], [1698, 403], [1699, 403], [1700, 403], [1701, 403], [1702, 403], [1669, 404], [1670, 404], [1671, 404], [1672, 404], [1673, 404], [1674, 404], [1675, 404], [1677, 404], [1678, 404], [1679, 404], [1680, 404], [1681, 404], [1682, 404], [1683, 404], [1684, 404], [1685, 404], [1688, 404], [1689, 404], [1690, 404], [1691, 404], [1692, 404], [1693, 404], [1694, 404], [1695, 404], [1696, 404], [1698, 404], [1699, 404], [1700, 404], [1701, 404], [1702, 404], [1703, 404], [1704, 404], [1705, 404], [1672, 405], [1673, 405], [1674, 405], [1675, 405], [1676, 405], [1677, 405], [1678, 405], [1679, 405], [1681, 405], [1682, 405], [1683, 405], [1684, 405], [1685, 405], [1686, 405], [1687, 405], [1688, 405], [1692, 405], [1693, 405], [1694, 405], [1695, 405], [1696, 405], [1697, 405], [1698, 405], [1701, 405], [1702, 405], [1703, 405], [1704, 405], [1705, 405], [1706, 405], [1707, 405], [1708, 405], [1709, 405], [1675, 406], [1676, 406], [1677, 406], [1678, 406], [1679, 406], [1680, 406], [1681, 406], [1682, 406], [1683, 406], [1684, 406], [1685, 406], [1686, 406], [1687, 406], [1688, 406], [1689, 406], [1690, 406], [1691, 406], [1695, 406], [1696, 406], [1697, 406], [1698, 406], [1699, 406], [1700, 406], [1701, 406], [1702, 406], [1704, 406], [1705, 406], [1706, 406], [1707, 406], [1708, 406], [1709, 406], [1710, 406], [1711, 406], [1712, 406], [1678, 407], [1679, 407], [1680, 407], [1681, 407], [1682, 407], [1683, 407], [1684, 407], [1685, 407], [1687, 407], [1688, 407], [1689, 407], [1690, 407], [1691, 407], [1692, 407], [1693, 407], [1697, 407], [1698, 407], [1699, 407], [1700, 407], [1701, 407], [1702, 407], [1703, 407], [1704, 407], [1705, 407], [1706, 407], [1708, 407], [1709, 407], [1710, 407], [1711, 407], [1712, 407], [1713, 407], [1714, 407], [1682, 408], [1683, 408], [1684, 408], [1685, 408], [1686, 408], [1687, 408], [1688, 408], [1689, 408], [1690, 408], [1691, 408], [1692, 408], [1693, 408], [1694, 408], [1695, 408], [1696, 408], [1697, 408], [1701, 408], [1702, 408], [1703, 408], [1704, 408], [1705, 408], [1706, 408], [1707, 408], [1708, 408], [1711, 408], [1712, 408], [1713, 408], [1714, 408], [1715, 408], [1716, 408], [1717, 408], [1718, 408], [1684, 409], [1685, 409], [1686, 409], [1687, 409], [1688, 409], [1689, 409], [1690, 409], [1691, 409], [1693, 409], [1694, 409], [1695, 409], [1696, 409], [1697, 409], [1698, 409], [1699, 409], [1705, 409], [1706, 409], [1707, 409], [1708, 409], [1709, 409], [1710, 409], [1711, 409], [1712, 409], [1713, 409], [1714, 409], [1715, 409], [1716, 409], [1717, 409], [1718, 409], [1719, 409], [1720, 409], [1688, 410], [1689, 410], [1690, 410], [1691, 410], [1692, 410], [1693, 410], [1694, 410], [1695, 410], [1696, 410], [1697, 410], [1698, 410], [1699, 410], [1700, 410], [1701, 410], [1702, 410], [1703, 410], [1707, 410], [1708, 410], [1709, 410], [1710, 410], [1711, 410], [1712, 410], [1713, 410], [1714, 410], [1715, 410], [1717, 410], [1718, 410], [1719, 410], [1720, 410], [1721, 410], [1722, 410], [1723, 410], [1724, 410], [1691, 411], [1692, 411], [1693, 411], [1694, 411], [1695, 411], [1696, 411], [1697, 411], [1699, 411], [1700, 411], [1701, 411], [1702, 411], [1703, 411], [1704, 411], [1705, 411], [1711, 411], [1712, 411], [1713, 411], [1714, 411], [1715, 411], [1716, 411], [1717, 411], [1719, 411], [1720, 411], [1721, 411], [1722, 411], [1723, 411], [1724, 411], [1725, 411], [1726, 411], [1694, 412], [1695, 412], [1696, 412], [1697, 412], [1698, 412], [1699, 412], [1700, 412], [1701, 412], [1702, 412], [1703, 412], [1704, 412], [1705, 412], [1706, 412], [1707, 412], [1708, 412], [1714, 412], [1715, 412], [1716, 412], [1717, 412], [1718, 412], [1719, 412], [1720, 412], [1723, 412], [1724, 412], [1725, 412], [1726, 412], [1727, 412], [1728, 412], [1729, 412], [1697, 413], [1698, 413], [1699, 413], [1700, 413], [1701, 413], [1702, 413], [1703, 413], [1704, 413], [1705, 413], [1706, 413], [1707, 413], [1708, 413], [1709, 413], [1710, 413], [1711, 413], [1712, 413], [1716, 413], [1717, 413], [1718, 413], [1719, 413], [1720, 413], [1721, 413], [1722, 413], [1723, 413], [1725, 413], [1726, 413], [1727, 413], [1728, 413], [1729, 413], [1730, 413], [1731, 413], [1732, 413], [1700, 414], [1701, 414], [1702, 414], [1703, 414], [1704, 414], [1705, 414], [1706, 414], [1707, 414], [1708, 414], [1709, 414], [1710, 414], [1711, 414], [1712, 414], [1713, 414], [1714, 414], [1719, 414], [1720, 414], [1721, 414], [1722, 414], [1723, 414], [1724, 414], [1725, 414], [1728, 414], [1729, 414], [1730, 414], [1731, 414], [1732, 414], [1733, 414], [1734, 414], [1735, 414], [1736, 414], [1702, 415], [1703, 415], [1704, 415], [1705, 415], [1706, 415], [1707, 415], [1708, 415], [1709, 415], [1711, 415], [1712, 415], [1713, 415], [1714, 415], [1715, 415], [1716, 415], [1717, 415], [1718, 415], [1722, 415], [1723, 415], [1724, 415], [1725, 415], [1726, 415], [1727, 415], [1728, 415], [1729, 415], [1731, 415], [1732, 415], [1733, 415], [1734, 415], [1735, 415], [1736, 415], [1737, 415], [1738, 415], [1705, 416], [1706, 416], [1707, 416], [1708, 416], [1709, 416], [1710, 416], [1711, 416], [1712, 416], [1713, 416], [1714, 416], [1715, 416], [1716, 416], [1717, 416], [1718, 416], [1719, 416], [1720, 416], [1721, 416], [1724, 416], [1725, 416], [1726, 416], [1727, 416], [1728, 416], [1729, 416], [1730, 416], [1731, 416], [1732, 416], [1733, 416], [1735, 416], [1736, 416], [1737, 416], [1738, 416], [1739, 416], [1740, 416], [1741, 416], [1708, 417], [1709, 417], [1710, 417], [1711, 417], [1712, 417], [1713, 417], [1714, 417], [1715, 417], [1717, 417], [1718, 417], [1719, 417], [1720, 417], [1721, 417], [1722, 417], [1723, 417], [1724, 417], [1728, 417], [1729, 417], [1730, 417], [1731, 417], [1732, 417], [1733, 417], [1734, 417], [1735, 417], [1736, 417], [1737, 417], [1738, 417], [1739, 417], [1740, 417], [1741, 417], [1742, 417], [1743, 417], [1744, 417], [1711, 418], [1712, 418], [1713, 418], [1714, 418], [1715, 418], [1716, 418], [1717, 418], [1718, 418], [1720, 418], [1721, 418], [1722, 418], [1723, 418], [1724, 418], [1725, 418], [1726, 418], [1732, 418], [1733, 418], [1734, 418], [1735, 418], [1736, 418], [1737, 418], [1740, 418], [1741, 418], [1742, 418], [1743, 418], [1744, 418], [1745, 418], [1746, 418], [1747, 418], [1748, 418], [1714, 419], [1715, 419], [1716, 419], [1717, 419], [1718, 419], [1719, 419], [1720, 419], [1721, 419], [1723, 419], [1724, 419], [1725, 419], [1726, 419], [1727, 419], [1728, 419], [1729, 419], [1730, 419], [1735, 419], [1736, 419], [1737, 419], [1738, 419], [1739, 419], [1740, 419], [1741, 419], [1743, 419], [1744, 419], [1745, 419], [1746, 419], [1747, 419], [1748, 419], [1749, 419], [1750, 419], [1717, 420], [1718, 420], [1719, 420], [1720, 420], [1721, 420], [1722, 420], [1723, 420], [1724, 420], [1725, 420], [1726, 420], [1727, 420], [1728, 420], [1729, 420], [1730, 420], [1731, 420], [1732, 420], [1733, 420], [1736, 420], [1737, 420], [1738, 420], [1739, 420], [1740, 420], [1741, 420], [1742, 420], [1747, 420], [1748, 420], [1749, 420], [1750, 420], [1751, 420], [1752, 420], [1753, 420], [1754, 420], [1720, 421], [1721, 421], [1722, 421], [1723, 421], [1724, 421], [1725, 421], [1726, 421], [1727, 421], [1729, 421], [1730, 421], [1731, 421], [1732, 421], [1733, 421], [1734, 421], [1735, 421], [1736, 421], [1737, 421], [1740, 421], [1741, 421], [1742, 421], [1743, 421], [1744, 421], [1745, 421], [1746, 421], [1747, 421], [1748, 421], [1749, 421], [1750, 421], [1751, 421], [1752, 421], [1753, 421], [1754, 421], [1755, 421], [1756, 421], [1757, 421], [1723, 422], [1724, 422], [1725, 422], [1726, 422], [1727, 422], [1728, 422], [1729, 422], [1730, 422], [1732, 422], [1733, 422], [1734, 422], [1735, 422], [1736, 422], [1737, 422], [1738, 422], [1739, 422], [1741, 422], [1742, 422], [1743, 422], [1744, 422], [1745, 422], [1746, 422], [1747, 422], [1748, 422], [1749, 422], [1750, 422], [1753, 422], [1754, 422], [1755, 422], [1756, 422], [1757, 422], [1758, 422], [1759, 422], [1760, 422], [1726, 423], [1727, 423], [1728, 423], [1729, 423], [1730, 423], [1731, 423], [1732, 423], [1733, 423], [1734, 423], [1736, 423], [1737, 423], [1738, 423], [1739, 423], [1740, 423], [1741, 423], [1742, 423], [1747, 423], [1748, 423], [1749, 423], [1750, 423], [1751, 423], [1752, 423], [1753, 423], [1754, 423], [1756, 423], [1757, 423], [1758, 423], [1759, 423], [1760, 423], [1761, 423], [1762, 423], [1763, 423], [1729, 424], [1730, 424], [1731, 424], [1732, 424], [1733, 424], [1734, 424], [1735, 424], [1736, 424], [1737, 424], [1738, 424], [1739, 424], [1740, 424], [1741, 424], [1742, 424], [1743, 424], [1744, 424], [1745, 424], [1749, 424], [1750, 424], [1751, 424], [1752, 424], [1753, 424], [1754, 424], [1755, 424], [1756, 424], [1757, 424], [1759, 424], [1760, 424], [1761, 424], [1762, 424], [1763, 424], [1764, 424], [1765, 424], [1766, 424], [1733, 425], [1734, 425], [1735, 425], [1736, 425], [1737, 425], [1738, 425], [1739, 425], [1740, 425], [1741, 425], [1742, 425], [1743, 425], [1744, 425], [1745, 425], [1746, 425], [1747, 425], [1748, 425], [1749, 425], [1753, 425], [1754, 425], [1755, 425], [1756, 425], [1757, 425], [1758, 425], [1759, 425], [1760, 425], [1761, 425], [1762, 425], [1763, 425], [1764, 425], [1765, 425], [1766, 425], [1767, 425], [1768, 425], [1769, 425], [1736, 426], [1737, 426], [1738, 426], [1739, 426], [1740, 426], [1741, 426], [1742, 426], [1743, 426], [1744, 426], [1745, 426], [1746, 426], [1747, 426], [1748, 426], [1749, 426], [1750, 426], [1751, 426], [1756, 426], [1757, 426], [1758, 426], [1759, 426], [1760, 426], [1761, 426], [1762, 426], [1763, 426], [1765, 426], [1766, 426], [1767, 426], [1768, 426], [1769, 426], [1770, 426], [1771, 426], [1772, 426], [1739, 427], [1740, 427], [1741, 427], [1742, 427], [1743, 427], [1744, 427], [1745, 427], [1746, 427], [1748, 427], [1749, 427], [1750, 427], [1751, 427], [1752, 427], [1753, 427], [1754, 427], [1755, 427], [1760, 427], [1761, 427], [1762, 427], [1763, 427], [1764, 427], [1765, 427], [1766, 427], [1767, 427], [1768, 427], [1769, 427], [1770, 427], [1771, 427], [1772, 427], [1773, 427], [1774, 427], [1775, 427], [1742, 428], [1743, 428], [1744, 428], [1745, 428], [1746, 428], [1747, 428], [1748, 428], [1749, 428], [1750, 428], [1751, 428], [1752, 428], [1753, 428], [1754, 428], [1755, 428], [1756, 428], [1757, 428], [1758, 428], [1762, 428], [1763, 428], [1764, 428], [1765, 428], [1766, 428], [1767, 428], [1768, 428], [1769, 428], [1771, 428], [1772, 428], [1773, 428], [1774, 428], [1775, 428], [1776, 428], [1777, 428], [1778, 428], [1745, 429], [1746, 429], [1747, 429], [1748, 429], [1749, 429], [1750, 429], [1751, 429], [1752, 429], [1754, 429], [1755, 429], [1756, 429], [1757, 429], [1758, 429], [1759, 429], [1760, 429], [1761, 429], [1762, 429], [1763, 429], [1766, 429], [1767, 429], [1768, 429], [1769, 429], [1770, 429], [1771, 429], [1774, 429], [1775, 429], [1776, 429], [1777, 429], [1778, 429], [1779, 429], [1780, 429], [1781, 429], [1748, 430], [1749, 430], [1750, 430], [1751, 430], [1752, 430], [1753, 430], [1754, 430], [1755, 430], [1757, 430], [1758, 430], [1759, 430], [1760, 430], [1761, 430], [1762, 430], [1763, 430], [1764, 430], [1768, 430], [1769, 430], [1770, 430], [1771, 430], [1772, 430], [1773, 430], [1774, 430], [1777, 430], [1778, 430], [1779, 430], [1780, 430], [1781, 430], [1782, 430], [1783, 430], [1784, 430], [1785, 430], [1751, 431], [1752, 431], [1753, 431], [1754, 431], [1755, 431], [1756, 431], [1757, 431], [1758, 431], [1762, 431], [1763, 431], [1764, 431], [1765, 431], [1766, 431], [1767, 431], [1770, 431], [1771, 431], [1772, 431], [1773, 431], [1774, 431], [1775, 431], [1776, 431], [1777, 431], [1778, 431], [1780, 431], [1781, 431], [1782, 431], [1783, 431], [1784, 431], [1785, 431], [1786, 431], [1787, 431], [1754, 432], [1755, 432], [1756, 432], [1757, 432], [1758, 432], [1759, 432], [1760, 432], [1761, 432], [1763, 432], [1764, 432], [1765, 432], [1766, 432], [1767, 432], [1768, 432], [1773, 432], [1774, 432], [1775, 432], [1776, 432], [1777, 432], [1778, 432], [1779, 432], [1780, 432], [1784, 432], [1785, 432], [1786, 432], [1787, 432], [1788, 432], [1789, 432], [1790, 432], [1757, 433], [1758, 433], [1759, 433], [1760, 433], [1761, 433], [1762, 433], [1763, 433], [1766, 433], [1767, 433], [1768, 433], [1769, 433], [1770, 433], [1771, 433], [1772, 433], [1773, 433], [1777, 433], [1778, 433], [1779, 433], [1780, 433], [1781, 433], [1782, 433], [1786, 433], [1787, 433], [1788, 433], [1789, 433], [1790, 433], [1791, 433], [1792, 433], [1793, 433], [1760, 434], [1761, 434], [1762, 434], [1763, 434], [1764, 434], [1765, 434], [1766, 434], [1767, 434], [1768, 434], [1769, 434], [1770, 434], [1771, 434], [1772, 434], [1773, 434], [1774, 434], [1779, 434], [1780, 434], [1781, 434], [1782, 434], [1783, 434], [1784, 434], [1785, 434], [1786, 434], [1789, 434], [1790, 434], [1791, 434], [1792, 434], [1793, 434], [1794, 434], [1795, 434], [1796, 434], [1797, 434], [1762, 435], [1763, 435], [1764, 435], [1765, 435], [1766, 435], [1767, 435], [1768, 435], [1769, 435], [1772, 435], [1773, 435], [1774, 435], [1775, 435], [1776, 435], [1777, 435], [1781, 435], [1782, 435], [1783, 435], [1784, 435], [1785, 435], [1786, 435], [1787, 435], [1788, 435], [1789, 435], [1792, 435], [1793, 435], [1794, 435], [1795, 435], [1796, 435], [1797, 435], [1798, 435], [1799, 435], [1765, 436], [1766, 436], [1767, 436], [1768, 436], [1769, 436], [1770, 436], [1771, 436], [1772, 436], [1773, 436], [1774, 436], [1775, 436], [1776, 436], [1777, 436], [1778, 436], [1779, 436], [1780, 436], [1781, 436], [1785, 436], [1786, 436], [1787, 436], [1788, 436], [1789, 436], [1790, 436], [1791, 436], [1792, 436], [1796, 436], [1797, 436], [1798, 436], [1799, 436], [1800, 436], [1801, 436], [1802, 436], [1803, 436], [1768, 437], [1769, 437], [1770, 437], [1771, 437], [1772, 437], [1773, 437], [1774, 437], [1775, 437], [1776, 437], [1777, 437], [1778, 437], [1779, 437], [1780, 437], [1781, 437], [1782, 437], [1783, 437], [1784, 437], [1788, 437], [1789, 437], [1790, 437], [1791, 437], [1792, 437], [1793, 437], [1794, 437], [1795, 437], [1796, 437], [1798, 437], [1799, 437], [1800, 437], [1801, 437], [1802, 437], [1803, 437], [1804, 437], [1805, 437], [1771, 438], [1772, 438], [1773, 438], [1774, 438], [1775, 438], [1776, 438], [1777, 438], [1778, 438], [1780, 438], [1781, 438], [1782, 438], [1783, 438], [1784, 438], [1785, 438], [1786, 438], [1791, 438], [1792, 438], [1793, 438], [1794, 438], [1795, 438], [1796, 438], [1797, 438], [1798, 438], [1802, 438], [1803, 438], [1804, 438], [1805, 438], [1806, 438], [1807, 438], [1808, 438], [1774, 439], [1775, 439], [1776, 439], [1777, 439], [1778, 439], [1779, 439], [1780, 439], [1781, 439], [1783, 439], [1784, 439], [1785, 439], [1786, 439], [1787, 439], [1788, 439], [1795, 439], [1796, 439], [1797, 439], [1798, 439], [1799, 439], [1800, 439], [1801, 439], [1804, 439], [1805, 439], [1806, 439], [1807, 439], [1808, 439], [1809, 439], [1810, 439], [1811, 439], [1777, 440], [1778, 440], [1779, 440], [1780, 440], [1781, 440], [1782, 440], [1783, 440], [1784, 440], [1785, 440], [1786, 440], [1787, 440], [1788, 440], [1789, 440], [1790, 440], [1791, 440], [1797, 440], [1798, 440], [1799, 440], [1800, 440], [1801, 440], [1802, 440], [1803, 440], [1804, 440], [1807, 440], [1808, 440], [1809, 440], [1810, 440], [1811, 440], [1812, 440], [1813, 440], [1814, 440], [1780, 441], [1781, 441], [1782, 441], [1783, 441], [1784, 441], [1785, 441], [1786, 441], [1788, 441], [1789, 441], [1790, 441], [1791, 441], [1792, 441], [1793, 441], [1794, 441], [1800, 441], [1801, 441], [1802, 441], [1803, 441], [1804, 441], [1805, 441], [1806, 441], [1807, 441], [1810, 441], [1811, 441], [1812, 441], [1813, 441], [1814, 441], [1815, 441], [1816, 441], [1783, 442], [1784, 442], [1785, 442], [1786, 442], [1787, 442], [1788, 442], [1789, 442], [1790, 442], [1791, 442], [1792, 442], [1793, 442], [1794, 442], [1795, 442], [1796, 442], [1797, 442], [1803, 442], [1804, 442], [1805, 442], [1806, 442], [1807, 442], [1808, 442], [1809, 442], [1813, 442], [1814, 442], [1815, 442], [1816, 442], [1817, 442], [1818, 442], [1819, 442], [1786, 443], [1787, 443], [1788, 443], [1789, 443], [1790, 443], [1791, 443], [1792, 443], [1793, 443], [1794, 443], [1795, 443], [1796, 443], [1797, 443], [1798, 443], [1799, 443], [1806, 443], [1807, 443], [1808, 443], [1809, 443], [1810, 443], [1811, 443], [1812, 443], [1815, 443], [1816, 443], [1817, 443], [1818, 443], [1819, 443], [1820, 443], [1821, 443], [1822, 443], [1788, 444], [1789, 444], [1790, 444], [1791, 444], [1792, 444], [1793, 444], [1794, 444], [1795, 444], [1796, 444], [1797, 444], [1798, 444], [1799, 444], [1800, 444], [1801, 444], [1802, 444], [1803, 444], [1808, 444], [1809, 444], [1810, 444], [1811, 444], [1812, 444], [1813, 444], [1814, 444], [1815, 444], [1818, 444], [1819, 444], [1820, 444], [1821, 444], [1822, 444], [1823, 444], [1824, 444], [1791, 445], [1792, 445], [1793, 445], [1794, 445], [1795, 445], [1796, 445], [1797, 445], [1799, 445], [1800, 445], [1801, 445], [1802, 445], [1803, 445], [1804, 445], [1805, 445], [1806, 445], [1811, 445], [1812, 445], [1813, 445], [1814, 445], [1815, 445], [1816, 445], [1817, 445], [1818, 445], [1821, 445], [1822, 445], [1823, 445], [1824, 445], [1794, 446], [1795, 446], [1796, 446], [1797, 446], [1798, 446], [1799, 446], [1800, 446], [1802, 446], [1803, 446], [1804, 446], [1805, 446], [1806, 446], [1807, 446], [1808, 446], [1809, 446], [1814, 446], [1815, 446], [1816, 446], [1817, 446], [1818, 446], [1819, 446], [1820, 446], [1821, 446], [1797, 447], [1798, 447], [1799, 447], [1800, 447], [1801, 447], [1802, 447], [1803, 447], [1804, 447], [1805, 447], [1806, 447], [1807, 447], [1808, 447], [1809, 447], [1810, 447], [1811, 447], [1817, 447], [1818, 447], [1819, 447], [1820, 447], [1821, 447], [1822, 447], [1823, 447], [1824, 447], [1799, 448], [1800, 448], [1801, 448], [1802, 448], [1803, 448], [1804, 448], [1805, 448], [1806, 448], [1807, 448], [1808, 448], [1809, 448], [1810, 448], [1811, 448], [1812, 448], [1813, 448], [1814, 448], [1820, 448], [1821, 448], [1822, 448], [1823, 448], [1824, 448], [1803, 449], [1804, 449], [1805, 449], [1806, 449], [1807, 449], [1808, 449], [1809, 449], [1810, 449], [1811, 449], [1812, 449], [1813, 449], [1814, 449], [1815, 449], [1816, 449], [1817, 449], [1806, 450], [1807, 450], [1808, 450], [1809, 450], [1810, 450], [1811, 450], [1812, 450], [1813, 450], [1814, 450], [1815, 450], [1816, 450], [1817, 450], [1818, 450], [1819, 450], [1820, 450], [1808, 451], [1809, 451], [1810, 451], [1811, 451], [1812, 451], [1813, 451], [1814, 451], [1815, 451], [1816, 451], [1817, 451], [1818, 451], [1819, 451], [1820, 451], [1821, 451], [1822, 451], [1823, 451], [1824, 451], [1811, 452], [1812, 452], [1813, 452], [1814, 452], [1815, 452], [1816, 452], [1817, 452], [1818, 452], [1819, 452], [1820, 452], [1821, 452], [1822, 452], [1823, 452], [1824, 452], [1814, 453], [1815, 453], [1816, 453], [1817, 453], [1818, 453], [1819, 453], [1820, 453], [1821, 453], [1823, 453], [1824, 453], [1817, 454], [1818, 454], [1819, 454], [1820, 454], [1821, 454], [1822, 454], [1823, 454], [1824, 454], [1820, 455], [1821, 455], [1822, 455], [1823, 455], [1824, 455], [1824, 456]


