White line left - [120, 1065], [121, 1065], [119, 1066], [117, 1067], [118, 1067], [115, 1068], [116, 1068], [117, 1068], [118, 1068], [114, 1069], [115, 1069], [116, 1069], [117, 1069], [112, 1070], [113, 1070], [114, 1070], [115, 1070], [116, 1070], [110, 1071], [111, 1071], [112, 1071], [113, 1071], [114, 1071], [115, 1071], [110, 1072], [111, 1072], [112, 1072], [113, 1072], [114, 1072], [107, 1073], [110, 1073], [111, 1073], [112, 1073], [105, 1074], [106, 1074], [109, 1074], [110, 1074], [111, 1074], [104, 1075], [105, 1075], [106, 1075], [108, 1075], [109, 1075], [110, 1075], [111, 1075], [104, 1076], [105, 1076], [106, 1076], [107, 1076], [108, 1076], [109, 1076], [110, 1076], [100, 1077], [101, 1077], [102, 1077], [103, 1077], [104, 1077], [105, 1077], [106, 1077], [107, 1077], [108, 1077], [109, 1077], [98, 1078], [99, 1078], [100, 1078], [101, 1078], [102, 1078], [103, 1078], [104, 1078], [105, 1078], [106, 1078], [97, 1079], [99, 1079], [101, 1079], [102, 1079], [103, 1079]




Yellow line left - [1509, 241], [1510, 241], [1511, 241], [1512, 241], [1513, 241], [1507, 242], [1508, 242], [1509, 242], [1510, 242], [1511, 242], [1512, 242], [1513, 242], [1514, 242], [1515, 242], [1516, 242], [1517, 242], [1518, 242], [1510, 243], [1511, 243], [1512, 243], [1513, 243], [1514, 243], [1515, 243], [1516, 243], [1517, 243], [1518, 243], [1519, 243], [1515, 244], [1516, 244], [1517, 244], [1518, 244], [1519, 244], [1515, 245], [1516, 245], [1517, 245], [1518, 245], [1519, 245], [1510, 246], [1511, 246], [1512, 246], [1513, 246], [1514, 246], [1515, 246], [1516, 246], [1517, 246], [1518, 246], [1509, 247], [1510, 247], [1511, 247], [1512, 247], [1513, 247], [1514, 247], [1515, 247], [1516, 247], [1509, 248], [1510, 248], [1511, 248], [1512, 248], [1509, 249], [1510, 249], [1511, 249], [1512, 249], [1509, 250], [1510, 250], [1511, 250], [1512, 250], [1513, 250], [1514, 250], [1515, 250], [1516, 250], [1517, 250], [1523, 250], [1524, 250], [1525, 250], [1526, 250], [1527, 250], [1528, 250], [1529, 250], [1530, 250], [1531, 250], [1532, 250], [1533, 250], [1534, 250], [1511, 251], [1512, 251], [1513, 251], [1514, 251], [1515, 251], [1516, 251], [1517, 251], [1522, 251], [1523, 251], [1524, 251], [1525, 251], [1526, 251], [1527, 251], [1528, 251], [1529, 251], [1530, 251], [1531, 251], [1532, 251], [1533, 251], [1534, 251], [1515, 252], [1516, 252], [1517, 252], [1518, 252], [1519, 252], [1521, 252], [1522, 252], [1523, 252], [1524, 252], [1525, 252], [1527, 252], [1528, 252], [1529, 252], [1530, 252], [1531, 252], [1532, 252], [1533, 252], [1534, 252], [1514, 253], [1515, 253], [1516, 253], [1517, 253], [1518, 253], [1519, 253], [1521, 253], [1522, 253], [1523, 253], [1524, 253], [1525, 253], [1526, 253], [1527, 253], [1528, 253], [1529, 253], [1530, 253], [1531, 253], [1532, 253], [1533, 253], [1534, 253], [1513, 254], [1514, 254], [1515, 254], [1516, 254], [1517, 254], [1518, 254], [1519, 254], [1521, 254], [1522, 254], [1523, 254], [1524, 254], [1525, 254], [1526, 254], [1527, 254], [1528, 254], [1511, 255], [1512, 255], [1513, 255], [1514, 255], [1515, 255], [1516, 255], [1511, 256], [1512, 256], [1513, 256], [1514, 256], [1515, 256], [1516, 256], [1511, 257], [1512, 257], [1513, 257], [1514, 257], [1515, 257], [1516, 257], [1517, 257], [1518, 257], [1519, 257], [1511, 258], [1512, 258], [1513, 258], [1514, 258], [1515, 258], [1516, 258], [1517, 258], [1518, 258], [1519, 258], [1520, 258], [1521, 258], [1522, 258], [1523, 258], [1524, 258], [1525, 258], [1526, 258], [1527, 258], [1528, 258], [1529, 258], [1530, 258], [1531, 258], [1532, 258], [1533, 258], [1534, 258], [1535, 258], [1536, 258], [1537, 258], [1538, 258], [1539, 258], [1540, 258], [1541, 258], [1542, 258], [1543, 258], [1544, 258], [1545, 258], [1546, 258], [1547, 258], [1511, 259], [1512, 259], [1513, 259], [1514, 259], [1515, 259], [1516, 259], [1517, 259], [1518, 259], [1519, 259], [1520, 259], [1521, 259], [1522, 259], [1523, 259], [1524, 259], [1525, 259], [1526, 259], [1527, 259], [1528, 259], [1529, 259], [1530, 259], [1531, 259], [1532, 259], [1533, 259], [1534, 259], [1535, 259], [1536, 259], [1537, 259], [1538, 259], [1539, 259], [1540, 259], [1541, 259], [1542, 259], [1543, 259], [1544, 259], [1545, 259], [1546, 259], [1547, 259], [1548, 259], [1549, 259], [1550, 259], [1551, 259], [1552, 259], [1511, 260], [1515, 260], [1546, 260], [1547, 260], [1548, 260], [1549, 260], [1550, 260], [1551, 260], [1552, 260], [1554, 260], [1555, 260], [1556, 260], [1557, 260], [1558, 260], [1559, 260], [1560, 260], [1501, 261], [1502, 261], [1503, 261], [1511, 261], [1512, 261], [1513, 261], [1514, 261], [1515, 261], [1551, 261], [1552, 261], [1553, 261], [1554, 261], [1555, 261], [1556, 261], [1557, 261], [1558, 261], [1559, 261], [1560, 261], [1561, 261], [1562, 261], [1563, 261], [1564, 261], [1565, 261], [1566, 261], [1567, 261], [1568, 261], [1473, 262], [1499, 262], [1500, 262], [1501, 262], [1502, 262], [1503, 262], [1504, 262], [1511, 262], [1512, 262], [1513, 262], [1549, 262], [1550, 262], [1551, 262], [1552, 262], [1553, 262], [1554, 262], [1555, 262], [1559, 262], [1560, 262], [1561, 262], [1562, 262], [1563, 262], [1564, 262], [1565, 262], [1566, 262], [1567, 262], [1568, 262], [1569, 262], [1570, 262], [1473, 263], [1499, 263], [1500, 263], [1501, 263], [1502, 263], [1503, 263], [1504, 263], [1511, 263], [1512, 263], [1513, 263], [1541, 263], [1542, 263], [1543, 263], [1544, 263], [1545, 263], [1546, 263], [1547, 263], [1548, 263], [1549, 263], [1550, 263], [1551, 263], [1552, 263], [1553, 263], [1554, 263], [1555, 263], [1556, 263], [1564, 263], [1565, 263], [1566, 263], [1567, 263], [1568, 263], [1569, 263], [1570, 263], [1571, 263], [1572, 263], [1573, 263], [1470, 264], [1471, 264], [1472, 264], [1473, 264], [1498, 264], [1499, 264], [1500, 264], [1501, 264], [1502, 264], [1503, 264], [1504, 264], [1536, 264], [1537, 264], [1538, 264], [1539, 264], [1540, 264], [1541, 264], [1542, 264], [1543, 264], [1544, 264], [1545, 264], [1546, 264], [1547, 264], [1548, 264], [1549, 264], [1550, 264], [1551, 264], [1552, 264], [1553, 264], [1554, 264], [1555, 264], [1556, 264], [1557, 264], [1558, 264], [1569, 264], [1570, 264], [1571, 264], [1572, 264], [1573, 264], [1583, 264], [1584, 264], [1585, 264], [1468, 265], [1469, 265], [1498, 265], [1500, 265], [1501, 265], [1503, 265], [1504, 265], [1535, 265], [1536, 265], [1537, 265], [1538, 265], [1539, 265], [1540, 265], [1541, 265], [1542, 265], [1555, 265], [1556, 265], [1557, 265], [1558, 265], [1559, 265], [1560, 265], [1572, 265], [1573, 265], [1574, 265], [1575, 265], [1576, 265], [1577, 265], [1578, 265], [1579, 265], [1580, 265], [1581, 265], [1582, 265], [1583, 265], [1584, 265], [1585, 265], [1586, 265], [1587, 265], [1588, 265], [1589, 265], [1590, 265], [1591, 265], [1592, 265], [1593, 265], [1594, 265], [1595, 265], [1596, 265], [1466, 266], [1467, 266], [1468, 266], [1469, 266], [1470, 266], [1498, 266], [1499, 266], [1500, 266], [1501, 266], [1502, 266], [1503, 266], [1504, 266], [1534, 266], [1535, 266], [1536, 266], [1537, 266], [1557, 266], [1558, 266], [1559, 266], [1560, 266], [1561, 266], [1572, 266], [1573, 266], [1574, 266], [1575, 266], [1576, 266], [1577, 266], [1578, 266], [1579, 266], [1580, 266], [1581, 266], [1582, 266], [1583, 266], [1584, 266], [1585, 266], [1586, 266], [1587, 266], [1588, 266], [1589, 266], [1590, 266], [1591, 266], [1592, 266], [1593, 266], [1594, 266], [1595, 266], [1596, 266], [1597, 266], [1598, 266], [1599, 266], [1600, 266], [1468, 267], [1469, 267], [1470, 267], [1471, 267], [1472, 267], [1473, 267], [1500, 267], [1501, 267], [1502, 267], [1503, 267], [1504, 267], [1531, 267], [1532, 267], [1533, 267], [1534, 267], [1535, 267], [1536, 267], [1559, 267], [1560, 267], [1561, 267], [1574, 267], [1575, 267], [1576, 267], [1592, 267], [1593, 267], [1594, 267], [1595, 267], [1596, 267], [1597, 267], [1598, 267], [1599, 267], [1600, 267], [1601, 267], [1602, 267], [1603, 267], [1469, 268], [1470, 268], [1471, 268], [1472, 268], [1473, 268], [1500, 268], [1501, 268], [1502, 268], [1503, 268], [1529, 268], [1530, 268], [1531, 268], [1532, 268], [1533, 268], [1534, 268], [1535, 268], [1559, 268], [1560, 268], [1561, 268], [1599, 268], [1600, 268], [1601, 268], [1602, 268], [1603, 268], [1604, 268], [1471, 269], [1472, 269], [1473, 269], [1474, 269], [1500, 269], [1501, 269], [1502, 269], [1528, 269], [1529, 269], [1530, 269], [1531, 269], [1532, 269], [1533, 269], [1534, 269], [1558, 269], [1559, 269], [1560, 269], [1602, 269], [1603, 269], [1604, 269], [1471, 270], [1472, 270], [1473, 270], [1474, 270], [1475, 270], [1476, 270], [1509, 270], [1510, 270], [1511, 270], [1528, 270], [1529, 270], [1530, 270], [1531, 270], [1532, 270], [1533, 270], [1534, 270], [1535, 270], [1536, 270], [1537, 270], [1538, 270], [1539, 270], [1557, 270], [1558, 270], [1559, 270], [1560, 270], [1597, 270], [1598, 270], [1599, 270], [1600, 270], [1601, 270], [1603, 270], [1604, 270], [1473, 271], [1474, 271], [1475, 271], [1476, 271], [1477, 271], [1478, 271], [1479, 271], [1480, 271], [1509, 271], [1510, 271], [1511, 271], [1512, 271], [1513, 271], [1514, 271], [1528, 271], [1529, 271], [1530, 271], [1531, 271], [1532, 271], [1533, 271], [1534, 271], [1535, 271], [1536, 271], [1537, 271], [1538, 271], [1539, 271], [1547, 271], [1548, 271], [1549, 271], [1550, 271], [1551, 271], [1552, 271], [1553, 271], [1554, 271], [1555, 271], [1556, 271], [1557, 271], [1558, 271], [1559, 271], [1594, 271], [1595, 271], [1596, 271], [1597, 271], [1598, 271], [1599, 271], [1600, 271], [1601, 271], [1602, 271], [1603, 271], [1604, 271], [1475, 272], [1476, 272], [1477, 272], [1478, 272], [1479, 272], [1480, 272], [1481, 272], [1482, 272], [1483, 272], [1484, 272], [1485, 272], [1486, 272], [1487, 272], [1509, 272], [1510, 272], [1513, 272], [1514, 272], [1515, 272], [1530, 272], [1531, 272], [1532, 272], [1533, 272], [1534, 272], [1535, 272], [1536, 272], [1537, 272], [1538, 272], [1539, 272], [1540, 272], [1541, 272], [1542, 272], [1543, 272], [1544, 272], [1545, 272], [1546, 272], [1547, 272], [1548, 272], [1549, 272], [1550, 272], [1551, 272], [1552, 272], [1553, 272], [1554, 272], [1555, 272], [1556, 272], [1557, 272], [1558, 272], [1594, 272], [1595, 272], [1596, 272], [1597, 272], [1598, 272], [1600, 272], [1601, 272], [1602, 272], [1603, 272], [1604, 272], [1479, 273], [1480, 273], [1481, 273], [1482, 273], [1483, 273], [1484, 273], [1485, 273], [1486, 273], [1487, 273], [1488, 273], [1489, 273], [1509, 273], [1510, 273], [1511, 273], [1512, 273], [1513, 273], [1514, 273], [1515, 273], [1537, 273], [1538, 273], [1539, 273], [1540, 273], [1541, 273], [1542, 273], [1543, 273], [1544, 273], [1545, 273], [1546, 273], [1547, 273], [1548, 273], [1549, 273], [1550, 273], [1551, 273], [1552, 273], [1553, 273], [1554, 273], [1555, 273], [1594, 273], [1595, 273], [1596, 273], [1597, 273], [1598, 273], [1599, 273], [1600, 273], [1638, 273], [1639, 273], [1640, 273], [1486, 274], [1487, 274], [1488, 274], [1489, 274], [1490, 274], [1493, 274], [1494, 274], [1495, 274], [1498, 274], [1499, 274], [1500, 274], [1501, 274], [1502, 274], [1503, 274], [1504, 274], [1505, 274], [1506, 274], [1509, 274], [1510, 274], [1511, 274], [1512, 274], [1513, 274], [1514, 274], [1515, 274], [1594, 274], [1595, 274], [1596, 274], [1597, 274], [1598, 274], [1599, 274], [1600, 274], [1601, 274], [1602, 274], [1603, 274], [1604, 274], [1605, 274], [1606, 274], [1607, 274], [1608, 274], [1609, 274], [1633, 274], [1634, 274], [1635, 274], [1636, 274], [1637, 274], [1638, 274], [1639, 274], [1640, 274], [1641, 274], [1488, 275], [1489, 275], [1490, 275], [1491, 275], [1492, 275], [1493, 275], [1495, 275], [1496, 275], [1497, 275], [1498, 275], [1499, 275], [1500, 275], [1501, 275], [1502, 275], [1503, 275], [1504, 275], [1505, 275], [1506, 275], [1510, 275], [1511, 275], [1512, 275], [1594, 275], [1595, 275], [1596, 275], [1597, 275], [1598, 275], [1599, 275], [1600, 275], [1601, 275], [1602, 275], [1603, 275], [1604, 275], [1605, 275], [1606, 275], [1607, 275], [1608, 275], [1609, 275], [1610, 275], [1611, 275], [1612, 275], [1613, 275], [1614, 275], [1615, 275], [1616, 275], [1617, 275], [1618, 275], [1619, 275], [1631, 275], [1632, 275], [1633, 275], [1634, 275], [1635, 275], [1636, 275], [1637, 275], [1638, 275], [1639, 275], [1640, 275], [1641, 275], [1642, 275], [1643, 275], [1644, 275], [1645, 275], [1646, 275], [1489, 276], [1490, 276], [1491, 276], [1492, 276], [1494, 276], [1495, 276], [1496, 276], [1497, 276], [1498, 276], [1499, 276], [1500, 276], [1501, 276], [1504, 276], [1505, 276], [1506, 276], [1608, 276], [1609, 276], [1610, 276], [1611, 276], [1612, 276], [1613, 276], [1614, 276], [1615, 276], [1616, 276], [1617, 276], [1618, 276], [1619, 276], [1620, 276], [1621, 276], [1622, 276], [1629, 276], [1630, 276], [1631, 276], [1632, 276], [1633, 276], [1634, 276], [1640, 276], [1641, 276], [1642, 276], [1643, 276], [1644, 276], [1645, 276], [1646, 276], [1647, 276], [1648, 276], [1491, 277], [1492, 277], [1493, 277], [1494, 277], [1496, 277], [1497, 277], [1498, 277], [1504, 277], [1505, 277], [1506, 277], [1618, 277], [1619, 277], [1620, 277], [1621, 277], [1622, 277], [1623, 277], [1624, 277], [1625, 277], [1626, 277], [1627, 277], [1628, 277], [1629, 277], [1630, 277], [1631, 277], [1632, 277], [1642, 277], [1643, 277], [1644, 277], [1645, 277], [1646, 277], [1647, 277], [1648, 277], [1649, 277], [1650, 277], [1651, 277], [1652, 277], [1653, 277], [1654, 277], [1492, 278], [1493, 278], [1494, 278], [1495, 278], [1496, 278], [1497, 278], [1498, 278], [1499, 278], [1505, 278], [1506, 278], [1621, 278], [1622, 278], [1623, 278], [1624, 278], [1625, 278], [1626, 278], [1627, 278], [1628, 278], [1629, 278], [1630, 278], [1647, 278], [1648, 278], [1649, 278], [1650, 278], [1651, 278], [1652, 278], [1653, 278], [1654, 278], [1655, 278], [1656, 278], [1719, 278], [1720, 278], [1721, 278], [1722, 278], [1723, 278], [1724, 278], [1725, 278], [1726, 278], [1494, 279], [1495, 279], [1496, 279], [1497, 279], [1498, 279], [1499, 279], [1505, 279], [1506, 279], [1507, 279], [1508, 279], [1653, 279], [1654, 279], [1655, 279], [1656, 279], [1657, 279], [1658, 279], [1659, 279], [1660, 279], [1661, 279], [1718, 279], [1719, 279], [1720, 279], [1721, 279], [1722, 279], [1723, 279], [1724, 279], [1725, 279], [1726, 279], [1727, 279], [1495, 280], [1496, 280], [1497, 280], [1498, 280], [1499, 280], [1505, 280], [1506, 280], [1507, 280], [1508, 280], [1509, 280], [1655, 280], [1656, 280], [1657, 280], [1658, 280], [1659, 280], [1660, 280], [1661, 280], [1662, 280], [1663, 280], [1664, 280], [1718, 280], [1719, 280], [1720, 280], [1725, 280], [1726, 280], [1727, 280], [1728, 280], [1507, 281], [1508, 281], [1509, 281], [1510, 281], [1660, 281], [1661, 281], [1662, 281], [1663, 281], [1664, 281], [1665, 281], [1666, 281], [1718, 281], [1719, 281], [1720, 281], [1721, 281], [1722, 281], [1723, 281], [1724, 281], [1725, 281], [1726, 281], [1727, 281], [1728, 281], [1508, 282], [1509, 282], [1510, 282], [1511, 282], [1663, 282], [1664, 282], [1665, 282], [1666, 282], [1667, 282], [1668, 282], [1669, 282], [1719, 282], [1720, 282], [1721, 282], [1722, 282], [1723, 282], [1724, 282], [1725, 282], [1726, 282], [1727, 282], [1728, 282], [1509, 283], [1510, 283], [1511, 283], [1512, 283], [1665, 283], [1666, 283], [1667, 283], [1668, 283], [1669, 283], [1670, 283], [1510, 284], [1511, 284], [1512, 284], [1513, 284], [1514, 284], [1515, 284], [1516, 284], [1517, 284], [1518, 284], [1519, 284], [1520, 284], [1668, 284], [1669, 284], [1670, 284], [1671, 284], [1672, 284], [1511, 285], [1512, 285], [1513, 285], [1514, 285], [1515, 285], [1516, 285], [1517, 285], [1518, 285], [1519, 285], [1520, 285], [1521, 285], [1522, 285], [1669, 285], [1670, 285], [1671, 285], [1672, 285], [1513, 286], [1514, 286], [1515, 286], [1516, 286], [1517, 286], [1519, 286], [1520, 286], [1521, 286], [1522, 286], [1523, 286], [1670, 286], [1671, 286], [1672, 286], [1789, 286], [1790, 286], [1791, 286], [1521, 287], [1522, 287], [1523, 287], [1524, 287], [1525, 287], [1670, 287], [1671, 287], [1672, 287], [1673, 287], [1674, 287], [1786, 287], [1787, 287], [1788, 287], [1789, 287], [1790, 287], [1791, 287], [1792, 287], [1793, 287], [1522, 288], [1523, 288], [1524, 288], [1525, 288], [1526, 288], [1527, 288], [1528, 288], [1671, 288], [1672, 288], [1673, 288], [1674, 288], [1675, 288], [1679, 288], [1680, 288], [1681, 288], [1682, 288], [1683, 288], [1684, 288], [1783, 288], [1784, 288], [1785, 288], [1786, 288], [1787, 288], [1788, 288], [1789, 288], [1790, 288], [1791, 288], [1792, 288], [1793, 288], [1794, 288], [1524, 289], [1525, 289], [1526, 289], [1527, 289], [1528, 289], [1529, 289], [1531, 289], [1532, 289], [1533, 289], [1534, 289], [1535, 289], [1536, 289], [1537, 289], [1538, 289], [1539, 289], [1673, 289], [1674, 289], [1675, 289], [1676, 289], [1677, 289], [1678, 289], [1679, 289], [1680, 289], [1681, 289], [1682, 289], [1683, 289], [1684, 289], [1685, 289], [1686, 289], [1687, 289], [1688, 289], [1689, 289], [1690, 289], [1691, 289], [1692, 289], [1693, 289], [1694, 289], [1695, 289], [1696, 289], [1718, 289], [1719, 289], [1720, 289], [1721, 289], [1722, 289], [1778, 289], [1779, 289], [1780, 289], [1781, 289], [1782, 289], [1783, 289], [1784, 289], [1785, 289], [1786, 289], [1787, 289], [1792, 289], [1793, 289], [1794, 289], [1527, 290], [1528, 290], [1529, 290], [1530, 290], [1531, 290], [1532, 290], [1533, 290], [1534, 290], [1535, 290], [1536, 290], [1537, 290], [1538, 290], [1539, 290], [1674, 290], [1675, 290], [1676, 290], [1677, 290], [1678, 290], [1679, 290], [1680, 290], [1683, 290], [1684, 290], [1685, 290], [1686, 290], [1687, 290], [1688, 290], [1689, 290], [1690, 290], [1691, 290], [1692, 290], [1693, 290], [1694, 290], [1695, 290], [1696, 290], [1697, 290], [1698, 290], [1699, 290], [1700, 290], [1701, 290], [1702, 290], [1703, 290], [1704, 290], [1705, 290], [1706, 290], [1707, 290], [1708, 290], [1709, 290], [1710, 290], [1711, 290], [1712, 290], [1713, 290], [1714, 290], [1715, 290], [1716, 290], [1717, 290], [1718, 290], [1719, 290], [1720, 290], [1721, 290], [1722, 290], [1723, 290], [1724, 290], [1725, 290], [1726, 290], [1727, 290], [1728, 290], [1729, 290], [1776, 290], [1777, 290], [1778, 290], [1779, 290], [1780, 290], [1781, 290], [1782, 290], [1783, 290], [1784, 290], [1793, 290], [1794, 290], [1528, 291], [1529, 291], [1530, 291], [1531, 291], [1532, 291], [1536, 291], [1537, 291], [1538, 291], [1539, 291], [1685, 291], [1686, 291], [1687, 291], [1693, 291], [1694, 291], [1695, 291], [1696, 291], [1697, 291], [1698, 291], [1699, 291], [1700, 291], [1701, 291], [1702, 291], [1703, 291], [1704, 291], [1705, 291], [1706, 291], [1707, 291], [1708, 291], [1709, 291], [1710, 291], [1711, 291], [1712, 291], [1713, 291], [1714, 291], [1715, 291], [1716, 291], [1717, 291], [1718, 291], [1719, 291], [1721, 291], [1722, 291], [1723, 291], [1724, 291], [1725, 291], [1726, 291], [1727, 291], [1728, 291], [1729, 291], [1730, 291], [1731, 291], [1732, 291], [1733, 291], [1734, 291], [1775, 291], [1776, 291], [1777, 291], [1778, 291], [1779, 291], [1793, 291], [1794, 291], [1536, 292], [1537, 292], [1538, 292], [1539, 292], [1713, 292], [1714, 292], [1715, 292], [1728, 292], [1729, 292], [1730, 292], [1731, 292], [1732, 292], [1733, 292], [1734, 292], [1735, 292], [1736, 292], [1775, 292], [1776, 292], [1777, 292], [1792, 292], [1793, 292], [1794, 292], [1536, 293], [1537, 293], [1538, 293], [1539, 293], [1731, 293], [1732, 293], [1733, 293], [1734, 293], [1735, 293], [1736, 293], [1737, 293], [1738, 293], [1774, 293], [1775, 293], [1776, 293], [1789, 293], [1790, 293], [1791, 293], [1792, 293], [1793, 293], [1794, 293], [1538, 294], [1539, 294], [1540, 294], [1553, 294], [1554, 294], [1555, 294], [1735, 294], [1736, 294], [1737, 294], [1738, 294], [1739, 294], [1774, 294], [1775, 294], [1776, 294], [1787, 294], [1788, 294], [1789, 294], [1790, 294], [1791, 294], [1792, 294], [1793, 294], [1538, 295], [1539, 295], [1540, 295], [1541, 295], [1542, 295], [1543, 295], [1544, 295], [1551, 295], [1552, 295], [1553, 295], [1554, 295], [1555, 295], [1737, 295], [1738, 295], [1739, 295], [1773, 295], [1774, 295], [1775, 295], [1776, 295], [1778, 295], [1779, 295], [1780, 295], [1781, 295], [1782, 295], [1783, 295], [1784, 295], [1785, 295], [1787, 295], [1788, 295], [1789, 295], [1790, 295], [1791, 295], [1792, 295], [1539, 296], [1540, 296], [1541, 296], [1542, 296], [1543, 296], [1544, 296], [1545, 296], [1546, 296], [1551, 296], [1552, 296], [1553, 296], [1554, 296], [1555, 296], [1556, 296], [1736, 296], [1737, 296], [1738, 296], [1739, 296], [1773, 296], [1774, 296], [1775, 296], [1776, 296], [1777, 296], [1778, 296], [1779, 296], [1780, 296], [1781, 296], [1782, 296], [1783, 296], [1784, 296], [1785, 296], [1786, 296], [1787, 296], [1788, 296], [1789, 296], [1790, 296], [1543, 297], [1544, 297], [1545, 297], [1546, 297], [1547, 297], [1548, 297], [1549, 297], [1550, 297], [1551, 297], [1552, 297], [1554, 297], [1555, 297], [1556, 297], [1557, 297], [1558, 297], [1736, 297], [1737, 297], [1738, 297], [1773, 297], [1774, 297], [1775, 297], [1776, 297], [1777, 297], [1778, 297], [1779, 297], [1780, 297], [1781, 297], [1782, 297], [1784, 297], [1785, 297], [1786, 297], [1787, 297], [1788, 297], [1789, 297], [1545, 298], [1546, 298], [1547, 298], [1548, 298], [1549, 298], [1550, 298], [1551, 298], [1552, 298], [1555, 298], [1556, 298], [1557, 298], [1558, 298], [1736, 298], [1737, 298], [1738, 298], [1787, 298], [1789, 298], [1548, 299], [1549, 299], [1550, 299], [1551, 299], [1557, 299], [1558, 299], [1559, 299], [1737, 299], [1738, 299], [1739, 299], [1787, 299], [1788, 299], [1789, 299], [1557, 300], [1558, 300], [1559, 300], [1737, 300], [1738, 300], [1739, 300], [1740, 300], [1741, 300], [1742, 300], [1558, 301], [1559, 301], [1560, 301], [1561, 301], [1562, 301], [1738, 301], [1739, 301], [1740, 301], [1741, 301], [1742, 301], [1743, 301], [1744, 301], [1745, 301], [1779, 301], [1780, 301], [1781, 301], [1782, 301], [1558, 302], [1559, 302], [1560, 302], [1561, 302], [1562, 302], [1563, 302], [1564, 302], [1565, 302], [1566, 302], [1568, 302], [1569, 302], [1570, 302], [1741, 302], [1742, 302], [1743, 302], [1744, 302], [1745, 302], [1779, 302], [1780, 302], [1781, 302], [1782, 302], [1561, 303], [1562, 303], [1563, 303], [1564, 303], [1565, 303], [1566, 303], [1567, 303], [1568, 303], [1569, 303], [1570, 303], [1571, 303], [1572, 303], [1573, 303], [1742, 303], [1743, 303], [1744, 303], [1745, 303], [1746, 303], [1747, 303], [1748, 303], [1749, 303], [1776, 303], [1777, 303], [1778, 303], [1779, 303], [1780, 303], [1781, 303], [1782, 303], [1564, 304], [1565, 304], [1566, 304], [1567, 304], [1568, 304], [1569, 304], [1570, 304], [1571, 304], [1572, 304], [1573, 304], [1742, 304], [1743, 304], [1744, 304], [1745, 304], [1746, 304], [1747, 304], [1748, 304], [1749, 304], [1750, 304], [1776, 304], [1777, 304], [1778, 304], [1779, 304], [1780, 304], [1781, 304], [1782, 304], [1564, 305], [1565, 305], [1566, 305], [1567, 305], [1568, 305], [1571, 305], [1572, 305], [1573, 305], [1745, 305], [1746, 305], [1747, 305], [1748, 305], [1749, 305], [1750, 305], [1776, 305], [1777, 305], [1778, 305], [1779, 305], [1571, 306], [1572, 306], [1573, 306], [1749, 306], [1750, 306], [1788, 306], [1789, 306], [1790, 306], [1571, 307], [1572, 307], [1573, 307], [1574, 307], [1575, 307], [1749, 307], [1750, 307], [1751, 307], [1752, 307], [1787, 307], [1788, 307], [1789, 307], [1790, 307], [1572, 308], [1573, 308], [1574, 308], [1575, 308], [1576, 308], [1577, 308], [1749, 308], [1750, 308], [1751, 308], [1752, 308], [1787, 308], [1788, 308], [1789, 308], [1790, 308], [1574, 309], [1575, 309], [1576, 309], [1577, 309], [1578, 309], [1751, 309], [1752, 309], [1753, 309], [1754, 309], [1787, 309], [1788, 309], [1789, 309], [1790, 309], [1576, 310], [1577, 310], [1578, 310], [1579, 310], [1580, 310], [1581, 310], [1582, 310], [1583, 310], [1751, 310], [1752, 310], [1753, 310], [1754, 310], [1755, 310], [1756, 310], [1577, 311], [1578, 311], [1579, 311], [1580, 311], [1581, 311], [1582, 311], [1583, 311], [1584, 311], [1585, 311], [1586, 311], [1587, 311], [1588, 311], [1753, 311], [1754, 311], [1755, 311], [1756, 311], [1757, 311], [1758, 311], [1759, 311], [1582, 312], [1583, 312], [1584, 312], [1585, 312], [1586, 312], [1587, 312], [1588, 312], [1589, 312], [1590, 312], [1591, 312], [1755, 312], [1756, 312], [1757, 312], [1758, 312], [1759, 312], [1760, 312], [1761, 312], [1762, 312], [1763, 312], [1764, 312], [1765, 312], [1766, 312], [1767, 312], [1768, 312], [1769, 312], [1770, 312], [1771, 312], [1587, 313], [1588, 313], [1589, 313], [1590, 313], [1591, 313], [1592, 313], [1593, 313], [1594, 313], [1756, 313], [1757, 313], [1758, 313], [1759, 313], [1760, 313], [1761, 313], [1762, 313], [1763, 313], [1764, 313], [1765, 313], [1766, 313], [1767, 313], [1768, 313], [1769, 313], [1770, 313], [1771, 313], [1772, 313], [1773, 313], [1774, 313], [1775, 313], [1776, 313], [1777, 313], [1778, 313], [1590, 314], [1591, 314], [1592, 314], [1593, 314], [1594, 314], [1595, 314], [1768, 314], [1769, 314], [1770, 314], [1771, 314], [1772, 314], [1773, 314], [1774, 314], [1775, 314], [1776, 314], [1777, 314], [1778, 314], [1593, 315], [1594, 315], [1595, 315], [1596, 315], [1597, 315], [1598, 315], [1599, 315], [1600, 315], [1776, 315], [1777, 315], [1778, 315], [1594, 316], [1595, 316], [1596, 316], [1597, 316], [1598, 316], [1599, 316], [1600, 316], [1601, 316], [1775, 316], [1776, 316], [1777, 316], [1778, 316], [1599, 317], [1600, 317], [1601, 317], [1602, 317], [1775, 317], [1776, 317], [1777, 317], [1600, 318], [1601, 318], [1602, 318], [1603, 318], [1604, 318], [1605, 318], [1606, 318], [1772, 318], [1773, 318], [1774, 318], [1775, 318], [1776, 318], [1777, 318], [1601, 319], [1602, 319], [1603, 319], [1604, 319], [1605, 319], [1606, 319], [1607, 319], [1772, 319], [1773, 319], [1774, 319], [1775, 319], [1776, 319], [1777, 319], [1605, 320], [1606, 320], [1607, 320], [1608, 320], [1609, 320], [1772, 320], [1773, 320], [1774, 320], [1775, 320], [1606, 321], [1607, 321], [1608, 321], [1609, 321], [1610, 321], [1611, 321], [1612, 321], [1613, 321], [1772, 321], [1773, 321], [1774, 321], [1775, 321], [1608, 322], [1609, 322], [1610, 322], [1611, 322], [1612, 322], [1613, 322], [1614, 322], [1615, 322], [1616, 322], [1772, 322], [1773, 322], [1774, 322], [1775, 322], [1776, 322], [1612, 323], [1613, 323], [1614, 323], [1615, 323], [1616, 323], [1617, 323], [1774, 323], [1775, 323], [1776, 323], [1777, 323], [1615, 324], [1616, 324], [1617, 324], [1618, 324], [1619, 324], [1620, 324], [1621, 324], [1622, 324], [1623, 324], [1624, 324], [1625, 324], [1775, 324], [1776, 324], [1777, 324], [1778, 324], [1779, 324], [1780, 324], [1781, 324], [1782, 324], [1783, 324], [1784, 324], [1785, 324], [1786, 324], [1791, 324], [1792, 324], [1793, 324], [1794, 324], [1795, 324], [1796, 324], [1797, 324], [1798, 324], [1616, 325], [1617, 325], [1618, 325], [1619, 325], [1620, 325], [1621, 325], [1622, 325], [1623, 325], [1624, 325], [1625, 325], [1626, 325], [1627, 325], [1628, 325], [1776, 325], [1777, 325], [1778, 325], [1779, 325], [1780, 325], [1781, 325], [1782, 325], [1783, 325], [1784, 325], [1785, 325], [1786, 325], [1787, 325], [1788, 325], [1789, 325], [1790, 325], [1791, 325], [1792, 325], [1793, 325], [1794, 325], [1795, 325], [1796, 325], [1797, 325], [1798, 325], [1799, 325], [1800, 325], [1622, 326], [1623, 326], [1624, 326], [1625, 326], [1626, 326], [1627, 326], [1628, 326], [1782, 326], [1783, 326], [1784, 326], [1785, 326], [1786, 326], [1787, 326], [1788, 326], [1789, 326], [1790, 326], [1791, 326], [1792, 326], [1797, 326], [1798, 326], [1799, 326], [1800, 326], [1801, 326], [1802, 326], [1627, 327], [1628, 327], [1629, 327], [1630, 327], [1631, 327], [1799, 327], [1800, 327], [1801, 327], [1802, 327], [1803, 327], [1804, 327], [1805, 327], [1811, 327], [1812, 327], [1813, 327], [1627, 328], [1628, 328], [1629, 328], [1630, 328], [1631, 328], [1632, 328], [1801, 328], [1802, 328], [1803, 328], [1804, 328], [1805, 328], [1806, 328], [1807, 328], [1808, 328], [1809, 328], [1810, 328], [1811, 328], [1812, 328], [1813, 328], [1814, 328], [1824, 328], [1630, 329], [1631, 329], [1632, 329], [1633, 329], [1634, 329], [1635, 329], [1636, 329], [1804, 329], [1805, 329], [1806, 329], [1807, 329], [1808, 329], [1809, 329], [1810, 329], [1811, 329], [1812, 329], [1813, 329], [1814, 329], [1815, 329], [1816, 329], [1817, 329], [1818, 329], [1819, 329], [1822, 329], [1823, 329], [1824, 329], [1631, 330], [1632, 330], [1633, 330], [1634, 330], [1635, 330], [1636, 330], [1637, 330], [1638, 330], [1639, 330], [1640, 330], [1808, 330], [1809, 330], [1810, 330], [1811, 330], [1813, 330], [1814, 330], [1815, 330], [1816, 330], [1817, 330], [1818, 330], [1819, 330], [1820, 330], [1821, 330], [1822, 330], [1823, 330], [1824, 330], [1635, 331], [1636, 331], [1637, 331], [1638, 331], [1639, 331], [1640, 331], [1641, 331], [1642, 331], [1643, 331], [1815, 331], [1816, 331], [1817, 331], [1818, 331], [1819, 331], [1820, 331], [1821, 331], [1822, 331], [1823, 331], [1639, 332], [1640, 332], [1641, 332], [1642, 332], [1643, 332], [1644, 332], [1645, 332], [1646, 332], [1642, 333], [1643, 333], [1644, 333], [1645, 333], [1646, 333], [1647, 333], [1648, 333], [1649, 333], [1645, 334], [1646, 334], [1647, 334], [1648, 334], [1649, 334], [1650, 334], [1648, 335], [1649, 335], [1650, 335], [1651, 335], [1652, 335], [1653, 335], [1649, 336], [1650, 336], [1651, 336], [1652, 336], [1653, 336], [1654, 336], [1655, 336], [1652, 337], [1653, 337], [1654, 337], [1655, 337], [1656, 337], [1657, 337], [1658, 337], [1654, 338], [1655, 338], [1656, 338], [1657, 338], [1658, 338], [1659, 338], [1660, 338], [1657, 339], [1658, 339], [1659, 339], [1660, 339], [1661, 339], [1662, 339], [1663, 339], [1664, 339], [1665, 339], [1666, 339], [1667, 339], [1668, 339], [1659, 340], [1660, 340], [1661, 340], [1662, 340], [1663, 340], [1664, 340], [1665, 340], [1666, 340], [1667, 340], [1668, 340], [1669, 340], [1662, 341], [1663, 341], [1664, 341], [1667, 341], [1668, 341], [1669, 341], [1668, 342], [1669, 342], [1670, 342], [1671, 342], [1668, 343], [1669, 343], [1670, 343], [1671, 343], [1672, 343], [1673, 343], [1670, 344], [1671, 344], [1672, 344], [1673, 344], [1674, 344], [1675, 344], [1676, 344], [1677, 344], [1678, 344], [1679, 344], [1672, 345], [1673, 345], [1674, 345], [1675, 345], [1676, 345], [1677, 345], [1678, 345], [1679, 345], [1680, 345], [1681, 345], [1678, 346], [1679, 346], [1680, 346], [1681, 346], [1682, 346], [1683, 346], [1680, 347], [1681, 347], [1682, 347], [1683, 347], [1684, 347], [1685, 347], [1686, 347], [1682, 348], [1683, 348], [1684, 348], [1685, 348], [1686, 348], [1687, 348], [1688, 348], [1685, 349], [1686, 349], [1687, 349], [1688, 349], [1689, 349], [1687, 350], [1688, 350], [1689, 350], [1690, 350], [1691, 350], [1688, 351], [1689, 351], [1690, 351], [1691, 351], [1692, 351], [1693, 351], [1694, 351], [1695, 351], [1690, 352], [1691, 352], [1692, 352], [1693, 352], [1694, 352], [1695, 352], [1696, 352], [1697, 352], [1698, 352], [1699, 352], [1694, 353], [1695, 353], [1696, 353], [1697, 353], [1698, 353], [1699, 353], [1700, 353], [1701, 353], [1702, 353], [1703, 353], [1698, 354], [1699, 354], [1700, 354], [1701, 354], [1702, 354], [1703, 354], [1704, 354], [1705, 354], [1706, 354], [1702, 355], [1703, 355], [1704, 355], [1705, 355], [1706, 355], [1707, 355], [1708, 355], [1705, 356], [1706, 356], [1707, 356], [1708, 356], [1709, 356], [1710, 356], [1711, 356], [1707, 357], [1708, 357], [1709, 357], [1710, 357], [1711, 357], [1712, 357], [1713, 357], [1710, 358], [1711, 358], [1712, 358], [1713, 358], [1714, 358], [1715, 358], [1716, 358], [1717, 358], [1718, 358], [1712, 359], [1713, 359], [1714, 359], [1715, 359], [1716, 359], [1717, 359], [1718, 359], [1719, 359], [1720, 359], [1721, 359], [1717, 360], [1718, 360], [1719, 360], [1720, 360], [1721, 360], [1722, 360], [1723, 360], [1720, 361], [1721, 361], [1722, 361], [1723, 361], [1724, 361], [1725, 361], [1726, 361], [1722, 362], [1723, 362], [1724, 362], [1725, 362], [1726, 362], [1727, 362], [1728, 362], [1729, 362], [1730, 362], [1731, 362], [1725, 363], [1726, 363], [1727, 363], [1728, 363], [1729, 363], [1730, 363], [1731, 363], [1732, 363], [1730, 364], [1731, 364], [1732, 364], [1733, 364], [1731, 365], [1732, 365], [1733, 365], [1734, 365], [1732, 366], [1733, 366], [1734, 366], [1735, 366], [1736, 366], [1737, 366], [1733, 367], [1734, 367], [1735, 367], [1736, 367], [1737, 367], [1738, 367], [1739, 367], [1740, 367], [1736, 368], [1737, 368], [1738, 368], [1739, 368], [1740, 368], [1741, 368], [1742, 368], [1739, 369], [1740, 369], [1741, 369], [1742, 369], [1743, 369], [1744, 369], [1745, 369], [1746, 369], [1747, 369], [1741, 370], [1742, 370], [1743, 370], [1744, 370], [1745, 370], [1746, 370], [1747, 370], [1748, 370], [1749, 370], [1750, 370], [1751, 370], [1746, 371], [1747, 371], [1748, 371], [1749, 371], [1750, 371], [1751, 371], [1752, 371], [1753, 371], [1750, 372], [1751, 372], [1752, 372], [1753, 372], [1754, 372], [1755, 372], [1752, 373], [1753, 373], [1754, 373], [1755, 373], [1756, 373], [1757, 373], [1758, 373], [1759, 373], [1754, 374], [1755, 374], [1756, 374], [1757, 374], [1758, 374], [1759, 374], [1760, 374], [1761, 374], [1758, 375], [1759, 375], [1760, 375], [1761, 375], [1762, 375], [1763, 375], [1764, 375], [1765, 375], [1760, 376], [1761, 376], [1762, 376], [1763, 376], [1764, 376], [1765, 376], [1766, 376], [1767, 376], [1768, 376], [1764, 377], [1765, 377], [1766, 377], [1767, 377], [1768, 377], [1769, 377], [1770, 377], [1767, 378], [1768, 378], [1769, 378], [1770, 378], [1771, 378], [1772, 378], [1769, 379], [1770, 379], [1771, 379], [1772, 379], [1773, 379], [1774, 379], [1775, 379], [1776, 379], [1771, 380], [1772, 380], [1773, 380], [1774, 380], [1775, 380], [1776, 380], [1777, 380], [1778, 380], [1775, 381], [1776, 381], [1777, 381], [1778, 381], [1779, 381], [1780, 381], [1781, 381], [1782, 381], [1777, 382], [1778, 382], [1779, 382], [1780, 382], [1781, 382], [1782, 382], [1783, 382], [1784, 382], [1785, 382], [1786, 382], [1781, 383], [1782, 383], [1783, 383], [1784, 383], [1785, 383], [1786, 383], [1787, 383], [1788, 383], [1789, 383], [1785, 384], [1786, 384], [1787, 384], [1788, 384], [1789, 384], [1790, 384], [1791, 384], [1788, 385], [1789, 385], [1790, 385], [1791, 385], [1792, 385], [1793, 385], [1794, 385], [1795, 385], [1796, 385], [1790, 386], [1791, 386], [1792, 386], [1793, 386], [1794, 386], [1795, 386], [1796, 386], [1797, 386], [1798, 386], [1799, 386], [1795, 387], [1796, 387], [1797, 387], [1798, 387], [1799, 387], [1800, 387], [1801, 387], [1798, 388], [1799, 388], [1800, 388], [1801, 388], [1802, 388], [1800, 389], [1801, 389], [1802, 389], [1803, 389], [1804, 389], [1805, 389], [1801, 390], [1802, 390], [1803, 390], [1804, 390], [1805, 390], [1806, 390], [1807, 390], [1808, 390], [1804, 391], [1805, 391], [1806, 391], [1807, 391], [1808, 391], [1809, 391], [1810, 391], [1811, 391], [1807, 392], [1808, 392], [1809, 392], [1810, 392], [1811, 392], [1812, 392], [1813, 392], [1814, 392], [1815, 392], [1810, 393], [1811, 393], [1812, 393], [1813, 393], [1814, 393], [1815, 393], [1816, 393], [1817, 393], [1818, 393], [1819, 393], [1814, 394], [1815, 394], [1816, 394], [1817, 394], [1818, 394], [1819, 394], [1820, 394], [1821, 394], [1822, 394], [1823, 394], [1818, 395], [1819, 395], [1820, 395], [1821, 395], [1822, 395], [1823, 395], [1824, 395], [1822, 396], [1823, 396], [1824, 396], [1823, 397], [1824, 397], [1824, 398]




Yellow line right - [1753, 260], [1754, 260], [1755, 260], [1756, 260], [1757, 260], [1758, 260], [1759, 260], [1760, 260], [1761, 260], [1762, 260], [1763, 260], [1764, 260], [1765, 260], [1750, 261], [1751, 261], [1752, 261], [1753, 261], [1754, 261], [1755, 261], [1756, 261], [1757, 261], [1758, 261], [1759, 261], [1760, 261], [1761, 261], [1762, 261], [1763, 261], [1764, 261], [1765, 261], [1766, 261], [1767, 261], [1750, 262], [1751, 262], [1752, 262], [1753, 262], [1754, 262], [1764, 262], [1765, 262], [1766, 262], [1767, 262], [1768, 262], [1750, 263], [1751, 263], [1766, 263], [1767, 263], [1768, 263], [1750, 264], [1751, 264], [1752, 264], [1763, 264], [1764, 264], [1765, 264], [1766, 264], [1767, 264], [1768, 264], [1750, 265], [1751, 265], [1752, 265], [1753, 265], [1754, 265], [1755, 265], [1757, 265], [1758, 265], [1759, 265], [1760, 265], [1761, 265], [1762, 265], [1763, 265], [1764, 265], [1765, 265], [1766, 265], [1767, 265], [1751, 266], [1752, 266], [1753, 266], [1754, 266], [1755, 266], [1756, 266], [1757, 266], [1758, 266], [1759, 266], [1760, 266], [1761, 266], [1762, 266], [1763, 266], [1764, 266], [1754, 267], [1755, 267], [1756, 267], [1757, 267], [1758, 267]




White line right - [1455, 273], [1456, 273], [1457, 273], [1458, 273], [1454, 274], [1455, 274], [1456, 274], [1457, 274], [1458, 274], [1459, 274], [1460, 274], [1451, 275], [1452, 275], [1453, 275], [1454, 275], [1457, 275], [1458, 275], [1459, 275], [1460, 275], [1461, 275], [1462, 275], [1463, 275], [1451, 276], [1452, 276], [1453, 276], [1454, 276], [1455, 276], [1456, 276], [1457, 276], [1459, 276], [1460, 276], [1461, 276], [1462, 276], [1463, 276], [1464, 276], [1465, 276], [1466, 276], [1453, 277], [1454, 277], [1455, 277], [1456, 277], [1457, 277], [1458, 277], [1459, 277], [1462, 277], [1463, 277], [1464, 277], [1465, 277], [1466, 277], [1467, 277], [1468, 277], [1469, 277], [1456, 278], [1457, 278], [1458, 278], [1459, 278], [1460, 278], [1461, 278], [1462, 278], [1465, 278], [1466, 278], [1467, 278], [1468, 278], [1469, 278], [1470, 278], [1471, 278], [1458, 279], [1459, 279], [1460, 279], [1461, 279], [1462, 279], [1463, 279], [1464, 279], [1465, 279], [1468, 279], [1469, 279], [1470, 279], [1471, 279], [1472, 279], [1473, 279], [1474, 279], [1461, 280], [1462, 280], [1463, 280], [1464, 280], [1465, 280], [1466, 280], [1467, 280], [1470, 280], [1471, 280], [1472, 280], [1473, 280], [1474, 280], [1475, 280], [1476, 280], [1464, 281], [1465, 281], [1466, 281], [1467, 281], [1468, 281], [1469, 281], [1470, 281], [1473, 281], [1474, 281], [1475, 281], [1476, 281], [1477, 281], [1478, 281], [1479, 281], [1466, 282], [1467, 282], [1468, 282], [1469, 282], [1470, 282], [1471, 282], [1472, 282], [1473, 282], [1475, 282], [1476, 282], [1477, 282], [1478, 282], [1479, 282], [1480, 282], [1481, 282], [1482, 282], [1469, 283], [1470, 283], [1471, 283], [1472, 283], [1473, 283], [1474, 283], [1475, 283], [1478, 283], [1479, 283], [1480, 283], [1481, 283], [1482, 283], [1483, 283], [1484, 283], [1472, 284], [1473, 284], [1474, 284], [1475, 284], [1476, 284], [1477, 284], [1481, 284], [1482, 284], [1483, 284], [1484, 284], [1485, 284], [1486, 284], [1487, 284], [1474, 285], [1475, 285], [1476, 285], [1477, 285], [1478, 285], [1479, 285], [1480, 285], [1483, 285], [1484, 285], [1485, 285], [1486, 285], [1487, 285], [1488, 285], [1489, 285], [1476, 286], [1477, 286], [1478, 286], [1479, 286], [1480, 286], [1481, 286], [1482, 286], [1483, 286], [1486, 286], [1487, 286], [1488, 286], [1489, 286], [1490, 286], [1491, 286], [1492, 286], [1479, 287], [1480, 287], [1481, 287], [1482, 287], [1483, 287], [1484, 287], [1485, 287], [1488, 287], [1489, 287], [1490, 287], [1491, 287], [1492, 287], [1493, 287], [1494, 287], [1495, 287], [1482, 288], [1483, 288], [1484, 288], [1485, 288], [1486, 288], [1487, 288], [1488, 288], [1491, 288], [1492, 288], [1493, 288], [1494, 288], [1495, 288], [1496, 288], [1497, 288], [1484, 289], [1485, 289], [1486, 289], [1487, 289], [1488, 289], [1489, 289], [1490, 289], [1491, 289], [1494, 289], [1495, 289], [1496, 289], [1497, 289], [1498, 289], [1499, 289], [1500, 289], [1487, 290], [1488, 290], [1489, 290], [1490, 290], [1491, 290], [1492, 290], [1493, 290], [1494, 290], [1496, 290], [1497, 290], [1498, 290], [1499, 290], [1500, 290], [1501, 290], [1502, 290], [1503, 290], [1490, 291], [1491, 291], [1492, 291], [1493, 291], [1494, 291], [1495, 291], [1496, 291], [1497, 291], [1499, 291], [1500, 291], [1501, 291], [1502, 291], [1503, 291], [1504, 291], [1505, 291], [1506, 291], [1493, 292], [1494, 292], [1495, 292], [1496, 292], [1497, 292], [1498, 292], [1499, 292], [1502, 292], [1503, 292], [1504, 292], [1505, 292], [1506, 292], [1507, 292], [1508, 292], [1509, 292], [1496, 293], [1497, 293], [1498, 293], [1499, 293], [1500, 293], [1501, 293], [1502, 293], [1505, 293], [1506, 293], [1507, 293], [1508, 293], [1509, 293], [1510, 293], [1511, 293], [1512, 293], [1498, 294], [1499, 294], [1500, 294], [1501, 294], [1502, 294], [1503, 294], [1504, 294], [1508, 294], [1509, 294], [1510, 294], [1511, 294], [1512, 294], [1513, 294], [1514, 294], [1501, 295], [1502, 295], [1503, 295], [1504, 295], [1505, 295], [1506, 295], [1507, 295], [1511, 295], [1512, 295], [1513, 295], [1514, 295], [1515, 295], [1516, 295], [1517, 295], [1503, 296], [1504, 296], [1505, 296], [1506, 296], [1507, 296], [1508, 296], [1509, 296], [1512, 296], [1513, 296], [1514, 296], [1515, 296], [1516, 296], [1517, 296], [1518, 296], [1519, 296], [1506, 297], [1507, 297], [1508, 297], [1509, 297], [1510, 297], [1511, 297], [1512, 297], [1513, 297], [1514, 297], [1515, 297], [1516, 297], [1517, 297], [1518, 297], [1519, 297], [1520, 297], [1521, 297], [1522, 297], [1508, 298], [1509, 298], [1510, 298], [1511, 298], [1512, 298], [1513, 298], [1514, 298], [1515, 298], [1516, 298], [1517, 298], [1518, 298], [1519, 298], [1520, 298], [1521, 298], [1522, 298], [1523, 298], [1524, 298], [1511, 299], [1512, 299], [1513, 299], [1514, 299], [1515, 299], [1516, 299], [1517, 299], [1518, 299], [1519, 299], [1520, 299], [1521, 299], [1523, 299], [1524, 299], [1525, 299], [1526, 299], [1527, 299], [1514, 300], [1515, 300], [1516, 300], [1517, 300], [1518, 300], [1519, 300], [1520, 300], [1521, 300], [1522, 300], [1523, 300], [1524, 300], [1525, 300], [1526, 300], [1527, 300], [1528, 300], [1529, 300], [1530, 300], [1516, 301], [1517, 301], [1518, 301], [1519, 301], [1520, 301], [1522, 301], [1523, 301], [1526, 301], [1527, 301], [1528, 301], [1529, 301], [1530, 301], [1531, 301], [1532, 301], [1519, 302], [1520, 302], [1521, 302], [1522, 302], [1523, 302], [1524, 302], [1525, 302], [1529, 302], [1530, 302], [1531, 302], [1532, 302], [1533, 302], [1534, 302], [1535, 302], [1521, 303], [1522, 303], [1523, 303], [1524, 303], [1525, 303], [1526, 303], [1527, 303], [1528, 303], [1531, 303], [1532, 303], [1533, 303], [1534, 303], [1535, 303], [1536, 303], [1537, 303], [1538, 303], [1524, 304], [1525, 304], [1526, 304], [1527, 304], [1528, 304], [1529, 304], [1530, 304], [1531, 304], [1532, 304], [1534, 304], [1535, 304], [1536, 304], [1537, 304], [1538, 304], [1539, 304], [1540, 304], [1541, 304], [1527, 305], [1528, 305], [1529, 305], [1530, 305], [1531, 305], [1532, 305], [1533, 305], [1534, 305], [1537, 305], [1538, 305], [1539, 305], [1540, 305], [1541, 305], [1542, 305], [1543, 305], [1544, 305], [1531, 306], [1532, 306], [1533, 306], [1534, 306], [1535, 306], [1536, 306], [1537, 306], [1540, 306], [1541, 306], [1542, 306], [1543, 306], [1544, 306], [1545, 306], [1546, 306], [1547, 306], [1533, 307], [1534, 307], [1535, 307], [1536, 307], [1537, 307], [1538, 307], [1539, 307], [1543, 307], [1544, 307], [1545, 307], [1546, 307], [1547, 307], [1548, 307], [1549, 307], [1550, 307], [1536, 308], [1537, 308], [1538, 308], [1539, 308], [1540, 308], [1541, 308], [1542, 308], [1543, 308], [1544, 308], [1545, 308], [1546, 308], [1547, 308], [1548, 308], [1549, 308], [1550, 308], [1551, 308], [1552, 308], [1553, 308], [1538, 309], [1539, 309], [1540, 309], [1541, 309], [1542, 309], [1543, 309], [1544, 309], [1545, 309], [1546, 309], [1547, 309], [1548, 309], [1549, 309], [1550, 309], [1551, 309], [1552, 309], [1553, 309], [1554, 309], [1555, 309], [1541, 310], [1542, 310], [1543, 310], [1544, 310], [1545, 310], [1547, 310], [1548, 310], [1550, 310], [1551, 310], [1552, 310], [1554, 310], [1555, 310], [1556, 310], [1557, 310], [1558, 310], [1543, 311], [1544, 311], [1545, 311], [1546, 311], [1547, 311], [1548, 311], [1549, 311], [1550, 311], [1551, 311], [1553, 311], [1554, 311], [1555, 311], [1556, 311], [1557, 311], [1558, 311], [1559, 311], [1560, 311], [1561, 311], [1546, 312], [1547, 312], [1548, 312], [1549, 312], [1550, 312], [1551, 312], [1552, 312], [1553, 312], [1554, 312], [1555, 312], [1556, 312], [1557, 312], [1559, 312], [1560, 312], [1561, 312], [1562, 312], [1563, 312], [1549, 313], [1550, 313], [1551, 313], [1552, 313], [1553, 313], [1554, 313], [1555, 313], [1556, 313], [1557, 313], [1558, 313], [1559, 313], [1560, 313], [1562, 313], [1563, 313], [1564, 313], [1565, 313], [1566, 313], [1551, 314], [1552, 314], [1553, 314], [1554, 314], [1555, 314], [1556, 314], [1557, 314], [1558, 314], [1559, 314], [1560, 314], [1561, 314], [1562, 314], [1564, 314], [1565, 314], [1566, 314], [1567, 314], [1568, 314], [1554, 315], [1555, 315], [1556, 315], [1557, 315], [1558, 315], [1560, 315], [1561, 315], [1562, 315], [1563, 315], [1564, 315], [1565, 315], [1566, 315], [1567, 315], [1568, 315], [1569, 315], [1570, 315], [1571, 315], [1557, 316], [1558, 316], [1559, 316], [1560, 316], [1561, 316], [1562, 316], [1563, 316], [1564, 316], [1566, 316], [1567, 316], [1568, 316], [1569, 316], [1570, 316], [1571, 316], [1572, 316], [1573, 316], [1574, 316], [1559, 317], [1560, 317], [1561, 317], [1562, 317], [1563, 317], [1564, 317], [1565, 317], [1566, 317], [1568, 317], [1570, 317], [1571, 317], [1572, 317], [1573, 317], [1574, 317], [1575, 317], [1576, 317], [1562, 318], [1563, 318], [1564, 318], [1565, 318], [1566, 318], [1567, 318], [1568, 318], [1573, 318], [1574, 318], [1575, 318], [1576, 318], [1577, 318], [1578, 318], [1579, 318], [1564, 319], [1565, 319], [1566, 319], [1567, 319], [1568, 319], [1569, 319], [1570, 319], [1571, 319], [1575, 319], [1576, 319], [1577, 319], [1578, 319], [1579, 319], [1580, 319], [1581, 319], [1582, 319], [1567, 320], [1568, 320], [1569, 320], [1570, 320], [1571, 320], [1572, 320], [1573, 320], [1575, 320], [1577, 320], [1578, 320], [1579, 320], [1580, 320], [1581, 320], [1582, 320], [1583, 320], [1584, 320], [1585, 320], [1570, 321], [1571, 321], [1572, 321], [1573, 321], [1574, 321], [1575, 321], [1576, 321], [1577, 321], [1580, 321], [1581, 321], [1582, 321], [1583, 321], [1584, 321], [1585, 321], [1586, 321], [1587, 321], [1572, 322], [1573, 322], [1574, 322], [1575, 322], [1576, 322], [1577, 322], [1578, 322], [1579, 322], [1580, 322], [1582, 322], [1583, 322], [1585, 322], [1586, 322], [1587, 322], [1588, 322], [1589, 322], [1590, 322], [1575, 323], [1576, 323], [1577, 323], [1578, 323], [1579, 323], [1580, 323], [1581, 323], [1582, 323], [1584, 323], [1586, 323], [1587, 323], [1588, 323], [1589, 323], [1590, 323], [1591, 323], [1592, 323], [1593, 323], [1578, 324], [1579, 324], [1580, 324], [1581, 324], [1582, 324], [1583, 324], [1584, 324], [1586, 324], [1588, 324], [1589, 324], [1590, 324], [1591, 324], [1592, 324], [1593, 324], [1594, 324], [1595, 324], [1596, 324], [1580, 325], [1581, 325], [1582, 325], [1583, 325], [1584, 325], [1585, 325], [1586, 325], [1587, 325], [1588, 325], [1590, 325], [1592, 325], [1593, 325], [1594, 325], [1595, 325], [1596, 325], [1597, 325], [1598, 325], [1583, 326], [1584, 326], [1585, 326], [1586, 326], [1587, 326], [1588, 326], [1589, 326], [1590, 326], [1595, 326], [1596, 326], [1597, 326], [1598, 326], [1599, 326], [1600, 326], [1601, 326], [1586, 327], [1587, 327], [1588, 327], [1589, 327], [1590, 327], [1591, 327], [1592, 327], [1596, 327], [1597, 327], [1599, 327], [1600, 327], [1601, 327], [1602, 327], [1603, 327], [1604, 327], [1589, 328], [1590, 328], [1591, 328], [1592, 328], [1593, 328], [1594, 328], [1595, 328], [1596, 328], [1597, 328], [1598, 328], [1599, 328], [1600, 328], [1601, 328], [1602, 328], [1603, 328], [1604, 328], [1605, 328], [1606, 328], [1607, 328], [1591, 329], [1592, 329], [1593, 329], [1594, 329], [1595, 329], [1596, 329], [1598, 329], [1599, 329], [1601, 329], [1602, 329], [1603, 329], [1604, 329], [1605, 329], [1606, 329], [1607, 329], [1608, 329], [1609, 329], [1610, 329], [1594, 330], [1595, 330], [1596, 330], [1597, 330], [1598, 330], [1599, 330], [1600, 330], [1601, 330], [1602, 330], [1604, 330], [1605, 330], [1606, 330], [1607, 330], [1608, 330], [1609, 330], [1610, 330], [1611, 330], [1612, 330], [1613, 330], [1597, 331], [1598, 331], [1599, 331], [1600, 331], [1601, 331], [1603, 331], [1604, 331], [1605, 331], [1607, 331], [1608, 331], [1609, 331], [1611, 331], [1612, 331], [1613, 331], [1614, 331], [1615, 331], [1616, 331], [1600, 332], [1601, 332], [1602, 332], [1603, 332], [1604, 332], [1605, 332], [1606, 332], [1607, 332], [1608, 332], [1609, 332], [1610, 332], [1611, 332], [1613, 332], [1614, 332], [1615, 332], [1616, 332], [1617, 332], [1618, 332], [1602, 333], [1603, 333], [1604, 333], [1605, 333], [1606, 333], [1607, 333], [1608, 333], [1609, 333], [1610, 333], [1611, 333], [1612, 333], [1613, 333], [1614, 333], [1615, 333], [1616, 333], [1617, 333], [1618, 333], [1619, 333], [1620, 333], [1621, 333], [1605, 334], [1606, 334], [1607, 334], [1608, 334], [1609, 334], [1610, 334], [1611, 334], [1612, 334], [1613, 334], [1614, 334], [1615, 334], [1616, 334], [1617, 334], [1618, 334], [1619, 334], [1620, 334], [1621, 334], [1622, 334], [1623, 334], [1624, 334], [1608, 335], [1609, 335], [1610, 335], [1611, 335], [1612, 335], [1613, 335], [1614, 335], [1615, 335], [1616, 335], [1617, 335], [1618, 335], [1619, 335], [1620, 335], [1622, 335], [1623, 335], [1624, 335], [1625, 335], [1626, 335], [1627, 335], [1611, 336], [1612, 336], [1613, 336], [1614, 336], [1615, 336], [1617, 336], [1618, 336], [1619, 336], [1620, 336], [1621, 336], [1622, 336], [1623, 336], [1625, 336], [1626, 336], [1627, 336], [1628, 336], [1629, 336], [1613, 337], [1614, 337], [1615, 337], [1616, 337], [1617, 337], [1619, 337], [1620, 337], [1621, 337], [1623, 337], [1624, 337], [1625, 337], [1626, 337], [1628, 337], [1629, 337], [1630, 337], [1631, 337], [1632, 337], [1616, 338], [1617, 338], [1618, 338], [1619, 338], [1620, 338], [1621, 338], [1622, 338], [1623, 338], [1624, 338], [1625, 338], [1626, 338], [1627, 338], [1628, 338], [1629, 338], [1630, 338], [1631, 338], [1632, 338], [1633, 338], [1634, 338], [1635, 338], [1618, 339], [1619, 339], [1620, 339], [1621, 339], [1622, 339], [1624, 339], [1625, 339], [1626, 339], [1627, 339], [1628, 339], [1629, 339], [1630, 339], [1631, 339], [1633, 339], [1634, 339], [1635, 339], [1636, 339], [1637, 339], [1621, 340], [1622, 340], [1623, 340], [1624, 340], [1626, 340], [1627, 340], [1628, 340], [1629, 340], [1630, 340], [1631, 340], [1632, 340], [1633, 340], [1634, 340], [1636, 340], [1637, 340], [1638, 340], [1639, 340], [1640, 340], [1623, 341], [1624, 341], [1625, 341], [1626, 341], [1627, 341], [1628, 341], [1629, 341], [1630, 341], [1631, 341], [1632, 341], [1633, 341], [1634, 341], [1635, 341], [1636, 341], [1638, 341], [1639, 341], [1640, 341], [1641, 341], [1642, 341], [1625, 342], [1626, 342], [1627, 342], [1628, 342], [1629, 342], [1630, 342], [1631, 342], [1632, 342], [1633, 342], [1634, 342], [1636, 342], [1637, 342], [1638, 342], [1639, 342], [1641, 342], [1642, 342], [1643, 342], [1644, 342], [1645, 342], [1628, 343], [1629, 343], [1630, 343], [1631, 343], [1632, 343], [1634, 343], [1635, 343], [1636, 343], [1637, 343], [1638, 343], [1639, 343], [1640, 343], [1641, 343], [1642, 343], [1643, 343], [1644, 343], [1645, 343], [1646, 343], [1647, 343], [1630, 344], [1631, 344], [1632, 344], [1633, 344], [1634, 344], [1636, 344], [1637, 344], [1638, 344], [1639, 344], [1641, 344], [1642, 344], [1643, 344], [1644, 344], [1645, 344], [1646, 344], [1647, 344], [1648, 344], [1649, 344], [1650, 344], [1633, 345], [1634, 345], [1635, 345], [1636, 345], [1637, 345], [1639, 345], [1640, 345], [1641, 345], [1642, 345], [1644, 345], [1645, 345], [1646, 345], [1647, 345], [1648, 345], [1649, 345], [1650, 345], [1651, 345], [1652, 345], [1653, 345], [1635, 346], [1636, 346], [1637, 346], [1638, 346], [1639, 346], [1640, 346], [1641, 346], [1642, 346], [1643, 346], [1644, 346], [1645, 346], [1646, 346], [1647, 346], [1648, 346], [1649, 346], [1650, 346], [1651, 346], [1652, 346], [1653, 346], [1654, 346], [1655, 346], [1638, 347], [1639, 347], [1640, 347], [1641, 347], [1642, 347], [1644, 347], [1645, 347], [1646, 347], [1647, 347], [1649, 347], [1650, 347], [1651, 347], [1652, 347], [1654, 347], [1655, 347], [1656, 347], [1657, 347], [1658, 347], [1641, 348], [1642, 348], [1643, 348], [1644, 348], [1645, 348], [1646, 348], [1647, 348], [1648, 348], [1649, 348], [1650, 348], [1651, 348], [1652, 348], [1653, 348], [1654, 348], [1656, 348], [1657, 348], [1658, 348], [1659, 348], [1660, 348], [1661, 348], [1643, 349], [1644, 349], [1645, 349], [1646, 349], [1647, 349], [1649, 349], [1650, 349], [1651, 349], [1652, 349], [1654, 349], [1655, 349], [1656, 349], [1657, 349], [1658, 349], [1659, 349], [1660, 349], [1661, 349], [1662, 349], [1663, 349], [1664, 349], [1646, 350], [1647, 350], [1648, 350], [1649, 350], [1650, 350], [1651, 350], [1652, 350], [1653, 350], [1654, 350], [1655, 350], [1656, 350], [1657, 350], [1658, 350], [1659, 350], [1660, 350], [1661, 350], [1662, 350], [1663, 350], [1664, 350], [1665, 350], [1666, 350], [1648, 351], [1649, 351], [1650, 351], [1651, 351], [1652, 351], [1653, 351], [1654, 351], [1655, 351], [1656, 351], [1657, 351], [1658, 351], [1659, 351], [1660, 351], [1661, 351], [1662, 351], [1663, 351], [1665, 351], [1666, 351], [1667, 351], [1668, 351], [1669, 351], [1651, 352], [1652, 352], [1653, 352], [1654, 352], [1655, 352], [1657, 352], [1658, 352], [1659, 352], [1660, 352], [1661, 352], [1662, 352], [1663, 352], [1664, 352], [1665, 352], [1666, 352], [1667, 352], [1668, 352], [1669, 352], [1670, 352], [1671, 352], [1654, 353], [1655, 353], [1656, 353], [1657, 353], [1658, 353], [1659, 353], [1660, 353], [1661, 353], [1662, 353], [1663, 353], [1665, 353], [1666, 353], [1667, 353], [1668, 353], [1670, 353], [1671, 353], [1672, 353], [1673, 353], [1674, 353], [1656, 354], [1657, 354], [1658, 354], [1659, 354], [1660, 354], [1661, 354], [1662, 354], [1663, 354], [1664, 354], [1665, 354], [1666, 354], [1668, 354], [1669, 354], [1670, 354], [1672, 354], [1673, 354], [1674, 354], [1675, 354], [1676, 354], [1677, 354], [1659, 355], [1660, 355], [1661, 355], [1662, 355], [1663, 355], [1665, 355], [1666, 355], [1667, 355], [1668, 355], [1669, 355], [1670, 355], [1671, 355], [1672, 355], [1673, 355], [1675, 355], [1676, 355], [1677, 355], [1678, 355], [1679, 355], [1680, 355], [1662, 356], [1663, 356], [1664, 356], [1665, 356], [1666, 356], [1667, 356], [1668, 356], [1669, 356], [1670, 356], [1671, 356], [1673, 356], [1674, 356], [1675, 356], [1676, 356], [1677, 356], [1678, 356], [1679, 356], [1680, 356], [1681, 356], [1682, 356], [1664, 357], [1665, 357], [1666, 357], [1667, 357], [1668, 357], [1669, 357], [1671, 357], [1672, 357], [1673, 357], [1674, 357], [1676, 357], [1677, 357], [1678, 357], [1679, 357], [1681, 357], [1682, 357], [1683, 357], [1684, 357], [1685, 357], [1668, 358], [1669, 358], [1670, 358], [1671, 358], [1672, 358], [1674, 358], [1675, 358], [1676, 358], [1678, 358], [1679, 358], [1680, 358], [1681, 358], [1682, 358], [1683, 358], [1684, 358], [1685, 358], [1686, 358], [1687, 358], [1688, 358], [1670, 359], [1671, 359], [1672, 359], [1673, 359], [1674, 359], [1675, 359], [1676, 359], [1677, 359], [1678, 359], [1679, 359], [1681, 359], [1682, 359], [1683, 359], [1684, 359], [1685, 359], [1686, 359], [1687, 359], [1688, 359], [1689, 359], [1690, 359], [1691, 359], [1673, 360], [1674, 360], [1675, 360], [1676, 360], [1677, 360], [1679, 360], [1680, 360], [1681, 360], [1682, 360], [1683, 360], [1684, 360], [1685, 360], [1686, 360], [1687, 360], [1688, 360], [1689, 360], [1690, 360], [1691, 360], [1692, 360], [1693, 360], [1694, 360], [1675, 361], [1676, 361], [1677, 361], [1678, 361], [1679, 361], [1680, 361], [1681, 361], [1682, 361], [1683, 361], [1684, 361], [1685, 361], [1686, 361], [1687, 361], [1688, 361], [1689, 361], [1690, 361], [1691, 361], [1692, 361], [1693, 361], [1694, 361], [1695, 361], [1696, 361], [1697, 361], [1678, 362], [1679, 362], [1680, 362], [1681, 362], [1682, 362], [1684, 362], [1685, 362], [1686, 362], [1687, 362], [1688, 362], [1689, 362], [1690, 362], [1691, 362], [1692, 362], [1693, 362], [1694, 362], [1695, 362], [1696, 362], [1697, 362], [1698, 362], [1699, 362], [1681, 363], [1682, 363], [1683, 363], [1684, 363], [1685, 363], [1686, 363], [1687, 363], [1688, 363], [1689, 363], [1690, 363], [1691, 363], [1692, 363], [1693, 363], [1694, 363], [1695, 363], [1696, 363], [1698, 363], [1699, 363], [1700, 363], [1701, 363], [1702, 363], [1703, 363], [1684, 364], [1685, 364], [1686, 364], [1687, 364], [1688, 364], [1689, 364], [1690, 364], [1691, 364], [1692, 364], [1693, 364], [1694, 364], [1695, 364], [1696, 364], [1697, 364], [1698, 364], [1699, 364], [1700, 364], [1701, 364], [1702, 364], [1703, 364], [1704, 364], [1705, 364], [1686, 365], [1687, 365], [1688, 365], [1689, 365], [1690, 365], [1691, 365], [1692, 365], [1693, 365], [1694, 365], [1695, 365], [1696, 365], [1697, 365], [1698, 365], [1699, 365], [1700, 365], [1701, 365], [1702, 365], [1703, 365], [1704, 365], [1705, 365], [1706, 365], [1707, 365], [1708, 365], [1689, 366], [1690, 366], [1691, 366], [1692, 366], [1693, 366], [1695, 366], [1696, 366], [1697, 366], [1698, 366], [1699, 366], [1700, 366], [1701, 366], [1702, 366], [1703, 366], [1704, 366], [1706, 366], [1707, 366], [1708, 366], [1709, 366], [1710, 366], [1692, 367], [1693, 367], [1694, 367], [1695, 367], [1696, 367], [1697, 367], [1698, 367], [1699, 367], [1700, 367], [1701, 367], [1703, 367], [1704, 367], [1705, 367], [1706, 367], [1707, 367], [1708, 367], [1709, 367], [1710, 367], [1711, 367], [1712, 367], [1713, 367], [1694, 368], [1695, 368], [1696, 368], [1697, 368], [1698, 368], [1700, 368], [1701, 368], [1702, 368], [1703, 368], [1704, 368], [1706, 368], [1707, 368], [1708, 368], [1709, 368], [1710, 368], [1711, 368], [1712, 368], [1713, 368], [1714, 368], [1715, 368], [1716, 368], [1697, 369], [1698, 369], [1699, 369], [1700, 369], [1701, 369], [1703, 369], [1704, 369], [1705, 369], [1706, 369], [1708, 369], [1709, 369], [1710, 369], [1711, 369], [1712, 369], [1713, 369], [1714, 369], [1715, 369], [1716, 369], [1717, 369], [1718, 369], [1719, 369], [1699, 370], [1700, 370], [1701, 370], [1702, 370], [1703, 370], [1704, 370], [1706, 370], [1707, 370], [1708, 370], [1709, 370], [1710, 370], [1711, 370], [1712, 370], [1713, 370], [1714, 370], [1715, 370], [1717, 370], [1718, 370], [1719, 370], [1720, 370], [1721, 370], [1702, 371], [1703, 371], [1704, 371], [1705, 371], [1706, 371], [1708, 371], [1709, 371], [1710, 371], [1711, 371], [1712, 371], [1714, 371], [1715, 371], [1716, 371], [1717, 371], [1718, 371], [1720, 371], [1721, 371], [1722, 371], [1723, 371], [1724, 371], [1705, 372], [1706, 372], [1707, 372], [1708, 372], [1709, 372], [1710, 372], [1711, 372], [1712, 372], [1713, 372], [1714, 372], [1716, 372], [1717, 372], [1718, 372], [1719, 372], [1720, 372], [1721, 372], [1722, 372], [1723, 372], [1724, 372], [1725, 372], [1726, 372], [1707, 373], [1708, 373], [1709, 373], [1710, 373], [1711, 373], [1713, 373], [1714, 373], [1715, 373], [1716, 373], [1717, 373], [1719, 373], [1720, 373], [1721, 373], [1722, 373], [1723, 373], [1725, 373], [1726, 373], [1727, 373], [1728, 373], [1729, 373], [1709, 374], [1710, 374], [1711, 374], [1712, 374], [1713, 374], [1715, 374], [1716, 374], [1717, 374], [1718, 374], [1719, 374], [1720, 374], [1722, 374], [1723, 374], [1724, 374], [1725, 374], [1726, 374], [1727, 374], [1728, 374], [1729, 374], [1730, 374], [1731, 374], [1732, 374], [1712, 375], [1713, 375], [1714, 375], [1715, 375], [1716, 375], [1718, 375], [1719, 375], [1720, 375], [1721, 375], [1722, 375], [1724, 375], [1725, 375], [1726, 375], [1727, 375], [1728, 375], [1730, 375], [1731, 375], [1732, 375], [1733, 375], [1734, 375], [1735, 375], [1714, 376], [1715, 376], [1716, 376], [1717, 376], [1718, 376], [1719, 376], [1721, 376], [1722, 376], [1723, 376], [1724, 376], [1725, 376], [1727, 376], [1728, 376], [1729, 376], [1730, 376], [1731, 376], [1733, 376], [1734, 376], [1735, 376], [1736, 376], [1737, 376], [1717, 377], [1718, 377], [1719, 377], [1720, 377], [1721, 377], [1722, 377], [1723, 377], [1724, 377], [1725, 377], [1726, 377], [1727, 377], [1728, 377], [1729, 377], [1730, 377], [1731, 377], [1732, 377], [1733, 377], [1734, 377], [1735, 377], [1736, 377], [1737, 377], [1738, 377], [1739, 377], [1740, 377], [1720, 378], [1721, 378], [1722, 378], [1723, 378], [1724, 378], [1726, 378], [1727, 378], [1728, 378], [1729, 378], [1730, 378], [1731, 378], [1732, 378], [1733, 378], [1734, 378], [1735, 378], [1736, 378], [1737, 378], [1738, 378], [1739, 378], [1740, 378], [1741, 378], [1742, 378], [1743, 378], [1723, 379], [1724, 379], [1725, 379], [1726, 379], [1727, 379], [1729, 379], [1730, 379], [1731, 379], [1732, 379], [1733, 379], [1735, 379], [1736, 379], [1737, 379], [1738, 379], [1739, 379], [1741, 379], [1742, 379], [1743, 379], [1744, 379], [1745, 379], [1746, 379], [1725, 380], [1726, 380], [1727, 380], [1728, 380], [1729, 380], [1730, 380], [1732, 380], [1733, 380], [1734, 380], [1735, 380], [1736, 380], [1738, 380], [1739, 380], [1740, 380], [1741, 380], [1742, 380], [1744, 380], [1745, 380], [1746, 380], [1747, 380], [1748, 380], [1728, 381], [1729, 381], [1730, 381], [1731, 381], [1732, 381], [1733, 381], [1735, 381], [1736, 381], [1737, 381], [1738, 381], [1740, 381], [1741, 381], [1742, 381], [1743, 381], [1744, 381], [1745, 381], [1747, 381], [1748, 381], [1749, 381], [1750, 381], [1751, 381], [1731, 382], [1732, 382], [1733, 382], [1734, 382], [1735, 382], [1737, 382], [1738, 382], [1739, 382], [1740, 382], [1741, 382], [1742, 382], [1743, 382], [1744, 382], [1745, 382], [1746, 382], [1747, 382], [1748, 382], [1749, 382], [1750, 382], [1751, 382], [1752, 382], [1753, 382], [1754, 382], [1734, 383], [1735, 383], [1736, 383], [1737, 383], [1738, 383], [1739, 383], [1740, 383], [1741, 383], [1742, 383], [1743, 383], [1744, 383], [1746, 383], [1747, 383], [1748, 383], [1749, 383], [1750, 383], [1752, 383], [1753, 383], [1754, 383], [1755, 383], [1756, 383], [1736, 384], [1737, 384], [1738, 384], [1739, 384], [1740, 384], [1741, 384], [1743, 384], [1744, 384], [1745, 384], [1746, 384], [1747, 384], [1749, 384], [1750, 384], [1751, 384], [1752, 384], [1753, 384], [1755, 384], [1756, 384], [1757, 384], [1758, 384], [1759, 384], [1739, 385], [1740, 385], [1741, 385], [1742, 385], [1743, 385], [1744, 385], [1745, 385], [1746, 385], [1747, 385], [1748, 385], [1749, 385], [1750, 385], [1751, 385], [1752, 385], [1753, 385], [1754, 385], [1755, 385], [1756, 385], [1757, 385], [1758, 385], [1759, 385], [1760, 385], [1761, 385], [1762, 385], [1742, 386], [1743, 386], [1744, 386], [1745, 386], [1746, 386], [1748, 386], [1749, 386], [1750, 386], [1751, 386], [1752, 386], [1753, 386], [1754, 386], [1755, 386], [1756, 386], [1757, 386], [1758, 386], [1759, 386], [1760, 386], [1761, 386], [1762, 386], [1763, 386], [1764, 386], [1765, 386], [1745, 387], [1746, 387], [1747, 387], [1748, 387], [1749, 387], [1751, 387], [1752, 387], [1753, 387], [1754, 387], [1755, 387], [1757, 387], [1758, 387], [1759, 387], [1760, 387], [1761, 387], [1763, 387], [1764, 387], [1765, 387], [1766, 387], [1767, 387], [1747, 388], [1748, 388], [1749, 388], [1750, 388], [1751, 388], [1752, 388], [1753, 388], [1754, 388], [1755, 388], [1756, 388], [1757, 388], [1760, 388], [1761, 388], [1762, 388], [1763, 388], [1764, 388], [1766, 388], [1767, 388], [1768, 388], [1769, 388], [1770, 388], [1750, 389], [1751, 389], [1752, 389], [1753, 389], [1754, 389], [1756, 389], [1757, 389], [1758, 389], [1759, 389], [1760, 389], [1762, 389], [1763, 389], [1764, 389], [1765, 389], [1766, 389], [1768, 389], [1769, 389], [1770, 389], [1771, 389], [1772, 389], [1773, 389], [1752, 390], [1753, 390], [1754, 390], [1755, 390], [1756, 390], [1758, 390], [1759, 390], [1760, 390], [1761, 390], [1762, 390], [1765, 390], [1766, 390], [1767, 390], [1768, 390], [1769, 390], [1771, 390], [1772, 390], [1773, 390], [1774, 390], [1775, 390], [1755, 391], [1756, 391], [1757, 391], [1758, 391], [1759, 391], [1761, 391], [1762, 391], [1763, 391], [1764, 391], [1765, 391], [1767, 391], [1768, 391], [1769, 391], [1770, 391], [1771, 391], [1772, 391], [1774, 391], [1775, 391], [1776, 391], [1777, 391], [1778, 391], [1757, 392], [1758, 392], [1759, 392], [1760, 392], [1761, 392], [1762, 392], [1763, 392], [1764, 392], [1765, 392], [1766, 392], [1767, 392], [1768, 392], [1770, 392], [1771, 392], [1772, 392], [1773, 392], [1774, 392], [1776, 392], [1777, 392], [1778, 392], [1779, 392], [1780, 392], [1781, 392], [1760, 393], [1761, 393], [1762, 393], [1763, 393], [1764, 393], [1766, 393], [1767, 393], [1768, 393], [1769, 393], [1770, 393], [1771, 393], [1773, 393], [1774, 393], [1775, 393], [1776, 393], [1777, 393], [1779, 393], [1780, 393], [1781, 393], [1782, 393], [1783, 393], [1763, 394], [1764, 394], [1765, 394], [1766, 394], [1767, 394], [1769, 394], [1770, 394], [1771, 394], [1772, 394], [1773, 394], [1775, 394], [1776, 394], [1777, 394], [1778, 394], [1779, 394], [1780, 394], [1782, 394], [1783, 394], [1784, 394], [1785, 394], [1786, 394], [1765, 395], [1766, 395], [1767, 395], [1768, 395], [1769, 395], [1770, 395], [1772, 395], [1773, 395], [1774, 395], [1775, 395], [1776, 395], [1778, 395], [1779, 395], [1780, 395], [1781, 395], [1782, 395], [1784, 395], [1785, 395], [1786, 395], [1787, 395], [1788, 395], [1789, 395], [1247, 396], [1248, 396], [1768, 396], [1769, 396], [1770, 396], [1771, 396], [1772, 396], [1774, 396], [1775, 396], [1776, 396], [1777, 396], [1778, 396], [1779, 396], [1781, 396], [1782, 396], [1783, 396], [1784, 396], [1785, 396], [1786, 396], [1787, 396], [1788, 396], [1789, 396], [1790, 396], [1791, 396], [1792, 396], [1246, 397], [1247, 397], [1248, 397], [1249, 397], [1771, 397], [1772, 397], [1773, 397], [1774, 397], [1775, 397], [1777, 397], [1778, 397], [1779, 397], [1780, 397], [1781, 397], [1782, 397], [1783, 397], [1784, 397], [1785, 397], [1786, 397], [1787, 397], [1788, 397], [1789, 397], [1790, 397], [1791, 397], [1792, 397], [1793, 397], [1794, 397], [1246, 398], [1247, 398], [1249, 398], [1250, 398], [1773, 398], [1774, 398], [1775, 398], [1776, 398], [1777, 398], [1778, 398], [1780, 398], [1781, 398], [1782, 398], [1783, 398], [1784, 398], [1785, 398], [1786, 398], [1787, 398], [1788, 398], [1789, 398], [1790, 398], [1791, 398], [1792, 398], [1793, 398], [1794, 398], [1795, 398], [1796, 398], [1797, 398], [1247, 399], [1248, 399], [1249, 399], [1250, 399], [1251, 399], [1776, 399], [1777, 399], [1778, 399], [1779, 399], [1780, 399], [1781, 399], [1782, 399], [1783, 399], [1784, 399], [1785, 399], [1786, 399], [1787, 399], [1788, 399], [1789, 399], [1790, 399], [1791, 399], [1792, 399], [1793, 399], [1795, 399], [1796, 399], [1797, 399], [1798, 399], [1799, 399], [1800, 399], [1248, 400], [1249, 400], [1250, 400], [1251, 400], [1252, 400], [1779, 400], [1780, 400], [1781, 400], [1782, 400], [1783, 400], [1785, 400], [1786, 400], [1787, 400], [1788, 400], [1789, 400], [1790, 400], [1791, 400], [1792, 400], [1793, 400], [1794, 400], [1795, 400], [1796, 400], [1797, 400], [1798, 400], [1799, 400], [1800, 400], [1801, 400], [1802, 400], [1803, 400], [1248, 401], [1249, 401], [1250, 401], [1251, 401], [1252, 401], [1253, 401], [1781, 401], [1782, 401], [1783, 401], [1784, 401], [1785, 401], [1786, 401], [1788, 401], [1789, 401], [1790, 401], [1791, 401], [1792, 401], [1793, 401], [1794, 401], [1795, 401], [1796, 401], [1797, 401], [1798, 401], [1799, 401], [1801, 401], [1802, 401], [1803, 401], [1804, 401], [1805, 401], [1806, 401], [1249, 402], [1250, 402], [1251, 402], [1252, 402], [1253, 402], [1254, 402], [1784, 402], [1785, 402], [1786, 402], [1787, 402], [1788, 402], [1789, 402], [1790, 402], [1791, 402], [1792, 402], [1793, 402], [1794, 402], [1795, 402], [1798, 402], [1799, 402], [1800, 402], [1801, 402], [1802, 402], [1804, 402], [1805, 402], [1806, 402], [1807, 402], [1808, 402], [1236, 403], [1250, 403], [1251, 403], [1252, 403], [1253, 403], [1254, 403], [1255, 403], [1787, 403], [1788, 403], [1789, 403], [1790, 403], [1791, 403], [1792, 403], [1793, 403], [1794, 403], [1795, 403], [1796, 403], [1797, 403], [1800, 403], [1801, 403], [1802, 403], [1803, 403], [1804, 403], [1805, 403], [1806, 403], [1807, 403], [1808, 403], [1809, 403], [1810, 403], [1811, 403], [1234, 404], [1235, 404], [1236, 404], [1237, 404], [1251, 404], [1252, 404], [1253, 404], [1254, 404], [1255, 404], [1256, 404], [1789, 404], [1790, 404], [1791, 404], [1792, 404], [1793, 404], [1794, 404], [1796, 404], [1797, 404], [1798, 404], [1799, 404], [1800, 404], [1801, 404], [1803, 404], [1804, 404], [1805, 404], [1806, 404], [1807, 404], [1808, 404], [1809, 404], [1810, 404], [1811, 404], [1812, 404], [1813, 404], [1814, 404], [1233, 405], [1234, 405], [1235, 405], [1236, 405], [1237, 405], [1238, 405], [1252, 405], [1253, 405], [1255, 405], [1256, 405], [1257, 405], [1792, 405], [1793, 405], [1794, 405], [1795, 405], [1796, 405], [1798, 405], [1799, 405], [1800, 405], [1801, 405], [1802, 405], [1803, 405], [1805, 405], [1806, 405], [1807, 405], [1808, 405], [1809, 405], [1810, 405], [1811, 405], [1812, 405], [1813, 405], [1814, 405], [1815, 405], [1816, 405], [1234, 406], [1235, 406], [1236, 406], [1237, 406], [1238, 406], [1239, 406], [1252, 406], [1253, 406], [1254, 406], [1256, 406], [1257, 406], [1795, 406], [1796, 406], [1797, 406], [1798, 406], [1799, 406], [1800, 406], [1801, 406], [1802, 406], [1803, 406], [1804, 406], [1805, 406], [1806, 406], [1807, 406], [1808, 406], [1809, 406], [1810, 406], [1811, 406], [1812, 406], [1813, 406], [1814, 406], [1815, 406], [1816, 406], [1817, 406], [1818, 406], [1819, 406], [1235, 407], [1236, 407], [1237, 407], [1238, 407], [1239, 407], [1240, 407], [1253, 407], [1254, 407], [1255, 407], [1256, 407], [1257, 407], [1258, 407], [1797, 407], [1798, 407], [1799, 407], [1800, 407], [1801, 407], [1802, 407], [1804, 407], [1805, 407], [1806, 407], [1807, 407], [1808, 407], [1810, 407], [1811, 407], [1812, 407], [1813, 407], [1814, 407], [1815, 407], [1816, 407], [1817, 407], [1818, 407], [1819, 407], [1820, 407], [1821, 407], [1236, 408], [1237, 408], [1239, 408], [1240, 408], [1254, 408], [1255, 408], [1256, 408], [1257, 408], [1258, 408], [1259, 408], [1800, 408], [1801, 408], [1802, 408], [1803, 408], [1804, 408], [1805, 408], [1806, 408], [1807, 408], [1808, 408], [1809, 408], [1810, 408], [1811, 408], [1813, 408], [1814, 408], [1815, 408], [1816, 408], [1817, 408], [1818, 408], [1819, 408], [1820, 408], [1821, 408], [1822, 408], [1823, 408], [1824, 408], [1236, 409], [1237, 409], [1238, 409], [1239, 409], [1240, 409], [1241, 409], [1255, 409], [1256, 409], [1257, 409], [1258, 409], [1259, 409], [1260, 409], [1803, 409], [1804, 409], [1805, 409], [1806, 409], [1807, 409], [1808, 409], [1809, 409], [1810, 409], [1811, 409], [1812, 409], [1813, 409], [1815, 409], [1816, 409], [1817, 409], [1818, 409], [1819, 409], [1820, 409], [1821, 409], [1822, 409], [1823, 409], [1824, 409], [1237, 410], [1238, 410], [1239, 410], [1240, 410], [1241, 410], [1242, 410], [1256, 410], [1257, 410], [1258, 410], [1259, 410], [1260, 410], [1261, 410], [1805, 410], [1806, 410], [1807, 410], [1808, 410], [1809, 410], [1810, 410], [1811, 410], [1812, 410], [1813, 410], [1814, 410], [1815, 410], [1816, 410], [1818, 410], [1819, 410], [1820, 410], [1821, 410], [1822, 410], [1823, 410], [1824, 410], [1238, 411], [1239, 411], [1240, 411], [1241, 411], [1242, 411], [1243, 411], [1257, 411], [1258, 411], [1259, 411], [1260, 411], [1261, 411], [1262, 411], [1807, 411], [1808, 411], [1809, 411], [1810, 411], [1811, 411], [1812, 411], [1814, 411], [1815, 411], [1816, 411], [1817, 411], [1818, 411], [1822, 411], [1823, 411], [1824, 411], [1239, 412], [1240, 412], [1241, 412], [1242, 412], [1243, 412], [1244, 412], [1258, 412], [1259, 412], [1260, 412], [1261, 412], [1262, 412], [1263, 412], [1810, 412], [1811, 412], [1812, 412], [1813, 412], [1814, 412], [1815, 412], [1816, 412], [1817, 412], [1818, 412], [1819, 412], [1820, 412], [1821, 412], [1240, 413], [1241, 413], [1242, 413], [1243, 413], [1244, 413], [1245, 413], [1259, 413], [1260, 413], [1261, 413], [1262, 413], [1263, 413], [1264, 413], [1813, 413], [1814, 413], [1815, 413], [1816, 413], [1817, 413], [1819, 413], [1820, 413], [1821, 413], [1822, 413], [1823, 413], [1824, 413], [1241, 414], [1242, 414], [1244, 414], [1245, 414], [1260, 414], [1261, 414], [1262, 414], [1263, 414], [1264, 414], [1265, 414], [1815, 414], [1816, 414], [1817, 414], [1818, 414], [1819, 414], [1820, 414], [1821, 414], [1822, 414], [1823, 414], [1824, 414], [1241, 415], [1242, 415], [1243, 415], [1244, 415], [1245, 415], [1246, 415], [1261, 415], [1262, 415], [1263, 415], [1264, 415], [1265, 415], [1818, 415], [1819, 415], [1820, 415], [1821, 415], [1822, 415], [1823, 415], [1824, 415], [1242, 416], [1243, 416], [1244, 416], [1245, 416], [1246, 416], [1247, 416], [1262, 416], [1263, 416], [1264, 416], [1265, 416], [1266, 416], [1820, 416], [1821, 416], [1822, 416], [1823, 416], [1824, 416], [1243, 417], [1244, 417], [1245, 417], [1246, 417], [1247, 417], [1248, 417], [1263, 417], [1264, 417], [1266, 417], [1267, 417], [1823, 417], [1824, 417], [1244, 418], [1245, 418], [1246, 418], [1247, 418], [1248, 418], [1249, 418], [1264, 418], [1265, 418], [1266, 418], [1267, 418], [1268, 418], [1245, 419], [1246, 419], [1248, 419], [1249, 419], [1250, 419], [1265, 419], [1266, 419], [1267, 419], [1268, 419], [1269, 419], [1245, 420], [1246, 420], [1247, 420], [1249, 420], [1250, 420], [1265, 420], [1266, 420], [1267, 420], [1268, 420], [1269, 420], [1270, 420], [1246, 421], [1247, 421], [1248, 421], [1249, 421], [1250, 421], [1251, 421], [1266, 421], [1267, 421], [1268, 421], [1269, 421], [1270, 421], [1271, 421], [1247, 422], [1248, 422], [1249, 422], [1250, 422], [1251, 422], [1252, 422], [1267, 422], [1268, 422], [1269, 422], [1270, 422], [1271, 422], [1272, 422], [1248, 423], [1249, 423], [1250, 423], [1251, 423], [1252, 423], [1253, 423], [1268, 423], [1269, 423], [1271, 423], [1272, 423], [1273, 423], [1249, 424], [1250, 424], [1251, 424], [1252, 424], [1253, 424], [1254, 424], [1268, 424], [1269, 424], [1270, 424], [1272, 424], [1273, 424], [1250, 425], [1251, 425], [1252, 425], [1253, 425], [1254, 425], [1269, 425], [1270, 425], [1271, 425], [1272, 425], [1273, 425], [1274, 425], [1251, 426], [1252, 426], [1253, 426], [1254, 426], [1255, 426], [1270, 426], [1271, 426], [1272, 426], [1273, 426], [1274, 426], [1275, 426], [1251, 427], [1252, 427], [1253, 427], [1254, 427], [1255, 427], [1256, 427], [1271, 427], [1272, 427], [1273, 427], [1274, 427], [1275, 427], [1276, 427], [1252, 428], [1253, 428], [1254, 428], [1255, 428], [1256, 428], [1257, 428], [1272, 428], [1273, 428], [1274, 428], [1275, 428], [1276, 428], [1277, 428], [1253, 429], [1254, 429], [1255, 429], [1256, 429], [1257, 429], [1258, 429], [1273, 429], [1274, 429], [1275, 429], [1276, 429], [1277, 429], [1278, 429], [1254, 430], [1255, 430], [1256, 430], [1257, 430], [1258, 430], [1274, 430], [1275, 430], [1276, 430], [1277, 430], [1278, 430], [1279, 430], [1255, 431], [1256, 431], [1257, 431], [1258, 431], [1259, 431], [1275, 431], [1276, 431], [1277, 431], [1278, 431], [1279, 431], [1280, 431], [1255, 432], [1256, 432], [1257, 432], [1258, 432], [1259, 432], [1260, 432], [1276, 432], [1277, 432], [1278, 432], [1279, 432], [1280, 432], [1281, 432], [1256, 433], [1257, 433], [1258, 433], [1259, 433], [1260, 433], [1261, 433], [1277, 433], [1278, 433], [1279, 433], [1280, 433], [1281, 433], [1257, 434], [1258, 434], [1259, 434], [1260, 434], [1261, 434], [1262, 434], [1278, 434], [1279, 434], [1281, 434], [1282, 434], [1258, 435], [1259, 435], [1260, 435], [1261, 435], [1262, 435], [1279, 435], [1280, 435], [1281, 435], [1282, 435], [1283, 435], [1259, 436], [1260, 436], [1261, 436], [1262, 436], [1263, 436], [1279, 436], [1280, 436], [1281, 436], [1282, 436], [1283, 436], [1284, 436], [1259, 437], [1260, 437], [1261, 437], [1262, 437], [1263, 437], [1264, 437], [1280, 437], [1281, 437], [1282, 437], [1283, 437], [1284, 437], [1285, 437], [1260, 438], [1261, 438], [1262, 438], [1263, 438], [1264, 438], [1265, 438], [1281, 438], [1282, 438], [1283, 438], [1284, 438], [1285, 438], [1286, 438], [1261, 439], [1262, 439], [1263, 439], [1264, 439], [1265, 439], [1266, 439], [1282, 439], [1283, 439], [1284, 439], [1285, 439], [1286, 439], [1287, 439], [1262, 440], [1263, 440], [1264, 440], [1265, 440], [1266, 440], [1267, 440], [1283, 440], [1284, 440], [1286, 440], [1287, 440], [1288, 440], [1263, 441], [1264, 441], [1265, 441], [1266, 441], [1267, 441], [1283, 441], [1284, 441], [1285, 441], [1287, 441], [1288, 441], [1289, 441], [1264, 442], [1265, 442], [1266, 442], [1267, 442], [1268, 442], [1284, 442], [1285, 442], [1286, 442], [1288, 442], [1289, 442], [1265, 443], [1266, 443], [1267, 443], [1268, 443], [1269, 443], [1285, 443], [1286, 443], [1287, 443], [1288, 443], [1289, 443], [1290, 443], [1266, 444], [1267, 444], [1268, 444], [1269, 444], [1270, 444], [1286, 444], [1287, 444], [1288, 444], [1289, 444], [1290, 444], [1291, 444], [1266, 445], [1267, 445], [1268, 445], [1269, 445], [1270, 445], [1271, 445], [1287, 445], [1288, 445], [1289, 445], [1290, 445], [1291, 445], [1292, 445], [1267, 446], [1268, 446], [1269, 446], [1270, 446], [1271, 446], [1272, 446], [1288, 446], [1289, 446], [1290, 446], [1291, 446], [1292, 446], [1293, 446], [1268, 447], [1269, 447], [1270, 447], [1271, 447], [1272, 447], [1273, 447], [1289, 447], [1290, 447], [1291, 447], [1292, 447], [1293, 447], [1294, 447], [1269, 448], [1270, 448], [1271, 448], [1272, 448], [1273, 448], [1274, 448], [1290, 448], [1291, 448], [1292, 448], [1293, 448], [1294, 448], [1295, 448], [1270, 449], [1271, 449], [1272, 449], [1273, 449], [1274, 449], [1275, 449], [1291, 449], [1292, 449], [1293, 449], [1294, 449], [1295, 449], [1296, 449], [1271, 450], [1272, 450], [1273, 450], [1274, 450], [1275, 450], [1276, 450], [1292, 450], [1293, 450], [1294, 450], [1295, 450], [1296, 450], [1272, 451], [1273, 451], [1275, 451], [1276, 451], [1277, 451], [1293, 451], [1294, 451], [1295, 451], [1296, 451], [1297, 451], [1272, 452], [1273, 452], [1274, 452], [1276, 452], [1277, 452], [1294, 452], [1295, 452], [1296, 452], [1297, 452], [1298, 452], [1273, 453], [1274, 453], [1275, 453], [1276, 453], [1277, 453], [1278, 453], [1295, 453], [1296, 453], [1297, 453], [1298, 453], [1299, 453], [1274, 454], [1275, 454], [1276, 454], [1277, 454], [1278, 454], [1279, 454], [1295, 454], [1296, 454], [1297, 454], [1298, 454], [1299, 454], [1300, 454], [1275, 455], [1276, 455], [1277, 455], [1278, 455], [1279, 455], [1296, 455], [1297, 455], [1298, 455], [1299, 455], [1300, 455], [1301, 455], [1276, 456], [1277, 456], [1278, 456], [1279, 456], [1280, 456], [1297, 456], [1298, 456], [1299, 456], [1300, 456], [1301, 456], [1302, 456], [1276, 457], [1277, 457], [1278, 457], [1279, 457], [1280, 457], [1281, 457], [1298, 457], [1299, 457], [1301, 457], [1302, 457], [1303, 457], [1277, 458], [1278, 458], [1279, 458], [1280, 458], [1281, 458], [1282, 458], [1298, 458], [1299, 458], [1300, 458], [1302, 458], [1303, 458], [1304, 458], [1278, 459], [1279, 459], [1280, 459], [1281, 459], [1282, 459], [1283, 459], [1299, 459], [1300, 459], [1301, 459], [1303, 459], [1304, 459], [1279, 460], [1280, 460], [1281, 460], [1282, 460], [1283, 460], [1300, 460], [1301, 460], [1302, 460], [1303, 460], [1304, 460], [1305, 460], [1280, 461], [1281, 461], [1283, 461], [1284, 461], [1301, 461], [1302, 461], [1303, 461], [1304, 461], [1305, 461], [1306, 461], [1281, 462], [1282, 462], [1283, 462], [1284, 462], [1285, 462], [1302, 462], [1303, 462], [1304, 462], [1305, 462], [1306, 462], [1307, 462], [1281, 463], [1282, 463], [1283, 463], [1284, 463], [1285, 463], [1286, 463], [1303, 463], [1304, 463], [1305, 463], [1306, 463], [1307, 463], [1308, 463], [1282, 464], [1283, 464], [1284, 464], [1285, 464], [1286, 464], [1287, 464], [1304, 464], [1305, 464], [1306, 464], [1307, 464], [1308, 464], [1309, 464], [1283, 465], [1284, 465], [1285, 465], [1286, 465], [1287, 465], [1305, 465], [1306, 465], [1307, 465], [1308, 465], [1309, 465], [1310, 465], [1284, 466], [1285, 466], [1286, 466], [1287, 466], [1288, 466], [1306, 466], [1307, 466], [1309, 466], [1310, 466], [1284, 467], [1285, 467], [1286, 467], [1287, 467], [1288, 467], [1289, 467], [1306, 467], [1307, 467], [1308, 467], [1309, 467], [1310, 467], [1311, 467], [1285, 468], [1286, 468], [1287, 468], [1288, 468], [1289, 468], [1290, 468], [1307, 468], [1308, 468], [1309, 468], [1310, 468], [1311, 468], [1312, 468], [1286, 469], [1287, 469], [1288, 469], [1289, 469], [1290, 469], [1308, 469], [1309, 469], [1310, 469], [1311, 469], [1312, 469], [1313, 469], [1287, 470], [1288, 470], [1290, 470], [1291, 470], [1309, 470], [1310, 470], [1311, 470], [1312, 470], [1313, 470], [1314, 470], [1288, 471], [1289, 471], [1290, 471], [1291, 471], [1292, 471], [1310, 471], [1311, 471], [1312, 471], [1313, 471], [1314, 471], [1288, 472], [1289, 472], [1290, 472], [1291, 472], [1292, 472], [1293, 472], [1311, 472], [1312, 472], [1314, 472], [1315, 472], [1289, 473], [1290, 473], [1291, 473], [1292, 473], [1293, 473], [1294, 473], [1312, 473], [1313, 473], [1314, 473], [1315, 473], [1316, 473], [1290, 474], [1291, 474], [1292, 474], [1293, 474], [1294, 474], [1312, 474], [1313, 474], [1314, 474], [1315, 474], [1316, 474], [1317, 474], [1291, 475], [1292, 475], [1293, 475], [1294, 475], [1295, 475], [1313, 475], [1314, 475], [1315, 475], [1316, 475], [1317, 475], [1318, 475], [1291, 476], [1292, 476], [1293, 476], [1294, 476], [1295, 476], [1296, 476], [1314, 476], [1315, 476], [1316, 476], [1317, 476], [1318, 476], [1319, 476], [1292, 477], [1293, 477], [1294, 477], [1295, 477], [1296, 477], [1297, 477], [1315, 477], [1316, 477], [1317, 477], [1318, 477], [1319, 477], [1320, 477], [1293, 478], [1294, 478], [1295, 478], [1296, 478], [1297, 478], [1298, 478], [1316, 478], [1317, 478], [1318, 478], [1319, 478], [1320, 478], [1321, 478], [1294, 479], [1295, 479], [1296, 479], [1297, 479], [1298, 479], [1299, 479], [1317, 479], [1318, 479], [1320, 479], [1321, 479], [1322, 479], [1295, 480], [1296, 480], [1297, 480], [1298, 480], [1299, 480], [1317, 480], [1318, 480], [1319, 480], [1321, 480], [1322, 480], [1296, 481], [1297, 481], [1298, 481], [1299, 481], [1300, 481], [1318, 481], [1319, 481], [1320, 481], [1321, 481], [1322, 481], [1323, 481], [1296, 482], [1297, 482], [1298, 482], [1299, 482], [1300, 482], [1301, 482], [1319, 482], [1320, 482], [1321, 482], [1322, 482], [1323, 482], [1324, 482], [1297, 483], [1298, 483], [1299, 483], [1300, 483], [1301, 483], [1302, 483], [1320, 483], [1321, 483], [1322, 483], [1323, 483], [1324, 483], [1325, 483], [1298, 484], [1299, 484], [1300, 484], [1301, 484], [1302, 484], [1303, 484], [1321, 484], [1322, 484], [1323, 484], [1324, 484], [1325, 484], [1326, 484], [1299, 485], [1300, 485], [1301, 485], [1302, 485], [1303, 485], [1304, 485], [1322, 485], [1323, 485], [1324, 485], [1325, 485], [1326, 485], [1327, 485], [1300, 486], [1301, 486], [1302, 486], [1303, 486], [1304, 486], [1323, 486], [1324, 486], [1326, 486], [1327, 486], [1301, 487], [1302, 487], [1303, 487], [1304, 487], [1305, 487], [1323, 487], [1324, 487], [1325, 487], [1326, 487], [1327, 487], [1328, 487], [1301, 488], [1302, 488], [1303, 488], [1304, 488], [1305, 488], [1306, 488], [1324, 488], [1325, 488], [1326, 488], [1327, 488], [1328, 488], [1329, 488], [1302, 489], [1303, 489], [1304, 489], [1305, 489], [1306, 489], [1307, 489], [1325, 489], [1326, 489], [1327, 489], [1328, 489], [1329, 489], [1330, 489], [1303, 490], [1304, 490], [1305, 490], [1306, 490], [1307, 490], [1308, 490], [1326, 490], [1327, 490], [1328, 490], [1329, 490], [1330, 490], [1331, 490], [1304, 491], [1305, 491], [1306, 491], [1307, 491], [1308, 491], [1309, 491], [1327, 491], [1328, 491], [1329, 491], [1330, 491], [1331, 491], [1332, 491], [1305, 492], [1306, 492], [1308, 492], [1309, 492], [1328, 492], [1329, 492], [1331, 492], [1332, 492], [1305, 493], [1306, 493], [1307, 493], [1308, 493], [1309, 493], [1310, 493], [1328, 493], [1329, 493], [1330, 493], [1331, 493], [1332, 493], [1333, 493], [1306, 494], [1307, 494], [1308, 494], [1309, 494], [1310, 494], [1311, 494], [1329, 494], [1330, 494], [1331, 494], [1332, 494], [1333, 494], [1334, 494], [1307, 495], [1308, 495], [1309, 495], [1310, 495], [1311, 495], [1312, 495], [1330, 495], [1331, 495], [1332, 495], [1333, 495], [1334, 495], [1335, 495], [1308, 496], [1309, 496], [1310, 496], [1311, 496], [1312, 496], [1331, 496], [1332, 496], [1333, 496], [1334, 496], [1335, 496], [1336, 496], [1309, 497], [1310, 497], [1311, 497], [1312, 497], [1313, 497], [1332, 497], [1333, 497], [1335, 497], [1336, 497], [1309, 498], [1310, 498], [1311, 498], [1312, 498], [1313, 498], [1314, 498], [1332, 498], [1333, 498], [1334, 498], [1335, 498], [1336, 498], [1337, 498], [1310, 499], [1311, 499], [1312, 499], [1313, 499], [1314, 499], [1315, 499], [1333, 499], [1334, 499], [1335, 499], [1336, 499], [1337, 499], [1338, 499], [1311, 500], [1312, 500], [1313, 500], [1314, 500], [1315, 500], [1334, 500], [1335, 500], [1336, 500], [1337, 500], [1338, 500], [1339, 500], [1312, 501], [1313, 501], [1314, 501], [1315, 501], [1316, 501], [1335, 501], [1336, 501], [1337, 501], [1338, 501], [1339, 501], [1340, 501], [1312, 502], [1313, 502], [1314, 502], [1315, 502], [1316, 502], [1317, 502], [1336, 502], [1337, 502], [1338, 502], [1339, 502], [1340, 502], [1341, 502], [1313, 503], [1314, 503], [1315, 503], [1316, 503], [1317, 503], [1318, 503], [1337, 503], [1338, 503], [1339, 503], [1340, 503], [1341, 503], [1314, 504], [1315, 504], [1317, 504], [1318, 504], [1338, 504], [1339, 504], [1341, 504], [1342, 504], [1314, 505], [1315, 505], [1316, 505], [1317, 505], [1318, 505], [1319, 505], [1339, 505], [1340, 505], [1341, 505], [1342, 505], [1343, 505], [1315, 506], [1316, 506], [1317, 506], [1318, 506], [1319, 506], [1320, 506], [1339, 506], [1340, 506], [1341, 506], [1342, 506], [1343, 506], [1344, 506], [1316, 507], [1317, 507], [1319, 507], [1320, 507], [1321, 507], [1340, 507], [1341, 507], [1342, 507], [1343, 507], [1344, 507], [1345, 507], [1316, 508], [1317, 508], [1318, 508], [1320, 508], [1321, 508], [1322, 508], [1341, 508], [1342, 508], [1343, 508], [1344, 508], [1345, 508], [1346, 508], [1317, 509], [1318, 509], [1319, 509], [1321, 509], [1322, 509], [1323, 509], [1342, 509], [1343, 509], [1344, 509], [1345, 509], [1346, 509], [1318, 510], [1319, 510], [1320, 510], [1322, 510], [1323, 510], [1324, 510], [1325, 510], [1326, 510], [1327, 510], [1328, 510], [1329, 510], [1330, 510], [1331, 510], [1332, 510], [1333, 510], [1334, 510], [1335, 510], [1336, 510], [1337, 510], [1338, 510], [1343, 510], [1344, 510], [1345, 510], [1346, 510], [1347, 510], [1319, 511], [1320, 511], [1321, 511], [1323, 511], [1324, 511], [1325, 511], [1326, 511], [1327, 511], [1328, 511], [1329, 511], [1330, 511], [1331, 511], [1332, 511], [1333, 511], [1334, 511], [1335, 511], [1336, 511], [1337, 511], [1338, 511], [1339, 511], [1340, 511], [1341, 511], [1342, 511], [1343, 511], [1344, 511], [1345, 511], [1346, 511], [1347, 511], [1348, 511], [1320, 512], [1321, 512], [1322, 512], [1323, 512], [1324, 512], [1337, 512], [1338, 512], [1339, 512], [1340, 512], [1341, 512], [1342, 512], [1343, 512], [1344, 512], [1345, 512], [1346, 512], [1347, 512], [1348, 512], [1321, 513], [1322, 513], [1323, 513], [1324, 513], [1325, 513], [1326, 513], [1327, 513], [1328, 513], [1329, 513], [1330, 513], [1331, 513], [1332, 513], [1333, 513], [1334, 513], [1335, 513], [1336, 513], [1337, 513], [1338, 513], [1339, 513], [1340, 513], [1347, 513], [1348, 513], [1323, 514], [1324, 514], [1325, 514], [1326, 514], [1327, 514], [1328, 514], [1329, 514], [1330, 514], [1331, 514], [1332, 514], [1333, 514], [1334, 514], [1335, 514], [1336, 514], [1337, 514], [1338, 514], [1339, 514], [1340, 514], [1341, 514], [1342, 514], [1343, 514], [1344, 514], [1345, 514], [1346, 514], [1347, 514], [1348, 514], [1326, 515], [1327, 515], [1328, 515], [1329, 515], [1339, 515], [1340, 515], [1341, 515], [1342, 515], [1343, 515], [1344, 515], [1345, 515], [1346, 515], [1347, 515], [1348, 515], [1484, 701], [1485, 701], [1486, 701], [1487, 701], [1488, 701], [1489, 701], [1490, 701], [1491, 701], [1493, 701], [1494, 701], [1495, 701], [1496, 701], [1497, 701], [1498, 701], [1499, 701], [1500, 701], [1501, 701], [1484, 702], [1485, 702], [1486, 702], [1487, 702], [1488, 702], [1489, 702], [1490, 702], [1491, 702], [1492, 702], [1493, 702], [1494, 702], [1495, 702], [1496, 702], [1497, 702], [1498, 702], [1499, 702], [1500, 702], [1501, 702], [1502, 702], [1503, 702], [1504, 702], [1506, 702], [1507, 702], [1508, 702], [1509, 702], [1510, 702], [1484, 703], [1485, 703], [1490, 703], [1491, 703], [1492, 703], [1493, 703], [1494, 703], [1496, 703], [1497, 703], [1498, 703], [1499, 703], [1500, 703], [1501, 703], [1502, 703], [1503, 703], [1504, 703], [1505, 703], [1506, 703], [1507, 703], [1508, 703], [1509, 703], [1510, 703], [1511, 703], [1512, 703], [1484, 704], [1485, 704], [1486, 704], [1503, 704], [1504, 704], [1505, 704], [1506, 704], [1507, 704], [1509, 704], [1510, 704], [1511, 704], [1512, 704], [1513, 704], [1484, 705], [1485, 705], [1486, 705], [1487, 705], [1511, 705], [1512, 705], [1513, 705], [1514, 705], [1485, 706], [1486, 706], [1487, 706], [1512, 706], [1513, 706], [1514, 706], [1515, 706], [1486, 707], [1487, 707], [1488, 707], [1513, 707], [1514, 707], [1515, 707], [1516, 707], [1486, 708], [1487, 708], [1488, 708], [1489, 708], [1514, 708], [1515, 708], [1516, 708], [1517, 708], [1487, 709], [1488, 709], [1489, 709], [1515, 709], [1516, 709], [1517, 709], [1518, 709], [1488, 710], [1489, 710], [1516, 710], [1517, 710], [1518, 710], [1519, 710], [1488, 711], [1489, 711], [1490, 711], [1517, 711], [1518, 711], [1519, 711], [1520, 711], [1488, 712], [1489, 712], [1490, 712], [1491, 712], [1518, 712], [1519, 712], [1520, 712], [1521, 712], [1489, 713], [1490, 713], [1491, 713], [1492, 713], [1519, 713], [1520, 713], [1521, 713], [1522, 713], [1490, 714], [1491, 714], [1492, 714], [1493, 714], [1520, 714], [1521, 714], [1522, 714], [1523, 714], [1491, 715], [1492, 715], [1493, 715], [1494, 715], [1521, 715], [1522, 715], [1523, 715], [1492, 716], [1493, 716], [1494, 716], [1495, 716], [1522, 716], [1523, 716], [1524, 716], [1493, 717], [1494, 717], [1495, 717], [1496, 717], [1497, 717], [1522, 717], [1523, 717], [1524, 717], [1525, 717], [1494, 718], [1495, 718], [1496, 718], [1497, 718], [1498, 718], [1523, 718], [1524, 718], [1525, 718], [1496, 719], [1497, 719], [1498, 719], [1499, 719], [1524, 719], [1525, 719], [1497, 720], [1498, 720], [1499, 720], [1500, 720], [1524, 720], [1525, 720], [1498, 721], [1499, 721], [1500, 721], [1501, 721], [1502, 721], [1524, 721], [1525, 721], [1499, 722], [1500, 722], [1501, 722], [1502, 722], [1503, 722], [1504, 722], [1505, 722], [1506, 722], [1522, 722], [1523, 722], [1524, 722], [1525, 722], [1501, 723], [1502, 723], [1503, 723], [1504, 723], [1505, 723], [1506, 723], [1507, 723], [1508, 723], [1509, 723], [1510, 723], [1511, 723], [1512, 723], [1513, 723], [1514, 723], [1515, 723], [1516, 723], [1517, 723], [1518, 723], [1519, 723], [1520, 723], [1521, 723], [1522, 723], [1523, 723], [1524, 723], [1525, 723], [1505, 724], [1506, 724], [1507, 724], [1508, 724], [1509, 724], [1510, 724], [1511, 724], [1512, 724], [1513, 724], [1514, 724], [1515, 724], [1516, 724], [1517, 724], [1518, 724], [1519, 724], [1520, 724], [1521, 724], [1522, 724], [1523, 724]


