White line left - [890, 617], [891, 617], [892, 617], [893, 617], [890, 618], [891, 618], [892, 618], [893, 618], [890, 619], [891, 619], [892, 619], [893, 619], [890, 620], [891, 620], [892, 620], [893, 620], [890, 621], [891, 621], [892, 621], [893, 621], [890, 622], [891, 622], [892, 622], [893, 622], [890, 623], [891, 623], [892, 623], [893, 623], [890, 624], [891, 624], [892, 624], [893, 624], [890, 625], [891, 625], [892, 625], [359, 923], [358, 924], [356, 925], [357, 925], [354, 926], [355, 926], [356, 926], [353, 927], [354, 927], [355, 927], [352, 928], [353, 928], [354, 928], [352, 929], [353, 929], [351, 930], [352, 930], [353, 930], [350, 931], [351, 931], [352, 931], [353, 931], [350, 932], [351, 932], [352, 932], [350, 933], [351, 933], [349, 934], [350, 934], [351, 934], [349, 935], [350, 935], [351, 935], [348, 936], [349, 936], [350, 936], [347, 937], [348, 937], [349, 937], [350, 937], [346, 938], [347, 938], [348, 938], [349, 938], [344, 939], [345, 939], [346, 939], [347, 939], [348, 939], [341, 940], [342, 940], [343, 940], [344, 940], [345, 940], [346, 940], [347, 940], [329, 941], [330, 941], [331, 941], [339, 941], [340, 941], [341, 941], [342, 941], [343, 941], [344, 941], [345, 941], [327, 942], [328, 942], [329, 942], [330, 942], [331, 942], [332, 942], [333, 942], [335, 942], [336, 942], [337, 942], [338, 942], [339, 942], [340, 942], [341, 942], [342, 942], [326, 943], [330, 943], [331, 943], [332, 943], [333, 943], [334, 943], [335, 943], [336, 943], [337, 943], [338, 943], [339, 943], [340, 943], [332, 944], [333, 944], [334, 944], [335, 944], [336, 944]




Yellow line left - [1578, 200], [1579, 200], [1580, 200], [1581, 200], [1582, 200], [1583, 200], [1584, 200], [1576, 201], [1577, 201], [1578, 201], [1579, 201], [1580, 201], [1581, 201], [1582, 201], [1583, 201], [1584, 201], [1585, 201], [1586, 201], [1587, 201], [1588, 201], [1589, 201], [1590, 201], [1591, 201], [1592, 201], [1593, 201], [1594, 201], [1595, 201], [1596, 201], [1597, 201], [1598, 201], [1599, 201], [1600, 201], [1601, 201], [1602, 201], [1603, 201], [1604, 201], [1605, 201], [1606, 201], [1607, 201], [1608, 201], [1609, 201], [1610, 201], [1611, 201], [1612, 201], [1613, 201], [1614, 201], [1615, 201], [1583, 202], [1584, 202], [1585, 202], [1586, 202], [1587, 202], [1588, 202], [1589, 202], [1590, 202], [1591, 202], [1592, 202], [1593, 202], [1594, 202], [1595, 202], [1596, 202], [1597, 202], [1598, 202], [1599, 202], [1600, 202], [1601, 202], [1602, 202], [1603, 202], [1604, 202], [1605, 202], [1606, 202], [1607, 202], [1608, 202], [1609, 202], [1610, 202], [1611, 202], [1612, 202], [1613, 202], [1614, 202], [1615, 202], [1616, 202], [1617, 202], [1618, 202], [1619, 202], [1620, 202], [1621, 202], [1622, 202], [1623, 202], [1624, 202], [1625, 202], [1626, 202], [1627, 202], [1628, 202], [1629, 202], [1630, 202], [1631, 202], [1632, 202], [1633, 202], [1634, 202], [1635, 202], [1636, 202], [1637, 202], [1638, 202], [1639, 202], [1640, 202], [1641, 202], [1642, 202], [1643, 202], [1644, 202], [1645, 202], [1646, 202], [1647, 202], [1614, 203], [1615, 203], [1616, 203], [1617, 203], [1618, 203], [1619, 203], [1620, 203], [1621, 203], [1622, 203], [1623, 203], [1624, 203], [1625, 203], [1626, 203], [1627, 203], [1628, 203], [1629, 203], [1630, 203], [1631, 203], [1632, 203], [1633, 203], [1634, 203], [1635, 203], [1636, 203], [1637, 203], [1638, 203], [1639, 203], [1640, 203], [1641, 203], [1642, 203], [1643, 203], [1644, 203], [1645, 203], [1646, 203], [1647, 203], [1648, 203], [1649, 203], [1650, 203], [1651, 203], [1652, 203], [1653, 203], [1654, 203], [1655, 203], [1656, 203], [1657, 203], [1658, 203], [1659, 203], [1660, 203], [1661, 203], [1662, 203], [1663, 203], [1664, 203], [1665, 203], [1666, 203], [1667, 203], [1668, 203], [1669, 203], [1670, 203], [1671, 203], [1672, 203], [1673, 203], [1674, 203], [1675, 203], [1676, 203], [1677, 203], [1678, 203], [1646, 204], [1647, 204], [1648, 204], [1649, 204], [1650, 204], [1651, 204], [1652, 204], [1653, 204], [1654, 204], [1655, 204], [1656, 204], [1657, 204], [1658, 204], [1659, 204], [1660, 204], [1661, 204], [1662, 204], [1663, 204], [1664, 204], [1665, 204], [1666, 204], [1667, 204], [1668, 204], [1669, 204], [1670, 204], [1671, 204], [1672, 204], [1673, 204], [1674, 204], [1675, 204], [1676, 204], [1677, 204], [1678, 204], [1679, 204], [1680, 204], [1681, 204], [1682, 204], [1683, 204], [1684, 204], [1685, 204], [1686, 204], [1687, 204], [1688, 204], [1689, 204], [1675, 205], [1676, 205], [1677, 205], [1678, 205], [1679, 205], [1680, 205], [1681, 205], [1682, 205], [1683, 205], [1684, 205], [1685, 205], [1686, 205], [1687, 205], [1688, 205], [1689, 205], [1690, 205], [1691, 205], [1692, 205], [1693, 205], [1694, 205], [1695, 205], [1720, 205], [1721, 205], [1722, 205], [1723, 205], [1724, 205], [1725, 205], [1726, 205], [1727, 205], [1728, 205], [1729, 205], [1730, 205], [1731, 205], [1732, 205], [1733, 205], [1734, 205], [1688, 206], [1689, 206], [1690, 206], [1691, 206], [1692, 206], [1693, 206], [1694, 206], [1695, 206], [1696, 206], [1697, 206], [1698, 206], [1699, 206], [1700, 206], [1701, 206], [1702, 206], [1703, 206], [1704, 206], [1705, 206], [1706, 206], [1707, 206], [1708, 206], [1709, 206], [1710, 206], [1711, 206], [1712, 206], [1713, 206], [1714, 206], [1715, 206], [1716, 206], [1717, 206], [1718, 206], [1719, 206], [1720, 206], [1721, 206], [1722, 206], [1723, 206], [1724, 206], [1725, 206], [1726, 206], [1727, 206], [1728, 206], [1729, 206], [1730, 206], [1731, 206], [1732, 206], [1733, 206], [1734, 206], [1735, 206], [1736, 206], [1737, 206], [1738, 206], [1739, 206], [1740, 206], [1741, 206], [1742, 206], [1743, 206], [1744, 206], [1745, 206], [1746, 206], [1747, 206], [1748, 206], [1749, 206], [1750, 206], [1751, 206], [1752, 206], [1753, 206], [1754, 206], [1755, 206], [1756, 206], [1757, 206], [1694, 207], [1695, 207], [1696, 207], [1697, 207], [1698, 207], [1699, 207], [1700, 207], [1701, 207], [1702, 207], [1703, 207], [1704, 207], [1705, 207], [1706, 207], [1707, 207], [1708, 207], [1709, 207], [1710, 207], [1711, 207], [1712, 207], [1713, 207], [1714, 207], [1715, 207], [1716, 207], [1717, 207], [1718, 207], [1719, 207], [1720, 207], [1721, 207], [1725, 207], [1726, 207], [1727, 207], [1733, 207], [1734, 207], [1735, 207], [1736, 207], [1737, 207], [1738, 207], [1739, 207], [1740, 207], [1741, 207], [1742, 207], [1743, 207], [1744, 207], [1745, 207], [1746, 207], [1747, 207], [1748, 207], [1749, 207], [1750, 207], [1751, 207], [1752, 207], [1753, 207], [1754, 207], [1755, 207], [1756, 207], [1757, 207], [1758, 207], [1759, 207], [1760, 207], [1761, 207], [1762, 207], [1763, 207], [1764, 207], [1765, 207], [1766, 207], [1767, 207], [1768, 207], [1769, 207], [1770, 207], [1771, 207], [1772, 207], [1773, 207], [1774, 207], [1775, 207], [1776, 207], [1756, 208], [1757, 208], [1758, 208], [1759, 208], [1760, 208], [1761, 208], [1762, 208], [1763, 208], [1764, 208], [1765, 208], [1766, 208], [1767, 208], [1768, 208], [1769, 208], [1770, 208], [1771, 208], [1772, 208], [1773, 208], [1774, 208], [1775, 208], [1776, 208], [1777, 208], [1778, 208], [1779, 208], [1780, 208], [1781, 208], [1782, 208], [1783, 208], [1784, 208], [1785, 208], [1786, 208], [1787, 208], [1788, 208], [1789, 208], [1790, 208], [1791, 208], [1792, 208], [1770, 209], [1771, 209], [1772, 209], [1773, 209], [1775, 209], [1776, 209], [1777, 209], [1778, 209], [1779, 209], [1780, 209], [1781, 209], [1782, 209], [1783, 209], [1784, 209], [1785, 209], [1786, 209], [1787, 209], [1788, 209], [1789, 209], [1790, 209], [1791, 209], [1792, 209], [1793, 209], [1794, 209], [1795, 209], [1796, 209], [1797, 209], [1798, 209], [1799, 209], [1800, 209], [1801, 209], [1802, 209], [1803, 209], [1804, 209], [1805, 209], [1806, 209], [1807, 209], [1808, 209], [1809, 209], [1810, 209], [1811, 209], [1812, 209], [1813, 209], [1814, 209], [1815, 209], [1791, 210], [1792, 210], [1793, 210], [1794, 210], [1795, 210], [1796, 210], [1797, 210], [1798, 210], [1799, 210], [1800, 210], [1801, 210], [1802, 210], [1803, 210], [1804, 210], [1805, 210], [1806, 210], [1807, 210], [1808, 210], [1809, 210], [1810, 210], [1811, 210], [1812, 210], [1813, 210], [1814, 210], [1815, 210], [1816, 210], [1817, 210], [1818, 210], [1819, 210], [1820, 210], [1821, 210], [1822, 210], [1823, 210], [1824, 210], [1814, 211], [1815, 211], [1816, 211], [1817, 211], [1818, 211], [1819, 211], [1820, 211], [1821, 211], [1822, 211], [1823, 211], [1824, 211], [1824, 212]




Yellow line right - [1720, 820], [1721, 820], [1722, 820], [1723, 820], [1720, 821], [1721, 821], [1722, 821], [1723, 821], [1724, 821], [1720, 822], [1721, 822], [1722, 822], [1723, 822], [1724, 822], [1720, 823], [1721, 823], [1722, 823], [1723, 823], [1724, 823], [1720, 824], [1721, 824], [1722, 824], [1723, 824], [1724, 824], [1722, 825], [1723, 825], [1724, 825], [1725, 827], [1726, 827], [1727, 827], [1725, 828], [1726, 828], [1727, 828], [1728, 828], [1725, 829], [1726, 829], [1727, 829], [1728, 829], [1726, 830], [1727, 830], [1729, 830], [1730, 830], [1731, 830], [1732, 830], [1728, 831], [1732, 831], [1728, 832], [1729, 832], [1730, 832], [1731, 832], [1732, 832]




White line right - [1463, 268], [1464, 268], [1465, 268], [1461, 269], [1462, 269], [1463, 269], [1464, 269], [1465, 269], [1462, 270], [1463, 270], [1464, 270], [1465, 270], [1480, 274], [1481, 274], [1482, 274], [1483, 274], [1484, 274], [1485, 274], [1480, 275], [1481, 275], [1482, 275], [1483, 275], [1484, 275], [1485, 275], [1486, 275], [1487, 275], [1488, 275], [1489, 275], [1490, 275], [1480, 276], [1481, 276], [1482, 276], [1484, 276], [1485, 276], [1486, 276], [1487, 276], [1488, 276], [1489, 276], [1490, 276], [1491, 276], [1492, 276], [1493, 276], [1480, 277], [1481, 277], [1482, 277], [1483, 277], [1484, 277], [1485, 277], [1489, 277], [1490, 277], [1491, 277], [1492, 277], [1493, 277], [1494, 277], [1495, 277], [1496, 277], [1481, 278], [1482, 278], [1483, 278], [1484, 278], [1485, 278], [1486, 278], [1487, 278], [1492, 278], [1493, 278], [1494, 278], [1495, 278], [1496, 278], [1497, 278], [1498, 278], [1499, 278], [1484, 279], [1485, 279], [1486, 279], [1487, 279], [1488, 279], [1489, 279], [1490, 279], [1495, 279], [1496, 279], [1497, 279], [1498, 279], [1499, 279], [1500, 279], [1501, 279], [1486, 280], [1487, 280], [1488, 280], [1489, 280], [1490, 280], [1491, 280], [1492, 280], [1493, 280], [1498, 280], [1499, 280], [1500, 280], [1501, 280], [1502, 280], [1503, 280], [1504, 280], [1489, 281], [1490, 281], [1491, 281], [1492, 281], [1493, 281], [1494, 281], [1495, 281], [1496, 281], [1500, 281], [1501, 281], [1502, 281], [1503, 281], [1504, 281], [1505, 281], [1506, 281], [1492, 282], [1493, 282], [1494, 282], [1495, 282], [1496, 282], [1497, 282], [1498, 282], [1499, 282], [1503, 282], [1504, 282], [1505, 282], [1506, 282], [1507, 282], [1508, 282], [1509, 282], [1510, 282], [1495, 283], [1496, 283], [1497, 283], [1498, 283], [1499, 283], [1500, 283], [1501, 283], [1505, 283], [1506, 283], [1507, 283], [1508, 283], [1509, 283], [1510, 283], [1511, 283], [1512, 283], [1498, 284], [1499, 284], [1500, 284], [1501, 284], [1502, 284], [1503, 284], [1504, 284], [1509, 284], [1510, 284], [1511, 284], [1512, 284], [1513, 284], [1500, 285], [1501, 285], [1502, 285], [1503, 285], [1504, 285], [1505, 285], [1506, 285], [1507, 285], [1511, 285], [1512, 285], [1513, 285], [1514, 285], [1515, 285], [1516, 285], [1503, 286], [1504, 286], [1505, 286], [1506, 286], [1507, 286], [1508, 286], [1509, 286], [1510, 286], [1512, 286], [1513, 286], [1514, 286], [1515, 286], [1516, 286], [1517, 286], [1518, 286], [1519, 286], [1506, 287], [1507, 287], [1508, 287], [1509, 287], [1510, 287], [1511, 287], [1512, 287], [1515, 287], [1516, 287], [1517, 287], [1518, 287], [1519, 287], [1520, 287], [1521, 287], [1522, 287], [1523, 287], [1509, 288], [1510, 288], [1511, 288], [1512, 288], [1513, 288], [1514, 288], [1515, 288], [1518, 288], [1519, 288], [1520, 288], [1521, 288], [1522, 288], [1523, 288], [1524, 288], [1525, 288], [1526, 288], [1527, 288], [1511, 289], [1512, 289], [1513, 289], [1514, 289], [1515, 289], [1516, 289], [1517, 289], [1518, 289], [1522, 289], [1523, 289], [1524, 289], [1525, 289], [1526, 289], [1527, 289], [1528, 289], [1529, 289], [1530, 289], [1514, 290], [1515, 290], [1516, 290], [1517, 290], [1518, 290], [1519, 290], [1520, 290], [1521, 290], [1526, 290], [1527, 290], [1528, 290], [1529, 290], [1530, 290], [1531, 290], [1532, 290], [1533, 290], [1517, 291], [1518, 291], [1519, 291], [1520, 291], [1521, 291], [1522, 291], [1523, 291], [1524, 291], [1529, 291], [1530, 291], [1531, 291], [1532, 291], [1533, 291], [1534, 291], [1535, 291], [1536, 291], [1520, 292], [1521, 292], [1522, 292], [1523, 292], [1524, 292], [1525, 292], [1526, 292], [1532, 292], [1533, 292], [1534, 292], [1535, 292], [1536, 292], [1537, 292], [1538, 292], [1539, 292], [1523, 293], [1524, 293], [1525, 293], [1526, 293], [1527, 293], [1528, 293], [1529, 293], [1530, 293], [1535, 293], [1536, 293], [1537, 293], [1538, 293], [1539, 293], [1540, 293], [1541, 293], [1525, 294], [1526, 294], [1527, 294], [1528, 294], [1529, 294], [1530, 294], [1531, 294], [1532, 294], [1533, 294], [1538, 294], [1539, 294], [1540, 294], [1541, 294], [1542, 294], [1543, 294], [1544, 294], [1529, 295], [1530, 295], [1531, 295], [1532, 295], [1533, 295], [1534, 295], [1535, 295], [1536, 295], [1540, 295], [1541, 295], [1542, 295], [1543, 295], [1544, 295], [1545, 295], [1546, 295], [1532, 296], [1533, 296], [1534, 296], [1535, 296], [1536, 296], [1537, 296], [1538, 296], [1543, 296], [1544, 296], [1545, 296], [1546, 296], [1547, 296], [1548, 296], [1549, 296], [1535, 297], [1536, 297], [1537, 297], [1538, 297], [1539, 297], [1540, 297], [1541, 297], [1545, 297], [1546, 297], [1547, 297], [1548, 297], [1549, 297], [1550, 297], [1551, 297], [1552, 297], [1537, 298], [1538, 298], [1539, 298], [1540, 298], [1541, 298], [1542, 298], [1543, 298], [1544, 298], [1548, 298], [1549, 298], [1550, 298], [1551, 298], [1552, 298], [1553, 298], [1554, 298], [1555, 298], [1556, 298], [1540, 299], [1541, 299], [1542, 299], [1543, 299], [1544, 299], [1545, 299], [1546, 299], [1551, 299], [1552, 299], [1553, 299], [1554, 299], [1555, 299], [1556, 299], [1557, 299], [1558, 299], [1543, 300], [1544, 300], [1545, 300], [1546, 300], [1547, 300], [1548, 300], [1549, 300], [1550, 300], [1555, 300], [1556, 300], [1557, 300], [1558, 300], [1559, 300], [1560, 300], [1561, 300], [1545, 301], [1546, 301], [1547, 301], [1548, 301], [1549, 301], [1550, 301], [1551, 301], [1552, 301], [1553, 301], [1557, 301], [1558, 301], [1559, 301], [1560, 301], [1561, 301], [1562, 301], [1563, 301], [1549, 302], [1550, 302], [1551, 302], [1552, 302], [1553, 302], [1554, 302], [1555, 302], [1560, 302], [1561, 302], [1562, 302], [1563, 302], [1564, 302], [1565, 302], [1552, 303], [1553, 303], [1554, 303], [1555, 303], [1556, 303], [1557, 303], [1558, 303], [1562, 303], [1563, 303], [1564, 303], [1565, 303], [1566, 303], [1567, 303], [1554, 304], [1555, 304], [1556, 304], [1557, 304], [1558, 304], [1559, 304], [1560, 304], [1561, 304], [1564, 304], [1565, 304], [1566, 304], [1567, 304], [1568, 304], [1569, 304], [1570, 304], [1557, 305], [1558, 305], [1559, 305], [1560, 305], [1561, 305], [1562, 305], [1563, 305], [1564, 305], [1566, 305], [1567, 305], [1568, 305], [1569, 305], [1570, 305], [1571, 305], [1572, 305], [1573, 305], [1560, 306], [1561, 306], [1562, 306], [1563, 306], [1564, 306], [1565, 306], [1566, 306], [1569, 306], [1570, 306], [1571, 306], [1572, 306], [1573, 306], [1574, 306], [1575, 306], [1576, 306], [1577, 306], [1563, 307], [1564, 307], [1565, 307], [1566, 307], [1567, 307], [1572, 307], [1573, 307], [1574, 307], [1575, 307], [1576, 307], [1577, 307], [1578, 307], [1579, 307], [1580, 307], [1565, 308], [1566, 308], [1567, 308], [1568, 308], [1569, 308], [1576, 308], [1577, 308], [1578, 308], [1579, 308], [1580, 308], [1581, 308], [1582, 308], [1583, 308], [1566, 309], [1567, 309], [1568, 309], [1569, 309], [1570, 309], [1571, 309], [1572, 309], [1579, 309], [1580, 309], [1581, 309], [1582, 309], [1583, 309], [1584, 309], [1585, 309], [1586, 309], [1568, 310], [1569, 310], [1570, 310], [1571, 310], [1572, 310], [1573, 310], [1574, 310], [1575, 310], [1582, 310], [1583, 310], [1584, 310], [1585, 310], [1586, 310], [1587, 310], [1588, 310], [1589, 310], [1571, 311], [1572, 311], [1573, 311], [1574, 311], [1575, 311], [1576, 311], [1577, 311], [1578, 311], [1585, 311], [1586, 311], [1587, 311], [1588, 311], [1589, 311], [1590, 311], [1591, 311], [1574, 312], [1575, 312], [1576, 312], [1577, 312], [1578, 312], [1579, 312], [1580, 312], [1581, 312], [1588, 312], [1589, 312], [1590, 312], [1591, 312], [1592, 312], [1593, 312], [1594, 312], [1577, 313], [1578, 313], [1579, 313], [1580, 313], [1581, 313], [1582, 313], [1583, 313], [1584, 313], [1590, 313], [1591, 313], [1592, 313], [1593, 313], [1594, 313], [1595, 313], [1580, 314], [1581, 314], [1582, 314], [1583, 314], [1584, 314], [1585, 314], [1586, 314], [1587, 314], [1593, 314], [1594, 314], [1595, 314], [1596, 314], [1597, 314], [1598, 314], [1599, 314], [1583, 315], [1584, 315], [1585, 315], [1586, 315], [1587, 315], [1588, 315], [1589, 315], [1590, 315], [1594, 315], [1595, 315], [1596, 315], [1597, 315], [1598, 315], [1599, 315], [1600, 315], [1601, 315], [1602, 315], [1586, 316], [1587, 316], [1588, 316], [1589, 316], [1590, 316], [1591, 316], [1592, 316], [1593, 316], [1598, 316], [1599, 316], [1600, 316], [1601, 316], [1602, 316], [1603, 316], [1604, 316], [1589, 317], [1590, 317], [1591, 317], [1592, 317], [1593, 317], [1594, 317], [1595, 317], [1596, 317], [1601, 317], [1602, 317], [1603, 317], [1604, 317], [1605, 317], [1606, 317], [1607, 317], [1608, 317], [1592, 318], [1593, 318], [1594, 318], [1595, 318], [1596, 318], [1597, 318], [1598, 318], [1599, 318], [1603, 318], [1604, 318], [1605, 318], [1606, 318], [1607, 318], [1608, 318], [1609, 318], [1610, 318], [1611, 318], [1612, 318], [1613, 318], [1595, 319], [1596, 319], [1597, 319], [1598, 319], [1599, 319], [1600, 319], [1601, 319], [1607, 319], [1608, 319], [1609, 319], [1610, 319], [1611, 319], [1612, 319], [1613, 319], [1614, 319], [1615, 319], [1616, 319], [1598, 320], [1599, 320], [1600, 320], [1601, 320], [1602, 320], [1603, 320], [1604, 320], [1612, 320], [1613, 320], [1614, 320], [1615, 320], [1616, 320], [1617, 320], [1618, 320], [1619, 320], [1600, 321], [1601, 321], [1602, 321], [1603, 321], [1604, 321], [1605, 321], [1606, 321], [1607, 321], [1615, 321], [1616, 321], [1617, 321], [1618, 321], [1619, 321], [1620, 321], [1621, 321], [1603, 322], [1604, 322], [1605, 322], [1606, 322], [1607, 322], [1608, 322], [1609, 322], [1610, 322], [1611, 322], [1618, 322], [1619, 322], [1620, 322], [1621, 322], [1622, 322], [1623, 322], [1624, 322], [1606, 323], [1607, 323], [1608, 323], [1609, 323], [1610, 323], [1611, 323], [1612, 323], [1613, 323], [1614, 323], [1615, 323], [1620, 323], [1621, 323], [1622, 323], [1623, 323], [1624, 323], [1625, 323], [1626, 323], [1610, 324], [1611, 324], [1612, 324], [1613, 324], [1614, 324], [1615, 324], [1616, 324], [1617, 324], [1618, 324], [1619, 324], [1620, 324], [1621, 324], [1623, 324], [1624, 324], [1625, 324], [1626, 324], [1627, 324], [1628, 324], [1629, 324], [1614, 325], [1615, 325], [1616, 325], [1617, 325], [1618, 325], [1619, 325], [1620, 325], [1621, 325], [1622, 325], [1623, 325], [1625, 325], [1626, 325], [1627, 325], [1628, 325], [1629, 325], [1630, 325], [1631, 325], [1632, 325], [1620, 326], [1621, 326], [1622, 326], [1623, 326], [1624, 326], [1625, 326], [1628, 326], [1629, 326], [1630, 326], [1631, 326], [1632, 326], [1633, 326], [1634, 326], [1635, 326], [1636, 326], [1622, 327], [1623, 327], [1624, 327], [1625, 327], [1626, 327], [1627, 327], [1628, 327], [1631, 327], [1632, 327], [1633, 327], [1634, 327], [1635, 327], [1636, 327], [1637, 327], [1638, 327], [1639, 327], [1624, 328], [1625, 328], [1626, 328], [1627, 328], [1628, 328], [1629, 328], [1635, 328], [1636, 328], [1637, 328], [1638, 328], [1639, 328], [1640, 328], [1641, 328], [1642, 328], [1627, 329], [1628, 329], [1629, 329], [1630, 329], [1631, 329], [1632, 329], [1638, 329], [1639, 329], [1640, 329], [1641, 329], [1642, 329], [1643, 329], [1644, 329], [1628, 330], [1629, 330], [1630, 330], [1631, 330], [1632, 330], [1633, 330], [1634, 330], [1635, 330], [1641, 330], [1642, 330], [1643, 330], [1644, 330], [1645, 330], [1646, 330], [1647, 330], [1648, 330], [1631, 331], [1632, 331], [1633, 331], [1634, 331], [1635, 331], [1636, 331], [1637, 331], [1638, 331], [1643, 331], [1644, 331], [1645, 331], [1646, 331], [1647, 331], [1648, 331], [1649, 331], [1650, 331], [1651, 331], [1634, 332], [1635, 332], [1636, 332], [1637, 332], [1638, 332], [1639, 332], [1640, 332], [1641, 332], [1647, 332], [1648, 332], [1649, 332], [1650, 332], [1651, 332], [1652, 332], [1653, 332], [1654, 332], [1655, 332], [1637, 333], [1638, 333], [1639, 333], [1640, 333], [1641, 333], [1642, 333], [1643, 333], [1650, 333], [1651, 333], [1652, 333], [1653, 333], [1654, 333], [1655, 333], [1656, 333], [1657, 333], [1658, 333], [1640, 334], [1641, 334], [1642, 334], [1643, 334], [1644, 334], [1645, 334], [1646, 334], [1647, 334], [1654, 334], [1655, 334], [1656, 334], [1657, 334], [1658, 334], [1659, 334], [1660, 334], [1661, 334], [1662, 334], [1642, 335], [1643, 335], [1644, 335], [1645, 335], [1646, 335], [1647, 335], [1648, 335], [1649, 335], [1650, 335], [1651, 335], [1657, 335], [1658, 335], [1659, 335], [1660, 335], [1661, 335], [1662, 335], [1663, 335], [1664, 335], [1665, 335], [1646, 336], [1647, 336], [1648, 336], [1649, 336], [1650, 336], [1651, 336], [1652, 336], [1653, 336], [1654, 336], [1661, 336], [1662, 336], [1663, 336], [1664, 336], [1665, 336], [1666, 336], [1667, 336], [1668, 336], [1650, 337], [1651, 337], [1652, 337], [1653, 337], [1654, 337], [1655, 337], [1656, 337], [1657, 337], [1664, 337], [1665, 337], [1666, 337], [1667, 337], [1668, 337], [1669, 337], [1670, 337], [1671, 337], [1653, 338], [1654, 338], [1655, 338], [1656, 338], [1657, 338], [1658, 338], [1659, 338], [1660, 338], [1667, 338], [1668, 338], [1669, 338], [1670, 338], [1671, 338], [1672, 338], [1673, 338], [1674, 338], [1656, 339], [1657, 339], [1658, 339], [1659, 339], [1660, 339], [1661, 339], [1662, 339], [1663, 339], [1664, 339], [1670, 339], [1671, 339], [1672, 339], [1673, 339], [1674, 339], [1675, 339], [1676, 339], [1677, 339], [1659, 340], [1660, 340], [1661, 340], [1662, 340], [1663, 340], [1664, 340], [1665, 340], [1666, 340], [1673, 340], [1674, 340], [1675, 340], [1676, 340], [1677, 340], [1678, 340], [1679, 340], [1680, 340], [1663, 341], [1664, 341], [1665, 341], [1666, 341], [1667, 341], [1668, 341], [1669, 341], [1676, 341], [1677, 341], [1678, 341], [1679, 341], [1680, 341], [1681, 341], [1682, 341], [1683, 341], [1665, 342], [1666, 342], [1667, 342], [1668, 342], [1669, 342], [1670, 342], [1671, 342], [1679, 342], [1680, 342], [1681, 342], [1682, 342], [1683, 342], [1684, 342], [1685, 342], [1686, 342], [1668, 343], [1669, 343], [1670, 343], [1671, 343], [1672, 343], [1673, 343], [1674, 343], [1675, 343], [1682, 343], [1683, 343], [1684, 343], [1685, 343], [1686, 343], [1687, 343], [1688, 343], [1689, 343], [1670, 344], [1671, 344], [1672, 344], [1673, 344], [1674, 344], [1675, 344], [1676, 344], [1677, 344], [1678, 344], [1685, 344], [1686, 344], [1687, 344], [1688, 344], [1689, 344], [1690, 344], [1691, 344], [1692, 344], [1674, 345], [1675, 345], [1676, 345], [1677, 345], [1678, 345], [1679, 345], [1680, 345], [1681, 345], [1688, 345], [1689, 345], [1690, 345], [1691, 345], [1692, 345], [1693, 345], [1694, 345], [1695, 345], [1677, 346], [1678, 346], [1679, 346], [1680, 346], [1681, 346], [1682, 346], [1683, 346], [1684, 346], [1685, 346], [1691, 346], [1692, 346], [1693, 346], [1694, 346], [1695, 346], [1696, 346], [1697, 346], [1680, 347], [1681, 347], [1682, 347], [1683, 347], [1684, 347], [1685, 347], [1686, 347], [1687, 347], [1688, 347], [1694, 347], [1695, 347], [1696, 347], [1697, 347], [1698, 347], [1699, 347], [1684, 348], [1685, 348], [1686, 348], [1687, 348], [1688, 348], [1689, 348], [1690, 348], [1691, 348], [1696, 348], [1697, 348], [1698, 348], [1699, 348], [1700, 348], [1701, 348], [1702, 348], [1687, 349], [1688, 349], [1689, 349], [1690, 349], [1691, 349], [1692, 349], [1693, 349], [1694, 349], [1695, 349], [1698, 349], [1699, 349], [1700, 349], [1701, 349], [1702, 349], [1703, 349], [1704, 349], [1705, 349], [1706, 349], [1690, 350], [1691, 350], [1692, 350], [1693, 350], [1694, 350], [1695, 350], [1696, 350], [1697, 350], [1698, 350], [1701, 350], [1702, 350], [1703, 350], [1704, 350], [1705, 350], [1706, 350], [1707, 350], [1708, 350], [1694, 351], [1695, 351], [1696, 351], [1697, 351], [1698, 351], [1699, 351], [1700, 351], [1705, 351], [1706, 351], [1707, 351], [1708, 351], [1709, 351], [1710, 351], [1711, 351], [1712, 351], [1697, 352], [1698, 352], [1699, 352], [1700, 352], [1701, 352], [1702, 352], [1703, 352], [1707, 352], [1708, 352], [1709, 352], [1710, 352], [1711, 352], [1712, 352], [1713, 352], [1714, 352], [1715, 352], [1699, 353], [1700, 353], [1701, 353], [1702, 353], [1703, 353], [1704, 353], [1705, 353], [1706, 353], [1711, 353], [1712, 353], [1713, 353], [1714, 353], [1715, 353], [1716, 353], [1717, 353], [1718, 353], [1702, 354], [1703, 354], [1704, 354], [1705, 354], [1706, 354], [1707, 354], [1708, 354], [1709, 354], [1710, 354], [1714, 354], [1715, 354], [1716, 354], [1717, 354], [1718, 354], [1719, 354], [1720, 354], [1705, 355], [1706, 355], [1707, 355], [1708, 355], [1709, 355], [1710, 355], [1711, 355], [1712, 355], [1717, 355], [1718, 355], [1719, 355], [1720, 355], [1721, 355], [1722, 355], [1709, 356], [1710, 356], [1711, 356], [1712, 356], [1713, 356], [1714, 356], [1715, 356], [1719, 356], [1720, 356], [1721, 356], [1722, 356], [1723, 356], [1711, 357], [1712, 357], [1713, 357], [1714, 357], [1715, 357], [1716, 357], [1717, 357], [1718, 357], [1721, 357], [1722, 357], [1723, 357], [1724, 357], [1725, 357], [1726, 357], [1727, 357], [1714, 358], [1715, 358], [1716, 358], [1717, 358], [1718, 358], [1719, 358], [1720, 358], [1721, 358], [1722, 358], [1723, 358], [1724, 358], [1725, 358], [1726, 358], [1727, 358], [1728, 358], [1729, 358], [1717, 359], [1718, 359], [1719, 359], [1720, 359], [1721, 359], [1722, 359], [1723, 359], [1724, 359], [1725, 359], [1726, 359], [1727, 359], [1728, 359], [1729, 359], [1730, 359], [1731, 359], [1732, 359], [1733, 359], [1734, 359], [1735, 359], [1722, 360], [1723, 360], [1724, 360], [1725, 360], [1726, 360], [1727, 360], [1728, 360], [1729, 360], [1730, 360], [1731, 360], [1732, 360], [1733, 360], [1734, 360], [1735, 360], [1736, 360], [1737, 360], [1724, 361], [1725, 361], [1726, 361], [1727, 361], [1728, 361], [1729, 361], [1730, 361], [1731, 361], [1734, 361], [1735, 361], [1736, 361], [1737, 361], [1738, 361], [1728, 362], [1729, 362], [1730, 362], [1731, 362], [1732, 362], [1733, 362], [1734, 362], [1736, 362], [1737, 362], [1738, 362], [1739, 362], [1730, 363], [1731, 363], [1732, 363], [1733, 363], [1734, 363], [1735, 363], [1736, 363], [1737, 363], [1738, 363], [1739, 363], [1733, 364], [1734, 364], [1735, 364], [1736, 364], [1737, 364], [1738, 364], [1739, 364], [1753, 368], [1754, 368], [1755, 368], [1756, 368], [1757, 368], [1758, 368], [1753, 369], [1754, 369], [1755, 369], [1756, 369], [1757, 369], [1758, 369], [1759, 369], [1760, 369], [1761, 369], [1753, 370], [1754, 370], [1755, 370], [1756, 370], [1757, 370], [1758, 370], [1759, 370], [1760, 370], [1761, 370], [1762, 370], [1763, 370], [1764, 370], [1755, 371], [1756, 371], [1757, 371], [1758, 371], [1759, 371], [1760, 371], [1761, 371], [1762, 371], [1763, 371], [1764, 371], [1765, 371], [1766, 371], [1759, 372], [1760, 372], [1761, 372], [1762, 372], [1763, 372], [1765, 372], [1766, 372], [1767, 372], [1768, 372], [1762, 373], [1763, 373], [1764, 373], [1765, 373], [1766, 373], [1767, 373], [1768, 373], [1769, 373], [1770, 373], [1771, 373], [1772, 373], [1773, 373], [1774, 373], [1775, 373], [1764, 374], [1765, 374], [1766, 374], [1767, 374], [1768, 374], [1769, 374], [1770, 374], [1771, 374], [1772, 374], [1773, 374], [1774, 374], [1775, 374], [1776, 374], [1777, 374], [1769, 375], [1770, 375], [1771, 375], [1772, 375], [1773, 375], [1774, 375], [1775, 375], [1776, 375], [1777, 375], [1778, 375], [1797, 375], [1798, 375], [1799, 375], [1800, 375], [1801, 375], [1802, 375], [1803, 375], [1769, 376], [1770, 376], [1771, 376], [1772, 376], [1773, 376], [1774, 376], [1775, 376], [1777, 376], [1778, 376], [1779, 376], [1780, 376], [1781, 376], [1782, 376], [1783, 376], [1796, 376], [1797, 376], [1798, 376], [1799, 376], [1800, 376], [1801, 376], [1802, 376], [1803, 376], [1804, 376], [1805, 376], [1806, 376], [1807, 376], [1808, 376], [1809, 376], [1810, 376], [1811, 376], [1812, 376], [1813, 376], [1772, 377], [1773, 377], [1774, 377], [1775, 377], [1776, 377], [1777, 377], [1778, 377], [1779, 377], [1780, 377], [1781, 377], [1782, 377], [1783, 377], [1784, 377], [1785, 377], [1786, 377], [1787, 377], [1788, 377], [1789, 377], [1796, 377], [1797, 377], [1798, 377], [1802, 377], [1803, 377], [1804, 377], [1805, 377], [1806, 377], [1807, 377], [1808, 377], [1809, 377], [1810, 377], [1811, 377], [1812, 377], [1813, 377], [1814, 377], [1815, 377], [1775, 378], [1776, 378], [1777, 378], [1778, 378], [1779, 378], [1780, 378], [1781, 378], [1782, 378], [1783, 378], [1784, 378], [1785, 378], [1786, 378], [1787, 378], [1788, 378], [1789, 378], [1790, 378], [1791, 378], [1792, 378], [1796, 378], [1797, 378], [1798, 378], [1799, 378], [1800, 378], [1801, 378], [1802, 378], [1803, 378], [1812, 378], [1813, 378], [1814, 378], [1815, 378], [1779, 379], [1780, 379], [1781, 379], [1782, 379], [1783, 379], [1784, 379], [1785, 379], [1788, 379], [1789, 379], [1790, 379], [1791, 379], [1792, 379], [1793, 379], [1794, 379], [1795, 379], [1796, 379], [1797, 379], [1798, 379], [1799, 379], [1800, 379], [1801, 379], [1802, 379], [1803, 379], [1804, 379], [1805, 379], [1806, 379], [1807, 379], [1808, 379], [1809, 379], [1810, 379], [1811, 379], [1812, 379], [1813, 379], [1814, 379], [1815, 379], [1782, 380], [1783, 380], [1784, 380], [1785, 380], [1786, 380], [1787, 380], [1788, 380], [1791, 380], [1792, 380], [1793, 380], [1794, 380], [1795, 380], [1796, 380], [1797, 380], [1802, 380], [1803, 380], [1804, 380], [1805, 380], [1806, 380], [1807, 380], [1808, 380], [1809, 380], [1810, 380], [1811, 380], [1812, 380], [1813, 380], [1814, 380], [1815, 380], [1784, 381], [1785, 381], [1786, 381], [1787, 381], [1788, 381], [1789, 381], [1790, 381], [1791, 381], [1795, 381], [1796, 381], [1797, 381], [1798, 381], [1799, 381], [1800, 381], [1787, 382], [1788, 382], [1789, 382], [1790, 382], [1791, 382], [1792, 382], [1793, 382], [1796, 382], [1797, 382], [1798, 382], [1799, 382], [1800, 382], [1801, 382], [1802, 382], [1803, 382], [1790, 383], [1791, 383], [1792, 383], [1793, 383], [1794, 383], [1795, 383], [1796, 383], [1797, 383], [1798, 383], [1799, 383], [1801, 383], [1802, 383], [1803, 383], [1804, 383], [1805, 383], [1792, 384], [1793, 384], [1794, 384], [1795, 384], [1796, 384], [1797, 384], [1798, 384], [1799, 384], [1800, 384], [1801, 384], [1802, 384], [1803, 384], [1804, 384], [1805, 384], [1806, 384], [1807, 384], [1808, 384], [1809, 384], [1796, 385], [1797, 385], [1798, 385], [1800, 385], [1801, 385], [1802, 385], [1803, 385], [1804, 385], [1805, 385], [1806, 385], [1807, 385], [1808, 385], [1809, 385], [1810, 385], [1811, 385], [1800, 386], [1801, 386], [1802, 386], [1803, 386], [1804, 386], [1805, 386], [1806, 386], [1808, 386], [1809, 386], [1810, 386], [1811, 386], [1812, 386], [1813, 386], [1814, 386], [1815, 386], [1802, 387], [1803, 387], [1804, 387], [1805, 387], [1806, 387], [1807, 387], [1808, 387], [1810, 387], [1811, 387], [1812, 387], [1813, 387], [1814, 387], [1815, 387], [1816, 387], [1817, 387], [1805, 388], [1806, 388], [1807, 388], [1808, 388], [1809, 388], [1810, 388], [1811, 388], [1814, 388], [1815, 388], [1816, 388], [1817, 388], [1818, 388], [1819, 388], [1807, 389], [1808, 389], [1809, 389], [1810, 389], [1811, 389], [1812, 389], [1813, 389], [1814, 389], [1815, 389], [1817, 389], [1818, 389], [1819, 389], [1820, 389], [1258, 390], [1259, 390], [1810, 390], [1811, 390], [1812, 390], [1813, 390], [1814, 390], [1815, 390], [1816, 390], [1817, 390], [1818, 390], [1819, 390], [1820, 390], [1257, 391], [1258, 391], [1259, 391], [1260, 391], [1815, 391], [1816, 391], [1817, 391], [1818, 391], [1819, 391], [1820, 391], [1822, 391], [1823, 391], [1824, 391], [1258, 392], [1259, 392], [1260, 392], [1261, 392], [1262, 392], [1822, 392], [1824, 392], [1259, 393], [1260, 393], [1261, 393], [1262, 393], [1263, 393], [1822, 393], [1823, 393], [1824, 393], [1261, 394], [1262, 394], [1263, 394], [1264, 394], [1262, 395], [1263, 395], [1264, 395], [1265, 395], [1266, 395], [1247, 396], [1248, 396], [1249, 396], [1263, 396], [1264, 396], [1265, 396], [1266, 396], [1247, 397], [1248, 397], [1249, 397], [1250, 397], [1251, 397], [1265, 397], [1266, 397], [1267, 397], [1248, 398], [1249, 398], [1250, 398], [1251, 398], [1252, 398], [1265, 398], [1266, 398], [1267, 398], [1268, 398], [1250, 399], [1251, 399], [1252, 399], [1253, 399], [1266, 399], [1267, 399], [1268, 399], [1269, 399], [1251, 400], [1252, 400], [1253, 400], [1254, 400], [1267, 400], [1268, 400], [1269, 400], [1270, 400], [1271, 400], [1252, 401], [1253, 401], [1254, 401], [1255, 401], [1256, 401], [1268, 401], [1269, 401], [1270, 401], [1271, 401], [1272, 401], [1273, 401], [1237, 402], [1253, 402], [1254, 402], [1255, 402], [1256, 402], [1257, 402], [1258, 402], [1270, 402], [1271, 402], [1272, 402], [1273, 402], [1274, 402], [1236, 403], [1237, 403], [1238, 403], [1255, 403], [1256, 403], [1257, 403], [1258, 403], [1259, 403], [1272, 403], [1273, 403], [1274, 403], [1275, 403], [1236, 404], [1237, 404], [1238, 404], [1239, 404], [1257, 404], [1258, 404], [1259, 404], [1273, 404], [1274, 404], [1275, 404], [1237, 405], [1238, 405], [1239, 405], [1240, 405], [1258, 405], [1259, 405], [1260, 405], [1274, 405], [1275, 405], [1276, 405], [1238, 406], [1239, 406], [1240, 406], [1258, 406], [1259, 406], [1260, 406], [1274, 406], [1275, 406], [1276, 406], [1277, 406], [1278, 406], [1239, 407], [1240, 407], [1241, 407], [1259, 407], [1260, 407], [1261, 407], [1275, 407], [1276, 407], [1277, 407], [1278, 407], [1279, 407], [1239, 408], [1240, 408], [1241, 408], [1242, 408], [1243, 408], [1259, 408], [1260, 408], [1261, 408], [1262, 408], [1263, 408], [1277, 408], [1278, 408], [1279, 408], [1280, 408], [1226, 409], [1227, 409], [1228, 409], [1240, 409], [1241, 409], [1242, 409], [1243, 409], [1244, 409], [1260, 409], [1261, 409], [1262, 409], [1263, 409], [1264, 409], [1278, 409], [1279, 409], [1280, 409], [1281, 409], [1225, 410], [1226, 410], [1227, 410], [1228, 410], [1229, 410], [1230, 410], [1242, 410], [1243, 410], [1244, 410], [1245, 410], [1262, 410], [1263, 410], [1264, 410], [1265, 410], [1279, 410], [1280, 410], [1281, 410], [1282, 410], [1227, 411], [1228, 411], [1229, 411], [1230, 411], [1243, 411], [1244, 411], [1245, 411], [1246, 411], [1263, 411], [1264, 411], [1265, 411], [1266, 411], [1280, 411], [1281, 411], [1282, 411], [1283, 411], [1229, 412], [1230, 412], [1244, 412], [1245, 412], [1246, 412], [1247, 412], [1264, 412], [1265, 412], [1266, 412], [1267, 412], [1281, 412], [1282, 412], [1283, 412], [1284, 412], [1229, 413], [1230, 413], [1231, 413], [1245, 413], [1246, 413], [1247, 413], [1248, 413], [1265, 413], [1266, 413], [1267, 413], [1268, 413], [1282, 413], [1283, 413], [1284, 413], [1285, 413], [1229, 414], [1230, 414], [1231, 414], [1246, 414], [1247, 414], [1248, 414], [1249, 414], [1266, 414], [1267, 414], [1268, 414], [1283, 414], [1284, 414], [1285, 414], [1286, 414], [1230, 415], [1231, 415], [1232, 415], [1247, 415], [1248, 415], [1249, 415], [1250, 415], [1267, 415], [1268, 415], [1269, 415], [1284, 415], [1285, 415], [1286, 415], [1287, 415], [1288, 415], [1230, 416], [1231, 416], [1232, 416], [1233, 416], [1248, 416], [1249, 416], [1250, 416], [1251, 416], [1267, 416], [1268, 416], [1269, 416], [1270, 416], [1285, 416], [1286, 416], [1287, 416], [1288, 416], [1289, 416], [1231, 417], [1232, 417], [1233, 417], [1234, 417], [1249, 417], [1250, 417], [1251, 417], [1252, 417], [1268, 417], [1269, 417], [1270, 417], [1271, 417], [1272, 417], [1287, 417], [1288, 417], [1289, 417], [1290, 417], [1232, 418], [1233, 418], [1234, 418], [1235, 418], [1250, 418], [1251, 418], [1252, 418], [1253, 418], [1269, 418], [1270, 418], [1271, 418], [1272, 418], [1273, 418], [1288, 418], [1289, 418], [1290, 418], [1291, 418], [1233, 419], [1234, 419], [1235, 419], [1236, 419], [1251, 419], [1252, 419], [1253, 419], [1254, 419], [1271, 419], [1272, 419], [1273, 419], [1274, 419], [1289, 419], [1290, 419], [1291, 419], [1292, 419], [1234, 420], [1235, 420], [1236, 420], [1237, 420], [1252, 420], [1253, 420], [1254, 420], [1255, 420], [1272, 420], [1273, 420], [1274, 420], [1275, 420], [1276, 420], [1290, 420], [1291, 420], [1292, 420], [1293, 420], [1235, 421], [1236, 421], [1237, 421], [1238, 421], [1253, 421], [1254, 421], [1255, 421], [1256, 421], [1273, 421], [1274, 421], [1275, 421], [1276, 421], [1277, 421], [1291, 421], [1292, 421], [1293, 421], [1294, 421], [1236, 422], [1237, 422], [1238, 422], [1239, 422], [1254, 422], [1255, 422], [1256, 422], [1257, 422], [1275, 422], [1276, 422], [1277, 422], [1278, 422], [1292, 422], [1293, 422], [1294, 422], [1295, 422], [1237, 423], [1238, 423], [1239, 423], [1240, 423], [1255, 423], [1256, 423], [1257, 423], [1258, 423], [1276, 423], [1277, 423], [1278, 423], [1279, 423], [1293, 423], [1294, 423], [1295, 423], [1296, 423], [1238, 424], [1239, 424], [1240, 424], [1241, 424], [1256, 424], [1257, 424], [1258, 424], [1259, 424], [1277, 424], [1278, 424], [1279, 424], [1280, 424], [1281, 424], [1294, 424], [1295, 424], [1296, 424], [1297, 424], [1239, 425], [1240, 425], [1241, 425], [1242, 425], [1257, 425], [1258, 425], [1259, 425], [1260, 425], [1278, 425], [1279, 425], [1280, 425], [1281, 425], [1282, 425], [1295, 425], [1296, 425], [1297, 425], [1298, 425], [1240, 426], [1241, 426], [1242, 426], [1243, 426], [1258, 426], [1259, 426], [1260, 426], [1261, 426], [1280, 426], [1281, 426], [1282, 426], [1283, 426], [1284, 426], [1285, 426], [1286, 426], [1296, 426], [1297, 426], [1298, 426], [1299, 426], [1300, 426], [1241, 427], [1242, 427], [1243, 427], [1244, 427], [1259, 427], [1260, 427], [1261, 427], [1262, 427], [1281, 427], [1282, 427], [1283, 427], [1284, 427], [1285, 427], [1286, 427], [1297, 427], [1298, 427], [1299, 427], [1300, 427], [1301, 427], [1242, 428], [1243, 428], [1244, 428], [1260, 428], [1261, 428], [1262, 428], [1263, 428], [1285, 428], [1286, 428], [1299, 428], [1300, 428], [1301, 428], [1302, 428], [1243, 429], [1244, 429], [1245, 429], [1261, 429], [1262, 429], [1263, 429], [1264, 429], [1285, 429], [1286, 429], [1300, 429], [1301, 429], [1302, 429], [1303, 429], [1243, 430], [1244, 430], [1245, 430], [1246, 430], [1247, 430], [1262, 430], [1263, 430], [1264, 430], [1265, 430], [1285, 430], [1286, 430], [1287, 430], [1301, 430], [1302, 430], [1303, 430], [1304, 430], [1244, 431], [1245, 431], [1246, 431], [1247, 431], [1248, 431], [1263, 431], [1264, 431], [1265, 431], [1266, 431], [1285, 431], [1286, 431], [1287, 431], [1288, 431], [1302, 431], [1303, 431], [1304, 431], [1305, 431], [1246, 432], [1247, 432], [1248, 432], [1264, 432], [1265, 432], [1266, 432], [1267, 432], [1286, 432], [1287, 432], [1288, 432], [1289, 432], [1303, 432], [1304, 432], [1305, 432], [1306, 432], [1247, 433], [1248, 433], [1249, 433], [1265, 433], [1266, 433], [1267, 433], [1287, 433], [1288, 433], [1289, 433], [1290, 433], [1304, 433], [1305, 433], [1306, 433], [1307, 433], [1308, 433], [1247, 434], [1248, 434], [1249, 434], [1250, 434], [1266, 434], [1267, 434], [1268, 434], [1288, 434], [1289, 434], [1290, 434], [1291, 434], [1305, 434], [1306, 434], [1307, 434], [1308, 434], [1309, 434], [1248, 435], [1249, 435], [1250, 435], [1251, 435], [1266, 435], [1267, 435], [1268, 435], [1289, 435], [1290, 435], [1291, 435], [1292, 435], [1307, 435], [1308, 435], [1309, 435], [1310, 435], [1249, 436], [1250, 436], [1251, 436], [1252, 436], [1267, 436], [1268, 436], [1290, 436], [1291, 436], [1292, 436], [1293, 436], [1294, 436], [1308, 436], [1309, 436], [1310, 436], [1311, 436], [1250, 437], [1251, 437], [1252, 437], [1253, 437], [1267, 437], [1268, 437], [1269, 437], [1270, 437], [1271, 437], [1291, 437], [1292, 437], [1293, 437], [1294, 437], [1295, 437], [1309, 437], [1310, 437], [1311, 437], [1312, 437], [1251, 438], [1252, 438], [1253, 438], [1254, 438], [1267, 438], [1268, 438], [1269, 438], [1270, 438], [1271, 438], [1272, 438], [1273, 438], [1293, 438], [1294, 438], [1295, 438], [1296, 438], [1310, 438], [1311, 438], [1312, 438], [1252, 439], [1253, 439], [1254, 439], [1255, 439], [1270, 439], [1271, 439], [1272, 439], [1273, 439], [1294, 439], [1295, 439], [1296, 439], [1311, 439], [1312, 439], [1313, 439], [1253, 440], [1254, 440], [1255, 440], [1256, 440], [1272, 440], [1273, 440], [1274, 440], [1295, 440], [1296, 440], [1297, 440], [1298, 440], [1311, 440], [1312, 440], [1313, 440], [1314, 440], [1315, 440], [1254, 441], [1255, 441], [1256, 441], [1257, 441], [1272, 441], [1273, 441], [1274, 441], [1275, 441], [1295, 441], [1296, 441], [1297, 441], [1298, 441], [1304, 441], [1305, 441], [1306, 441], [1312, 441], [1313, 441], [1314, 441], [1315, 441], [1316, 441], [1317, 441], [1255, 442], [1256, 442], [1257, 442], [1258, 442], [1273, 442], [1274, 442], [1275, 442], [1276, 442], [1297, 442], [1298, 442], [1299, 442], [1300, 442], [1304, 442], [1306, 442], [1314, 442], [1315, 442], [1316, 442], [1317, 442], [1318, 442], [1256, 443], [1257, 443], [1258, 443], [1259, 443], [1274, 443], [1275, 443], [1276, 443], [1277, 443], [1278, 443], [1297, 443], [1298, 443], [1299, 443], [1300, 443], [1301, 443], [1304, 443], [1305, 443], [1307, 443], [1308, 443], [1309, 443], [1316, 443], [1317, 443], [1318, 443], [1319, 443], [1257, 444], [1258, 444], [1259, 444], [1260, 444], [1275, 444], [1276, 444], [1277, 444], [1278, 444], [1299, 444], [1300, 444], [1301, 444], [1302, 444], [1306, 444], [1307, 444], [1308, 444], [1309, 444], [1310, 444], [1317, 444], [1318, 444], [1319, 444], [1320, 444], [1258, 445], [1259, 445], [1260, 445], [1261, 445], [1277, 445], [1278, 445], [1279, 445], [1280, 445], [1300, 445], [1301, 445], [1302, 445], [1303, 445], [1306, 445], [1307, 445], [1308, 445], [1309, 445], [1310, 445], [1311, 445], [1318, 445], [1319, 445], [1320, 445], [1321, 445], [1259, 446], [1260, 446], [1261, 446], [1262, 446], [1277, 446], [1278, 446], [1279, 446], [1280, 446], [1281, 446], [1301, 446], [1302, 446], [1303, 446], [1304, 446], [1305, 446], [1307, 446], [1308, 446], [1310, 446], [1311, 446], [1319, 446], [1320, 446], [1321, 446], [1322, 446], [1260, 447], [1261, 447], [1262, 447], [1263, 447], [1279, 447], [1280, 447], [1281, 447], [1282, 447], [1302, 447], [1303, 447], [1304, 447], [1305, 447], [1306, 447], [1307, 447], [1308, 447], [1309, 447], [1310, 447], [1311, 447], [1320, 447], [1321, 447], [1322, 447], [1323, 447], [1324, 447], [1261, 448], [1262, 448], [1263, 448], [1264, 448], [1280, 448], [1281, 448], [1282, 448], [1283, 448], [1304, 448], [1305, 448], [1306, 448], [1307, 448], [1308, 448], [1309, 448], [1310, 448], [1311, 448], [1321, 448], [1322, 448], [1323, 448], [1324, 448], [1262, 449], [1263, 449], [1264, 449], [1265, 449], [1281, 449], [1282, 449], [1283, 449], [1284, 449], [1305, 449], [1306, 449], [1307, 449], [1323, 449], [1324, 449], [1325, 449], [1263, 450], [1264, 450], [1265, 450], [1266, 450], [1282, 450], [1283, 450], [1284, 450], [1285, 450], [1306, 450], [1307, 450], [1308, 450], [1323, 450], [1324, 450], [1325, 450], [1326, 450], [1327, 450], [1264, 451], [1265, 451], [1266, 451], [1267, 451], [1283, 451], [1284, 451], [1285, 451], [1306, 451], [1307, 451], [1308, 451], [1309, 451], [1324, 451], [1325, 451], [1326, 451], [1327, 451], [1328, 451], [1265, 452], [1266, 452], [1267, 452], [1268, 452], [1284, 452], [1285, 452], [1307, 452], [1308, 452], [1309, 452], [1310, 452], [1311, 452], [1326, 452], [1327, 452], [1328, 452], [1329, 452], [1266, 453], [1267, 453], [1268, 453], [1269, 453], [1270, 453], [1284, 453], [1285, 453], [1308, 453], [1309, 453], [1310, 453], [1311, 453], [1312, 453], [1327, 453], [1328, 453], [1329, 453], [1330, 453], [1267, 454], [1268, 454], [1269, 454], [1270, 454], [1271, 454], [1284, 454], [1285, 454], [1310, 454], [1311, 454], [1312, 454], [1313, 454], [1318, 454], [1319, 454], [1320, 454], [1321, 454], [1322, 454], [1323, 454], [1324, 454], [1325, 454], [1326, 454], [1328, 454], [1329, 454], [1330, 454], [1331, 454], [1269, 455], [1270, 455], [1271, 455], [1284, 455], [1285, 455], [1286, 455], [1287, 455], [1311, 455], [1312, 455], [1313, 455], [1317, 455], [1318, 455], [1319, 455], [1320, 455], [1321, 455], [1322, 455], [1323, 455], [1324, 455], [1325, 455], [1326, 455], [1327, 455], [1328, 455], [1329, 455], [1330, 455], [1331, 455], [1332, 455], [1270, 456], [1271, 456], [1272, 456], [1284, 456], [1285, 456], [1286, 456], [1287, 456], [1288, 456], [1289, 456], [1290, 456], [1312, 456], [1313, 456], [1314, 456], [1315, 456], [1317, 456], [1318, 456], [1319, 456], [1320, 456], [1321, 456], [1322, 456], [1325, 456], [1326, 456], [1327, 456], [1328, 456], [1329, 456], [1330, 456], [1331, 456], [1332, 456], [1333, 456], [1270, 457], [1271, 457], [1272, 457], [1273, 457], [1286, 457], [1287, 457], [1288, 457], [1289, 457], [1290, 457], [1291, 457], [1312, 457], [1313, 457], [1314, 457], [1315, 457], [1316, 457], [1318, 457], [1319, 457], [1320, 457], [1322, 457], [1325, 457], [1326, 457], [1327, 457], [1328, 457], [1329, 457], [1330, 457], [1331, 457], [1332, 457], [1333, 457], [1334, 457], [1335, 457], [1271, 458], [1272, 458], [1273, 458], [1274, 458], [1289, 458], [1290, 458], [1291, 458], [1292, 458], [1293, 458], [1314, 458], [1315, 458], [1316, 458], [1317, 458], [1318, 458], [1319, 458], [1320, 458], [1321, 458], [1322, 458], [1325, 458], [1326, 458], [1328, 458], [1329, 458], [1330, 458], [1331, 458], [1332, 458], [1333, 458], [1334, 458], [1335, 458], [1336, 458], [1272, 459], [1273, 459], [1274, 459], [1290, 459], [1291, 459], [1292, 459], [1293, 459], [1294, 459], [1316, 459], [1317, 459], [1318, 459], [1319, 459], [1320, 459], [1325, 459], [1326, 459], [1327, 459], [1328, 459], [1329, 459], [1330, 459], [1331, 459], [1334, 459], [1335, 459], [1336, 459], [1273, 460], [1274, 460], [1275, 460], [1276, 460], [1292, 460], [1293, 460], [1294, 460], [1320, 460], [1321, 460], [1322, 460], [1326, 460], [1327, 460], [1328, 460], [1329, 460], [1330, 460], [1331, 460], [1332, 460], [1333, 460], [1334, 460], [1335, 460], [1336, 460], [1273, 461], [1274, 461], [1275, 461], [1276, 461], [1293, 461], [1294, 461], [1295, 461], [1296, 461], [1320, 461], [1322, 461], [1328, 461], [1329, 461], [1330, 461], [1331, 461], [1332, 461], [1333, 461], [1334, 461], [1335, 461], [1336, 461], [1275, 462], [1276, 462], [1277, 462], [1293, 462], [1294, 462], [1295, 462], [1296, 462], [1297, 462], [1320, 462], [1321, 462], [1322, 462], [1275, 463], [1276, 463], [1277, 463], [1278, 463], [1279, 463], [1295, 463], [1296, 463], [1297, 463], [1298, 463], [1323, 463], [1324, 463], [1325, 463], [1276, 464], [1277, 464], [1278, 464], [1279, 464], [1296, 464], [1297, 464], [1298, 464], [1299, 464], [1323, 464], [1325, 464], [1278, 465], [1279, 465], [1280, 465], [1297, 465], [1298, 465], [1299, 465], [1300, 465], [1323, 465], [1324, 465], [1325, 465], [1326, 465], [1327, 465], [1328, 465], [1278, 466], [1279, 466], [1280, 466], [1281, 466], [1282, 466], [1298, 466], [1299, 466], [1300, 466], [1326, 466], [1327, 466], [1328, 466], [1329, 466], [1279, 467], [1280, 467], [1281, 467], [1282, 467], [1283, 467], [1299, 467], [1300, 467], [1326, 467], [1327, 467], [1328, 467], [1329, 467], [1330, 467], [1331, 467], [1281, 468], [1282, 468], [1283, 468], [1284, 468], [1299, 468], [1300, 468], [1301, 468], [1326, 468], [1327, 468], [1328, 468], [1329, 468], [1330, 468], [1331, 468], [1332, 468], [1282, 469], [1283, 469], [1284, 469], [1285, 469], [1299, 469], [1300, 469], [1301, 469], [1327, 469], [1328, 469], [1329, 469], [1331, 469], [1332, 469], [1283, 470], [1284, 470], [1285, 470], [1286, 470], [1287, 470], [1300, 470], [1301, 470], [1302, 470], [1303, 470], [1328, 470], [1329, 470], [1330, 470], [1331, 470], [1332, 470], [1333, 470], [1284, 471], [1285, 471], [1286, 471], [1287, 471], [1300, 471], [1301, 471], [1302, 471], [1303, 471], [1304, 471], [1329, 471], [1330, 471], [1331, 471], [1332, 471], [1333, 471], [1286, 472], [1287, 472], [1288, 472], [1302, 472], [1303, 472], [1304, 472], [1305, 472], [1306, 472], [1307, 472], [1330, 472], [1331, 472], [1332, 472], [1333, 472], [1286, 473], [1287, 473], [1288, 473], [1289, 473], [1303, 473], [1304, 473], [1305, 473], [1306, 473], [1307, 473], [1308, 473], [1287, 474], [1288, 474], [1289, 474], [1290, 474], [1306, 474], [1307, 474], [1308, 474], [1309, 474], [1335, 474], [1336, 474], [1337, 474], [1288, 475], [1289, 475], [1290, 475], [1291, 475], [1304, 475], [1305, 475], [1306, 475], [1307, 475], [1308, 475], [1309, 475], [1335, 475], [1337, 475], [1289, 476], [1290, 476], [1291, 476], [1292, 476], [1302, 476], [1303, 476], [1304, 476], [1305, 476], [1306, 476], [1307, 476], [1308, 476], [1309, 476], [1310, 476], [1335, 476], [1336, 476], [1338, 476], [1339, 476], [1290, 477], [1291, 477], [1292, 477], [1293, 477], [1300, 477], [1301, 477], [1302, 477], [1303, 477], [1304, 477], [1305, 477], [1306, 477], [1307, 477], [1309, 477], [1310, 477], [1311, 477], [1337, 477], [1338, 477], [1339, 477], [1340, 477], [1291, 478], [1292, 478], [1293, 478], [1294, 478], [1299, 478], [1300, 478], [1301, 478], [1302, 478], [1303, 478], [1306, 478], [1307, 478], [1308, 478], [1309, 478], [1310, 478], [1311, 478], [1337, 478], [1338, 478], [1339, 478], [1340, 478], [1341, 478], [1292, 479], [1293, 479], [1294, 479], [1295, 479], [1299, 479], [1300, 479], [1301, 479], [1307, 479], [1308, 479], [1309, 479], [1310, 479], [1311, 479], [1337, 479], [1338, 479], [1339, 479], [1340, 479], [1341, 479], [1293, 480], [1294, 480], [1295, 480], [1296, 480], [1299, 480], [1300, 480], [1301, 480], [1302, 480], [1303, 480], [1304, 480], [1305, 480], [1307, 480], [1308, 480], [1309, 480], [1310, 480], [1311, 480], [1312, 480], [1313, 480], [1314, 480], [1315, 480], [1338, 480], [1339, 480], [1340, 480], [1341, 480], [1294, 481], [1295, 481], [1296, 481], [1297, 481], [1300, 481], [1301, 481], [1302, 481], [1303, 481], [1304, 481], [1305, 481], [1312, 481], [1313, 481], [1314, 481], [1315, 481], [1316, 481], [1339, 481], [1340, 481], [1342, 481], [1343, 481], [1344, 481], [1295, 482], [1296, 482], [1297, 482], [1298, 482], [1299, 482], [1304, 482], [1305, 482], [1312, 482], [1313, 482], [1314, 482], [1315, 482], [1316, 482], [1317, 482], [1341, 482], [1342, 482], [1343, 482], [1344, 482], [1345, 482], [1296, 483], [1297, 483], [1298, 483], [1299, 483], [1300, 483], [1304, 483], [1305, 483], [1312, 483], [1313, 483], [1315, 483], [1316, 483], [1317, 483], [1318, 483], [1341, 483], [1342, 483], [1343, 483], [1344, 483], [1345, 483], [1298, 484], [1299, 484], [1300, 484], [1301, 484], [1304, 484], [1305, 484], [1306, 484], [1312, 484], [1313, 484], [1314, 484], [1316, 484], [1317, 484], [1318, 484], [1343, 484], [1344, 484], [1345, 484], [1346, 484], [1347, 484], [1348, 484], [1299, 485], [1300, 485], [1301, 485], [1302, 485], [1304, 485], [1305, 485], [1306, 485], [1312, 485], [1313, 485], [1314, 485], [1315, 485], [1317, 485], [1318, 485], [1319, 485], [1346, 485], [1347, 485], [1348, 485], [1349, 485], [1300, 486], [1301, 486], [1302, 486], [1303, 486], [1304, 486], [1305, 486], [1306, 486], [1312, 486], [1313, 486], [1314, 486], [1315, 486], [1317, 486], [1318, 486], [1319, 486], [1320, 486], [1321, 486], [1346, 486], [1347, 486], [1348, 486], [1349, 486], [1350, 486], [1301, 487], [1302, 487], [1303, 487], [1304, 487], [1305, 487], [1306, 487], [1312, 487], [1313, 487], [1314, 487], [1315, 487], [1318, 487], [1319, 487], [1320, 487], [1321, 487], [1322, 487], [1323, 487], [1346, 487], [1347, 487], [1348, 487], [1349, 487], [1350, 487], [1302, 488], [1303, 488], [1304, 488], [1305, 488], [1306, 488], [1312, 488], [1313, 488], [1320, 488], [1321, 488], [1322, 488], [1323, 488], [1347, 488], [1348, 488], [1349, 488], [1350, 488], [1303, 489], [1304, 489], [1305, 489], [1306, 489], [1312, 489], [1313, 489], [1322, 489], [1323, 489], [1312, 490], [1313, 490], [1322, 490], [1323, 490], [1307, 491], [1308, 491], [1309, 491], [1312, 491], [1313, 491], [1316, 491], [1317, 491], [1318, 491], [1319, 491], [1320, 491], [1321, 491], [1322, 491], [1323, 491], [1307, 492], [1309, 492], [1312, 492], [1313, 492], [1314, 492], [1316, 492], [1317, 492], [1318, 492], [1319, 492], [1320, 492], [1321, 492], [1322, 492], [1323, 492], [1307, 493], [1308, 493], [1309, 493], [1312, 493], [1313, 493], [1314, 493], [1315, 493], [1317, 493], [1318, 493], [1313, 494], [1314, 494], [1315, 494], [1316, 494], [1317, 494], [1318, 494], [1309, 495], [1310, 495], [1311, 495], [1312, 495], [1313, 495], [1315, 495], [1316, 495], [1317, 495], [1318, 495], [1309, 496], [1310, 496], [1311, 496], [1312, 496], [1313, 496], [1309, 497], [1310, 497], [1311, 497], [1312, 497], [1313, 497], [1314, 497], [1315, 497], [1316, 497], [1317, 497], [1318, 497], [1319, 497], [1320, 497], [1310, 498], [1311, 498], [1312, 498], [1313, 498], [1314, 498], [1315, 498], [1316, 498], [1317, 498], [1318, 498], [1319, 498], [1320, 498], [1311, 499], [1312, 499], [1313, 499], [1314, 499], [1315, 499], [1318, 499], [1319, 499], [1320, 499], [1312, 500], [1313, 500], [1314, 500], [1315, 500], [1316, 500], [1317, 500], [1318, 500], [1319, 500], [1320, 500], [1313, 501], [1314, 501], [1315, 501], [1316, 501], [1317, 501], [1318, 501], [1319, 501], [1315, 502], [1316, 502], [1317, 502], [1318, 502], [1316, 503], [1317, 503], [1318, 503], [1359, 524], [1360, 524], [1361, 524], [1362, 524], [1363, 524], [1359, 525], [1360, 525], [1361, 525], [1362, 525], [1363, 525], [1364, 525], [1365, 525], [1359, 526], [1360, 526], [1361, 526], [1363, 526], [1364, 526], [1365, 526], [1366, 526], [1367, 526], [1360, 527], [1361, 527], [1362, 527], [1363, 527], [1364, 527], [1365, 527], [1366, 527], [1367, 527], [1368, 527], [1369, 527], [1361, 528], [1362, 528], [1363, 528], [1364, 528], [1366, 528], [1367, 528], [1368, 528], [1369, 528], [1370, 528], [1362, 529], [1363, 529], [1364, 529], [1365, 529], [1368, 529], [1369, 529], [1370, 529], [1371, 529], [1372, 529], [1363, 530], [1364, 530], [1365, 530], [1366, 530], [1369, 530], [1370, 530], [1371, 530], [1372, 530], [1364, 531], [1365, 531], [1366, 531], [1367, 531], [1371, 531], [1372, 531], [1373, 531], [1365, 532], [1366, 532], [1367, 532], [1368, 532], [1369, 532], [1370, 532], [1371, 532], [1372, 532], [1373, 532], [1366, 533], [1367, 533], [1368, 533], [1369, 533], [1370, 533], [1371, 533], [1372, 533], [1373, 533], [1371, 534], [1372, 534], [1373, 534]


