White line left - 




Yellow line left - [1550, 733], [1551, 733], [1552, 733], [1553, 733], [1550, 734], [1551, 734], [1552, 734], [1553, 734], [1550, 735], [1551, 735], [1552, 735], [1553, 735], [1550, 736], [1551, 736], [1552, 736], [1553, 736], [1542, 737], [1543, 737], [1544, 737], [1545, 737], [1546, 737], [1542, 738], [1543, 738], [1544, 738], [1545, 738], [1546, 738], [1542, 739], [1543, 739], [1544, 739], [1545, 739], [1546, 739], [1542, 740], [1543, 740], [1544, 740], [1545, 740], [1546, 740], [1543, 741], [1544, 741], [1545, 741], [1549, 744], [1550, 744], [1551, 744], [1549, 745], [1551, 745], [1549, 746], [1550, 746], [1551, 746], [1557, 750], [1558, 750], [1559, 750], [1560, 750], [1561, 750], [1557, 751], [1558, 751], [1559, 751], [1560, 751], [1561, 751], [1557, 752], [1558, 752], [1560, 752], [1561, 752], [1557, 753], [1558, 753], [1559, 753], [1560, 753], [1561, 753], [1558, 754], [1559, 754], [1560, 754]




Yellow line right - [1569, 211], [1570, 211], [1571, 211], [1568, 212], [1569, 212], [1570, 212], [1571, 212], [1572, 212], [1573, 212], [1574, 212], [1556, 213], [1567, 213], [1568, 213], [1569, 213], [1570, 213], [1571, 213], [1572, 213], [1573, 213], [1574, 213], [1575, 213], [1576, 213], [1554, 214], [1555, 214], [1556, 214], [1567, 214], [1568, 214], [1569, 214], [1573, 214], [1574, 214], [1575, 214], [1576, 214], [1577, 214], [1553, 215], [1554, 215], [1555, 215], [1567, 215], [1568, 215], [1569, 215], [1570, 215], [1572, 215], [1573, 215], [1574, 215], [1575, 215], [1576, 215], [1577, 215], [1551, 216], [1560, 216], [1561, 216], [1562, 216], [1563, 216], [1564, 216], [1565, 216], [1568, 216], [1569, 216], [1570, 216], [1571, 216], [1572, 216], [1573, 216], [1574, 216], [1575, 216], [1576, 216], [1577, 216], [1549, 217], [1550, 217], [1551, 217], [1560, 217], [1561, 217], [1562, 217], [1563, 217], [1564, 217], [1565, 217], [1569, 217], [1570, 217], [1571, 217], [1572, 217], [1573, 217], [1574, 217], [1575, 217], [1576, 217], [1577, 217], [1547, 218], [1548, 218], [1549, 218], [1550, 218], [1551, 218], [1560, 218], [1561, 218], [1562, 218], [1563, 218], [1564, 218], [1565, 218], [1572, 218], [1573, 218], [1574, 218], [1546, 219], [1547, 219], [1548, 219], [1549, 219], [1550, 219], [1551, 219], [1560, 219], [1561, 219], [1562, 219], [1563, 219], [1564, 219], [1565, 219], [1561, 220], [1562, 220], [1563, 220], [1564, 220], [1565, 220]




White line right - [1455, 273], [1456, 273], [1453, 274], [1454, 274], [1455, 274], [1456, 274], [1457, 274], [1458, 274], [1459, 274], [1460, 274], [1455, 275], [1456, 275], [1457, 275], [1458, 275], [1459, 275], [1460, 275], [1461, 275], [1462, 275], [1463, 275], [1452, 276], [1453, 276], [1454, 276], [1455, 276], [1456, 276], [1459, 276], [1460, 276], [1461, 276], [1462, 276], [1463, 276], [1464, 276], [1465, 276], [1466, 276], [1448, 277], [1449, 277], [1450, 277], [1452, 277], [1453, 277], [1455, 277], [1456, 277], [1457, 277], [1458, 277], [1459, 277], [1460, 277], [1462, 277], [1463, 277], [1464, 277], [1465, 277], [1466, 277], [1467, 277], [1468, 277], [1469, 277], [1470, 277], [1446, 278], [1447, 278], [1448, 278], [1449, 278], [1450, 278], [1451, 278], [1452, 278], [1453, 278], [1454, 278], [1455, 278], [1456, 278], [1457, 278], [1458, 278], [1459, 278], [1460, 278], [1461, 278], [1462, 278], [1463, 278], [1464, 278], [1465, 278], [1466, 278], [1467, 278], [1468, 278], [1469, 278], [1470, 278], [1471, 278], [1472, 278], [1473, 278], [1449, 279], [1450, 279], [1451, 279], [1452, 279], [1453, 279], [1454, 279], [1455, 279], [1457, 279], [1458, 279], [1459, 279], [1460, 279], [1461, 279], [1462, 279], [1463, 279], [1464, 279], [1465, 279], [1466, 279], [1467, 279], [1469, 279], [1470, 279], [1471, 279], [1472, 279], [1473, 279], [1474, 279], [1475, 279], [1476, 279], [1452, 280], [1453, 280], [1454, 280], [1455, 280], [1456, 280], [1457, 280], [1458, 280], [1460, 280], [1461, 280], [1462, 280], [1463, 280], [1464, 280], [1466, 280], [1467, 280], [1468, 280], [1469, 280], [1470, 280], [1472, 280], [1473, 280], [1474, 280], [1475, 280], [1476, 280], [1477, 280], [1478, 280], [1479, 280], [1455, 281], [1456, 281], [1457, 281], [1458, 281], [1459, 281], [1460, 281], [1461, 281], [1463, 281], [1464, 281], [1465, 281], [1466, 281], [1467, 281], [1469, 281], [1470, 281], [1475, 281], [1476, 281], [1477, 281], [1478, 281], [1479, 281], [1480, 281], [1481, 281], [1482, 281], [1459, 282], [1460, 282], [1461, 282], [1462, 282], [1463, 282], [1464, 282], [1465, 282], [1467, 282], [1468, 282], [1469, 282], [1470, 282], [1473, 282], [1474, 282], [1475, 282], [1476, 282], [1478, 282], [1479, 282], [1480, 282], [1481, 282], [1482, 282], [1483, 282], [1484, 282], [1485, 282], [1462, 283], [1463, 283], [1464, 283], [1465, 283], [1466, 283], [1467, 283], [1468, 283], [1469, 283], [1473, 283], [1474, 283], [1475, 283], [1476, 283], [1481, 283], [1482, 283], [1483, 283], [1484, 283], [1485, 283], [1486, 283], [1487, 283], [1488, 283], [1489, 283], [1465, 284], [1466, 284], [1467, 284], [1468, 284], [1469, 284], [1470, 284], [1471, 284], [1472, 284], [1473, 284], [1474, 284], [1475, 284], [1476, 284], [1479, 284], [1480, 284], [1481, 284], [1482, 284], [1484, 284], [1485, 284], [1486, 284], [1487, 284], [1488, 284], [1489, 284], [1490, 284], [1491, 284], [1492, 284], [1468, 285], [1469, 285], [1470, 285], [1471, 285], [1472, 285], [1473, 285], [1474, 285], [1475, 285], [1479, 285], [1480, 285], [1481, 285], [1482, 285], [1483, 285], [1484, 285], [1485, 285], [1486, 285], [1487, 285], [1488, 285], [1489, 285], [1490, 285], [1491, 285], [1492, 285], [1493, 285], [1494, 285], [1495, 285], [1496, 285], [1471, 286], [1472, 286], [1473, 286], [1474, 286], [1475, 286], [1476, 286], [1477, 286], [1478, 286], [1479, 286], [1480, 286], [1481, 286], [1482, 286], [1483, 286], [1485, 286], [1486, 286], [1487, 286], [1488, 286], [1489, 286], [1490, 286], [1491, 286], [1492, 286], [1493, 286], [1494, 286], [1495, 286], [1496, 286], [1497, 286], [1498, 286], [1499, 286], [1474, 287], [1475, 287], [1476, 287], [1477, 287], [1478, 287], [1479, 287], [1480, 287], [1481, 287], [1483, 287], [1484, 287], [1485, 287], [1486, 287], [1487, 287], [1489, 287], [1490, 287], [1491, 287], [1492, 287], [1493, 287], [1494, 287], [1495, 287], [1496, 287], [1497, 287], [1498, 287], [1499, 287], [1500, 287], [1501, 287], [1502, 287], [1477, 288], [1478, 288], [1479, 288], [1480, 288], [1481, 288], [1482, 288], [1483, 288], [1484, 288], [1486, 288], [1487, 288], [1488, 288], [1489, 288], [1490, 288], [1491, 288], [1492, 288], [1493, 288], [1494, 288], [1495, 288], [1496, 288], [1497, 288], [1498, 288], [1499, 288], [1500, 288], [1501, 288], [1502, 288], [1503, 288], [1504, 288], [1505, 288], [1481, 289], [1482, 289], [1483, 289], [1484, 289], [1485, 289], [1486, 289], [1487, 289], [1488, 289], [1489, 289], [1490, 289], [1491, 289], [1492, 289], [1493, 289], [1494, 289], [1496, 289], [1497, 289], [1498, 289], [1499, 289], [1501, 289], [1502, 289], [1503, 289], [1504, 289], [1505, 289], [1506, 289], [1507, 289], [1508, 289], [1509, 289], [1484, 290], [1485, 290], [1486, 290], [1487, 290], [1488, 290], [1489, 290], [1490, 290], [1491, 290], [1492, 290], [1493, 290], [1494, 290], [1495, 290], [1496, 290], [1497, 290], [1498, 290], [1499, 290], [1504, 290], [1505, 290], [1506, 290], [1507, 290], [1508, 290], [1509, 290], [1510, 290], [1511, 290], [1512, 290], [1487, 291], [1488, 291], [1489, 291], [1490, 291], [1491, 291], [1492, 291], [1493, 291], [1494, 291], [1495, 291], [1497, 291], [1498, 291], [1499, 291], [1503, 291], [1504, 291], [1505, 291], [1508, 291], [1509, 291], [1510, 291], [1511, 291], [1512, 291], [1513, 291], [1514, 291], [1515, 291], [1516, 291], [1491, 292], [1492, 292], [1493, 292], [1494, 292], [1495, 292], [1496, 292], [1497, 292], [1498, 292], [1499, 292], [1503, 292], [1505, 292], [1507, 292], [1508, 292], [1509, 292], [1511, 292], [1512, 292], [1513, 292], [1514, 292], [1515, 292], [1516, 292], [1517, 292], [1518, 292], [1519, 292], [1495, 293], [1496, 293], [1497, 293], [1498, 293], [1499, 293], [1500, 293], [1501, 293], [1502, 293], [1503, 293], [1504, 293], [1505, 293], [1507, 293], [1509, 293], [1515, 293], [1516, 293], [1517, 293], [1518, 293], [1519, 293], [1520, 293], [1521, 293], [1522, 293], [1498, 294], [1499, 294], [1500, 294], [1501, 294], [1502, 294], [1503, 294], [1504, 294], [1505, 294], [1507, 294], [1508, 294], [1509, 294], [1513, 294], [1514, 294], [1515, 294], [1516, 294], [1517, 294], [1518, 294], [1519, 294], [1520, 294], [1521, 294], [1522, 294], [1523, 294], [1524, 294], [1525, 294], [1501, 295], [1502, 295], [1503, 295], [1504, 295], [1505, 295], [1506, 295], [1507, 295], [1508, 295], [1509, 295], [1513, 295], [1514, 295], [1515, 295], [1516, 295], [1517, 295], [1518, 295], [1519, 295], [1521, 295], [1522, 295], [1523, 295], [1524, 295], [1525, 295], [1526, 295], [1527, 295], [1528, 295], [1504, 296], [1505, 296], [1506, 296], [1507, 296], [1508, 296], [1509, 296], [1510, 296], [1511, 296], [1512, 296], [1513, 296], [1514, 296], [1515, 296], [1516, 296], [1517, 296], [1518, 296], [1519, 296], [1520, 296], [1521, 296], [1522, 296], [1523, 296], [1524, 296], [1525, 296], [1526, 296], [1527, 296], [1528, 296], [1529, 296], [1530, 296], [1531, 296], [1508, 297], [1509, 297], [1510, 297], [1511, 297], [1512, 297], [1513, 297], [1514, 297], [1515, 297], [1516, 297], [1517, 297], [1518, 297], [1519, 297], [1522, 297], [1523, 297], [1524, 297], [1525, 297], [1526, 297], [1528, 297], [1529, 297], [1530, 297], [1531, 297], [1532, 297], [1533, 297], [1534, 297], [1535, 297], [1511, 298], [1512, 298], [1513, 298], [1514, 298], [1515, 298], [1516, 298], [1517, 298], [1518, 298], [1519, 298], [1520, 298], [1521, 298], [1522, 298], [1523, 298], [1525, 298], [1526, 298], [1527, 298], [1528, 298], [1529, 298], [1531, 298], [1532, 298], [1533, 298], [1534, 298], [1535, 298], [1536, 298], [1537, 298], [1538, 298], [1515, 299], [1516, 299], [1517, 299], [1518, 299], [1519, 299], [1520, 299], [1521, 299], [1523, 299], [1524, 299], [1525, 299], [1526, 299], [1527, 299], [1528, 299], [1529, 299], [1530, 299], [1531, 299], [1532, 299], [1533, 299], [1534, 299], [1535, 299], [1536, 299], [1537, 299], [1538, 299], [1539, 299], [1540, 299], [1541, 299], [1518, 300], [1519, 300], [1520, 300], [1521, 300], [1522, 300], [1523, 300], [1524, 300], [1525, 300], [1526, 300], [1527, 300], [1528, 300], [1529, 300], [1530, 300], [1532, 300], [1533, 300], [1537, 300], [1538, 300], [1539, 300], [1540, 300], [1541, 300], [1542, 300], [1543, 300], [1544, 300], [1545, 300], [1521, 301], [1522, 301], [1523, 301], [1524, 301], [1525, 301], [1526, 301], [1527, 301], [1528, 301], [1529, 301], [1530, 301], [1531, 301], [1532, 301], [1533, 301], [1537, 301], [1538, 301], [1539, 301], [1541, 301], [1542, 301], [1543, 301], [1544, 301], [1545, 301], [1546, 301], [1547, 301], [1548, 301], [1525, 302], [1526, 302], [1527, 302], [1528, 302], [1529, 302], [1530, 302], [1531, 302], [1537, 302], [1538, 302], [1539, 302], [1540, 302], [1541, 302], [1542, 302], [1543, 302], [1544, 302], [1545, 302], [1546, 302], [1547, 302], [1548, 302], [1549, 302], [1550, 302], [1551, 302], [1552, 302], [1528, 303], [1529, 303], [1530, 303], [1531, 303], [1532, 303], [1533, 303], [1534, 303], [1535, 303], [1537, 303], [1538, 303], [1539, 303], [1540, 303], [1541, 303], [1542, 303], [1543, 303], [1544, 303], [1545, 303], [1546, 303], [1547, 303], [1548, 303], [1549, 303], [1550, 303], [1551, 303], [1552, 303], [1553, 303], [1554, 303], [1555, 303], [1530, 304], [1531, 304], [1532, 304], [1533, 304], [1534, 304], [1535, 304], [1536, 304], [1537, 304], [1539, 304], [1540, 304], [1541, 304], [1542, 304], [1543, 304], [1544, 304], [1545, 304], [1546, 304], [1547, 304], [1548, 304], [1551, 304], [1552, 304], [1553, 304], [1554, 304], [1555, 304], [1556, 304], [1557, 304], [1558, 304], [1534, 305], [1535, 305], [1536, 305], [1537, 305], [1538, 305], [1539, 305], [1540, 305], [1541, 305], [1542, 305], [1543, 305], [1544, 305], [1545, 305], [1546, 305], [1547, 305], [1548, 305], [1549, 305], [1550, 305], [1551, 305], [1552, 305], [1553, 305], [1554, 305], [1555, 305], [1556, 305], [1557, 305], [1558, 305], [1559, 305], [1560, 305], [1561, 305], [1562, 305], [1537, 306], [1538, 306], [1539, 306], [1540, 306], [1541, 306], [1542, 306], [1543, 306], [1544, 306], [1545, 306], [1546, 306], [1547, 306], [1548, 306], [1549, 306], [1550, 306], [1552, 306], [1553, 306], [1554, 306], [1555, 306], [1556, 306], [1557, 306], [1558, 306], [1559, 306], [1560, 306], [1561, 306], [1562, 306], [1563, 306], [1564, 306], [1565, 306], [1541, 307], [1542, 307], [1543, 307], [1544, 307], [1545, 307], [1546, 307], [1547, 307], [1548, 307], [1550, 307], [1551, 307], [1552, 307], [1553, 307], [1554, 307], [1555, 307], [1556, 307], [1557, 307], [1558, 307], [1559, 307], [1560, 307], [1561, 307], [1562, 307], [1563, 307], [1564, 307], [1565, 307], [1566, 307], [1567, 307], [1568, 307], [1544, 308], [1545, 308], [1546, 308], [1547, 308], [1548, 308], [1549, 308], [1550, 308], [1551, 308], [1553, 308], [1554, 308], [1555, 308], [1556, 308], [1557, 308], [1558, 308], [1559, 308], [1560, 308], [1561, 308], [1562, 308], [1563, 308], [1564, 308], [1565, 308], [1566, 308], [1567, 308], [1568, 308], [1569, 308], [1570, 308], [1571, 308], [1548, 309], [1549, 309], [1550, 309], [1551, 309], [1552, 309], [1553, 309], [1554, 309], [1555, 309], [1556, 309], [1557, 309], [1558, 309], [1559, 309], [1560, 309], [1561, 309], [1562, 309], [1563, 309], [1564, 309], [1565, 309], [1566, 309], [1567, 309], [1568, 309], [1569, 309], [1570, 309], [1571, 309], [1572, 309], [1573, 309], [1574, 309], [1575, 309], [1551, 310], [1552, 310], [1553, 310], [1554, 310], [1555, 310], [1556, 310], [1557, 310], [1558, 310], [1559, 310], [1560, 310], [1561, 310], [1562, 310], [1564, 310], [1565, 310], [1566, 310], [1567, 310], [1568, 310], [1569, 310], [1571, 310], [1572, 310], [1573, 310], [1574, 310], [1575, 310], [1576, 310], [1577, 310], [1554, 311], [1555, 311], [1556, 311], [1557, 311], [1558, 311], [1559, 311], [1560, 311], [1562, 311], [1563, 311], [1564, 311], [1565, 311], [1567, 311], [1568, 311], [1569, 311], [1570, 311], [1571, 311], [1572, 311], [1573, 311], [1574, 311], [1575, 311], [1576, 311], [1577, 311], [1578, 311], [1579, 311], [1580, 311], [1581, 311], [1557, 312], [1558, 312], [1559, 312], [1560, 312], [1561, 312], [1562, 312], [1563, 312], [1565, 312], [1566, 312], [1567, 312], [1568, 312], [1569, 312], [1570, 312], [1571, 312], [1572, 312], [1573, 312], [1574, 312], [1575, 312], [1577, 312], [1578, 312], [1579, 312], [1580, 312], [1581, 312], [1582, 312], [1583, 312], [1584, 312], [1585, 312], [1560, 313], [1561, 313], [1562, 313], [1563, 313], [1564, 313], [1565, 313], [1566, 313], [1568, 313], [1569, 313], [1570, 313], [1571, 313], [1572, 313], [1574, 313], [1575, 313], [1576, 313], [1577, 313], [1578, 313], [1579, 313], [1580, 313], [1581, 313], [1582, 313], [1583, 313], [1584, 313], [1585, 313], [1586, 313], [1587, 313], [1588, 313], [1589, 313], [1564, 314], [1565, 314], [1566, 314], [1567, 314], [1568, 314], [1569, 314], [1571, 314], [1572, 314], [1573, 314], [1574, 314], [1575, 314], [1576, 314], [1577, 314], [1578, 314], [1579, 314], [1580, 314], [1581, 314], [1582, 314], [1584, 314], [1585, 314], [1586, 314], [1587, 314], [1588, 314], [1589, 314], [1590, 314], [1591, 314], [1567, 315], [1568, 315], [1569, 315], [1570, 315], [1571, 315], [1572, 315], [1573, 315], [1575, 315], [1576, 315], [1577, 315], [1578, 315], [1579, 315], [1580, 315], [1581, 315], [1582, 315], [1583, 315], [1584, 315], [1585, 315], [1586, 315], [1588, 315], [1589, 315], [1590, 315], [1591, 315], [1592, 315], [1593, 315], [1594, 315], [1595, 315], [1570, 316], [1571, 316], [1572, 316], [1573, 316], [1574, 316], [1575, 316], [1576, 316], [1577, 316], [1578, 316], [1579, 316], [1580, 316], [1581, 316], [1582, 316], [1583, 316], [1584, 316], [1585, 316], [1586, 316], [1587, 316], [1588, 316], [1589, 316], [1591, 316], [1592, 316], [1593, 316], [1594, 316], [1595, 316], [1596, 316], [1597, 316], [1598, 316], [1574, 317], [1575, 317], [1576, 317], [1577, 317], [1578, 317], [1579, 317], [1580, 317], [1582, 317], [1583, 317], [1584, 317], [1585, 317], [1586, 317], [1587, 317], [1588, 317], [1589, 317], [1590, 317], [1591, 317], [1592, 317], [1593, 317], [1594, 317], [1595, 317], [1596, 317], [1597, 317], [1598, 317], [1599, 317], [1600, 317], [1601, 317], [1602, 317], [1577, 318], [1578, 318], [1579, 318], [1580, 318], [1581, 318], [1582, 318], [1583, 318], [1585, 318], [1586, 318], [1587, 318], [1588, 318], [1589, 318], [1591, 318], [1592, 318], [1593, 318], [1594, 318], [1595, 318], [1597, 318], [1598, 318], [1599, 318], [1600, 318], [1601, 318], [1602, 318], [1603, 318], [1604, 318], [1605, 318], [1581, 319], [1582, 319], [1583, 319], [1584, 319], [1585, 319], [1586, 319], [1587, 319], [1588, 319], [1589, 319], [1590, 319], [1591, 319], [1592, 319], [1593, 319], [1594, 319], [1595, 319], [1596, 319], [1597, 319], [1598, 319], [1599, 319], [1601, 319], [1602, 319], [1603, 319], [1604, 319], [1605, 319], [1606, 319], [1607, 319], [1608, 319], [1609, 319], [1584, 320], [1585, 320], [1586, 320], [1587, 320], [1588, 320], [1589, 320], [1590, 320], [1591, 320], [1592, 320], [1593, 320], [1594, 320], [1595, 320], [1597, 320], [1598, 320], [1599, 320], [1600, 320], [1601, 320], [1604, 320], [1605, 320], [1606, 320], [1607, 320], [1608, 320], [1609, 320], [1610, 320], [1611, 320], [1587, 321], [1588, 321], [1589, 321], [1590, 321], [1591, 321], [1592, 321], [1593, 321], [1595, 321], [1596, 321], [1597, 321], [1598, 321], [1599, 321], [1600, 321], [1601, 321], [1602, 321], [1603, 321], [1604, 321], [1605, 321], [1606, 321], [1608, 321], [1609, 321], [1610, 321], [1611, 321], [1612, 321], [1613, 321], [1614, 321], [1615, 321], [1590, 322], [1591, 322], [1592, 322], [1593, 322], [1594, 322], [1595, 322], [1596, 322], [1597, 322], [1598, 322], [1599, 322], [1600, 322], [1601, 322], [1602, 322], [1603, 322], [1604, 322], [1605, 322], [1606, 322], [1607, 322], [1608, 322], [1609, 322], [1611, 322], [1612, 322], [1613, 322], [1614, 322], [1615, 322], [1616, 322], [1617, 322], [1618, 322], [1593, 323], [1594, 323], [1595, 323], [1596, 323], [1597, 323], [1598, 323], [1599, 323], [1600, 323], [1602, 323], [1603, 323], [1604, 323], [1605, 323], [1607, 323], [1608, 323], [1609, 323], [1610, 323], [1611, 323], [1612, 323], [1613, 323], [1615, 323], [1616, 323], [1617, 323], [1618, 323], [1619, 323], [1620, 323], [1621, 323], [1597, 324], [1598, 324], [1599, 324], [1600, 324], [1601, 324], [1602, 324], [1603, 324], [1605, 324], [1606, 324], [1607, 324], [1608, 324], [1609, 324], [1611, 324], [1612, 324], [1613, 324], [1614, 324], [1615, 324], [1616, 324], [1618, 324], [1619, 324], [1620, 324], [1621, 324], [1622, 324], [1623, 324], [1624, 324], [1625, 324], [1600, 325], [1601, 325], [1602, 325], [1603, 325], [1604, 325], [1605, 325], [1606, 325], [1608, 325], [1609, 325], [1610, 325], [1611, 325], [1612, 325], [1613, 325], [1614, 325], [1615, 325], [1616, 325], [1617, 325], [1618, 325], [1619, 325], [1621, 325], [1622, 325], [1623, 325], [1624, 325], [1625, 325], [1626, 325], [1627, 325], [1628, 325], [1604, 326], [1605, 326], [1606, 326], [1607, 326], [1608, 326], [1609, 326], [1610, 326], [1611, 326], [1612, 326], [1613, 326], [1614, 326], [1615, 326], [1616, 326], [1617, 326], [1618, 326], [1619, 326], [1620, 326], [1621, 326], [1622, 326], [1623, 326], [1625, 326], [1626, 326], [1627, 326], [1628, 326], [1629, 326], [1630, 326], [1631, 326], [1632, 326], [1607, 327], [1608, 327], [1609, 327], [1610, 327], [1611, 327], [1612, 327], [1613, 327], [1614, 327], [1615, 327], [1616, 327], [1617, 327], [1618, 327], [1620, 327], [1621, 327], [1622, 327], [1623, 327], [1624, 327], [1625, 327], [1626, 327], [1628, 327], [1629, 327], [1630, 327], [1631, 327], [1632, 327], [1633, 327], [1634, 327], [1635, 327], [1610, 328], [1611, 328], [1612, 328], [1613, 328], [1614, 328], [1615, 328], [1616, 328], [1618, 328], [1619, 328], [1620, 328], [1621, 328], [1622, 328], [1623, 328], [1624, 328], [1625, 328], [1626, 328], [1627, 328], [1628, 328], [1629, 328], [1630, 328], [1631, 328], [1632, 328], [1633, 328], [1634, 328], [1635, 328], [1636, 328], [1637, 328], [1638, 328], [1613, 329], [1614, 329], [1615, 329], [1616, 329], [1617, 329], [1618, 329], [1620, 329], [1621, 329], [1622, 329], [1623, 329], [1624, 329], [1625, 329], [1626, 329], [1627, 329], [1628, 329], [1629, 329], [1630, 329], [1631, 329], [1632, 329], [1633, 329], [1635, 329], [1636, 329], [1637, 329], [1638, 329], [1639, 329], [1640, 329], [1641, 329], [1617, 330], [1618, 330], [1619, 330], [1620, 330], [1621, 330], [1622, 330], [1623, 330], [1624, 330], [1625, 330], [1626, 330], [1627, 330], [1628, 330], [1629, 330], [1631, 330], [1632, 330], [1633, 330], [1634, 330], [1635, 330], [1636, 330], [1638, 330], [1639, 330], [1640, 330], [1641, 330], [1642, 330], [1643, 330], [1644, 330], [1619, 331], [1620, 331], [1621, 331], [1622, 331], [1623, 331], [1624, 331], [1625, 331], [1626, 331], [1627, 331], [1628, 331], [1629, 331], [1630, 331], [1631, 331], [1632, 331], [1634, 331], [1635, 331], [1636, 331], [1637, 331], [1638, 331], [1639, 331], [1640, 331], [1641, 331], [1642, 331], [1643, 331], [1644, 331], [1645, 331], [1646, 331], [1647, 331], [1623, 332], [1624, 332], [1625, 332], [1626, 332], [1627, 332], [1628, 332], [1629, 332], [1631, 332], [1632, 332], [1633, 332], [1634, 332], [1635, 332], [1637, 332], [1638, 332], [1639, 332], [1640, 332], [1641, 332], [1642, 332], [1643, 332], [1644, 332], [1645, 332], [1646, 332], [1647, 332], [1648, 332], [1649, 332], [1650, 332], [1651, 332], [1626, 333], [1627, 333], [1628, 333], [1629, 333], [1630, 333], [1631, 333], [1632, 333], [1633, 333], [1634, 333], [1635, 333], [1636, 333], [1637, 333], [1638, 333], [1640, 333], [1641, 333], [1642, 333], [1643, 333], [1644, 333], [1645, 333], [1646, 333], [1647, 333], [1648, 333], [1649, 333], [1650, 333], [1651, 333], [1652, 333], [1653, 333], [1654, 333], [1629, 334], [1630, 334], [1631, 334], [1632, 334], [1633, 334], [1634, 334], [1635, 334], [1636, 334], [1637, 334], [1638, 334], [1639, 334], [1640, 334], [1641, 334], [1643, 334], [1644, 334], [1645, 334], [1646, 334], [1647, 334], [1648, 334], [1649, 334], [1650, 334], [1651, 334], [1652, 334], [1653, 334], [1654, 334], [1655, 334], [1656, 334], [1657, 334], [1632, 335], [1633, 335], [1634, 335], [1635, 335], [1636, 335], [1637, 335], [1638, 335], [1639, 335], [1640, 335], [1641, 335], [1642, 335], [1643, 335], [1644, 335], [1646, 335], [1647, 335], [1648, 335], [1649, 335], [1650, 335], [1651, 335], [1652, 335], [1653, 335], [1654, 335], [1655, 335], [1656, 335], [1657, 335], [1658, 335], [1659, 335], [1660, 335], [1635, 336], [1636, 336], [1637, 336], [1638, 336], [1639, 336], [1640, 336], [1641, 336], [1642, 336], [1643, 336], [1644, 336], [1645, 336], [1646, 336], [1647, 336], [1648, 336], [1650, 336], [1651, 336], [1652, 336], [1653, 336], [1654, 336], [1655, 336], [1656, 336], [1657, 336], [1658, 336], [1659, 336], [1660, 336], [1661, 336], [1662, 336], [1663, 336], [1664, 336], [1639, 337], [1640, 337], [1641, 337], [1642, 337], [1643, 337], [1644, 337], [1645, 337], [1646, 337], [1647, 337], [1648, 337], [1649, 337], [1650, 337], [1651, 337], [1653, 337], [1654, 337], [1655, 337], [1656, 337], [1657, 337], [1658, 337], [1659, 337], [1660, 337], [1661, 337], [1662, 337], [1663, 337], [1664, 337], [1665, 337], [1666, 337], [1667, 337], [1642, 338], [1643, 338], [1644, 338], [1645, 338], [1646, 338], [1647, 338], [1648, 338], [1649, 338], [1650, 338], [1651, 338], [1652, 338], [1653, 338], [1654, 338], [1655, 338], [1656, 338], [1657, 338], [1658, 338], [1659, 338], [1660, 338], [1661, 338], [1662, 338], [1663, 338], [1664, 338], [1665, 338], [1666, 338], [1667, 338], [1668, 338], [1669, 338], [1670, 338], [1645, 339], [1646, 339], [1647, 339], [1648, 339], [1649, 339], [1650, 339], [1651, 339], [1652, 339], [1653, 339], [1654, 339], [1655, 339], [1656, 339], [1657, 339], [1658, 339], [1659, 339], [1660, 339], [1661, 339], [1662, 339], [1663, 339], [1664, 339], [1666, 339], [1667, 339], [1668, 339], [1669, 339], [1670, 339], [1671, 339], [1672, 339], [1673, 339], [1674, 339], [1649, 340], [1650, 340], [1651, 340], [1652, 340], [1653, 340], [1654, 340], [1655, 340], [1657, 340], [1658, 340], [1659, 340], [1660, 340], [1661, 340], [1663, 340], [1664, 340], [1665, 340], [1666, 340], [1667, 340], [1668, 340], [1669, 340], [1670, 340], [1671, 340], [1672, 340], [1673, 340], [1674, 340], [1675, 340], [1676, 340], [1677, 340], [1652, 341], [1653, 341], [1654, 341], [1655, 341], [1656, 341], [1657, 341], [1658, 341], [1660, 341], [1661, 341], [1662, 341], [1663, 341], [1664, 341], [1665, 341], [1666, 341], [1667, 341], [1668, 341], [1669, 341], [1670, 341], [1671, 341], [1672, 341], [1673, 341], [1674, 341], [1675, 341], [1676, 341], [1677, 341], [1678, 341], [1679, 341], [1680, 341], [1655, 342], [1656, 342], [1657, 342], [1658, 342], [1659, 342], [1660, 342], [1661, 342], [1663, 342], [1664, 342], [1665, 342], [1666, 342], [1667, 342], [1669, 342], [1670, 342], [1671, 342], [1672, 342], [1673, 342], [1674, 342], [1675, 342], [1677, 342], [1678, 342], [1679, 342], [1680, 342], [1681, 342], [1682, 342], [1683, 342], [1684, 342], [1658, 343], [1659, 343], [1660, 343], [1661, 343], [1662, 343], [1663, 343], [1664, 343], [1665, 343], [1666, 343], [1667, 343], [1668, 343], [1669, 343], [1670, 343], [1671, 343], [1672, 343], [1673, 343], [1674, 343], [1675, 343], [1676, 343], [1677, 343], [1678, 343], [1679, 343], [1680, 343], [1681, 343], [1682, 343], [1683, 343], [1684, 343], [1685, 343], [1686, 343], [1687, 343], [1661, 344], [1662, 344], [1663, 344], [1664, 344], [1665, 344], [1666, 344], [1667, 344], [1668, 344], [1669, 344], [1670, 344], [1671, 344], [1672, 344], [1673, 344], [1674, 344], [1676, 344], [1677, 344], [1678, 344], [1679, 344], [1680, 344], [1681, 344], [1682, 344], [1684, 344], [1685, 344], [1686, 344], [1687, 344], [1688, 344], [1689, 344], [1690, 344], [1665, 345], [1666, 345], [1667, 345], [1668, 345], [1669, 345], [1670, 345], [1671, 345], [1672, 345], [1673, 345], [1674, 345], [1675, 345], [1676, 345], [1677, 345], [1678, 345], [1679, 345], [1680, 345], [1681, 345], [1682, 345], [1683, 345], [1684, 345], [1685, 345], [1687, 345], [1688, 345], [1689, 345], [1690, 345], [1691, 345], [1692, 345], [1693, 345], [1694, 345], [1668, 346], [1669, 346], [1670, 346], [1671, 346], [1672, 346], [1673, 346], [1674, 346], [1676, 346], [1677, 346], [1678, 346], [1679, 346], [1680, 346], [1681, 346], [1682, 346], [1683, 346], [1684, 346], [1685, 346], [1686, 346], [1687, 346], [1688, 346], [1690, 346], [1691, 346], [1692, 346], [1693, 346], [1694, 346], [1695, 346], [1696, 346], [1697, 346], [1671, 347], [1672, 347], [1673, 347], [1674, 347], [1675, 347], [1676, 347], [1677, 347], [1679, 347], [1680, 347], [1681, 347], [1682, 347], [1683, 347], [1684, 347], [1686, 347], [1687, 347], [1688, 347], [1689, 347], [1690, 347], [1691, 347], [1692, 347], [1693, 347], [1694, 347], [1695, 347], [1696, 347], [1697, 347], [1698, 347], [1699, 347], [1700, 347], [1675, 348], [1676, 348], [1677, 348], [1678, 348], [1679, 348], [1680, 348], [1681, 348], [1682, 348], [1683, 348], [1684, 348], [1685, 348], [1686, 348], [1687, 348], [1688, 348], [1689, 348], [1690, 348], [1691, 348], [1692, 348], [1693, 348], [1694, 348], [1695, 348], [1697, 348], [1698, 348], [1699, 348], [1700, 348], [1701, 348], [1702, 348], [1703, 348], [1678, 349], [1679, 349], [1680, 349], [1681, 349], [1682, 349], [1683, 349], [1684, 349], [1685, 349], [1686, 349], [1687, 349], [1688, 349], [1689, 349], [1690, 349], [1691, 349], [1692, 349], [1693, 349], [1694, 349], [1695, 349], [1696, 349], [1697, 349], [1698, 349], [1700, 349], [1701, 349], [1702, 349], [1703, 349], [1704, 349], [1705, 349], [1706, 349], [1707, 349], [1682, 350], [1683, 350], [1684, 350], [1685, 350], [1686, 350], [1687, 350], [1688, 350], [1689, 350], [1690, 350], [1691, 350], [1692, 350], [1693, 350], [1694, 350], [1695, 350], [1696, 350], [1697, 350], [1698, 350], [1699, 350], [1700, 350], [1701, 350], [1703, 350], [1704, 350], [1705, 350], [1706, 350], [1707, 350], [1708, 350], [1709, 350], [1710, 350], [1684, 351], [1685, 351], [1686, 351], [1687, 351], [1688, 351], [1689, 351], [1690, 351], [1692, 351], [1693, 351], [1694, 351], [1695, 351], [1696, 351], [1697, 351], [1699, 351], [1700, 351], [1701, 351], [1702, 351], [1703, 351], [1704, 351], [1705, 351], [1706, 351], [1707, 351], [1708, 351], [1709, 351], [1710, 351], [1711, 351], [1712, 351], [1713, 351], [1714, 351], [1688, 352], [1689, 352], [1690, 352], [1691, 352], [1692, 352], [1693, 352], [1694, 352], [1695, 352], [1696, 352], [1697, 352], [1698, 352], [1699, 352], [1700, 352], [1701, 352], [1702, 352], [1703, 352], [1704, 352], [1705, 352], [1706, 352], [1707, 352], [1708, 352], [1710, 352], [1711, 352], [1712, 352], [1713, 352], [1714, 352], [1715, 352], [1716, 352], [1717, 352], [1690, 353], [1691, 353], [1692, 353], [1693, 353], [1694, 353], [1695, 353], [1696, 353], [1698, 353], [1699, 353], [1700, 353], [1701, 353], [1702, 353], [1703, 353], [1704, 353], [1705, 353], [1706, 353], [1707, 353], [1708, 353], [1709, 353], [1710, 353], [1711, 353], [1712, 353], [1714, 353], [1715, 353], [1716, 353], [1717, 353], [1718, 353], [1719, 353], [1720, 353], [1693, 354], [1694, 354], [1695, 354], [1696, 354], [1697, 354], [1698, 354], [1699, 354], [1700, 354], [1701, 354], [1702, 354], [1703, 354], [1704, 354], [1705, 354], [1706, 354], [1707, 354], [1709, 354], [1710, 354], [1711, 354], [1712, 354], [1713, 354], [1714, 354], [1715, 354], [1717, 354], [1718, 354], [1719, 354], [1720, 354], [1721, 354], [1722, 354], [1723, 354], [1696, 355], [1697, 355], [1698, 355], [1699, 355], [1700, 355], [1701, 355], [1702, 355], [1703, 355], [1704, 355], [1705, 355], [1706, 355], [1707, 355], [1708, 355], [1709, 355], [1710, 355], [1711, 355], [1712, 355], [1713, 355], [1714, 355], [1715, 355], [1716, 355], [1717, 355], [1718, 355], [1720, 355], [1721, 355], [1722, 355], [1723, 355], [1724, 355], [1725, 355], [1726, 355], [1699, 356], [1700, 356], [1701, 356], [1702, 356], [1703, 356], [1704, 356], [1705, 356], [1706, 356], [1707, 356], [1708, 356], [1709, 356], [1710, 356], [1711, 356], [1712, 356], [1713, 356], [1714, 356], [1715, 356], [1716, 356], [1717, 356], [1718, 356], [1719, 356], [1720, 356], [1721, 356], [1723, 356], [1724, 356], [1725, 356], [1726, 356], [1727, 356], [1728, 356], [1729, 356], [1702, 357], [1703, 357], [1704, 357], [1705, 357], [1706, 357], [1707, 357], [1708, 357], [1709, 357], [1710, 357], [1711, 357], [1712, 357], [1713, 357], [1714, 357], [1715, 357], [1716, 357], [1717, 357], [1718, 357], [1720, 357], [1721, 357], [1722, 357], [1723, 357], [1724, 357], [1726, 357], [1727, 357], [1728, 357], [1729, 357], [1730, 357], [1731, 357], [1732, 357], [1707, 358], [1708, 358], [1709, 358], [1710, 358], [1711, 358], [1712, 358], [1713, 358], [1714, 358], [1716, 358], [1717, 358], [1718, 358], [1719, 358], [1720, 358], [1721, 358], [1723, 358], [1724, 358], [1725, 358], [1726, 358], [1727, 358], [1729, 358], [1730, 358], [1731, 358], [1732, 358], [1733, 358], [1734, 358], [1735, 358], [1710, 359], [1711, 359], [1712, 359], [1713, 359], [1714, 359], [1715, 359], [1716, 359], [1717, 359], [1718, 359], [1720, 359], [1721, 359], [1722, 359], [1723, 359], [1724, 359], [1726, 359], [1727, 359], [1728, 359], [1729, 359], [1730, 359], [1732, 359], [1733, 359], [1734, 359], [1735, 359], [1736, 359], [1737, 359], [1738, 359], [1739, 359], [1714, 360], [1715, 360], [1716, 360], [1717, 360], [1718, 360], [1719, 360], [1720, 360], [1721, 360], [1723, 360], [1724, 360], [1725, 360], [1726, 360], [1727, 360], [1729, 360], [1730, 360], [1731, 360], [1732, 360], [1733, 360], [1734, 360], [1735, 360], [1736, 360], [1737, 360], [1738, 360], [1739, 360], [1740, 360], [1741, 360], [1742, 360], [1718, 361], [1719, 361], [1720, 361], [1721, 361], [1722, 361], [1723, 361], [1724, 361], [1725, 361], [1726, 361], [1727, 361], [1728, 361], [1729, 361], [1730, 361], [1732, 361], [1733, 361], [1734, 361], [1735, 361], [1736, 361], [1737, 361], [1739, 361], [1740, 361], [1741, 361], [1742, 361], [1743, 361], [1744, 361], [1745, 361], [1721, 362], [1722, 362], [1723, 362], [1724, 362], [1725, 362], [1726, 362], [1727, 362], [1729, 362], [1730, 362], [1731, 362], [1732, 362], [1733, 362], [1735, 362], [1736, 362], [1737, 362], [1738, 362], [1739, 362], [1740, 362], [1741, 362], [1742, 362], [1743, 362], [1744, 362], [1745, 362], [1746, 362], [1747, 362], [1748, 362], [1725, 363], [1726, 363], [1727, 363], [1728, 363], [1729, 363], [1730, 363], [1731, 363], [1732, 363], [1733, 363], [1734, 363], [1735, 363], [1736, 363], [1738, 363], [1739, 363], [1740, 363], [1741, 363], [1742, 363], [1743, 363], [1745, 363], [1746, 363], [1747, 363], [1748, 363], [1749, 363], [1750, 363], [1751, 363], [1752, 363], [1727, 364], [1728, 364], [1729, 364], [1730, 364], [1731, 364], [1732, 364], [1733, 364], [1735, 364], [1736, 364], [1737, 364], [1738, 364], [1739, 364], [1740, 364], [1741, 364], [1742, 364], [1743, 364], [1744, 364], [1745, 364], [1746, 364], [1748, 364], [1749, 364], [1750, 364], [1751, 364], [1752, 364], [1753, 364], [1754, 364], [1755, 364], [1731, 365], [1732, 365], [1733, 365], [1734, 365], [1735, 365], [1736, 365], [1738, 365], [1739, 365], [1740, 365], [1741, 365], [1742, 365], [1744, 365], [1745, 365], [1746, 365], [1747, 365], [1748, 365], [1749, 365], [1750, 365], [1751, 365], [1752, 365], [1753, 365], [1754, 365], [1755, 365], [1756, 365], [1757, 365], [1758, 365], [1734, 366], [1735, 366], [1736, 366], [1737, 366], [1738, 366], [1739, 366], [1741, 366], [1742, 366], [1743, 366], [1744, 366], [1745, 366], [1746, 366], [1748, 366], [1749, 366], [1750, 366], [1751, 366], [1752, 366], [1753, 366], [1755, 366], [1756, 366], [1757, 366], [1758, 366], [1759, 366], [1760, 366], [1761, 366], [1737, 367], [1738, 367], [1739, 367], [1740, 367], [1741, 367], [1742, 367], [1744, 367], [1745, 367], [1746, 367], [1747, 367], [1748, 367], [1749, 367], [1750, 367], [1751, 367], [1752, 367], [1753, 367], [1754, 367], [1755, 367], [1756, 367], [1758, 367], [1759, 367], [1760, 367], [1761, 367], [1762, 367], [1763, 367], [1764, 367], [1740, 368], [1741, 368], [1742, 368], [1743, 368], [1744, 368], [1745, 368], [1746, 368], [1748, 368], [1749, 368], [1750, 368], [1751, 368], [1752, 368], [1754, 368], [1755, 368], [1756, 368], [1757, 368], [1758, 368], [1759, 368], [1760, 368], [1761, 368], [1762, 368], [1763, 368], [1764, 368], [1765, 368], [1766, 368], [1767, 368], [1768, 368], [1743, 369], [1744, 369], [1745, 369], [1746, 369], [1747, 369], [1748, 369], [1749, 369], [1750, 369], [1751, 369], [1752, 369], [1753, 369], [1754, 369], [1755, 369], [1756, 369], [1757, 369], [1758, 369], [1759, 369], [1760, 369], [1761, 369], [1762, 369], [1763, 369], [1764, 369], [1765, 369], [1766, 369], [1767, 369], [1768, 369], [1769, 369], [1770, 369], [1771, 369], [1746, 370], [1747, 370], [1748, 370], [1749, 370], [1750, 370], [1751, 370], [1752, 370], [1753, 370], [1754, 370], [1755, 370], [1756, 370], [1757, 370], [1760, 370], [1761, 370], [1762, 370], [1763, 370], [1764, 370], [1765, 370], [1766, 370], [1767, 370], [1768, 370], [1769, 370], [1770, 370], [1771, 370], [1772, 370], [1773, 370], [1774, 370], [1749, 371], [1750, 371], [1751, 371], [1752, 371], [1753, 371], [1754, 371], [1756, 371], [1757, 371], [1758, 371], [1759, 371], [1760, 371], [1763, 371], [1764, 371], [1765, 371], [1766, 371], [1767, 371], [1768, 371], [1769, 371], [1771, 371], [1772, 371], [1773, 371], [1774, 371], [1775, 371], [1776, 371], [1777, 371], [1778, 371], [1752, 372], [1753, 372], [1754, 372], [1755, 372], [1756, 372], [1758, 372], [1759, 372], [1760, 372], [1761, 372], [1762, 372], [1763, 372], [1764, 372], [1765, 372], [1767, 372], [1768, 372], [1769, 372], [1770, 372], [1771, 372], [1772, 372], [1774, 372], [1775, 372], [1776, 372], [1777, 372], [1778, 372], [1779, 372], [1780, 372], [1781, 372], [1782, 372], [1755, 373], [1756, 373], [1757, 373], [1758, 373], [1759, 373], [1761, 373], [1762, 373], [1763, 373], [1764, 373], [1765, 373], [1766, 373], [1767, 373], [1769, 373], [1770, 373], [1771, 373], [1772, 373], [1773, 373], [1774, 373], [1775, 373], [1776, 373], [1777, 373], [1778, 373], [1779, 373], [1780, 373], [1781, 373], [1782, 373], [1783, 373], [1784, 373], [1785, 373], [1786, 373], [1757, 374], [1758, 374], [1759, 374], [1760, 374], [1761, 374], [1762, 374], [1763, 374], [1765, 374], [1766, 374], [1767, 374], [1768, 374], [1769, 374], [1770, 374], [1771, 374], [1772, 374], [1773, 374], [1774, 374], [1775, 374], [1776, 374], [1777, 374], [1778, 374], [1779, 374], [1780, 374], [1781, 374], [1782, 374], [1783, 374], [1784, 374], [1785, 374], [1786, 374], [1787, 374], [1788, 374], [1789, 374], [1790, 374], [1791, 374], [1760, 375], [1761, 375], [1762, 375], [1763, 375], [1764, 375], [1765, 375], [1767, 375], [1768, 375], [1769, 375], [1770, 375], [1771, 375], [1772, 375], [1773, 375], [1775, 375], [1776, 375], [1777, 375], [1778, 375], [1779, 375], [1780, 375], [1781, 375], [1782, 375], [1783, 375], [1784, 375], [1786, 375], [1787, 375], [1788, 375], [1789, 375], [1790, 375], [1791, 375], [1792, 375], [1793, 375], [1794, 375], [1763, 376], [1764, 376], [1765, 376], [1766, 376], [1767, 376], [1768, 376], [1769, 376], [1770, 376], [1771, 376], [1772, 376], [1773, 376], [1774, 376], [1775, 376], [1776, 376], [1779, 376], [1780, 376], [1781, 376], [1782, 376], [1783, 376], [1784, 376], [1785, 376], [1786, 376], [1787, 376], [1788, 376], [1789, 376], [1790, 376], [1791, 376], [1792, 376], [1793, 376], [1794, 376], [1795, 376], [1796, 376], [1797, 376], [1765, 377], [1766, 377], [1767, 377], [1768, 377], [1769, 377], [1770, 377], [1771, 377], [1772, 377], [1773, 377], [1774, 377], [1775, 377], [1776, 377], [1777, 377], [1778, 377], [1779, 377], [1780, 377], [1784, 377], [1785, 377], [1786, 377], [1787, 377], [1788, 377], [1789, 377], [1790, 377], [1791, 377], [1792, 377], [1793, 377], [1794, 377], [1795, 377], [1796, 377], [1797, 377], [1798, 377], [1799, 377], [1800, 377], [1768, 378], [1769, 378], [1770, 378], [1771, 378], [1772, 378], [1773, 378], [1774, 378], [1775, 378], [1776, 378], [1777, 378], [1778, 378], [1779, 378], [1780, 378], [1781, 378], [1782, 378], [1783, 378], [1788, 378], [1789, 378], [1790, 378], [1791, 378], [1792, 378], [1793, 378], [1794, 378], [1795, 378], [1797, 378], [1798, 378], [1799, 378], [1800, 378], [1801, 378], [1802, 378], [1770, 379], [1771, 379], [1772, 379], [1773, 379], [1774, 379], [1775, 379], [1776, 379], [1777, 379], [1779, 379], [1780, 379], [1781, 379], [1782, 379], [1783, 379], [1784, 379], [1785, 379], [1791, 379], [1792, 379], [1793, 379], [1794, 379], [1795, 379], [1796, 379], [1797, 379], [1798, 379], [1799, 379], [1800, 379], [1801, 379], [1802, 379], [1803, 379], [1804, 379], [1805, 379], [1773, 380], [1774, 380], [1775, 380], [1776, 380], [1777, 380], [1778, 380], [1779, 380], [1780, 380], [1781, 380], [1782, 380], [1783, 380], [1784, 380], [1785, 380], [1786, 380], [1787, 380], [1788, 380], [1789, 380], [1790, 380], [1791, 380], [1795, 380], [1796, 380], [1797, 380], [1798, 380], [1799, 380], [1800, 380], [1802, 380], [1803, 380], [1804, 380], [1805, 380], [1806, 380], [1807, 380], [1776, 381], [1777, 381], [1778, 381], [1779, 381], [1780, 381], [1781, 381], [1782, 381], [1783, 381], [1784, 381], [1785, 381], [1786, 381], [1787, 381], [1788, 381], [1789, 381], [1790, 381], [1791, 381], [1792, 381], [1793, 381], [1794, 381], [1795, 381], [1797, 381], [1798, 381], [1799, 381], [1800, 381], [1801, 381], [1802, 381], [1803, 381], [1804, 381], [1805, 381], [1806, 381], [1807, 381], [1808, 381], [1809, 381], [1810, 381], [1780, 382], [1781, 382], [1782, 382], [1783, 382], [1784, 382], [1785, 382], [1786, 382], [1787, 382], [1788, 382], [1789, 382], [1791, 382], [1792, 382], [1793, 382], [1794, 382], [1795, 382], [1796, 382], [1797, 382], [1798, 382], [1800, 382], [1801, 382], [1802, 382], [1803, 382], [1804, 382], [1805, 382], [1807, 382], [1808, 382], [1809, 382], [1810, 382], [1811, 382], [1812, 382], [1813, 382], [1784, 383], [1785, 383], [1786, 383], [1787, 383], [1788, 383], [1789, 383], [1790, 383], [1791, 383], [1792, 383], [1793, 383], [1795, 383], [1796, 383], [1797, 383], [1798, 383], [1799, 383], [1800, 383], [1801, 383], [1802, 383], [1803, 383], [1804, 383], [1805, 383], [1806, 383], [1807, 383], [1808, 383], [1810, 383], [1811, 383], [1812, 383], [1813, 383], [1814, 383], [1815, 383], [1816, 383], [1817, 383], [1789, 384], [1790, 384], [1791, 384], [1792, 384], [1793, 384], [1794, 384], [1795, 384], [1796, 384], [1797, 384], [1798, 384], [1799, 384], [1800, 384], [1801, 384], [1802, 384], [1803, 384], [1804, 384], [1805, 384], [1806, 384], [1807, 384], [1808, 384], [1809, 384], [1810, 384], [1811, 384], [1813, 384], [1814, 384], [1815, 384], [1816, 384], [1817, 384], [1818, 384], [1819, 384], [1820, 384], [1793, 385], [1794, 385], [1795, 385], [1796, 385], [1797, 385], [1798, 385], [1799, 385], [1800, 385], [1802, 385], [1803, 385], [1804, 385], [1805, 385], [1806, 385], [1807, 385], [1809, 385], [1810, 385], [1811, 385], [1812, 385], [1813, 385], [1814, 385], [1815, 385], [1817, 385], [1818, 385], [1819, 385], [1820, 385], [1821, 385], [1822, 385], [1823, 385], [1797, 386], [1798, 386], [1799, 386], [1800, 386], [1801, 386], [1802, 386], [1803, 386], [1804, 386], [1806, 386], [1807, 386], [1808, 386], [1809, 386], [1810, 386], [1811, 386], [1812, 386], [1813, 386], [1814, 386], [1815, 386], [1816, 386], [1817, 386], [1818, 386], [1820, 386], [1821, 386], [1822, 386], [1823, 386], [1824, 386], [1801, 387], [1802, 387], [1803, 387], [1804, 387], [1805, 387], [1806, 387], [1807, 387], [1808, 387], [1809, 387], [1810, 387], [1811, 387], [1812, 387], [1813, 387], [1814, 387], [1815, 387], [1816, 387], [1817, 387], [1818, 387], [1819, 387], [1820, 387], [1821, 387], [1823, 387], [1824, 387], [1804, 388], [1805, 388], [1806, 388], [1807, 388], [1808, 388], [1809, 388], [1810, 388], [1812, 388], [1813, 388], [1814, 388], [1815, 388], [1816, 388], [1817, 388], [1818, 388], [1819, 388], [1820, 388], [1821, 388], [1822, 388], [1823, 388], [1824, 388], [1807, 389], [1808, 389], [1809, 389], [1810, 389], [1811, 389], [1812, 389], [1813, 389], [1814, 389], [1815, 389], [1816, 389], [1817, 389], [1818, 389], [1821, 389], [1822, 389], [1823, 389], [1824, 389], [1810, 390], [1811, 390], [1812, 390], [1813, 390], [1814, 390], [1815, 390], [1816, 390], [1817, 390], [1818, 390], [1819, 390], [1820, 390], [1821, 390], [1822, 390], [1823, 390], [1824, 390], [1813, 391], [1814, 391], [1815, 391], [1816, 391], [1817, 391], [1818, 391], [1819, 391], [1820, 391], [1821, 391], [1822, 391], [1823, 391], [1824, 391], [1816, 392], [1817, 392], [1818, 392], [1819, 392], [1820, 392], [1821, 392], [1822, 392], [1823, 392], [1824, 392], [1819, 393], [1820, 393], [1821, 393], [1822, 393], [1823, 393], [1824, 393], [1822, 394], [1823, 394], [1824, 394], [1239, 401], [1240, 401], [1241, 401], [1242, 401], [1239, 402], [1240, 402], [1241, 402], [1242, 402], [1243, 402], [1241, 403], [1242, 403], [1243, 403], [1244, 403], [1242, 404], [1243, 404], [1244, 404], [1245, 404], [1243, 405], [1244, 405], [1245, 405], [1246, 405], [1247, 405], [1244, 406], [1245, 406], [1246, 406], [1247, 406], [1248, 406], [1229, 407], [1230, 407], [1231, 407], [1246, 407], [1247, 407], [1248, 407], [1249, 407], [1250, 407], [1229, 408], [1230, 408], [1231, 408], [1232, 408], [1247, 408], [1248, 408], [1249, 408], [1250, 408], [1251, 408], [1230, 409], [1231, 409], [1232, 409], [1233, 409], [1234, 409], [1249, 409], [1250, 409], [1251, 409], [1252, 409], [1231, 410], [1232, 410], [1233, 410], [1234, 410], [1235, 410], [1250, 410], [1251, 410], [1252, 410], [1253, 410], [1254, 410], [1233, 411], [1234, 411], [1235, 411], [1236, 411], [1251, 411], [1252, 411], [1253, 411], [1254, 411], [1255, 411], [1234, 412], [1235, 412], [1236, 412], [1237, 412], [1253, 412], [1254, 412], [1255, 412], [1256, 412], [1219, 413], [1235, 413], [1236, 413], [1237, 413], [1238, 413], [1239, 413], [1254, 413], [1255, 413], [1256, 413], [1257, 413], [1217, 414], [1218, 414], [1219, 414], [1220, 414], [1236, 414], [1237, 414], [1238, 414], [1239, 414], [1240, 414], [1255, 414], [1256, 414], [1257, 414], [1258, 414], [1218, 415], [1219, 415], [1220, 415], [1221, 415], [1222, 415], [1238, 415], [1239, 415], [1240, 415], [1241, 415], [1256, 415], [1257, 415], [1258, 415], [1259, 415], [1260, 415], [1219, 416], [1220, 416], [1221, 416], [1222, 416], [1223, 416], [1239, 416], [1240, 416], [1241, 416], [1242, 416], [1257, 416], [1258, 416], [1259, 416], [1260, 416], [1261, 416], [1221, 417], [1222, 417], [1223, 417], [1224, 417], [1240, 417], [1241, 417], [1242, 417], [1243, 417], [1259, 417], [1260, 417], [1261, 417], [1262, 417], [1263, 417], [1222, 418], [1223, 418], [1224, 418], [1225, 418], [1241, 418], [1242, 418], [1243, 418], [1244, 418], [1260, 418], [1261, 418], [1262, 418], [1263, 418], [1264, 418], [1223, 419], [1224, 419], [1225, 419], [1226, 419], [1242, 419], [1243, 419], [1244, 419], [1245, 419], [1246, 419], [1262, 419], [1263, 419], [1264, 419], [1265, 419], [1207, 420], [1224, 420], [1225, 420], [1226, 420], [1227, 420], [1243, 420], [1244, 420], [1245, 420], [1246, 420], [1247, 420], [1263, 420], [1264, 420], [1265, 420], [1266, 420], [1267, 420], [1205, 421], [1206, 421], [1207, 421], [1208, 421], [1225, 421], [1226, 421], [1227, 421], [1228, 421], [1245, 421], [1246, 421], [1247, 421], [1248, 421], [1264, 421], [1265, 421], [1266, 421], [1267, 421], [1268, 421], [1206, 422], [1207, 422], [1208, 422], [1209, 422], [1226, 422], [1227, 422], [1228, 422], [1229, 422], [1246, 422], [1247, 422], [1248, 422], [1249, 422], [1250, 422], [1266, 422], [1267, 422], [1268, 422], [1269, 422], [1207, 423], [1208, 423], [1209, 423], [1210, 423], [1227, 423], [1228, 423], [1229, 423], [1230, 423], [1247, 423], [1248, 423], [1249, 423], [1250, 423], [1251, 423], [1267, 423], [1268, 423], [1269, 423], [1270, 423], [1271, 423], [1208, 424], [1209, 424], [1210, 424], [1211, 424], [1228, 424], [1229, 424], [1230, 424], [1231, 424], [1249, 424], [1250, 424], [1251, 424], [1252, 424], [1268, 424], [1269, 424], [1270, 424], [1271, 424], [1272, 424], [1209, 425], [1210, 425], [1211, 425], [1212, 425], [1213, 425], [1229, 425], [1230, 425], [1231, 425], [1232, 425], [1250, 425], [1251, 425], [1252, 425], [1253, 425], [1270, 425], [1271, 425], [1272, 425], [1273, 425], [1210, 426], [1211, 426], [1212, 426], [1213, 426], [1230, 426], [1231, 426], [1232, 426], [1233, 426], [1234, 426], [1251, 426], [1252, 426], [1253, 426], [1254, 426], [1271, 426], [1272, 426], [1273, 426], [1274, 426], [1275, 426], [1212, 427], [1213, 427], [1214, 427], [1231, 427], [1232, 427], [1233, 427], [1234, 427], [1235, 427], [1252, 427], [1253, 427], [1254, 427], [1255, 427], [1256, 427], [1272, 427], [1273, 427], [1274, 427], [1275, 427], [1276, 427], [1212, 428], [1213, 428], [1214, 428], [1215, 428], [1233, 428], [1234, 428], [1235, 428], [1236, 428], [1253, 428], [1254, 428], [1255, 428], [1256, 428], [1257, 428], [1274, 428], [1275, 428], [1276, 428], [1277, 428], [1213, 429], [1214, 429], [1215, 429], [1216, 429], [1234, 429], [1235, 429], [1236, 429], [1237, 429], [1255, 429], [1256, 429], [1257, 429], [1258, 429], [1275, 429], [1276, 429], [1277, 429], [1278, 429], [1214, 430], [1215, 430], [1216, 430], [1217, 430], [1235, 430], [1236, 430], [1237, 430], [1238, 430], [1239, 430], [1256, 430], [1257, 430], [1258, 430], [1259, 430], [1276, 430], [1277, 430], [1278, 430], [1279, 430], [1215, 431], [1216, 431], [1217, 431], [1218, 431], [1219, 431], [1236, 431], [1237, 431], [1238, 431], [1239, 431], [1240, 431], [1257, 431], [1258, 431], [1259, 431], [1260, 431], [1277, 431], [1278, 431], [1279, 431], [1280, 431], [1281, 431], [1216, 432], [1217, 432], [1218, 432], [1219, 432], [1220, 432], [1238, 432], [1239, 432], [1240, 432], [1241, 432], [1258, 432], [1259, 432], [1260, 432], [1261, 432], [1278, 432], [1279, 432], [1280, 432], [1281, 432], [1282, 432], [1218, 433], [1219, 433], [1220, 433], [1239, 433], [1240, 433], [1241, 433], [1242, 433], [1259, 433], [1260, 433], [1261, 433], [1262, 433], [1280, 433], [1281, 433], [1282, 433], [1283, 433], [1219, 434], [1220, 434], [1221, 434], [1240, 434], [1241, 434], [1242, 434], [1243, 434], [1260, 434], [1261, 434], [1262, 434], [1263, 434], [1281, 434], [1282, 434], [1283, 434], [1284, 434], [1219, 435], [1220, 435], [1221, 435], [1222, 435], [1223, 435], [1241, 435], [1242, 435], [1243, 435], [1244, 435], [1261, 435], [1262, 435], [1263, 435], [1264, 435], [1282, 435], [1283, 435], [1284, 435], [1285, 435], [1220, 436], [1221, 436], [1222, 436], [1223, 436], [1224, 436], [1242, 436], [1243, 436], [1244, 436], [1245, 436], [1262, 436], [1263, 436], [1264, 436], [1265, 436], [1266, 436], [1283, 436], [1284, 436], [1285, 436], [1286, 436], [1222, 437], [1223, 437], [1224, 437], [1225, 437], [1243, 437], [1244, 437], [1245, 437], [1246, 437], [1263, 437], [1264, 437], [1265, 437], [1266, 437], [1267, 437], [1284, 437], [1285, 437], [1286, 437], [1287, 437], [1288, 437], [1223, 438], [1224, 438], [1225, 438], [1226, 438], [1244, 438], [1245, 438], [1246, 438], [1247, 438], [1265, 438], [1266, 438], [1267, 438], [1268, 438], [1285, 438], [1286, 438], [1287, 438], [1288, 438], [1289, 438], [1224, 439], [1225, 439], [1226, 439], [1227, 439], [1228, 439], [1245, 439], [1246, 439], [1247, 439], [1248, 439], [1266, 439], [1267, 439], [1268, 439], [1269, 439], [1270, 439], [1287, 439], [1288, 439], [1289, 439], [1290, 439], [1225, 440], [1226, 440], [1227, 440], [1228, 440], [1229, 440], [1246, 440], [1247, 440], [1248, 440], [1249, 440], [1267, 440], [1268, 440], [1269, 440], [1270, 440], [1271, 440], [1288, 440], [1289, 440], [1290, 440], [1291, 440], [1227, 441], [1228, 441], [1229, 441], [1230, 441], [1247, 441], [1248, 441], [1249, 441], [1250, 441], [1269, 441], [1270, 441], [1271, 441], [1272, 441], [1289, 441], [1290, 441], [1291, 441], [1292, 441], [1293, 441], [1228, 442], [1229, 442], [1230, 442], [1248, 442], [1249, 442], [1250, 442], [1251, 442], [1252, 442], [1270, 442], [1271, 442], [1272, 442], [1273, 442], [1290, 442], [1291, 442], [1292, 442], [1293, 442], [1294, 442], [1229, 443], [1230, 443], [1231, 443], [1232, 443], [1249, 443], [1250, 443], [1251, 443], [1252, 443], [1253, 443], [1271, 443], [1272, 443], [1273, 443], [1274, 443], [1292, 443], [1293, 443], [1294, 443], [1295, 443], [1296, 443], [1229, 444], [1230, 444], [1231, 444], [1232, 444], [1233, 444], [1251, 444], [1252, 444], [1253, 444], [1254, 444], [1272, 444], [1273, 444], [1274, 444], [1275, 444], [1276, 444], [1293, 444], [1294, 444], [1295, 444], [1296, 444], [1297, 444], [1231, 445], [1232, 445], [1233, 445], [1234, 445], [1252, 445], [1253, 445], [1254, 445], [1255, 445], [1273, 445], [1274, 445], [1275, 445], [1276, 445], [1277, 445], [1295, 445], [1296, 445], [1297, 445], [1298, 445], [1232, 446], [1233, 446], [1234, 446], [1235, 446], [1253, 446], [1254, 446], [1255, 446], [1256, 446], [1275, 446], [1276, 446], [1277, 446], [1278, 446], [1296, 446], [1297, 446], [1298, 446], [1299, 446], [1233, 447], [1234, 447], [1235, 447], [1236, 447], [1237, 447], [1254, 447], [1255, 447], [1256, 447], [1257, 447], [1258, 447], [1276, 447], [1277, 447], [1278, 447], [1279, 447], [1297, 447], [1298, 447], [1299, 447], [1300, 447], [1234, 448], [1235, 448], [1236, 448], [1237, 448], [1238, 448], [1255, 448], [1256, 448], [1257, 448], [1258, 448], [1259, 448], [1277, 448], [1278, 448], [1279, 448], [1280, 448], [1298, 448], [1299, 448], [1300, 448], [1301, 448], [1236, 449], [1237, 449], [1238, 449], [1239, 449], [1257, 449], [1258, 449], [1259, 449], [1260, 449], [1278, 449], [1279, 449], [1280, 449], [1299, 449], [1300, 449], [1301, 449], [1302, 449], [1303, 449], [1237, 450], [1238, 450], [1239, 450], [1240, 450], [1258, 450], [1259, 450], [1260, 450], [1261, 450], [1269, 450], [1270, 450], [1271, 450], [1272, 450], [1273, 450], [1274, 450], [1275, 450], [1276, 450], [1277, 450], [1278, 450], [1279, 450], [1280, 450], [1300, 450], [1301, 450], [1302, 450], [1303, 450], [1304, 450], [1238, 451], [1239, 451], [1240, 451], [1241, 451], [1259, 451], [1260, 451], [1261, 451], [1262, 451], [1268, 451], [1269, 451], [1270, 451], [1271, 451], [1272, 451], [1273, 451], [1274, 451], [1275, 451], [1276, 451], [1277, 451], [1278, 451], [1279, 451], [1280, 451], [1302, 451], [1303, 451], [1304, 451], [1305, 451], [1239, 452], [1240, 452], [1241, 452], [1242, 452], [1260, 452], [1261, 452], [1262, 452], [1263, 452], [1268, 452], [1269, 452], [1270, 452], [1282, 452], [1283, 452], [1284, 452], [1285, 452], [1303, 452], [1304, 452], [1305, 452], [1306, 452], [1307, 452], [1240, 453], [1241, 453], [1242, 453], [1243, 453], [1261, 453], [1262, 453], [1263, 453], [1264, 453], [1268, 453], [1269, 453], [1271, 453], [1272, 453], [1273, 453], [1274, 453], [1275, 453], [1276, 453], [1277, 453], [1278, 453], [1279, 453], [1280, 453], [1281, 453], [1282, 453], [1283, 453], [1284, 453], [1285, 453], [1286, 453], [1287, 453], [1304, 453], [1305, 453], [1306, 453], [1307, 453], [1308, 453], [1241, 454], [1242, 454], [1243, 454], [1244, 454], [1262, 454], [1263, 454], [1264, 454], [1265, 454], [1268, 454], [1269, 454], [1270, 454], [1271, 454], [1272, 454], [1273, 454], [1274, 454], [1275, 454], [1276, 454], [1277, 454], [1278, 454], [1279, 454], [1280, 454], [1281, 454], [1282, 454], [1283, 454], [1284, 454], [1285, 454], [1286, 454], [1287, 454], [1306, 454], [1307, 454], [1308, 454], [1309, 454], [1242, 455], [1243, 455], [1244, 455], [1245, 455], [1263, 455], [1264, 455], [1265, 455], [1266, 455], [1268, 455], [1269, 455], [1270, 455], [1271, 455], [1272, 455], [1273, 455], [1286, 455], [1287, 455], [1289, 455], [1290, 455], [1291, 455], [1292, 455], [1307, 455], [1308, 455], [1309, 455], [1310, 455], [1243, 456], [1244, 456], [1245, 456], [1246, 456], [1264, 456], [1265, 456], [1266, 456], [1267, 456], [1269, 456], [1270, 456], [1271, 456], [1272, 456], [1273, 456], [1274, 456], [1286, 456], [1287, 456], [1289, 456], [1290, 456], [1291, 456], [1292, 456], [1293, 456], [1308, 456], [1309, 456], [1310, 456], [1311, 456], [1244, 457], [1245, 457], [1246, 457], [1247, 457], [1265, 457], [1266, 457], [1267, 457], [1268, 457], [1270, 457], [1271, 457], [1272, 457], [1273, 457], [1274, 457], [1275, 457], [1276, 457], [1277, 457], [1278, 457], [1279, 457], [1280, 457], [1281, 457], [1282, 457], [1283, 457], [1284, 457], [1285, 457], [1286, 457], [1287, 457], [1289, 457], [1290, 457], [1291, 457], [1292, 457], [1293, 457], [1294, 457], [1309, 457], [1310, 457], [1311, 457], [1312, 457], [1313, 457], [1245, 458], [1246, 458], [1247, 458], [1248, 458], [1266, 458], [1267, 458], [1268, 458], [1269, 458], [1271, 458], [1272, 458], [1273, 458], [1274, 458], [1275, 458], [1276, 458], [1277, 458], [1278, 458], [1279, 458], [1280, 458], [1281, 458], [1282, 458], [1283, 458], [1284, 458], [1285, 458], [1286, 458], [1287, 458], [1288, 458], [1289, 458], [1290, 458], [1292, 458], [1293, 458], [1294, 458], [1295, 458], [1310, 458], [1311, 458], [1312, 458], [1313, 458], [1314, 458], [1246, 459], [1247, 459], [1248, 459], [1249, 459], [1267, 459], [1268, 459], [1269, 459], [1270, 459], [1272, 459], [1273, 459], [1274, 459], [1275, 459], [1276, 459], [1277, 459], [1278, 459], [1279, 459], [1280, 459], [1282, 459], [1283, 459], [1284, 459], [1285, 459], [1287, 459], [1288, 459], [1289, 459], [1290, 459], [1293, 459], [1294, 459], [1295, 459], [1296, 459], [1312, 459], [1313, 459], [1314, 459], [1315, 459], [1247, 460], [1248, 460], [1249, 460], [1250, 460], [1251, 460], [1268, 460], [1269, 460], [1270, 460], [1271, 460], [1273, 460], [1274, 460], [1275, 460], [1276, 460], [1277, 460], [1278, 460], [1279, 460], [1280, 460], [1281, 460], [1282, 460], [1283, 460], [1284, 460], [1285, 460], [1286, 460], [1287, 460], [1288, 460], [1289, 460], [1294, 460], [1295, 460], [1296, 460], [1313, 460], [1314, 460], [1315, 460], [1316, 460], [1317, 460], [1248, 461], [1249, 461], [1250, 461], [1251, 461], [1252, 461], [1269, 461], [1270, 461], [1271, 461], [1272, 461], [1276, 461], [1277, 461], [1278, 461], [1279, 461], [1280, 461], [1281, 461], [1282, 461], [1284, 461], [1285, 461], [1286, 461], [1287, 461], [1288, 461], [1295, 461], [1296, 461], [1297, 461], [1314, 461], [1315, 461], [1316, 461], [1317, 461], [1318, 461], [1250, 462], [1251, 462], [1252, 462], [1253, 462], [1270, 462], [1271, 462], [1272, 462], [1273, 462], [1274, 462], [1295, 462], [1296, 462], [1297, 462], [1298, 462], [1316, 462], [1317, 462], [1318, 462], [1319, 462], [1251, 463], [1252, 463], [1253, 463], [1254, 463], [1271, 463], [1272, 463], [1273, 463], [1274, 463], [1275, 463], [1296, 463], [1297, 463], [1298, 463], [1299, 463], [1317, 463], [1318, 463], [1319, 463], [1320, 463], [1252, 464], [1253, 464], [1254, 464], [1255, 464], [1273, 464], [1274, 464], [1275, 464], [1276, 464], [1297, 464], [1298, 464], [1299, 464], [1300, 464], [1318, 464], [1319, 464], [1320, 464], [1321, 464], [1253, 465], [1254, 465], [1255, 465], [1256, 465], [1274, 465], [1275, 465], [1276, 465], [1277, 465], [1278, 465], [1298, 465], [1299, 465], [1300, 465], [1301, 465], [1319, 465], [1320, 465], [1321, 465], [1322, 465], [1254, 466], [1255, 466], [1256, 466], [1257, 466], [1275, 466], [1276, 466], [1277, 466], [1278, 466], [1299, 466], [1300, 466], [1301, 466], [1302, 466], [1303, 466], [1320, 466], [1321, 466], [1322, 466], [1323, 466], [1324, 466], [1255, 467], [1256, 467], [1257, 467], [1258, 467], [1277, 467], [1278, 467], [1279, 467], [1300, 467], [1301, 467], [1302, 467], [1303, 467], [1304, 467], [1321, 467], [1322, 467], [1323, 467], [1324, 467], [1325, 467], [1256, 468], [1257, 468], [1258, 468], [1259, 468], [1277, 468], [1278, 468], [1279, 468], [1280, 468], [1302, 468], [1303, 468], [1304, 468], [1305, 468], [1323, 468], [1324, 468], [1325, 468], [1326, 468], [1257, 469], [1258, 469], [1259, 469], [1260, 469], [1278, 469], [1279, 469], [1280, 469], [1281, 469], [1282, 469], [1303, 469], [1304, 469], [1305, 469], [1306, 469], [1324, 469], [1325, 469], [1326, 469], [1327, 469], [1258, 470], [1259, 470], [1260, 470], [1261, 470], [1262, 470], [1279, 470], [1280, 470], [1281, 470], [1282, 470], [1283, 470], [1284, 470], [1304, 470], [1305, 470], [1306, 470], [1307, 470], [1308, 470], [1325, 470], [1326, 470], [1327, 470], [1328, 470], [1259, 471], [1260, 471], [1261, 471], [1262, 471], [1281, 471], [1282, 471], [1283, 471], [1284, 471], [1285, 471], [1305, 471], [1306, 471], [1307, 471], [1308, 471], [1309, 471], [1326, 471], [1327, 471], [1328, 471], [1329, 471], [1261, 472], [1262, 472], [1263, 472], [1275, 472], [1276, 472], [1277, 472], [1283, 472], [1284, 472], [1285, 472], [1286, 472], [1307, 472], [1308, 472], [1309, 472], [1310, 472], [1327, 472], [1328, 472], [1329, 472], [1330, 472], [1331, 472], [1261, 473], [1262, 473], [1263, 473], [1264, 473], [1265, 473], [1275, 473], [1276, 473], [1277, 473], [1284, 473], [1285, 473], [1286, 473], [1287, 473], [1308, 473], [1309, 473], [1310, 473], [1311, 473], [1328, 473], [1329, 473], [1330, 473], [1331, 473], [1332, 473], [1262, 474], [1263, 474], [1264, 474], [1265, 474], [1266, 474], [1275, 474], [1276, 474], [1277, 474], [1278, 474], [1285, 474], [1286, 474], [1287, 474], [1288, 474], [1309, 474], [1310, 474], [1311, 474], [1312, 474], [1330, 474], [1331, 474], [1332, 474], [1333, 474], [1264, 475], [1265, 475], [1266, 475], [1267, 475], [1273, 475], [1274, 475], [1275, 475], [1276, 475], [1277, 475], [1278, 475], [1279, 475], [1280, 475], [1281, 475], [1282, 475], [1286, 475], [1287, 475], [1288, 475], [1289, 475], [1310, 475], [1311, 475], [1312, 475], [1313, 475], [1331, 475], [1332, 475], [1333, 475], [1334, 475], [1265, 476], [1266, 476], [1267, 476], [1268, 476], [1273, 476], [1274, 476], [1275, 476], [1276, 476], [1277, 476], [1278, 476], [1279, 476], [1280, 476], [1281, 476], [1282, 476], [1283, 476], [1287, 476], [1288, 476], [1289, 476], [1290, 476], [1291, 476], [1311, 476], [1312, 476], [1313, 476], [1314, 476], [1332, 476], [1333, 476], [1334, 476], [1335, 476], [1336, 476], [1266, 477], [1267, 477], [1268, 477], [1269, 477], [1270, 477], [1273, 477], [1274, 477], [1281, 477], [1282, 477], [1283, 477], [1284, 477], [1285, 477], [1288, 477], [1289, 477], [1290, 477], [1291, 477], [1292, 477], [1312, 477], [1313, 477], [1314, 477], [1315, 477], [1333, 477], [1334, 477], [1335, 477], [1336, 477], [1337, 477], [1267, 478], [1268, 478], [1269, 478], [1270, 478], [1271, 478], [1273, 478], [1274, 478], [1282, 478], [1283, 478], [1284, 478], [1285, 478], [1290, 478], [1291, 478], [1292, 478], [1293, 478], [1313, 478], [1314, 478], [1315, 478], [1316, 478], [1317, 478], [1335, 478], [1336, 478], [1337, 478], [1338, 478], [1269, 479], [1270, 479], [1271, 479], [1272, 479], [1273, 479], [1274, 479], [1275, 479], [1284, 479], [1285, 479], [1286, 479], [1291, 479], [1292, 479], [1293, 479], [1294, 479], [1314, 479], [1315, 479], [1316, 479], [1317, 479], [1318, 479], [1336, 479], [1337, 479], [1338, 479], [1339, 479], [1340, 479], [1270, 480], [1271, 480], [1272, 480], [1274, 480], [1275, 480], [1276, 480], [1278, 480], [1279, 480], [1280, 480], [1281, 480], [1282, 480], [1283, 480], [1284, 480], [1285, 480], [1286, 480], [1287, 480], [1288, 480], [1289, 480], [1292, 480], [1293, 480], [1294, 480], [1295, 480], [1316, 480], [1317, 480], [1318, 480], [1319, 480], [1337, 480], [1338, 480], [1339, 480], [1340, 480], [1341, 480], [1271, 481], [1272, 481], [1273, 481], [1275, 481], [1276, 481], [1277, 481], [1278, 481], [1279, 481], [1280, 481], [1281, 481], [1282, 481], [1283, 481], [1284, 481], [1285, 481], [1286, 481], [1287, 481], [1288, 481], [1289, 481], [1290, 481], [1293, 481], [1294, 481], [1295, 481], [1296, 481], [1317, 481], [1318, 481], [1319, 481], [1320, 481], [1339, 481], [1340, 481], [1341, 481], [1342, 481], [1272, 482], [1273, 482], [1274, 482], [1276, 482], [1277, 482], [1278, 482], [1279, 482], [1282, 482], [1283, 482], [1284, 482], [1285, 482], [1288, 482], [1289, 482], [1290, 482], [1291, 482], [1294, 482], [1295, 482], [1296, 482], [1297, 482], [1318, 482], [1319, 482], [1320, 482], [1321, 482], [1340, 482], [1341, 482], [1342, 482], [1343, 482], [1344, 482], [1273, 483], [1274, 483], [1275, 483], [1276, 483], [1283, 483], [1284, 483], [1285, 483], [1286, 483], [1289, 483], [1290, 483], [1291, 483], [1292, 483], [1295, 483], [1296, 483], [1297, 483], [1298, 483], [1319, 483], [1320, 483], [1321, 483], [1322, 483], [1323, 483], [1341, 483], [1342, 483], [1343, 483], [1344, 483], [1345, 483], [1274, 484], [1275, 484], [1276, 484], [1277, 484], [1284, 484], [1285, 484], [1286, 484], [1290, 484], [1291, 484], [1292, 484], [1293, 484], [1294, 484], [1295, 484], [1296, 484], [1297, 484], [1298, 484], [1299, 484], [1300, 484], [1320, 484], [1321, 484], [1322, 484], [1323, 484], [1324, 484], [1343, 484], [1344, 484], [1345, 484], [1346, 484], [1275, 485], [1276, 485], [1277, 485], [1278, 485], [1284, 485], [1285, 485], [1286, 485], [1291, 485], [1292, 485], [1293, 485], [1294, 485], [1295, 485], [1296, 485], [1297, 485], [1298, 485], [1299, 485], [1300, 485], [1301, 485], [1322, 485], [1323, 485], [1324, 485], [1325, 485], [1344, 485], [1345, 485], [1346, 485], [1347, 485], [1276, 486], [1277, 486], [1278, 486], [1279, 486], [1282, 486], [1283, 486], [1284, 486], [1285, 486], [1294, 486], [1295, 486], [1296, 486], [1297, 486], [1298, 486], [1299, 486], [1300, 486], [1301, 486], [1323, 486], [1324, 486], [1325, 486], [1326, 486], [1336, 486], [1337, 486], [1338, 486], [1345, 486], [1346, 486], [1347, 486], [1348, 486], [1277, 487], [1278, 487], [1279, 487], [1280, 487], [1281, 487], [1282, 487], [1283, 487], [1284, 487], [1285, 487], [1295, 487], [1296, 487], [1297, 487], [1298, 487], [1299, 487], [1300, 487], [1301, 487], [1302, 487], [1324, 487], [1325, 487], [1326, 487], [1327, 487], [1328, 487], [1336, 487], [1338, 487], [1346, 487], [1347, 487], [1348, 487], [1349, 487], [1278, 488], [1279, 488], [1280, 488], [1281, 488], [1282, 488], [1283, 488], [1297, 488], [1298, 488], [1299, 488], [1300, 488], [1301, 488], [1302, 488], [1303, 488], [1325, 488], [1326, 488], [1327, 488], [1328, 488], [1329, 488], [1336, 488], [1337, 488], [1338, 488], [1347, 488], [1348, 488], [1349, 488], [1350, 488], [1281, 489], [1282, 489], [1283, 489], [1284, 489], [1285, 489], [1286, 489], [1291, 489], [1292, 489], [1293, 489], [1294, 489], [1298, 489], [1299, 489], [1301, 489], [1302, 489], [1303, 489], [1304, 489], [1327, 489], [1328, 489], [1329, 489], [1330, 489], [1348, 489], [1349, 489], [1350, 489], [1351, 489], [1281, 490], [1282, 490], [1283, 490], [1284, 490], [1285, 490], [1286, 490], [1291, 490], [1292, 490], [1293, 490], [1294, 490], [1295, 490], [1297, 490], [1298, 490], [1299, 490], [1302, 490], [1303, 490], [1304, 490], [1305, 490], [1328, 490], [1329, 490], [1330, 490], [1331, 490], [1349, 490], [1350, 490], [1351, 490], [1352, 490], [1353, 490], [1281, 491], [1282, 491], [1283, 491], [1284, 491], [1285, 491], [1286, 491], [1291, 491], [1292, 491], [1293, 491], [1294, 491], [1295, 491], [1296, 491], [1297, 491], [1298, 491], [1299, 491], [1303, 491], [1304, 491], [1305, 491], [1306, 491], [1329, 491], [1330, 491], [1331, 491], [1332, 491], [1350, 491], [1351, 491], [1352, 491], [1353, 491], [1354, 491], [1282, 492], [1283, 492], [1284, 492], [1285, 492], [1286, 492], [1291, 492], [1292, 492], [1294, 492], [1295, 492], [1296, 492], [1297, 492], [1298, 492], [1304, 492], [1305, 492], [1306, 492], [1307, 492], [1330, 492], [1331, 492], [1332, 492], [1333, 492], [1352, 492], [1353, 492], [1354, 492], [1355, 492], [1356, 492], [1291, 493], [1292, 493], [1293, 493], [1305, 493], [1306, 493], [1307, 493], [1308, 493], [1331, 493], [1332, 493], [1333, 493], [1334, 493], [1353, 493], [1354, 493], [1355, 493], [1356, 493], [1357, 493], [1291, 494], [1292, 494], [1293, 494], [1294, 494], [1306, 494], [1307, 494], [1308, 494], [1309, 494], [1332, 494], [1333, 494], [1334, 494], [1335, 494], [1355, 494], [1356, 494], [1357, 494], [1358, 494], [1292, 495], [1293, 495], [1294, 495], [1295, 495], [1307, 495], [1308, 495], [1309, 495], [1310, 495], [1311, 495], [1333, 495], [1334, 495], [1335, 495], [1336, 495], [1337, 495], [1356, 495], [1357, 495], [1358, 495], [1359, 495], [1293, 496], [1294, 496], [1295, 496], [1296, 496], [1301, 496], [1302, 496], [1303, 496], [1304, 496], [1305, 496], [1306, 496], [1307, 496], [1308, 496], [1309, 496], [1310, 496], [1311, 496], [1312, 496], [1334, 496], [1335, 496], [1336, 496], [1337, 496], [1338, 496], [1357, 496], [1358, 496], [1359, 496], [1360, 496], [1294, 497], [1295, 497], [1296, 497], [1300, 497], [1301, 497], [1302, 497], [1303, 497], [1304, 497], [1305, 497], [1306, 497], [1307, 497], [1308, 497], [1310, 497], [1311, 497], [1312, 497], [1313, 497], [1336, 497], [1337, 497], [1338, 497], [1339, 497], [1358, 497], [1359, 497], [1360, 497], [1361, 497], [1295, 498], [1296, 498], [1300, 498], [1301, 498], [1302, 498], [1306, 498], [1307, 498], [1308, 498], [1309, 498], [1311, 498], [1312, 498], [1313, 498], [1314, 498], [1337, 498], [1338, 498], [1339, 498], [1340, 498], [1341, 498], [1347, 498], [1348, 498], [1349, 498], [1350, 498], [1351, 498], [1359, 498], [1360, 498], [1361, 498], [1362, 498], [1295, 499], [1296, 499], [1300, 499], [1301, 499], [1302, 499], [1303, 499], [1307, 499], [1308, 499], [1309, 499], [1310, 499], [1312, 499], [1313, 499], [1314, 499], [1315, 499], [1338, 499], [1339, 499], [1340, 499], [1341, 499], [1342, 499], [1343, 499], [1346, 499], [1347, 499], [1348, 499], [1349, 499], [1350, 499], [1351, 499], [1352, 499], [1353, 499], [1354, 499], [1355, 499], [1360, 499], [1361, 499], [1362, 499], [1363, 499], [1364, 499], [1295, 500], [1296, 500], [1297, 500], [1301, 500], [1302, 500], [1303, 500], [1304, 500], [1308, 500], [1309, 500], [1310, 500], [1313, 500], [1314, 500], [1315, 500], [1316, 500], [1317, 500], [1340, 500], [1341, 500], [1342, 500], [1343, 500], [1346, 500], [1347, 500], [1348, 500], [1349, 500], [1350, 500], [1351, 500], [1352, 500], [1353, 500], [1354, 500], [1355, 500], [1356, 500], [1357, 500], [1361, 500], [1362, 500], [1363, 500], [1364, 500], [1365, 500], [1295, 501], [1296, 501], [1297, 501], [1302, 501], [1303, 501], [1304, 501], [1309, 501], [1310, 501], [1311, 501], [1312, 501], [1313, 501], [1314, 501], [1315, 501], [1316, 501], [1317, 501], [1318, 501], [1342, 501], [1343, 501], [1344, 501], [1346, 501], [1347, 501], [1348, 501], [1349, 501], [1350, 501], [1354, 501], [1355, 501], [1356, 501], [1357, 501], [1358, 501], [1363, 501], [1364, 501], [1365, 501], [1366, 501], [1296, 502], [1297, 502], [1303, 502], [1304, 502], [1309, 502], [1310, 502], [1311, 502], [1312, 502], [1313, 502], [1314, 502], [1316, 502], [1317, 502], [1318, 502], [1319, 502], [1342, 502], [1343, 502], [1344, 502], [1345, 502], [1347, 502], [1348, 502], [1349, 502], [1350, 502], [1356, 502], [1357, 502], [1358, 502], [1359, 502], [1360, 502], [1361, 502], [1362, 502], [1364, 502], [1365, 502], [1366, 502], [1367, 502], [1296, 503], [1297, 503], [1298, 503], [1303, 503], [1304, 503], [1312, 503], [1313, 503], [1314, 503], [1315, 503], [1317, 503], [1318, 503], [1319, 503], [1320, 503], [1343, 503], [1344, 503], [1345, 503], [1346, 503], [1347, 503], [1348, 503], [1349, 503], [1350, 503], [1351, 503], [1357, 503], [1358, 503], [1359, 503], [1360, 503], [1361, 503], [1362, 503], [1363, 503], [1365, 503], [1366, 503], [1367, 503], [1368, 503], [1369, 503], [1296, 504], [1297, 504], [1298, 504], [1299, 504], [1303, 504], [1304, 504], [1313, 504], [1314, 504], [1315, 504], [1316, 504], [1318, 504], [1319, 504], [1320, 504], [1321, 504], [1344, 504], [1345, 504], [1346, 504], [1347, 504], [1348, 504], [1349, 504], [1350, 504], [1351, 504], [1361, 504], [1362, 504], [1363, 504], [1366, 504], [1367, 504], [1368, 504], [1369, 504], [1370, 504], [1297, 505], [1298, 505], [1299, 505], [1303, 505], [1304, 505], [1314, 505], [1315, 505], [1316, 505], [1317, 505], [1319, 505], [1320, 505], [1321, 505], [1322, 505], [1346, 505], [1347, 505], [1348, 505], [1349, 505], [1350, 505], [1351, 505], [1362, 505], [1363, 505], [1364, 505], [1365, 505], [1368, 505], [1369, 505], [1370, 505], [1298, 506], [1299, 506], [1300, 506], [1301, 506], [1303, 506], [1304, 506], [1305, 506], [1306, 506], [1315, 506], [1316, 506], [1317, 506], [1318, 506], [1319, 506], [1320, 506], [1321, 506], [1322, 506], [1323, 506], [1348, 506], [1349, 506], [1350, 506], [1351, 506], [1362, 506], [1363, 506], [1364, 506], [1365, 506], [1366, 506], [1367, 506], [1368, 506], [1369, 506], [1370, 506], [1371, 506], [1298, 507], [1299, 507], [1300, 507], [1301, 507], [1302, 507], [1303, 507], [1304, 507], [1305, 507], [1306, 507], [1316, 507], [1317, 507], [1318, 507], [1319, 507], [1320, 507], [1322, 507], [1323, 507], [1324, 507], [1349, 507], [1350, 507], [1351, 507], [1364, 507], [1365, 507], [1366, 507], [1367, 507], [1368, 507], [1369, 507], [1370, 507], [1371, 507], [1372, 507], [1373, 507], [1300, 508], [1301, 508], [1302, 508], [1303, 508], [1305, 508], [1306, 508], [1318, 508], [1319, 508], [1320, 508], [1321, 508], [1323, 508], [1324, 508], [1325, 508], [1326, 508], [1368, 508], [1369, 508], [1370, 508], [1371, 508], [1372, 508], [1373, 508], [1374, 508], [1301, 509], [1302, 509], [1303, 509], [1304, 509], [1305, 509], [1306, 509], [1320, 509], [1321, 509], [1322, 509], [1324, 509], [1325, 509], [1326, 509], [1327, 509], [1370, 509], [1371, 509], [1373, 509], [1374, 509], [1375, 509], [1376, 509], [1302, 510], [1303, 510], [1304, 510], [1305, 510], [1306, 510], [1307, 510], [1321, 510], [1322, 510], [1323, 510], [1324, 510], [1326, 510], [1327, 510], [1328, 510], [1370, 510], [1371, 510], [1372, 510], [1374, 510], [1375, 510], [1376, 510], [1303, 511], [1304, 511], [1305, 511], [1306, 511], [1307, 511], [1322, 511], [1323, 511], [1324, 511], [1325, 511], [1327, 511], [1328, 511], [1329, 511], [1330, 511], [1371, 511], [1372, 511], [1373, 511], [1374, 511], [1375, 511], [1376, 511], [1377, 511], [1304, 512], [1305, 512], [1306, 512], [1307, 512], [1324, 512], [1325, 512], [1326, 512], [1328, 512], [1329, 512], [1330, 512], [1331, 512], [1372, 512], [1373, 512], [1374, 512], [1375, 512], [1376, 512], [1377, 512], [1308, 513], [1309, 513], [1310, 513], [1311, 513], [1325, 513], [1326, 513], [1327, 513], [1329, 513], [1330, 513], [1331, 513], [1332, 513], [1375, 513], [1376, 513], [1378, 513], [1379, 513], [1380, 513], [1308, 514], [1309, 514], [1310, 514], [1311, 514], [1326, 514], [1327, 514], [1328, 514], [1330, 514], [1331, 514], [1332, 514], [1333, 514], [1377, 514], [1378, 514], [1379, 514], [1380, 514], [1381, 514], [1308, 515], [1309, 515], [1310, 515], [1311, 515], [1326, 515], [1327, 515], [1328, 515], [1329, 515], [1331, 515], [1332, 515], [1333, 515], [1334, 515], [1377, 515], [1378, 515], [1379, 515], [1380, 515], [1381, 515], [1309, 516], [1310, 516], [1312, 516], [1313, 516], [1314, 516], [1315, 516], [1327, 516], [1328, 516], [1329, 516], [1332, 516], [1333, 516], [1334, 516], [1335, 516], [1379, 516], [1380, 516], [1381, 516], [1382, 516], [1383, 516], [1384, 516], [1311, 517], [1312, 517], [1313, 517], [1314, 517], [1315, 517], [1316, 517], [1328, 517], [1329, 517], [1330, 517], [1333, 517], [1334, 517], [1335, 517], [1336, 517], [1382, 517], [1383, 517], [1384, 517], [1385, 517], [1386, 517], [1311, 518], [1312, 518], [1313, 518], [1315, 518], [1316, 518], [1328, 518], [1329, 518], [1330, 518], [1331, 518], [1332, 518], [1333, 518], [1334, 518], [1335, 518], [1336, 518], [1337, 518], [1382, 518], [1383, 518], [1384, 518], [1385, 518], [1386, 518], [1387, 518], [1312, 519], [1313, 519], [1314, 519], [1315, 519], [1316, 519], [1317, 519], [1329, 519], [1330, 519], [1331, 519], [1332, 519], [1333, 519], [1334, 519], [1336, 519], [1337, 519], [1338, 519], [1383, 519], [1384, 519], [1385, 519], [1386, 519], [1387, 519], [1388, 519], [1313, 520], [1314, 520], [1315, 520], [1316, 520], [1317, 520], [1332, 520], [1333, 520], [1334, 520], [1335, 520], [1337, 520], [1338, 520], [1339, 520], [1383, 520], [1384, 520], [1385, 520], [1386, 520], [1387, 520], [1388, 520], [1389, 520], [1314, 521], [1315, 521], [1316, 521], [1317, 521], [1334, 521], [1335, 521], [1336, 521], [1338, 521], [1339, 521], [1340, 521], [1385, 521], [1386, 521], [1387, 521], [1388, 521], [1389, 521], [1335, 522], [1336, 522], [1337, 522], [1339, 522], [1340, 522], [1341, 522], [1386, 522], [1387, 522], [1388, 522], [1390, 522], [1391, 522], [1392, 522], [1336, 523], [1337, 523], [1338, 523], [1340, 523], [1341, 523], [1342, 523], [1389, 523], [1390, 523], [1391, 523], [1392, 523], [1393, 523], [1337, 524], [1338, 524], [1339, 524], [1340, 524], [1341, 524], [1342, 524], [1389, 524], [1390, 524], [1391, 524], [1392, 524], [1393, 524], [1394, 524], [1338, 525], [1339, 525], [1340, 525], [1341, 525], [1342, 525], [1390, 525], [1391, 525], [1392, 525], [1393, 525], [1394, 525], [1395, 525], [1391, 526], [1392, 526], [1393, 526], [1394, 526], [1395, 526], [1396, 526], [1392, 527], [1393, 527], [1394, 527], [1395, 527], [1396, 527], [1397, 527], [1393, 528], [1394, 528], [1395, 528], [1396, 528], [1397, 528], [1394, 529], [1395, 529], [1396, 529], [1397, 529], [1398, 529], [1399, 529], [1400, 529], [1398, 530], [1400, 530], [1335, 531], [1336, 531], [1337, 531], [1398, 531], [1399, 531], [1400, 531], [1335, 532], [1336, 532], [1337, 532], [1338, 532], [1331, 533], [1332, 533], [1333, 533], [1334, 533], [1335, 533], [1336, 533], [1337, 533], [1338, 533], [1331, 534], [1332, 534], [1333, 534], [1334, 534], [1335, 534], [1336, 534], [1337, 534], [1338, 534], [1339, 534], [1331, 535], [1332, 535], [1333, 535], [1334, 535], [1336, 535], [1337, 535], [1338, 535], [1339, 535], [1340, 535], [1331, 536], [1332, 536], [1333, 536], [1335, 536], [1336, 536], [1337, 536], [1339, 536], [1340, 536], [1341, 536], [1332, 537], [1333, 537], [1334, 537], [1335, 537], [1336, 537], [1337, 537], [1338, 537], [1340, 537], [1341, 537], [1342, 537], [1343, 537], [1333, 538], [1334, 538], [1335, 538], [1336, 538], [1337, 538], [1338, 538], [1339, 538], [1340, 538], [1341, 538], [1342, 538], [1343, 538], [1338, 539], [1339, 539], [1340, 539], [1341, 539], [1342, 539], [1343, 539], [1338, 540], [1339, 540], [1340, 540], [1341, 540], [1342, 540], [1338, 541], [1339, 541], [1340, 541], [1341, 541], [1338, 542], [1339, 542], [1341, 542], [1342, 542], [1343, 542], [1339, 543], [1340, 543], [1341, 543], [1342, 543], [1343, 543], [1339, 544], [1340, 544], [1341, 544], [1342, 544], [1343, 544], [1340, 545], [1341, 545], [1342, 545], [1343, 545], [1341, 546], [1342, 546], [1343, 546], [1427, 552], [1428, 552], [1429, 552], [1427, 553], [1429, 553], [1427, 554], [1428, 554], [1429, 554], [1355, 556], [1356, 556], [1357, 556], [1355, 557], [1357, 557], [1355, 558], [1356, 558], [1357, 558], [1434, 558], [1435, 558], [1436, 558], [1434, 559], [1435, 559], [1436, 559], [1437, 559], [1434, 560], [1435, 560], [1436, 560], [1437, 560], [1435, 561], [1436, 561], [1437, 561]


