White line left - [186, 1026], [187, 1026], [184, 1027], [185, 1027], [186, 1027], [183, 1028], [184, 1028], [185, 1028], [182, 1029], [183, 1029], [184, 1029], [185, 1029], [182, 1030], [183, 1030], [184, 1030], [181, 1031], [182, 1031], [183, 1031], [180, 1032], [181, 1032], [182, 1032], [183, 1032], [179, 1033], [180, 1033], [181, 1033], [182, 1033], [179, 1034], [180, 1034], [181, 1034], [178, 1035], [179, 1035], [180, 1035], [178, 1036], [179, 1036], [180, 1036], [177, 1037], [178, 1037], [179, 1037], [176, 1038], [177, 1038], [178, 1038], [179, 1038], [175, 1039], [176, 1039], [177, 1039], [178, 1039], [175, 1040], [176, 1040], [177, 1040], [174, 1041], [175, 1041], [176, 1041], [173, 1042], [174, 1042], [175, 1042], [176, 1042], [172, 1043], [173, 1043], [174, 1043], [175, 1043], [172, 1044], [173, 1044], [174, 1044], [171, 1045], [172, 1045], [173, 1045], [171, 1046], [172, 1046], [173, 1046], [170, 1047], [171, 1047], [172, 1047], [169, 1048], [170, 1048], [171, 1048], [172, 1048], [169, 1049], [170, 1049], [171, 1049], [168, 1050], [169, 1050], [170, 1050], [167, 1051], [168, 1051], [169, 1051], [170, 1051], [166, 1052], [167, 1052], [168, 1052], [169, 1052], [166, 1053], [167, 1053], [168, 1053], [165, 1054], [166, 1054], [167, 1054], [164, 1055], [165, 1055], [166, 1055], [167, 1055], [163, 1056], [164, 1056], [165, 1056], [166, 1056], [163, 1057], [164, 1057], [165, 1057], [162, 1058], [163, 1058], [164, 1058], [161, 1059], [162, 1059], [163, 1059], [164, 1059], [161, 1060], [162, 1060], [163, 1060], [160, 1061], [161, 1061], [162, 1061], [159, 1062], [160, 1062], [161, 1062], [162, 1062], [159, 1063], [160, 1063], [161, 1063], [158, 1064], [159, 1064], [160, 1064], [157, 1065], [158, 1065], [159, 1065], [160, 1065], [156, 1066], [157, 1066], [158, 1066], [159, 1066], [155, 1067], [156, 1067], [157, 1067], [158, 1067], [155, 1068], [156, 1068], [157, 1068], [154, 1069], [155, 1069], [156, 1069], [154, 1070], [155, 1070], [156, 1070], [153, 1071], [154, 1071], [155, 1071], [152, 1072], [153, 1072], [154, 1072], [155, 1072], [151, 1073], [152, 1073], [153, 1073], [154, 1073], [151, 1074], [152, 1074], [153, 1074], [103, 1075], [150, 1075], [151, 1075], [152, 1075], [102, 1076], [103, 1076], [149, 1076], [150, 1076], [151, 1076], [152, 1076], [100, 1077], [101, 1077], [102, 1077], [149, 1077], [150, 1077], [151, 1077], [99, 1078], [100, 1078], [101, 1078], [148, 1078], [149, 1078], [150, 1078], [99, 1079], [100, 1079], [148, 1079], [149, 1079], [150, 1079]




Yellow line left - 




Yellow line right - 




White line right - [1734, 107], [1735, 107], [1736, 107], [1737, 107], [1738, 107], [1739, 107], [1740, 107], [1734, 108], [1735, 108], [1739, 108], [1740, 108], [1745, 108], [1746, 108], [1747, 108], [1748, 108], [1749, 108], [1750, 108], [1751, 108], [1752, 108], [1753, 108], [1754, 108], [1755, 108], [1756, 108], [1757, 108], [1758, 108], [1734, 109], [1735, 109], [1736, 109], [1737, 109], [1738, 109], [1739, 109], [1740, 109], [1745, 109], [1746, 109], [1757, 109], [1758, 109], [1763, 109], [1764, 109], [1765, 109], [1766, 109], [1767, 109], [1768, 109], [1769, 109], [1770, 109], [1771, 109], [1772, 109], [1773, 109], [1745, 110], [1746, 110], [1747, 110], [1748, 110], [1749, 110], [1750, 110], [1751, 110], [1752, 110], [1753, 110], [1754, 110], [1755, 110], [1756, 110], [1757, 110], [1758, 110], [1763, 110], [1764, 110], [1767, 110], [1768, 110], [1769, 110], [1770, 110], [1771, 110], [1772, 110], [1773, 110], [1774, 110], [1775, 110], [1779, 110], [1780, 110], [1781, 110], [1782, 110], [1783, 110], [1784, 110], [1785, 110], [1786, 110], [1787, 110], [1788, 110], [1789, 110], [1747, 111], [1748, 111], [1749, 111], [1763, 111], [1764, 111], [1765, 111], [1766, 111], [1767, 111], [1768, 111], [1769, 111], [1770, 111], [1771, 111], [1772, 111], [1773, 111], [1774, 111], [1775, 111], [1779, 111], [1780, 111], [1787, 111], [1788, 111], [1789, 111], [1790, 111], [1791, 111], [1792, 111], [1793, 111], [1794, 111], [1795, 111], [1796, 111], [1797, 111], [1798, 111], [1799, 111], [1800, 111], [1801, 111], [1802, 111], [1803, 111], [1747, 112], [1748, 112], [1749, 112], [1750, 112], [1751, 112], [1752, 112], [1753, 112], [1754, 112], [1755, 112], [1767, 112], [1768, 112], [1769, 112], [1770, 112], [1771, 112], [1772, 112], [1773, 112], [1774, 112], [1775, 112], [1779, 112], [1780, 112], [1781, 112], [1782, 112], [1783, 112], [1784, 112], [1785, 112], [1786, 112], [1787, 112], [1788, 112], [1789, 112], [1801, 112], [1802, 112], [1803, 112], [1804, 112], [1805, 112], [1806, 112], [1807, 112], [1808, 112], [1809, 112], [1810, 112], [1811, 112], [1812, 112], [1813, 112], [1814, 112], [1815, 112], [1816, 112], [1817, 112], [1818, 112], [1819, 112], [1820, 112], [1821, 112], [1822, 112], [1823, 112], [1824, 112], [1747, 113], [1748, 113], [1749, 113], [1750, 113], [1751, 113], [1752, 113], [1753, 113], [1754, 113], [1755, 113], [1778, 113], [1779, 113], [1780, 113], [1781, 113], [1782, 113], [1783, 113], [1784, 113], [1785, 113], [1787, 113], [1788, 113], [1789, 113], [1790, 113], [1791, 113], [1792, 113], [1793, 113], [1794, 113], [1795, 113], [1796, 113], [1797, 113], [1798, 113], [1799, 113], [1800, 113], [1801, 113], [1802, 113], [1803, 113], [1746, 114], [1747, 114], [1748, 114], [1749, 114], [1754, 114], [1755, 114], [1756, 114], [1757, 114], [1778, 114], [1779, 114], [1780, 114], [1782, 114], [1784, 114], [1785, 114], [1801, 114], [1802, 114], [1803, 114], [1804, 114], [1805, 114], [1806, 114], [1807, 114], [1808, 114], [1809, 114], [1810, 114], [1811, 114], [1812, 114], [1813, 114], [1814, 114], [1815, 114], [1816, 114], [1817, 114], [1818, 114], [1819, 114], [1820, 114], [1821, 114], [1822, 114], [1823, 114], [1824, 114], [1746, 115], [1747, 115], [1748, 115], [1749, 115], [1750, 115], [1751, 115], [1752, 115], [1753, 115], [1754, 115], [1755, 115], [1756, 115], [1757, 115], [1778, 115], [1779, 115], [1780, 115], [1781, 115], [1782, 115], [1783, 115], [1784, 115], [1785, 115], [1786, 115], [1798, 115], [1799, 115], [1800, 115], [1746, 116], [1747, 116], [1748, 116], [1749, 116], [1750, 116], [1751, 116], [1752, 116], [1753, 116], [1754, 116], [1755, 116], [1756, 116], [1757, 116], [1784, 116], [1786, 116], [1788, 116], [1789, 116], [1790, 116], [1791, 116], [1792, 116], [1798, 116], [1800, 116], [1752, 117], [1753, 117], [1754, 117], [1755, 117], [1779, 117], [1780, 117], [1781, 117], [1782, 117], [1784, 117], [1785, 117], [1786, 117], [1788, 117], [1789, 117], [1791, 117], [1792, 117], [1798, 117], [1799, 117], [1800, 117], [1779, 118], [1780, 118], [1781, 118], [1782, 118], [1783, 118], [1784, 118], [1785, 118], [1786, 118], [1787, 118], [1788, 118], [1789, 118], [1790, 118], [1791, 118], [1792, 118], [1732, 119], [1733, 119], [1734, 119], [1735, 119], [1743, 119], [1744, 119], [1745, 119], [1746, 119], [1747, 119], [1779, 119], [1780, 119], [1781, 119], [1782, 119], [1783, 119], [1784, 119], [1785, 119], [1787, 119], [1732, 120], [1733, 120], [1734, 120], [1735, 120], [1743, 120], [1744, 120], [1746, 120], [1747, 120], [1748, 120], [1749, 120], [1750, 120], [1751, 120], [1752, 120], [1753, 120], [1754, 120], [1781, 120], [1782, 120], [1783, 120], [1784, 120], [1785, 120], [1786, 120], [1787, 120], [1802, 120], [1803, 120], [1804, 120], [1807, 120], [1808, 120], [1809, 120], [1810, 120], [1811, 120], [1812, 120], [1813, 120], [1732, 121], [1733, 121], [1734, 121], [1735, 121], [1743, 121], [1744, 121], [1745, 121], [1746, 121], [1747, 121], [1748, 121], [1753, 121], [1754, 121], [1759, 121], [1760, 121], [1761, 121], [1762, 121], [1763, 121], [1764, 121], [1765, 121], [1766, 121], [1767, 121], [1768, 121], [1769, 121], [1770, 121], [1771, 121], [1783, 121], [1784, 121], [1785, 121], [1802, 121], [1803, 121], [1804, 121], [1805, 121], [1806, 121], [1807, 121], [1808, 121], [1809, 121], [1810, 121], [1811, 121], [1812, 121], [1813, 121], [1747, 122], [1748, 122], [1749, 122], [1750, 122], [1751, 122], [1752, 122], [1753, 122], [1754, 122], [1759, 122], [1760, 122], [1770, 122], [1771, 122], [1773, 122], [1774, 122], [1775, 122], [1776, 122], [1777, 122], [1778, 122], [1802, 122], [1803, 122], [1804, 122], [1807, 122], [1808, 122], [1809, 122], [1810, 122], [1811, 122], [1812, 122], [1813, 122], [1759, 123], [1760, 123], [1761, 123], [1762, 123], [1763, 123], [1764, 123], [1765, 123], [1766, 123], [1767, 123], [1768, 123], [1769, 123], [1770, 123], [1771, 123], [1773, 123], [1774, 123], [1777, 123], [1778, 123], [1784, 123], [1785, 123], [1786, 123], [1787, 123], [1788, 123], [1789, 123], [1790, 123], [1791, 123], [1792, 123], [1802, 123], [1803, 123], [1804, 123], [1805, 123], [1806, 123], [1807, 123], [1808, 123], [1809, 123], [1810, 123], [1811, 123], [1812, 123], [1813, 123], [1773, 124], [1774, 124], [1775, 124], [1776, 124], [1777, 124], [1778, 124], [1784, 124], [1785, 124], [1791, 124], [1792, 124], [1796, 124], [1797, 124], [1798, 124], [1799, 124], [1800, 124], [1801, 124], [1802, 124], [1803, 124], [1784, 125], [1785, 125], [1786, 125], [1787, 125], [1788, 125], [1789, 125], [1790, 125], [1791, 125], [1792, 125], [1796, 125], [1797, 125], [1802, 125], [1803, 125], [1808, 125], [1809, 125], [1810, 125], [1811, 125], [1796, 126], [1797, 126], [1798, 126], [1799, 126], [1800, 126], [1801, 126], [1802, 126], [1803, 126], [1808, 126], [1809, 126], [1810, 126], [1811, 126], [1817, 126], [1818, 126], [1819, 126], [1820, 126], [1808, 127], [1809, 127], [1810, 127], [1811, 127], [1817, 127], [1818, 127], [1819, 127], [1820, 127], [1817, 128], [1818, 128], [1819, 128], [1820, 128], [1685, 136], [1686, 136], [1687, 136], [1688, 136], [1689, 136], [1690, 136], [1691, 136], [1692, 136], [1687, 137], [1688, 137], [1689, 137], [1691, 137], [1692, 137], [1697, 137], [1698, 137], [1699, 137], [1700, 137], [1701, 137], [1702, 137], [1703, 137], [1704, 137], [1682, 138], [1683, 138], [1684, 138], [1685, 138], [1686, 138], [1687, 138], [1688, 138], [1689, 138], [1690, 138], [1691, 138], [1692, 138], [1697, 138], [1698, 138], [1703, 138], [1704, 138], [1714, 138], [1715, 138], [1716, 138], [1687, 139], [1688, 139], [1689, 139], [1697, 139], [1698, 139], [1699, 139], [1700, 139], [1701, 139], [1702, 139], [1703, 139], [1704, 139], [1714, 139], [1716, 139], [1721, 139], [1722, 139], [1723, 139], [1724, 139], [1725, 139], [1726, 139], [1706, 140], [1707, 140], [1708, 140], [1709, 140], [1714, 140], [1715, 140], [1716, 140], [1721, 140], [1722, 140], [1725, 140], [1726, 140], [1734, 140], [1735, 140], [1736, 140], [1737, 140], [1689, 141], [1690, 141], [1691, 141], [1692, 141], [1693, 141], [1694, 141], [1695, 141], [1696, 141], [1703, 141], [1704, 141], [1705, 141], [1706, 141], [1707, 141], [1708, 141], [1709, 141], [1710, 141], [1711, 141], [1712, 141], [1721, 141], [1722, 141], [1723, 141], [1724, 141], [1725, 141], [1726, 141], [1734, 141], [1735, 141], [1736, 141], [1737, 141], [1741, 141], [1742, 141], [1743, 141], [1744, 141], [1745, 141], [1746, 141], [1747, 141], [1675, 142], [1676, 142], [1677, 142], [1689, 142], [1691, 142], [1692, 142], [1693, 142], [1695, 142], [1696, 142], [1703, 142], [1704, 142], [1705, 142], [1706, 142], [1707, 142], [1708, 142], [1709, 142], [1710, 142], [1711, 142], [1712, 142], [1734, 142], [1735, 142], [1736, 142], [1737, 142], [1741, 142], [1742, 142], [1746, 142], [1747, 142], [1751, 142], [1752, 142], [1753, 142], [1754, 142], [1755, 142], [1756, 142], [1757, 142], [1675, 143], [1677, 143], [1689, 143], [1690, 143], [1691, 143], [1692, 143], [1693, 143], [1694, 143], [1695, 143], [1696, 143], [1703, 143], [1704, 143], [1705, 143], [1706, 143], [1709, 143], [1710, 143], [1711, 143], [1712, 143], [1741, 143], [1742, 143], [1743, 143], [1744, 143], [1745, 143], [1746, 143], [1747, 143], [1751, 143], [1752, 143], [1756, 143], [1757, 143], [1758, 143], [1759, 143], [1760, 143], [1761, 143], [1762, 143], [1763, 143], [1764, 143], [1765, 143], [1766, 143], [1675, 144], [1676, 144], [1677, 144], [1751, 144], [1752, 144], [1753, 144], [1754, 144], [1755, 144], [1756, 144], [1757, 144], [1758, 144], [1759, 144], [1765, 144], [1766, 144], [1770, 144], [1771, 144], [1772, 144], [1773, 144], [1774, 144], [1775, 144], [1758, 145], [1759, 145], [1760, 145], [1761, 145], [1762, 145], [1763, 145], [1764, 145], [1765, 145], [1766, 145], [1770, 145], [1771, 145], [1774, 145], [1775, 145], [1782, 145], [1783, 145], [1784, 145], [1770, 146], [1771, 146], [1772, 146], [1773, 146], [1774, 146], [1775, 146], [1782, 146], [1784, 146], [1787, 146], [1788, 146], [1789, 146], [1790, 146], [1791, 146], [1792, 146], [1793, 146], [1794, 146], [1782, 147], [1783, 147], [1784, 147], [1787, 147], [1788, 147], [1793, 147], [1794, 147], [1799, 147], [1800, 147], [1801, 147], [1802, 147], [1787, 148], [1788, 148], [1789, 148], [1790, 148], [1791, 148], [1792, 148], [1793, 148], [1794, 148], [1799, 148], [1800, 148], [1801, 148], [1802, 148], [1808, 148], [1809, 148], [1810, 148], [1799, 149], [1800, 149], [1801, 149], [1802, 149], [1808, 149], [1810, 149], [1814, 149], [1815, 149], [1816, 149], [1817, 149], [1818, 149], [1808, 150], [1809, 150], [1810, 150], [1814, 150], [1815, 150], [1817, 150], [1818, 150], [1814, 151], [1815, 151], [1816, 151], [1817, 151], [1818, 151], [1813, 156], [1814, 156], [1815, 156], [1816, 156], [1817, 156], [1813, 157], [1814, 157], [1816, 157], [1817, 157], [1813, 158], [1814, 158], [1815, 158], [1816, 158], [1817, 158], [1675, 161], [1676, 161], [1677, 161], [1678, 161], [1679, 161], [1680, 161], [1675, 162], [1676, 162], [1677, 162], [1678, 162], [1679, 162], [1680, 162], [1675, 163], [1676, 163], [1677, 163], [1678, 163], [1679, 163], [1680, 163], [1690, 163], [1691, 163], [1692, 163], [1693, 163], [1694, 163], [1695, 163], [1696, 163], [1697, 163], [1698, 163], [1699, 163], [1700, 163], [1701, 163], [1675, 164], [1676, 164], [1677, 164], [1678, 164], [1679, 164], [1680, 164], [1690, 164], [1691, 164], [1700, 164], [1701, 164], [1690, 165], [1691, 165], [1692, 165], [1693, 165], [1694, 165], [1695, 165], [1696, 165], [1697, 165], [1698, 165], [1699, 165], [1700, 165], [1701, 165], [1633, 167], [1634, 167], [1641, 167], [1642, 167], [1643, 167], [1632, 168], [1634, 168], [1635, 168], [1636, 168], [1637, 168], [1638, 168], [1639, 168], [1641, 168], [1642, 168], [1643, 168], [1632, 169], [1633, 169], [1634, 169], [1635, 169], [1638, 169], [1639, 169], [1641, 169], [1642, 169], [1643, 169], [1684, 169], [1685, 169], [1686, 169], [1687, 169], [1688, 169], [1689, 169], [1690, 169], [1634, 170], [1635, 170], [1636, 170], [1637, 170], [1638, 170], [1639, 170], [1641, 170], [1642, 170], [1643, 170], [1684, 170], [1685, 170], [1686, 170], [1687, 170], [1688, 170], [1689, 170], [1690, 170], [1691, 170], [1692, 170], [1693, 170], [1684, 171], [1685, 171], [1686, 171], [1687, 171], [1688, 171], [1690, 171], [1691, 171], [1692, 171], [1693, 171], [1694, 171], [1695, 171], [1696, 171], [1697, 171], [1698, 171], [1699, 171], [1700, 171], [1701, 171], [1702, 171], [1703, 171], [1704, 171], [1705, 171], [1706, 171], [1707, 171], [1685, 172], [1686, 172], [1687, 172], [1688, 172], [1689, 172], [1692, 172], [1693, 172], [1694, 172], [1695, 172], [1696, 172], [1697, 172], [1698, 172], [1699, 172], [1700, 172], [1701, 172], [1702, 172], [1703, 172], [1704, 172], [1705, 172], [1706, 172], [1707, 172], [1708, 172], [1709, 172], [1624, 173], [1625, 173], [1626, 173], [1627, 173], [1628, 173], [1629, 173], [1630, 173], [1664, 173], [1665, 173], [1666, 173], [1687, 173], [1688, 173], [1689, 173], [1690, 173], [1691, 173], [1692, 173], [1693, 173], [1694, 173], [1695, 173], [1696, 173], [1697, 173], [1698, 173], [1699, 173], [1700, 173], [1701, 173], [1703, 173], [1704, 173], [1705, 173], [1706, 173], [1707, 173], [1708, 173], [1709, 173], [1717, 173], [1718, 173], [1719, 173], [1720, 173], [1721, 173], [1727, 173], [1728, 173], [1729, 173], [1730, 173], [1621, 174], [1622, 174], [1624, 174], [1625, 174], [1629, 174], [1630, 174], [1632, 174], [1633, 174], [1634, 174], [1635, 174], [1664, 174], [1666, 174], [1680, 174], [1681, 174], [1682, 174], [1687, 174], [1688, 174], [1689, 174], [1690, 174], [1691, 174], [1692, 174], [1693, 174], [1694, 174], [1695, 174], [1696, 174], [1697, 174], [1698, 174], [1699, 174], [1700, 174], [1701, 174], [1702, 174], [1703, 174], [1704, 174], [1705, 174], [1706, 174], [1707, 174], [1708, 174], [1709, 174], [1717, 174], [1718, 174], [1719, 174], [1720, 174], [1721, 174], [1722, 174], [1723, 174], [1724, 174], [1725, 174], [1726, 174], [1727, 174], [1728, 174], [1729, 174], [1730, 174], [1731, 174], [1624, 175], [1625, 175], [1626, 175], [1627, 175], [1628, 175], [1629, 175], [1630, 175], [1632, 175], [1633, 175], [1634, 175], [1635, 175], [1664, 175], [1665, 175], [1666, 175], [1675, 175], [1676, 175], [1677, 175], [1680, 175], [1682, 175], [1688, 175], [1689, 175], [1690, 175], [1694, 175], [1695, 175], [1696, 175], [1697, 175], [1698, 175], [1699, 175], [1700, 175], [1701, 175], [1702, 175], [1703, 175], [1704, 175], [1717, 175], [1718, 175], [1719, 175], [1720, 175], [1721, 175], [1722, 175], [1723, 175], [1724, 175], [1725, 175], [1726, 175], [1727, 175], [1728, 175], [1729, 175], [1730, 175], [1731, 175], [1732, 175], [1632, 176], [1633, 176], [1634, 176], [1635, 176], [1645, 176], [1646, 176], [1647, 176], [1648, 176], [1675, 176], [1676, 176], [1677, 176], [1678, 176], [1679, 176], [1681, 176], [1682, 176], [1718, 176], [1719, 176], [1720, 176], [1721, 176], [1722, 176], [1723, 176], [1724, 176], [1730, 176], [1731, 176], [1732, 176], [1733, 176], [1734, 176], [1735, 176], [1736, 176], [1737, 176], [1747, 176], [1748, 176], [1749, 176], [1645, 177], [1646, 177], [1647, 177], [1648, 177], [1650, 177], [1651, 177], [1652, 177], [1653, 177], [1675, 177], [1676, 177], [1677, 177], [1678, 177], [1679, 177], [1680, 177], [1718, 177], [1719, 177], [1720, 177], [1721, 177], [1722, 177], [1723, 177], [1724, 177], [1725, 177], [1726, 177], [1727, 177], [1728, 177], [1729, 177], [1730, 177], [1731, 177], [1732, 177], [1733, 177], [1734, 177], [1735, 177], [1736, 177], [1737, 177], [1738, 177], [1739, 177], [1740, 177], [1741, 177], [1742, 177], [1743, 177], [1744, 177], [1745, 177], [1746, 177], [1747, 177], [1748, 177], [1749, 177], [1645, 178], [1646, 178], [1647, 178], [1648, 178], [1650, 178], [1651, 178], [1652, 178], [1653, 178], [1657, 178], [1658, 178], [1659, 178], [1675, 178], [1676, 178], [1677, 178], [1678, 178], [1679, 178], [1680, 178], [1723, 178], [1724, 178], [1725, 178], [1726, 178], [1727, 178], [1728, 178], [1729, 178], [1730, 178], [1731, 178], [1732, 178], [1733, 178], [1736, 178], [1737, 178], [1738, 178], [1739, 178], [1740, 178], [1741, 178], [1742, 178], [1743, 178], [1744, 178], [1745, 178], [1746, 178], [1747, 178], [1748, 178], [1749, 178], [1750, 178], [1650, 179], [1651, 179], [1652, 179], [1653, 179], [1657, 179], [1659, 179], [1662, 179], [1663, 179], [1664, 179], [1665, 179], [1676, 179], [1677, 179], [1678, 179], [1679, 179], [1680, 179], [1729, 179], [1730, 179], [1731, 179], [1732, 179], [1733, 179], [1734, 179], [1735, 179], [1736, 179], [1737, 179], [1738, 179], [1739, 179], [1741, 179], [1742, 179], [1748, 179], [1749, 179], [1750, 179], [1657, 180], [1658, 180], [1659, 180], [1662, 180], [1663, 180], [1664, 180], [1665, 180], [1669, 180], [1670, 180], [1671, 180], [1712, 180], [1713, 180], [1714, 180], [1715, 180], [1727, 180], [1728, 180], [1729, 180], [1732, 180], [1733, 180], [1734, 180], [1735, 180], [1736, 180], [1737, 180], [1738, 180], [1739, 180], [1740, 180], [1741, 180], [1742, 180], [1743, 180], [1749, 180], [1750, 180], [1751, 180], [1752, 180], [1753, 180], [1754, 180], [1755, 180], [1756, 180], [1757, 180], [1758, 180], [1759, 180], [1662, 181], [1663, 181], [1664, 181], [1665, 181], [1669, 181], [1671, 181], [1674, 181], [1675, 181], [1676, 181], [1712, 181], [1713, 181], [1714, 181], [1715, 181], [1727, 181], [1729, 181], [1740, 181], [1741, 181], [1742, 181], [1743, 181], [1744, 181], [1745, 181], [1746, 181], [1747, 181], [1748, 181], [1749, 181], [1750, 181], [1751, 181], [1752, 181], [1755, 181], [1756, 181], [1757, 181], [1758, 181], [1759, 181], [1760, 181], [1669, 182], [1670, 182], [1671, 182], [1674, 182], [1676, 182], [1712, 182], [1713, 182], [1714, 182], [1715, 182], [1725, 182], [1726, 182], [1727, 182], [1728, 182], [1729, 182], [1740, 182], [1741, 182], [1742, 182], [1743, 182], [1744, 182], [1745, 182], [1746, 182], [1747, 182], [1748, 182], [1749, 182], [1750, 182], [1751, 182], [1752, 182], [1753, 182], [1754, 182], [1755, 182], [1756, 182], [1757, 182], [1758, 182], [1759, 182], [1760, 182], [1674, 183], [1675, 183], [1676, 183], [1685, 183], [1686, 183], [1687, 183], [1688, 183], [1716, 183], [1717, 183], [1718, 183], [1725, 183], [1726, 183], [1727, 183], [1728, 183], [1749, 183], [1750, 183], [1751, 183], [1755, 183], [1756, 183], [1757, 183], [1758, 183], [1759, 183], [1760, 183], [1685, 184], [1686, 184], [1687, 184], [1688, 184], [1716, 184], [1717, 184], [1718, 184], [1719, 184], [1725, 184], [1726, 184], [1727, 184], [1728, 184], [1685, 185], [1686, 185], [1687, 185], [1688, 185], [1696, 185], [1697, 185], [1698, 185], [1699, 185], [1716, 185], [1717, 185], [1718, 185], [1719, 185], [1696, 186], [1697, 186], [1698, 186], [1699, 186], [1702, 186], [1703, 186], [1704, 186], [1705, 186], [1716, 186], [1717, 186], [1718, 186], [1719, 186], [1696, 187], [1697, 187], [1698, 187], [1699, 187], [1702, 187], [1703, 187], [1704, 187], [1705, 187], [1707, 187], [1708, 187], [1709, 187], [1710, 187], [1702, 188], [1703, 188], [1704, 188], [1705, 188], [1707, 188], [1708, 188], [1709, 188], [1710, 188], [1707, 189], [1708, 189], [1709, 189], [1710, 189], [1722, 190], [1723, 190], [1724, 190], [1757, 190], [1758, 190], [1759, 190], [1760, 190], [1722, 191], [1724, 191], [1727, 191], [1728, 191], [1729, 191], [1757, 191], [1758, 191], [1759, 191], [1760, 191], [1722, 192], [1723, 192], [1724, 192], [1727, 192], [1729, 192], [1757, 192], [1758, 192], [1759, 192], [1760, 192], [1727, 193], [1728, 193], [1729, 193], [1793, 193], [1794, 193], [1795, 193], [1796, 193], [1793, 194], [1794, 194], [1795, 194], [1796, 194], [1797, 194], [1798, 194], [1799, 194], [1800, 194], [1801, 194], [1802, 194], [1803, 194], [1804, 194], [1805, 194], [1806, 194], [1807, 194], [1808, 194], [1809, 194], [1782, 195], [1783, 195], [1784, 195], [1793, 195], [1794, 195], [1795, 195], [1796, 195], [1798, 195], [1799, 195], [1800, 195], [1801, 195], [1802, 195], [1803, 195], [1804, 195], [1805, 195], [1806, 195], [1807, 195], [1808, 195], [1809, 195], [1750, 196], [1751, 196], [1752, 196], [1782, 196], [1783, 196], [1784, 196], [1785, 196], [1786, 196], [1787, 196], [1788, 196], [1793, 196], [1794, 196], [1795, 196], [1796, 196], [1797, 196], [1798, 196], [1799, 196], [1800, 196], [1801, 196], [1802, 196], [1803, 196], [1806, 196], [1807, 196], [1808, 196], [1809, 196], [1750, 197], [1752, 197], [1755, 197], [1756, 197], [1757, 197], [1782, 197], [1783, 197], [1784, 197], [1785, 197], [1786, 197], [1787, 197], [1788, 197], [1789, 197], [1798, 197], [1799, 197], [1800, 197], [1801, 197], [1802, 197], [1803, 197], [1804, 197], [1805, 197], [1806, 197], [1807, 197], [1808, 197], [1809, 197], [1750, 198], [1751, 198], [1752, 198], [1755, 198], [1757, 198], [1759, 198], [1760, 198], [1761, 198], [1782, 198], [1783, 198], [1784, 198], [1785, 198], [1786, 198], [1787, 198], [1788, 198], [1789, 198], [1802, 198], [1803, 198], [1804, 198], [1805, 198], [1806, 198], [1807, 198], [1755, 199], [1756, 199], [1757, 199], [1759, 199], [1761, 199], [1783, 199], [1784, 199], [1785, 199], [1787, 199], [1788, 199], [1789, 199], [1759, 200], [1760, 200], [1761, 200], [1768, 200], [1769, 200], [1770, 200], [1784, 200], [1785, 200], [1786, 200], [1787, 200], [1768, 201], [1770, 201], [1784, 201], [1785, 201], [1786, 201], [1787, 201], [1796, 201], [1797, 201], [1798, 201], [1800, 201], [1801, 201], [1802, 201], [1768, 202], [1769, 202], [1770, 202], [1776, 202], [1777, 202], [1778, 202], [1779, 202], [1796, 202], [1798, 202], [1800, 202], [1801, 202], [1802, 202], [1803, 202], [1776, 203], [1777, 203], [1778, 203], [1779, 203], [1781, 203], [1782, 203], [1783, 203], [1796, 203], [1797, 203], [1798, 203], [1800, 203], [1801, 203], [1802, 203], [1803, 203], [1776, 204], [1777, 204], [1778, 204], [1779, 204], [1781, 204], [1783, 204], [1785, 204], [1786, 204], [1787, 204], [1788, 204], [1800, 204], [1801, 204], [1802, 204], [1803, 204], [1781, 205], [1782, 205], [1783, 205], [1785, 205], [1786, 205], [1787, 205], [1788, 205], [1789, 205], [1790, 205], [1791, 205], [1785, 206], [1786, 206], [1787, 206], [1788, 206], [1789, 206], [1791, 206], [1793, 206], [1794, 206], [1795, 206], [1796, 206], [1797, 206], [1789, 207], [1790, 207], [1791, 207], [1793, 207], [1794, 207], [1796, 207], [1797, 207], [1798, 207], [1799, 207], [1800, 207], [1819, 207], [1820, 207], [1821, 207], [1822, 207], [1823, 207], [1824, 207], [1793, 208], [1794, 208], [1795, 208], [1796, 208], [1797, 208], [1798, 208], [1799, 208], [1800, 208], [1801, 208], [1802, 208], [1803, 208], [1804, 208], [1819, 208], [1821, 208], [1822, 208], [1823, 208], [1824, 208], [1797, 209], [1798, 209], [1799, 209], [1800, 209], [1801, 209], [1802, 209], [1803, 209], [1804, 209], [1819, 209], [1820, 209], [1821, 209], [1822, 209], [1823, 209], [1824, 209], [1801, 210], [1802, 210], [1803, 210], [1804, 210], [1809, 210], [1810, 210], [1811, 210], [1821, 210], [1822, 210], [1823, 210], [1824, 210], [1809, 211], [1811, 211], [1813, 211], [1814, 211], [1815, 211], [1809, 212], [1810, 212], [1811, 212], [1813, 212], [1815, 212], [1818, 212], [1819, 212], [1820, 212], [1821, 212], [1813, 213], [1814, 213], [1815, 213], [1818, 213], [1819, 213], [1820, 213], [1821, 213], [1818, 214], [1819, 214], [1820, 214], [1821, 214], [1389, 353], [1390, 353], [1391, 353], [1389, 354], [1391, 354], [1389, 355], [1390, 355], [1391, 355], [1397, 355], [1398, 355], [1399, 355], [1397, 356], [1399, 356], [1397, 357], [1398, 357], [1399, 357], [1483, 376], [1484, 376], [1485, 376], [1483, 377], [1485, 377], [1487, 377], [1488, 377], [1489, 377], [1483, 378], [1484, 378], [1485, 378], [1487, 378], [1489, 378], [1490, 378], [1491, 378], [1492, 378], [1493, 378], [1487, 379], [1488, 379], [1489, 379], [1490, 379], [1491, 379], [1492, 379], [1493, 379], [1490, 380], [1491, 380], [1492, 380], [1493, 380], [1508, 382], [1509, 382], [1510, 382], [1508, 383], [1510, 383], [1511, 383], [1512, 383], [1513, 383], [1514, 383], [1508, 384], [1509, 384], [1510, 384], [1511, 384], [1512, 384], [1513, 384], [1514, 384], [1306, 385], [1307, 385], [1308, 385], [1511, 385], [1512, 385], [1513, 385], [1514, 385], [1520, 385], [1521, 385], [1522, 385], [1306, 386], [1308, 386], [1309, 386], [1310, 386], [1311, 386], [1520, 386], [1522, 386], [1524, 386], [1525, 386], [1526, 386], [1306, 387], [1307, 387], [1308, 387], [1309, 387], [1310, 387], [1311, 387], [1312, 387], [1313, 387], [1314, 387], [1520, 387], [1521, 387], [1522, 387], [1524, 387], [1526, 387], [1528, 387], [1529, 387], [1530, 387], [1308, 388], [1309, 388], [1310, 388], [1311, 388], [1312, 388], [1313, 388], [1314, 388], [1315, 388], [1316, 388], [1317, 388], [1318, 388], [1524, 388], [1525, 388], [1526, 388], [1528, 388], [1530, 388], [1311, 389], [1312, 389], [1313, 389], [1314, 389], [1315, 389], [1317, 389], [1318, 389], [1319, 389], [1320, 389], [1321, 389], [1322, 389], [1323, 389], [1528, 389], [1529, 389], [1530, 389], [1536, 389], [1537, 389], [1538, 389], [1314, 390], [1315, 390], [1316, 390], [1317, 390], [1318, 390], [1319, 390], [1321, 390], [1322, 390], [1323, 390], [1324, 390], [1325, 390], [1326, 390], [1327, 390], [1536, 390], [1538, 390], [1318, 391], [1319, 391], [1320, 391], [1321, 391], [1322, 391], [1323, 391], [1325, 391], [1326, 391], [1327, 391], [1328, 391], [1329, 391], [1330, 391], [1536, 391], [1537, 391], [1538, 391], [1544, 391], [1545, 391], [1546, 391], [1547, 391], [1321, 392], [1322, 392], [1323, 392], [1324, 392], [1325, 392], [1326, 392], [1327, 392], [1328, 392], [1329, 392], [1330, 392], [1331, 392], [1332, 392], [1333, 392], [1544, 392], [1545, 392], [1546, 392], [1547, 392], [1550, 392], [1551, 392], [1552, 392], [1325, 393], [1326, 393], [1327, 393], [1328, 393], [1329, 393], [1330, 393], [1331, 393], [1332, 393], [1333, 393], [1334, 393], [1335, 393], [1544, 393], [1545, 393], [1546, 393], [1547, 393], [1550, 393], [1552, 393], [1553, 393], [1554, 393], [1555, 393], [1328, 394], [1329, 394], [1330, 394], [1331, 394], [1332, 394], [1333, 394], [1334, 394], [1335, 394], [1336, 394], [1337, 394], [1338, 394], [1550, 394], [1551, 394], [1552, 394], [1553, 394], [1555, 394], [1556, 394], [1557, 394], [1558, 394], [1559, 394], [1560, 394], [1331, 395], [1332, 395], [1333, 395], [1334, 395], [1335, 395], [1336, 395], [1337, 395], [1338, 395], [1339, 395], [1340, 395], [1553, 395], [1554, 395], [1555, 395], [1556, 395], [1557, 395], [1559, 395], [1560, 395], [1561, 395], [1562, 395], [1563, 395], [1564, 395], [1334, 396], [1335, 396], [1336, 396], [1337, 396], [1339, 396], [1340, 396], [1341, 396], [1342, 396], [1556, 396], [1557, 396], [1558, 396], [1559, 396], [1560, 396], [1561, 396], [1562, 396], [1563, 396], [1564, 396], [1566, 396], [1567, 396], [1568, 396], [1569, 396], [1336, 397], [1337, 397], [1338, 397], [1339, 397], [1340, 397], [1341, 397], [1342, 397], [1343, 397], [1344, 397], [1561, 397], [1562, 397], [1563, 397], [1564, 397], [1566, 397], [1567, 397], [1568, 397], [1569, 397], [1570, 397], [1571, 397], [1572, 397], [1338, 398], [1339, 398], [1340, 398], [1341, 398], [1342, 398], [1343, 398], [1344, 398], [1345, 398], [1346, 398], [1534, 398], [1535, 398], [1536, 398], [1566, 398], [1567, 398], [1568, 398], [1569, 398], [1570, 398], [1571, 398], [1572, 398], [1574, 398], [1575, 398], [1576, 398], [1577, 398], [1341, 399], [1342, 399], [1343, 399], [1344, 399], [1345, 399], [1346, 399], [1347, 399], [1348, 399], [1534, 399], [1536, 399], [1569, 399], [1570, 399], [1571, 399], [1572, 399], [1574, 399], [1575, 399], [1576, 399], [1577, 399], [1578, 399], [1579, 399], [1580, 399], [1581, 399], [1343, 400], [1344, 400], [1345, 400], [1346, 400], [1347, 400], [1348, 400], [1349, 400], [1350, 400], [1351, 400], [1534, 400], [1535, 400], [1536, 400], [1574, 400], [1575, 400], [1576, 400], [1577, 400], [1578, 400], [1579, 400], [1580, 400], [1581, 400], [1582, 400], [1583, 400], [1584, 400], [1585, 400], [1345, 401], [1346, 401], [1347, 401], [1348, 401], [1350, 401], [1351, 401], [1352, 401], [1353, 401], [1577, 401], [1578, 401], [1579, 401], [1580, 401], [1581, 401], [1584, 401], [1585, 401], [1586, 401], [1587, 401], [1588, 401], [1589, 401], [1347, 402], [1348, 402], [1349, 402], [1350, 402], [1351, 402], [1352, 402], [1353, 402], [1354, 402], [1355, 402], [1579, 402], [1580, 402], [1581, 402], [1582, 402], [1583, 402], [1584, 402], [1585, 402], [1586, 402], [1587, 402], [1588, 402], [1589, 402], [1590, 402], [1591, 402], [1592, 402], [1593, 402], [1594, 402], [1350, 403], [1351, 403], [1352, 403], [1353, 403], [1355, 403], [1586, 403], [1587, 403], [1588, 403], [1589, 403], [1590, 403], [1591, 403], [1593, 403], [1594, 403], [1595, 403], [1596, 403], [1597, 403], [1598, 403], [1353, 404], [1354, 404], [1355, 404], [1565, 404], [1566, 404], [1567, 404], [1568, 404], [1590, 404], [1591, 404], [1592, 404], [1593, 404], [1594, 404], [1595, 404], [1597, 404], [1598, 404], [1599, 404], [1600, 404], [1601, 404], [1602, 404], [1603, 404], [1561, 405], [1562, 405], [1563, 405], [1564, 405], [1565, 405], [1566, 405], [1567, 405], [1568, 405], [1594, 405], [1595, 405], [1596, 405], [1597, 405], [1598, 405], [1599, 405], [1600, 405], [1602, 405], [1603, 405], [1604, 405], [1605, 405], [1606, 405], [1607, 405], [1561, 406], [1562, 406], [1564, 406], [1565, 406], [1566, 406], [1567, 406], [1568, 406], [1599, 406], [1600, 406], [1601, 406], [1602, 406], [1603, 406], [1606, 406], [1607, 406], [1561, 407], [1562, 407], [1563, 407], [1564, 407], [1565, 407], [1566, 407], [1567, 407], [1568, 407], [1602, 407], [1603, 407], [1604, 407], [1605, 407], [1606, 407], [1607, 407], [1613, 407], [1614, 407], [1615, 407], [1616, 407], [1564, 408], [1565, 408], [1566, 408], [1567, 408], [1568, 408], [1613, 408], [1614, 408], [1615, 408], [1616, 408], [1617, 408], [1618, 408], [1619, 408], [1620, 408], [1565, 409], [1566, 409], [1567, 409], [1613, 409], [1614, 409], [1615, 409], [1616, 409], [1617, 409], [1618, 409], [1619, 409], [1620, 409], [1621, 409], [1622, 409], [1623, 409], [1624, 409], [1617, 410], [1618, 410], [1619, 410], [1620, 410], [1621, 410], [1623, 410], [1624, 410], [1627, 410], [1628, 410], [1629, 410], [1620, 411], [1621, 411], [1622, 411], [1623, 411], [1624, 411], [1627, 411], [1629, 411], [1630, 411], [1631, 411], [1632, 411], [1633, 411], [1627, 412], [1628, 412], [1629, 412], [1630, 412], [1632, 412], [1633, 412], [1635, 412], [1636, 412], [1637, 412], [1638, 412], [1629, 413], [1630, 413], [1631, 413], [1632, 413], [1633, 413], [1635, 413], [1636, 413], [1637, 413], [1638, 413], [1639, 413], [1640, 413], [1641, 413], [1642, 413], [1597, 414], [1598, 414], [1599, 414], [1600, 414], [1601, 414], [1602, 414], [1603, 414], [1635, 414], [1636, 414], [1637, 414], [1638, 414], [1639, 414], [1641, 414], [1642, 414], [1645, 414], [1646, 414], [1647, 414], [1597, 415], [1598, 415], [1599, 415], [1600, 415], [1601, 415], [1602, 415], [1603, 415], [1638, 415], [1639, 415], [1640, 415], [1641, 415], [1642, 415], [1645, 415], [1647, 415], [1648, 415], [1649, 415], [1650, 415], [1651, 415], [1597, 416], [1598, 416], [1599, 416], [1600, 416], [1601, 416], [1602, 416], [1603, 416], [1645, 416], [1646, 416], [1647, 416], [1648, 416], [1649, 416], [1650, 416], [1651, 416], [1652, 416], [1653, 416], [1654, 416], [1655, 416], [1656, 416], [1600, 417], [1601, 417], [1602, 417], [1603, 417], [1648, 417], [1649, 417], [1650, 417], [1651, 417], [1652, 417], [1653, 417], [1655, 417], [1656, 417], [1657, 417], [1658, 417], [1659, 417], [1660, 417], [1652, 418], [1653, 418], [1654, 418], [1655, 418], [1656, 418], [1657, 418], [1659, 418], [1660, 418], [1661, 418], [1662, 418], [1663, 418], [1664, 418], [1665, 418], [1656, 419], [1657, 419], [1658, 419], [1659, 419], [1660, 419], [1661, 419], [1664, 419], [1665, 419], [1666, 419], [1667, 419], [1668, 419], [1669, 419], [1660, 420], [1661, 420], [1662, 420], [1663, 420], [1664, 420], [1665, 420], [1668, 420], [1669, 420], [1672, 420], [1673, 420], [1674, 420], [1664, 421], [1665, 421], [1666, 421], [1667, 421], [1668, 421], [1669, 421], [1672, 421], [1674, 421], [1676, 421], [1677, 421], [1678, 421], [1669, 422], [1670, 422], [1671, 422], [1672, 422], [1673, 422], [1674, 422], [1676, 422], [1678, 422], [1679, 422], [1680, 422], [1681, 422], [1682, 422], [1683, 422], [1669, 423], [1671, 423], [1676, 423], [1677, 423], [1678, 423], [1679, 423], [1680, 423], [1682, 423], [1683, 423], [1684, 423], [1685, 423], [1686, 423], [1687, 423], [1688, 423], [1669, 424], [1670, 424], [1671, 424], [1679, 424], [1680, 424], [1681, 424], [1682, 424], [1683, 424], [1684, 424], [1687, 424], [1688, 424], [1691, 424], [1692, 424], [1693, 424], [1683, 425], [1684, 425], [1685, 425], [1686, 425], [1687, 425], [1688, 425], [1691, 425], [1693, 425], [1694, 425], [1695, 425], [1696, 425], [1697, 425], [1698, 425], [1691, 426], [1692, 426], [1693, 426], [1694, 426], [1695, 426], [1697, 426], [1698, 426], [1700, 426], [1701, 426], [1702, 426], [1703, 426], [1704, 426], [1694, 427], [1695, 427], [1696, 427], [1697, 427], [1698, 427], [1700, 427], [1701, 427], [1703, 427], [1704, 427], [1707, 427], [1708, 427], [1709, 427], [1710, 427], [1700, 428], [1701, 428], [1702, 428], [1703, 428], [1704, 428], [1707, 428], [1708, 428], [1709, 428], [1710, 428], [1713, 428], [1714, 428], [1715, 428], [1716, 428], [1707, 429], [1708, 429], [1709, 429], [1710, 429], [1713, 429], [1714, 429], [1715, 429], [1716, 429], [1719, 429], [1720, 429], [1721, 429], [1722, 429], [1723, 429], [1713, 430], [1714, 430], [1715, 430], [1716, 430], [1719, 430], [1720, 430], [1722, 430], [1723, 430], [1728, 430], [1729, 430], [1730, 430], [1719, 431], [1720, 431], [1721, 431], [1722, 431], [1723, 431], [1728, 431], [1730, 431], [1731, 431], [1732, 431], [1733, 431], [1734, 431], [1735, 431], [1736, 431], [1737, 431], [1738, 431], [1739, 431], [1728, 432], [1729, 432], [1730, 432], [1731, 432], [1732, 432], [1738, 432], [1739, 432], [1731, 433], [1732, 433], [1733, 433], [1734, 433], [1735, 433], [1736, 433], [1737, 433], [1738, 433], [1739, 433], [1692, 436], [1693, 436], [1694, 436], [1692, 437], [1694, 437], [1692, 438], [1693, 438], [1694, 438], [1711, 440], [1712, 440], [1713, 440], [1714, 440], [1711, 441], [1712, 441], [1713, 441], [1714, 441], [1711, 442], [1712, 442], [1713, 442], [1714, 442], [1418, 454], [1419, 454], [1420, 454], [1418, 455], [1420, 455], [1418, 456], [1419, 456], [1420, 456], [1423, 456], [1424, 456], [1425, 456], [1423, 457], [1425, 457], [1423, 458], [1424, 458], [1425, 458], [1428, 458], [1429, 458], [1430, 458], [1428, 459], [1430, 459], [1428, 460], [1429, 460], [1430, 460], [1433, 460], [1434, 460], [1435, 460], [1433, 461], [1435, 461], [1433, 462], [1434, 462], [1435, 462], [1438, 462], [1439, 462], [1440, 462], [1438, 463], [1440, 463], [1441, 463], [1442, 463], [1443, 463], [1438, 464], [1439, 464], [1440, 464], [1441, 464], [1443, 464], [1444, 464], [1445, 464], [1441, 465], [1442, 465], [1443, 465], [1445, 465], [1446, 465], [1447, 465], [1448, 465], [1443, 466], [1444, 466], [1445, 466], [1446, 466], [1448, 466], [1449, 466], [1450, 466], [1446, 467], [1447, 467], [1448, 467], [1450, 467], [1451, 467], [1452, 467], [1453, 467], [1576, 467], [1577, 467], [1578, 467], [1448, 468], [1449, 468], [1450, 468], [1451, 468], [1453, 468], [1454, 468], [1455, 468], [1473, 468], [1474, 468], [1475, 468], [1576, 468], [1578, 468], [1579, 468], [1580, 468], [1451, 469], [1452, 469], [1453, 469], [1455, 469], [1473, 469], [1475, 469], [1576, 469], [1577, 469], [1578, 469], [1580, 469], [1453, 470], [1454, 470], [1455, 470], [1458, 470], [1459, 470], [1460, 470], [1473, 470], [1474, 470], [1475, 470], [1578, 470], [1579, 470], [1580, 470], [1583, 470], [1584, 470], [1585, 470], [1458, 471], [1460, 471], [1583, 471], [1585, 471], [1586, 471], [1587, 471], [1458, 472], [1459, 472], [1460, 472], [1583, 472], [1584, 472], [1585, 472], [1587, 472], [1466, 473], [1467, 473], [1468, 473], [1585, 473], [1586, 473], [1587, 473], [1466, 474], [1468, 474], [1469, 474], [1470, 474], [1520, 474], [1521, 474], [1522, 474], [1593, 474], [1594, 474], [1595, 474], [1596, 474], [1466, 475], [1467, 475], [1468, 475], [1470, 475], [1471, 475], [1472, 475], [1473, 475], [1520, 475], [1522, 475], [1523, 475], [1524, 475], [1525, 475], [1593, 475], [1594, 475], [1595, 475], [1596, 475], [1597, 475], [1598, 475], [1599, 475], [1614, 475], [1615, 475], [1616, 475], [1617, 475], [1618, 475], [1619, 475], [1468, 476], [1469, 476], [1470, 476], [1471, 476], [1473, 476], [1474, 476], [1475, 476], [1520, 476], [1521, 476], [1522, 476], [1523, 476], [1525, 476], [1526, 476], [1527, 476], [1528, 476], [1593, 476], [1594, 476], [1595, 476], [1596, 476], [1597, 476], [1598, 476], [1599, 476], [1600, 476], [1601, 476], [1602, 476], [1614, 476], [1615, 476], [1618, 476], [1619, 476], [1471, 477], [1472, 477], [1473, 477], [1475, 477], [1523, 477], [1524, 477], [1525, 477], [1526, 477], [1528, 477], [1596, 477], [1597, 477], [1598, 477], [1599, 477], [1600, 477], [1601, 477], [1602, 477], [1603, 477], [1604, 477], [1605, 477], [1606, 477], [1607, 477], [1608, 477], [1614, 477], [1615, 477], [1616, 477], [1617, 477], [1618, 477], [1619, 477], [1473, 478], [1474, 478], [1475, 478], [1478, 478], [1479, 478], [1480, 478], [1526, 478], [1527, 478], [1528, 478], [1599, 478], [1600, 478], [1601, 478], [1602, 478], [1603, 478], [1604, 478], [1607, 478], [1608, 478], [1609, 478], [1610, 478], [1611, 478], [1612, 478], [1478, 479], [1480, 479], [1481, 479], [1482, 479], [1483, 479], [1603, 479], [1604, 479], [1605, 479], [1606, 479], [1607, 479], [1608, 479], [1609, 479], [1611, 479], [1612, 479], [1613, 479], [1614, 479], [1615, 479], [1616, 479], [1617, 479], [1478, 480], [1479, 480], [1480, 480], [1481, 480], [1483, 480], [1484, 480], [1485, 480], [1608, 480], [1609, 480], [1610, 480], [1611, 480], [1612, 480], [1613, 480], [1616, 480], [1617, 480], [1618, 480], [1619, 480], [1620, 480], [1481, 481], [1482, 481], [1483, 481], [1485, 481], [1486, 481], [1487, 481], [1488, 481], [1612, 481], [1613, 481], [1614, 481], [1615, 481], [1616, 481], [1617, 481], [1619, 481], [1620, 481], [1621, 481], [1622, 481], [1623, 481], [1624, 481], [1625, 481], [1483, 482], [1484, 482], [1485, 482], [1486, 482], [1488, 482], [1489, 482], [1490, 482], [1544, 482], [1545, 482], [1546, 482], [1616, 482], [1617, 482], [1618, 482], [1619, 482], [1620, 482], [1621, 482], [1624, 482], [1625, 482], [1626, 482], [1627, 482], [1628, 482], [1486, 483], [1487, 483], [1488, 483], [1490, 483], [1491, 483], [1492, 483], [1493, 483], [1544, 483], [1546, 483], [1620, 483], [1621, 483], [1622, 483], [1623, 483], [1624, 483], [1625, 483], [1627, 483], [1628, 483], [1629, 483], [1630, 483], [1631, 483], [1632, 483], [1644, 483], [1645, 483], [1646, 483], [1647, 483], [1488, 484], [1489, 484], [1490, 484], [1491, 484], [1493, 484], [1494, 484], [1495, 484], [1496, 484], [1544, 484], [1545, 484], [1546, 484], [1624, 484], [1625, 484], [1626, 484], [1627, 484], [1628, 484], [1629, 484], [1631, 484], [1632, 484], [1633, 484], [1634, 484], [1635, 484], [1636, 484], [1644, 484], [1645, 484], [1646, 484], [1647, 484], [1491, 485], [1492, 485], [1493, 485], [1494, 485], [1495, 485], [1496, 485], [1497, 485], [1498, 485], [1499, 485], [1628, 485], [1629, 485], [1630, 485], [1631, 485], [1632, 485], [1633, 485], [1635, 485], [1636, 485], [1637, 485], [1638, 485], [1639, 485], [1640, 485], [1644, 485], [1645, 485], [1646, 485], [1647, 485], [1493, 486], [1494, 486], [1495, 486], [1496, 486], [1497, 486], [1498, 486], [1499, 486], [1500, 486], [1501, 486], [1632, 486], [1633, 486], [1634, 486], [1635, 486], [1636, 486], [1637, 486], [1639, 486], [1640, 486], [1641, 486], [1642, 486], [1643, 486], [1644, 486], [1496, 487], [1497, 487], [1498, 487], [1499, 487], [1500, 487], [1501, 487], [1502, 487], [1503, 487], [1636, 487], [1637, 487], [1638, 487], [1639, 487], [1640, 487], [1641, 487], [1643, 487], [1644, 487], [1645, 487], [1646, 487], [1647, 487], [1498, 488], [1499, 488], [1500, 488], [1501, 488], [1503, 488], [1504, 488], [1505, 488], [1506, 488], [1640, 488], [1641, 488], [1642, 488], [1643, 488], [1644, 488], [1646, 488], [1647, 488], [1648, 488], [1649, 488], [1650, 488], [1651, 488], [1501, 489], [1502, 489], [1503, 489], [1504, 489], [1505, 489], [1506, 489], [1507, 489], [1508, 489], [1566, 489], [1567, 489], [1568, 489], [1643, 489], [1644, 489], [1645, 489], [1646, 489], [1647, 489], [1648, 489], [1649, 489], [1650, 489], [1651, 489], [1652, 489], [1653, 489], [1654, 489], [1655, 489], [1503, 490], [1504, 490], [1505, 490], [1506, 490], [1508, 490], [1509, 490], [1510, 490], [1511, 490], [1566, 490], [1568, 490], [1569, 490], [1570, 490], [1571, 490], [1648, 490], [1649, 490], [1650, 490], [1651, 490], [1652, 490], [1654, 490], [1655, 490], [1656, 490], [1657, 490], [1658, 490], [1659, 490], [1506, 491], [1507, 491], [1508, 491], [1509, 491], [1510, 491], [1511, 491], [1512, 491], [1513, 491], [1566, 491], [1567, 491], [1568, 491], [1569, 491], [1570, 491], [1571, 491], [1572, 491], [1573, 491], [1651, 491], [1652, 491], [1653, 491], [1654, 491], [1655, 491], [1656, 491], [1658, 491], [1659, 491], [1660, 491], [1661, 491], [1662, 491], [1663, 491], [1508, 492], [1509, 492], [1510, 492], [1511, 492], [1512, 492], [1513, 492], [1514, 492], [1515, 492], [1568, 492], [1569, 492], [1570, 492], [1571, 492], [1573, 492], [1655, 492], [1656, 492], [1657, 492], [1658, 492], [1659, 492], [1662, 492], [1663, 492], [1664, 492], [1665, 492], [1666, 492], [1510, 493], [1511, 493], [1512, 493], [1513, 493], [1515, 493], [1571, 493], [1572, 493], [1573, 493], [1658, 493], [1659, 493], [1660, 493], [1661, 493], [1662, 493], [1663, 493], [1665, 493], [1666, 493], [1667, 493], [1668, 493], [1669, 493], [1513, 494], [1514, 494], [1515, 494], [1518, 494], [1519, 494], [1520, 494], [1662, 494], [1663, 494], [1664, 494], [1665, 494], [1666, 494], [1668, 494], [1669, 494], [1670, 494], [1671, 494], [1672, 494], [1518, 495], [1520, 495], [1521, 495], [1522, 495], [1523, 495], [1665, 495], [1666, 495], [1667, 495], [1668, 495], [1669, 495], [1671, 495], [1672, 495], [1673, 495], [1674, 495], [1675, 495], [1676, 495], [1518, 496], [1519, 496], [1520, 496], [1521, 496], [1522, 496], [1523, 496], [1524, 496], [1525, 496], [1668, 496], [1669, 496], [1670, 496], [1671, 496], [1672, 496], [1675, 496], [1676, 496], [1677, 496], [1678, 496], [1520, 497], [1521, 497], [1522, 497], [1523, 497], [1525, 497], [1526, 497], [1527, 497], [1528, 497], [1586, 497], [1587, 497], [1588, 497], [1671, 497], [1672, 497], [1673, 497], [1674, 497], [1675, 497], [1676, 497], [1677, 497], [1678, 497], [1679, 497], [1680, 497], [1681, 497], [1682, 497], [1523, 498], [1524, 498], [1525, 498], [1526, 498], [1527, 498], [1528, 498], [1529, 498], [1530, 498], [1531, 498], [1586, 498], [1588, 498], [1675, 498], [1676, 498], [1677, 498], [1678, 498], [1679, 498], [1681, 498], [1682, 498], [1683, 498], [1684, 498], [1525, 499], [1526, 499], [1527, 499], [1528, 499], [1529, 499], [1530, 499], [1531, 499], [1532, 499], [1533, 499], [1563, 499], [1564, 499], [1565, 499], [1566, 499], [1567, 499], [1586, 499], [1587, 499], [1588, 499], [1591, 499], [1592, 499], [1593, 499], [1678, 499], [1679, 499], [1680, 499], [1681, 499], [1682, 499], [1683, 499], [1684, 499], [1685, 499], [1686, 499], [1687, 499], [1528, 500], [1529, 500], [1530, 500], [1531, 500], [1532, 500], [1533, 500], [1534, 500], [1535, 500], [1563, 500], [1564, 500], [1565, 500], [1566, 500], [1567, 500], [1591, 500], [1593, 500], [1681, 500], [1682, 500], [1683, 500], [1684, 500], [1685, 500], [1686, 500], [1687, 500], [1688, 500], [1689, 500], [1690, 500], [1530, 501], [1531, 501], [1532, 501], [1533, 501], [1535, 501], [1536, 501], [1537, 501], [1538, 501], [1563, 501], [1564, 501], [1565, 501], [1566, 501], [1567, 501], [1591, 501], [1592, 501], [1593, 501], [1684, 501], [1685, 501], [1686, 501], [1687, 501], [1689, 501], [1690, 501], [1691, 501], [1692, 501], [1533, 502], [1534, 502], [1535, 502], [1536, 502], [1537, 502], [1538, 502], [1539, 502], [1540, 502], [1541, 502], [1561, 502], [1562, 502], [1563, 502], [1564, 502], [1565, 502], [1566, 502], [1567, 502], [1686, 502], [1687, 502], [1688, 502], [1689, 502], [1690, 502], [1691, 502], [1692, 502], [1693, 502], [1694, 502], [1695, 502], [1535, 503], [1536, 503], [1537, 503], [1538, 503], [1539, 503], [1540, 503], [1541, 503], [1542, 503], [1561, 503], [1563, 503], [1689, 503], [1690, 503], [1691, 503], [1692, 503], [1693, 503], [1694, 503], [1695, 503], [1696, 503], [1697, 503], [1698, 503], [1538, 504], [1539, 504], [1540, 504], [1541, 504], [1542, 504], [1543, 504], [1544, 504], [1545, 504], [1561, 504], [1562, 504], [1563, 504], [1692, 504], [1693, 504], [1694, 504], [1695, 504], [1697, 504], [1698, 504], [1699, 504], [1700, 504], [1540, 505], [1541, 505], [1542, 505], [1543, 505], [1545, 505], [1546, 505], [1547, 505], [1548, 505], [1694, 505], [1695, 505], [1696, 505], [1697, 505], [1698, 505], [1699, 505], [1700, 505], [1701, 505], [1702, 505], [1703, 505], [1543, 506], [1544, 506], [1545, 506], [1546, 506], [1547, 506], [1548, 506], [1549, 506], [1550, 506], [1551, 506], [1697, 506], [1698, 506], [1699, 506], [1700, 506], [1702, 506], [1703, 506], [1704, 506], [1705, 506], [1706, 506], [1545, 507], [1546, 507], [1547, 507], [1548, 507], [1549, 507], [1550, 507], [1551, 507], [1552, 507], [1553, 507], [1699, 507], [1700, 507], [1701, 507], [1702, 507], [1703, 507], [1705, 507], [1706, 507], [1707, 507], [1708, 507], [1548, 508], [1549, 508], [1550, 508], [1551, 508], [1552, 508], [1553, 508], [1554, 508], [1555, 508], [1556, 508], [1702, 508], [1703, 508], [1704, 508], [1705, 508], [1706, 508], [1707, 508], [1708, 508], [1709, 508], [1710, 508], [1711, 508], [1550, 509], [1551, 509], [1552, 509], [1553, 509], [1555, 509], [1556, 509], [1557, 509], [1558, 509], [1705, 509], [1706, 509], [1707, 509], [1708, 509], [1709, 509], [1710, 509], [1711, 509], [1712, 509], [1713, 509], [1552, 510], [1553, 510], [1554, 510], [1555, 510], [1556, 510], [1557, 510], [1558, 510], [1559, 510], [1560, 510], [1561, 510], [1708, 510], [1709, 510], [1710, 510], [1711, 510], [1713, 510], [1714, 510], [1715, 510], [1716, 510], [1555, 511], [1556, 511], [1557, 511], [1558, 511], [1560, 511], [1561, 511], [1562, 511], [1563, 511], [1711, 511], [1712, 511], [1713, 511], [1714, 511], [1716, 511], [1557, 512], [1558, 512], [1559, 512], [1560, 512], [1561, 512], [1562, 512], [1563, 512], [1564, 512], [1565, 512], [1566, 512], [1579, 512], [1580, 512], [1581, 512], [1582, 512], [1714, 512], [1715, 512], [1716, 512], [1560, 513], [1561, 513], [1562, 513], [1563, 513], [1565, 513], [1566, 513], [1567, 513], [1568, 513], [1576, 513], [1577, 513], [1578, 513], [1579, 513], [1580, 513], [1581, 513], [1582, 513], [1562, 514], [1563, 514], [1564, 514], [1565, 514], [1566, 514], [1567, 514], [1568, 514], [1569, 514], [1576, 514], [1579, 514], [1580, 514], [1581, 514], [1582, 514], [1565, 515], [1566, 515], [1567, 515], [1568, 515], [1569, 515], [1570, 515], [1571, 515], [1572, 515], [1576, 515], [1577, 515], [1578, 515], [1579, 515], [1580, 515], [1592, 515], [1593, 515], [1594, 515], [1567, 516], [1568, 516], [1569, 516], [1570, 516], [1572, 516], [1573, 516], [1574, 516], [1575, 516], [1591, 516], [1592, 516], [1593, 516], [1594, 516], [1570, 517], [1571, 517], [1572, 517], [1573, 517], [1574, 517], [1575, 517], [1576, 517], [1577, 517], [1591, 517], [1592, 517], [1593, 517], [1594, 517], [1616, 517], [1617, 517], [1618, 517], [1619, 517], [1572, 518], [1573, 518], [1574, 518], [1575, 518], [1577, 518], [1578, 518], [1579, 518], [1580, 518], [1591, 518], [1592, 518], [1593, 518], [1594, 518], [1607, 518], [1608, 518], [1609, 518], [1610, 518], [1611, 518], [1612, 518], [1616, 518], [1617, 518], [1618, 518], [1619, 518], [1620, 518], [1575, 519], [1576, 519], [1577, 519], [1578, 519], [1579, 519], [1580, 519], [1581, 519], [1582, 519], [1606, 519], [1607, 519], [1608, 519], [1609, 519], [1610, 519], [1611, 519], [1612, 519], [1613, 519], [1616, 519], [1617, 519], [1618, 519], [1619, 519], [1620, 519], [1577, 520], [1578, 520], [1579, 520], [1580, 520], [1582, 520], [1583, 520], [1584, 520], [1585, 520], [1606, 520], [1607, 520], [1608, 520], [1611, 520], [1612, 520], [1613, 520], [1616, 520], [1617, 520], [1618, 520], [1619, 520], [1620, 520], [1580, 521], [1581, 521], [1582, 521], [1583, 521], [1584, 521], [1585, 521], [1586, 521], [1587, 521], [1588, 521], [1605, 521], [1606, 521], [1607, 521], [1612, 521], [1613, 521], [1582, 522], [1583, 522], [1584, 522], [1585, 522], [1586, 522], [1587, 522], [1588, 522], [1589, 522], [1590, 522], [1605, 522], [1606, 522], [1607, 522], [1611, 522], [1612, 522], [1613, 522], [1585, 523], [1586, 523], [1587, 523], [1588, 523], [1589, 523], [1590, 523], [1591, 523], [1592, 523], [1605, 523], [1606, 523], [1607, 523], [1611, 523], [1612, 523], [1613, 523], [1587, 524], [1588, 524], [1589, 524], [1590, 524], [1592, 524], [1593, 524], [1594, 524], [1595, 524], [1606, 524], [1607, 524], [1608, 524], [1609, 524], [1610, 524], [1611, 524], [1612, 524], [1665, 524], [1666, 524], [1667, 524], [1590, 525], [1591, 525], [1592, 525], [1593, 525], [1594, 525], [1595, 525], [1596, 525], [1597, 525], [1606, 525], [1607, 525], [1608, 525], [1609, 525], [1610, 525], [1611, 525], [1612, 525], [1617, 525], [1618, 525], [1619, 525], [1620, 525], [1621, 525], [1622, 525], [1665, 525], [1667, 525], [1592, 526], [1593, 526], [1594, 526], [1595, 526], [1596, 526], [1597, 526], [1598, 526], [1599, 526], [1600, 526], [1601, 526], [1608, 526], [1609, 526], [1610, 526], [1611, 526], [1617, 526], [1618, 526], [1619, 526], [1620, 526], [1621, 526], [1622, 526], [1623, 526], [1624, 526], [1665, 526], [1666, 526], [1667, 526], [1594, 527], [1595, 527], [1596, 527], [1597, 527], [1598, 527], [1600, 527], [1601, 527], [1602, 527], [1617, 527], [1618, 527], [1619, 527], [1620, 527], [1621, 527], [1622, 527], [1623, 527], [1624, 527], [1597, 528], [1598, 528], [1599, 528], [1600, 528], [1601, 528], [1602, 528], [1603, 528], [1604, 528], [1605, 528], [1617, 528], [1618, 528], [1619, 528], [1620, 528], [1621, 528], [1622, 528], [1623, 528], [1624, 528], [1678, 528], [1679, 528], [1680, 528], [1600, 529], [1601, 529], [1602, 529], [1603, 529], [1604, 529], [1605, 529], [1606, 529], [1607, 529], [1608, 529], [1630, 529], [1631, 529], [1632, 529], [1678, 529], [1680, 529], [1602, 530], [1603, 530], [1604, 530], [1605, 530], [1607, 530], [1608, 530], [1609, 530], [1610, 530], [1630, 530], [1632, 530], [1678, 530], [1679, 530], [1680, 530], [1685, 530], [1686, 530], [1687, 530], [1604, 531], [1605, 531], [1606, 531], [1607, 531], [1608, 531], [1609, 531], [1610, 531], [1611, 531], [1612, 531], [1630, 531], [1631, 531], [1632, 531], [1685, 531], [1687, 531], [1607, 532], [1608, 532], [1609, 532], [1610, 532], [1611, 532], [1612, 532], [1613, 532], [1614, 532], [1685, 532], [1686, 532], [1687, 532], [1609, 533], [1610, 533], [1611, 533], [1612, 533], [1614, 533], [1615, 533], [1616, 533], [1617, 533], [1612, 534], [1613, 534], [1614, 534], [1615, 534], [1616, 534], [1617, 534], [1618, 534], [1619, 534], [1664, 534], [1665, 534], [1666, 534], [1614, 535], [1615, 535], [1616, 535], [1617, 535], [1619, 535], [1620, 535], [1621, 535], [1631, 535], [1632, 535], [1633, 535], [1634, 535], [1635, 535], [1664, 535], [1666, 535], [1617, 536], [1618, 536], [1619, 536], [1621, 536], [1622, 536], [1623, 536], [1624, 536], [1631, 536], [1632, 536], [1634, 536], [1635, 536], [1642, 536], [1643, 536], [1644, 536], [1664, 536], [1665, 536], [1666, 536], [1619, 537], [1620, 537], [1621, 537], [1622, 537], [1623, 537], [1624, 537], [1625, 537], [1626, 537], [1627, 537], [1631, 537], [1632, 537], [1633, 537], [1634, 537], [1635, 537], [1642, 537], [1643, 537], [1644, 537], [1645, 537], [1621, 538], [1622, 538], [1623, 538], [1624, 538], [1625, 538], [1626, 538], [1627, 538], [1628, 538], [1629, 538], [1642, 538], [1643, 538], [1644, 538], [1645, 538], [1624, 539], [1625, 539], [1626, 539], [1627, 539], [1628, 539], [1629, 539], [1630, 539], [1631, 539], [1642, 539], [1643, 539], [1644, 539], [1645, 539], [1626, 540], [1627, 540], [1628, 540], [1629, 540], [1631, 540], [1632, 540], [1633, 540], [1634, 540], [1629, 541], [1630, 541], [1631, 541], [1632, 541], [1633, 541], [1634, 541], [1635, 541], [1636, 541], [1664, 541], [1665, 541], [1666, 541], [1667, 541], [1631, 542], [1632, 542], [1633, 542], [1634, 542], [1636, 542], [1637, 542], [1638, 542], [1664, 542], [1665, 542], [1666, 542], [1667, 542], [1668, 542], [1634, 543], [1635, 543], [1636, 543], [1638, 543], [1639, 543], [1640, 543], [1641, 543], [1651, 543], [1652, 543], [1653, 543], [1654, 543], [1664, 543], [1665, 543], [1666, 543], [1667, 543], [1668, 543], [1636, 544], [1637, 544], [1638, 544], [1639, 544], [1640, 544], [1641, 544], [1642, 544], [1643, 544], [1644, 544], [1651, 544], [1652, 544], [1653, 544], [1654, 544], [1655, 544], [1656, 544], [1664, 544], [1665, 544], [1666, 544], [1667, 544], [1668, 544], [1638, 545], [1639, 545], [1640, 545], [1641, 545], [1642, 545], [1643, 545], [1644, 545], [1645, 545], [1646, 545], [1651, 545], [1652, 545], [1653, 545], [1654, 545], [1655, 545], [1656, 545], [1657, 545], [1641, 546], [1642, 546], [1643, 546], [1644, 546], [1645, 546], [1646, 546], [1647, 546], [1648, 546], [1653, 546], [1654, 546], [1655, 546], [1656, 546], [1657, 546], [1676, 546], [1677, 546], [1678, 546], [1679, 546], [1643, 547], [1644, 547], [1645, 547], [1646, 547], [1647, 547], [1648, 547], [1649, 547], [1650, 547], [1655, 547], [1656, 547], [1657, 547], [1676, 547], [1677, 547], [1678, 547], [1679, 547], [1680, 547], [1645, 548], [1646, 548], [1647, 548], [1648, 548], [1650, 548], [1651, 548], [1652, 548], [1653, 548], [1663, 548], [1664, 548], [1665, 548], [1676, 548], [1677, 548], [1678, 548], [1679, 548], [1680, 548], [1648, 549], [1649, 549], [1650, 549], [1651, 549], [1652, 549], [1653, 549], [1654, 549], [1655, 549], [1663, 549], [1664, 549], [1665, 549], [1666, 549], [1667, 549], [1668, 549], [1669, 549], [1676, 549], [1677, 549], [1678, 549], [1679, 549], [1680, 549], [1650, 550], [1651, 550], [1652, 550], [1653, 550], [1655, 550], [1656, 550], [1657, 550], [1658, 550], [1663, 550], [1664, 550], [1665, 550], [1667, 550], [1668, 550], [1669, 550], [1653, 551], [1654, 551], [1655, 551], [1656, 551], [1657, 551], [1658, 551], [1659, 551], [1660, 551], [1661, 551], [1664, 551], [1665, 551], [1666, 551], [1667, 551], [1668, 551], [1669, 551], [1670, 551], [1671, 551], [1672, 551], [1655, 552], [1656, 552], [1657, 552], [1658, 552], [1659, 552], [1660, 552], [1661, 552], [1662, 552], [1667, 552], [1668, 552], [1669, 552], [1670, 552], [1672, 552], [1673, 552], [1674, 552], [1675, 552], [1676, 552], [1677, 552], [1657, 553], [1658, 553], [1659, 553], [1660, 553], [1661, 553], [1662, 553], [1663, 553], [1664, 553], [1665, 553], [1670, 553], [1671, 553], [1672, 553], [1673, 553], [1674, 553], [1675, 553], [1676, 553], [1677, 553], [1678, 553], [1659, 554], [1660, 554], [1661, 554], [1662, 554], [1663, 554], [1664, 554], [1665, 554], [1666, 554], [1667, 554], [1673, 554], [1674, 554], [1675, 554], [1676, 554], [1677, 554], [1678, 554], [1662, 555], [1663, 555], [1664, 555], [1665, 555], [1666, 555], [1667, 555], [1668, 555], [1669, 555], [1673, 555], [1674, 555], [1675, 555], [1676, 555], [1677, 555], [1678, 555], [1664, 556], [1665, 556], [1666, 556], [1667, 556], [1669, 556], [1670, 556], [1671, 556], [1672, 556], [1676, 556], [1677, 556], [1678, 556], [1667, 557], [1668, 557], [1669, 557], [1670, 557], [1671, 557], [1672, 557], [1673, 557], [1674, 557], [1675, 557], [1700, 557], [1701, 557], [1702, 557], [1703, 557], [1669, 558], [1670, 558], [1671, 558], [1672, 558], [1673, 558], [1674, 558], [1675, 558], [1676, 558], [1677, 558], [1700, 558], [1701, 558], [1702, 558], [1703, 558], [1719, 558], [1720, 558], [1721, 558], [1722, 558], [1723, 558], [1724, 558], [1731, 558], [1732, 558], [1733, 558], [1734, 558], [1735, 558], [1736, 558], [1672, 559], [1673, 559], [1674, 559], [1675, 559], [1676, 559], [1677, 559], [1678, 559], [1679, 559], [1700, 559], [1701, 559], [1702, 559], [1703, 559], [1719, 559], [1720, 559], [1723, 559], [1724, 559], [1731, 559], [1732, 559], [1735, 559], [1736, 559], [1674, 560], [1675, 560], [1676, 560], [1677, 560], [1678, 560], [1679, 560], [1680, 560], [1681, 560], [1682, 560], [1700, 560], [1701, 560], [1702, 560], [1703, 560], [1719, 560], [1720, 560], [1721, 560], [1722, 560], [1723, 560], [1724, 560], [1731, 560], [1732, 560], [1733, 560], [1734, 560], [1735, 560], [1736, 560], [1676, 561], [1677, 561], [1678, 561], [1679, 561], [1681, 561], [1682, 561], [1683, 561], [1684, 561], [1700, 561], [1701, 561], [1702, 561], [1703, 561], [1678, 562], [1679, 562], [1680, 562], [1681, 562], [1682, 562], [1683, 562], [1684, 562], [1685, 562], [1686, 562], [1695, 562], [1696, 562], [1697, 562], [1698, 562], [1700, 562], [1701, 562], [1702, 562], [1703, 562], [1681, 563], [1682, 563], [1683, 563], [1684, 563], [1685, 563], [1686, 563], [1687, 563], [1688, 563], [1695, 563], [1696, 563], [1697, 563], [1698, 563], [1699, 563], [1700, 563], [1701, 563], [1702, 563], [1703, 563], [1683, 564], [1684, 564], [1685, 564], [1686, 564], [1687, 564], [1688, 564], [1689, 564], [1690, 564], [1695, 564], [1696, 564], [1697, 564], [1698, 564], [1699, 564], [1701, 564], [1702, 564], [1703, 564], [1685, 565], [1686, 565], [1687, 565], [1688, 565], [1689, 565], [1690, 565], [1691, 565], [1692, 565], [1696, 565], [1697, 565], [1698, 565], [1699, 565], [1701, 565], [1702, 565], [1703, 565], [1704, 565], [1708, 565], [1709, 565], [1710, 565], [1711, 565], [1712, 565], [1687, 566], [1688, 566], [1689, 566], [1690, 566], [1692, 566], [1693, 566], [1694, 566], [1701, 566], [1702, 566], [1703, 566], [1704, 566], [1708, 566], [1709, 566], [1710, 566], [1711, 566], [1712, 566], [1690, 567], [1691, 567], [1692, 567], [1694, 567], [1695, 567], [1696, 567], [1697, 567], [1701, 567], [1702, 567], [1703, 567], [1704, 567], [1708, 567], [1709, 567], [1710, 567], [1711, 567], [1712, 567], [1692, 568], [1693, 568], [1694, 568], [1695, 568], [1697, 568], [1698, 568], [1699, 568], [1710, 568], [1711, 568], [1712, 568], [1695, 569], [1696, 569], [1697, 569], [1699, 569], [1700, 569], [1701, 569], [1702, 569], [1697, 570], [1698, 570], [1699, 570], [1700, 570], [1701, 570], [1702, 570], [1703, 570], [1704, 570], [1699, 571], [1700, 571], [1701, 571], [1702, 571], [1703, 571], [1704, 571], [1705, 571], [1706, 571], [1701, 572], [1702, 572], [1703, 572], [1704, 572], [1706, 572], [1707, 572], [1708, 572], [1704, 573], [1705, 573], [1706, 573], [1708, 573], [1709, 573], [1710, 573], [1706, 574], [1707, 574], [1708, 574], [1710, 574], [1711, 574], [1712, 574], [1713, 574], [1740, 574], [1741, 574], [1742, 574], [1743, 574], [1744, 574], [1708, 575], [1709, 575], [1710, 575], [1711, 575], [1712, 575], [1713, 575], [1714, 575], [1715, 575], [1727, 575], [1728, 575], [1729, 575], [1739, 575], [1740, 575], [1741, 575], [1742, 575], [1743, 575], [1744, 575], [1749, 575], [1750, 575], [1751, 575], [1752, 575], [1753, 575], [1754, 575], [1710, 576], [1711, 576], [1712, 576], [1713, 576], [1715, 576], [1716, 576], [1717, 576], [1727, 576], [1728, 576], [1729, 576], [1739, 576], [1740, 576], [1742, 576], [1743, 576], [1744, 576], [1749, 576], [1750, 576], [1751, 576], [1752, 576], [1753, 576], [1754, 576], [1755, 576], [1713, 577], [1714, 577], [1715, 577], [1717, 577], [1718, 577], [1719, 577], [1720, 577], [1727, 577], [1728, 577], [1729, 577], [1739, 577], [1740, 577], [1741, 577], [1742, 577], [1743, 577], [1744, 577], [1749, 577], [1750, 577], [1751, 577], [1752, 577], [1753, 577], [1754, 577], [1755, 577], [1715, 578], [1716, 578], [1717, 578], [1718, 578], [1719, 578], [1720, 578], [1721, 578], [1722, 578], [1727, 578], [1728, 578], [1729, 578], [1739, 578], [1740, 578], [1741, 578], [1742, 578], [1749, 578], [1750, 578], [1751, 578], [1752, 578], [1753, 578], [1754, 578], [1755, 578], [1717, 579], [1718, 579], [1719, 579], [1720, 579], [1721, 579], [1722, 579], [1723, 579], [1724, 579], [1725, 579], [1756, 579], [1757, 579], [1758, 579], [1719, 580], [1720, 580], [1721, 580], [1722, 580], [1723, 580], [1724, 580], [1725, 580], [1726, 580], [1756, 580], [1757, 580], [1758, 580], [1722, 581], [1723, 581], [1724, 581], [1725, 581], [1726, 581], [1727, 581], [1728, 581], [1729, 581], [1730, 581], [1756, 581], [1757, 581], [1758, 581], [1759, 581], [1760, 581], [1724, 582], [1725, 582], [1726, 582], [1727, 582], [1728, 582], [1729, 582], [1730, 582], [1731, 582], [1756, 582], [1757, 582], [1758, 582], [1759, 582], [1760, 582], [1726, 583], [1727, 583], [1728, 583], [1729, 583], [1730, 583], [1731, 583], [1732, 583], [1733, 583], [1757, 583], [1758, 583], [1759, 583], [1760, 583], [1728, 584], [1729, 584], [1730, 584], [1731, 584], [1733, 584], [1734, 584], [1735, 584], [1741, 584], [1742, 584], [1743, 584], [1731, 585], [1732, 585], [1733, 585], [1735, 585], [1736, 585], [1737, 585], [1738, 585], [1741, 585], [1743, 585], [1804, 585], [1805, 585], [1806, 585], [1733, 586], [1734, 586], [1735, 586], [1736, 586], [1737, 586], [1738, 586], [1739, 586], [1740, 586], [1741, 586], [1742, 586], [1743, 586], [1803, 586], [1804, 586], [1805, 586], [1806, 586], [1735, 587], [1736, 587], [1737, 587], [1738, 587], [1739, 587], [1740, 587], [1741, 587], [1742, 587], [1803, 587], [1804, 587], [1805, 587], [1806, 587], [1737, 588], [1738, 588], [1739, 588], [1740, 588], [1742, 588], [1743, 588], [1744, 588], [1745, 588], [1803, 588], [1804, 588], [1805, 588], [1806, 588], [1807, 588], [1740, 589], [1741, 589], [1742, 589], [1743, 589], [1744, 589], [1745, 589], [1746, 589], [1747, 589], [1803, 589], [1804, 589], [1805, 589], [1806, 589], [1807, 589], [1742, 590], [1743, 590], [1744, 590], [1745, 590], [1746, 590], [1747, 590], [1748, 590], [1749, 590], [1750, 590], [1803, 590], [1804, 590], [1805, 590], [1806, 590], [1807, 590], [1744, 591], [1745, 591], [1746, 591], [1747, 591], [1748, 591], [1749, 591], [1750, 591], [1751, 591], [1752, 591], [1784, 591], [1785, 591], [1786, 591], [1787, 591], [1788, 591], [1803, 591], [1804, 591], [1805, 591], [1806, 591], [1807, 591], [1747, 592], [1748, 592], [1749, 592], [1750, 592], [1751, 592], [1752, 592], [1753, 592], [1754, 592], [1755, 592], [1784, 592], [1785, 592], [1786, 592], [1787, 592], [1788, 592], [1804, 592], [1805, 592], [1806, 592], [1807, 592], [1749, 593], [1750, 593], [1751, 593], [1752, 593], [1754, 593], [1755, 593], [1756, 593], [1757, 593], [1784, 593], [1785, 593], [1786, 593], [1787, 593], [1788, 593], [1751, 594], [1752, 594], [1753, 594], [1754, 594], [1755, 594], [1756, 594], [1757, 594], [1758, 594], [1784, 594], [1785, 594], [1786, 594], [1787, 594], [1788, 594], [1754, 595], [1755, 595], [1756, 595], [1757, 595], [1758, 595], [1759, 595], [1760, 595], [1761, 595], [1756, 596], [1757, 596], [1758, 596], [1759, 596], [1760, 596], [1761, 596], [1762, 596], [1763, 596], [1764, 596], [1758, 597], [1759, 597], [1760, 597], [1761, 597], [1762, 597], [1763, 597], [1764, 597], [1765, 597], [1766, 597], [1779, 597], [1780, 597], [1781, 597], [1782, 597], [1783, 597], [1784, 597], [1785, 597], [1761, 598], [1762, 598], [1763, 598], [1764, 598], [1765, 598], [1766, 598], [1767, 598], [1768, 598], [1779, 598], [1780, 598], [1784, 598], [1785, 598], [1763, 599], [1764, 599], [1765, 599], [1766, 599], [1767, 599], [1768, 599], [1769, 599], [1770, 599], [1771, 599], [1779, 599], [1780, 599], [1781, 599], [1782, 599], [1783, 599], [1784, 599], [1785, 599], [1765, 600], [1766, 600], [1767, 600], [1768, 600], [1769, 600], [1770, 600], [1771, 600], [1772, 600], [1773, 600], [1767, 601], [1768, 601], [1769, 601], [1770, 601], [1771, 601], [1772, 601], [1773, 601], [1774, 601], [1769, 602], [1770, 602], [1771, 602], [1772, 602], [1773, 602], [1774, 602], [1775, 602], [1776, 602], [1777, 602], [1772, 603], [1773, 603], [1774, 603], [1775, 603], [1776, 603], [1777, 603], [1778, 603], [1779, 603], [1774, 604], [1775, 604], [1776, 604], [1777, 604], [1778, 604], [1779, 604], [1780, 604], [1781, 604], [1776, 605], [1777, 605], [1778, 605], [1779, 605], [1781, 605], [1782, 605], [1783, 605], [1784, 605], [1785, 605], [1779, 606], [1780, 606], [1781, 606], [1782, 606], [1783, 606], [1784, 606], [1785, 606], [1786, 606], [1787, 606], [1781, 607], [1782, 607], [1783, 607], [1784, 607], [1786, 607], [1787, 607], [1788, 607], [1789, 607], [1813, 607], [1814, 607], [1815, 607], [1816, 607], [1817, 607], [1818, 607], [1819, 607], [1783, 608], [1784, 608], [1785, 608], [1786, 608], [1787, 608], [1788, 608], [1789, 608], [1790, 608], [1791, 608], [1799, 608], [1800, 608], [1801, 608], [1802, 608], [1803, 608], [1804, 608], [1813, 608], [1814, 608], [1815, 608], [1816, 608], [1817, 608], [1818, 608], [1819, 608], [1820, 608], [1785, 609], [1786, 609], [1787, 609], [1788, 609], [1789, 609], [1790, 609], [1791, 609], [1792, 609], [1793, 609], [1794, 609], [1799, 609], [1801, 609], [1802, 609], [1803, 609], [1804, 609], [1813, 609], [1814, 609], [1815, 609], [1816, 609], [1817, 609], [1819, 609], [1820, 609], [1821, 609], [1822, 609], [1823, 609], [1788, 610], [1789, 610], [1790, 610], [1791, 610], [1792, 610], [1793, 610], [1794, 610], [1795, 610], [1799, 610], [1800, 610], [1801, 610], [1802, 610], [1803, 610], [1804, 610], [1814, 610], [1815, 610], [1816, 610], [1817, 610], [1818, 610], [1819, 610], [1820, 610], [1821, 610], [1822, 610], [1823, 610], [1824, 610], [1790, 611], [1791, 611], [1792, 611], [1793, 611], [1794, 611], [1795, 611], [1796, 611], [1797, 611], [1798, 611], [1801, 611], [1802, 611], [1803, 611], [1804, 611], [1817, 611], [1818, 611], [1819, 611], [1820, 611], [1821, 611], [1822, 611], [1823, 611], [1824, 611], [1792, 612], [1793, 612], [1794, 612], [1795, 612], [1796, 612], [1797, 612], [1798, 612], [1799, 612], [1800, 612], [1819, 612], [1820, 612], [1821, 612], [1822, 612], [1823, 612], [1824, 612], [1794, 613], [1795, 613], [1796, 613], [1797, 613], [1799, 613], [1800, 613], [1801, 613], [1802, 613], [1803, 613], [1820, 613], [1821, 613], [1822, 613], [1823, 613], [1796, 614], [1797, 614], [1798, 614], [1799, 614], [1800, 614], [1801, 614], [1802, 614], [1803, 614], [1804, 614], [1798, 615], [1799, 615], [1800, 615], [1801, 615], [1802, 615], [1803, 615], [1804, 615], [1805, 615], [1806, 615], [1816, 615], [1817, 615], [1818, 615], [1801, 616], [1802, 616], [1803, 616], [1804, 616], [1805, 616], [1806, 616], [1807, 616], [1808, 616], [1816, 616], [1818, 616], [1803, 617], [1804, 617], [1805, 617], [1806, 617], [1807, 617], [1808, 617], [1809, 617], [1810, 617], [1816, 617], [1817, 617], [1818, 617], [1805, 618], [1806, 618], [1807, 618], [1808, 618], [1809, 618], [1810, 618], [1811, 618], [1812, 618], [1807, 619], [1808, 619], [1809, 619], [1810, 619], [1812, 619], [1813, 619], [1814, 619], [1815, 619], [1810, 620], [1811, 620], [1812, 620], [1813, 620], [1814, 620], [1815, 620], [1816, 620], [1817, 620], [1812, 621], [1813, 621], [1814, 621], [1815, 621], [1816, 621], [1817, 621], [1818, 621], [1819, 621], [1820, 621], [1814, 622], [1815, 622], [1816, 622], [1817, 622], [1818, 622], [1819, 622], [1820, 622], [1821, 622], [1816, 623], [1817, 623], [1818, 623], [1819, 623], [1820, 623], [1821, 623], [1822, 623], [1823, 623], [1818, 624], [1819, 624], [1820, 624], [1821, 624], [1822, 624], [1823, 624], [1824, 624], [1820, 625], [1821, 625], [1822, 625], [1823, 625], [1824, 625], [1822, 626], [1823, 626], [1824, 626], [1824, 627]


