White line left - [370, 917], [368, 918], [369, 918], [366, 919], [367, 919], [368, 919], [365, 920], [366, 920], [367, 920], [368, 920], [363, 921], [364, 921], [365, 921], [366, 921], [367, 921], [361, 922], [362, 922], [363, 922], [364, 922], [365, 922], [366, 922], [360, 923], [361, 923], [362, 923], [363, 923], [364, 923], [365, 923], [366, 923], [358, 924], [359, 924], [360, 924], [361, 924], [362, 924], [356, 925], [357, 925], [358, 925], [359, 925], [360, 925], [361, 925], [354, 926], [355, 926], [356, 926], [357, 926], [358, 926], [359, 926], [353, 927], [354, 927], [355, 927], [356, 927], [357, 927], [352, 928], [353, 928], [354, 928], [355, 928], [351, 929], [352, 929], [353, 929], [354, 929], [349, 930], [350, 930], [351, 930], [352, 930], [353, 930], [348, 931], [349, 931], [350, 931], [351, 931], [352, 931], [347, 932], [348, 932], [349, 932], [350, 932], [344, 933], [345, 933], [346, 933], [347, 933], [348, 933], [349, 933], [344, 934], [345, 934], [346, 934], [347, 934], [348, 934], [344, 935], [345, 935], [346, 935], [347, 935], [345, 936], [346, 936], [347, 936], [344, 937], [345, 937], [346, 937], [347, 937], [343, 938], [344, 938], [345, 938], [346, 938], [343, 939], [344, 939], [345, 939], [341, 940], [342, 940], [343, 940], [344, 940], [329, 941], [341, 941], [342, 941], [343, 941], [344, 941], [328, 942], [329, 942], [341, 942], [342, 942], [343, 942], [344, 942], [345, 942], [346, 942], [347, 942], [326, 943], [327, 943], [328, 943], [329, 943], [341, 943], [342, 943], [343, 943], [344, 943], [345, 943], [346, 943], [347, 943], [325, 944], [326, 944], [327, 944], [328, 944], [329, 944], [335, 944], [336, 944], [337, 944], [343, 944], [344, 944], [345, 944], [346, 944], [347, 944], [325, 945], [326, 945], [335, 945], [336, 945], [337, 945], [346, 945], [347, 945], [324, 946], [325, 946], [326, 946], [335, 946], [336, 946], [337, 946], [345, 946], [346, 946], [347, 946], [319, 947], [324, 947], [325, 947], [326, 947], [335, 947], [336, 947], [337, 947], [344, 947], [345, 947], [346, 947], [347, 947], [317, 948], [318, 948], [319, 948], [323, 948], [324, 948], [325, 948], [344, 948], [345, 948], [346, 948], [316, 949], [317, 949], [318, 949], [321, 949], [322, 949], [323, 949], [324, 949], [325, 949], [344, 949], [345, 949], [315, 950], [316, 950], [317, 950], [321, 950], [322, 950], [323, 950], [324, 950], [343, 950], [344, 950], [345, 950], [314, 951], [315, 951], [316, 951], [320, 951], [321, 951], [322, 951], [343, 951], [344, 951], [345, 951], [314, 952], [315, 952], [316, 952], [319, 952], [320, 952], [321, 952], [322, 952], [342, 952], [343, 952], [344, 952], [313, 953], [314, 953], [315, 953], [319, 953], [320, 953], [321, 953], [342, 953], [343, 953], [344, 953], [312, 954], [313, 954], [314, 954], [315, 954], [318, 954], [319, 954], [320, 954], [341, 954], [342, 954], [343, 954], [312, 955], [313, 955], [314, 955], [317, 955], [318, 955], [319, 955], [320, 955], [340, 955], [341, 955], [342, 955], [343, 955], [304, 956], [312, 956], [313, 956], [316, 956], [317, 956], [318, 956], [319, 956], [340, 956], [341, 956], [342, 956], [302, 957], [303, 957], [312, 957], [313, 957], [315, 957], [316, 957], [317, 957], [318, 957], [340, 957], [341, 957], [301, 958], [302, 958], [303, 958], [312, 958], [313, 958], [315, 958], [316, 958], [317, 958], [339, 958], [340, 958], [341, 958], [300, 959], [301, 959], [302, 959], [311, 959], [312, 959], [313, 959], [314, 959], [315, 959], [316, 959], [339, 959], [340, 959], [341, 959], [299, 960], [300, 960], [301, 960], [311, 960], [312, 960], [314, 960], [315, 960], [316, 960], [338, 960], [339, 960], [340, 960], [298, 961], [299, 961], [300, 961], [301, 961], [310, 961], [311, 961], [312, 961], [313, 961], [314, 961], [315, 961], [337, 961], [338, 961], [339, 961], [340, 961], [297, 962], [298, 962], [299, 962], [300, 962], [310, 962], [311, 962], [312, 962], [313, 962], [314, 962], [337, 962], [338, 962], [339, 962], [296, 963], [297, 963], [298, 963], [299, 963], [310, 963], [311, 963], [312, 963], [313, 963], [336, 963], [337, 963], [338, 963], [296, 964], [297, 964], [298, 964], [310, 964], [311, 964], [312, 964], [336, 964], [337, 964], [338, 964], [295, 965], [296, 965], [297, 965], [335, 965], [336, 965], [337, 965], [294, 966], [295, 966], [296, 966], [297, 966], [335, 966], [336, 966], [337, 966], [294, 967], [295, 967], [296, 967], [334, 967], [335, 967], [336, 967], [293, 968], [294, 968], [295, 968], [334, 968], [335, 968], [336, 968], [293, 969], [294, 969], [295, 969], [333, 969], [334, 969], [335, 969], [292, 970], [293, 970], [294, 970], [333, 970], [334, 970], [335, 970], [291, 971], [292, 971], [293, 971], [294, 971], [332, 971], [333, 971], [334, 971], [291, 972], [292, 972], [293, 972], [331, 972], [332, 972], [333, 972], [334, 972], [291, 973], [292, 973], [330, 973], [331, 973], [332, 973], [333, 973], [291, 974], [292, 974], [330, 974], [331, 974], [332, 974], [290, 975], [291, 975], [292, 975], [329, 975], [330, 975], [331, 975], [290, 976], [291, 976], [292, 976], [328, 976], [329, 976], [330, 976], [331, 976], [289, 977], [290, 977], [291, 977], [327, 977], [328, 977], [329, 977], [330, 977], [289, 978], [290, 978], [291, 978], [327, 978], [328, 978], [329, 978], [288, 979], [289, 979], [290, 979], [327, 979], [328, 979], [287, 980], [288, 980], [289, 980], [290, 980], [326, 980], [327, 980], [328, 980], [286, 981], [287, 981], [288, 981], [289, 981], [325, 981], [326, 981], [327, 981], [328, 981], [285, 982], [286, 982], [287, 982], [288, 982], [325, 982], [326, 982], [327, 982], [285, 983], [286, 983], [287, 983], [325, 983], [326, 983], [284, 984], [285, 984], [286, 984], [324, 984], [325, 984], [326, 984], [283, 985], [284, 985], [285, 985], [286, 985], [323, 985], [324, 985], [325, 985], [326, 985], [283, 986], [284, 986], [285, 986], [322, 986], [323, 986], [324, 986], [325, 986], [282, 987], [283, 987], [284, 987], [322, 987], [323, 987], [324, 987], [281, 988], [282, 988], [283, 988], [284, 988], [321, 988], [322, 988], [323, 988], [281, 989], [282, 989], [283, 989], [321, 989], [322, 989], [323, 989], [280, 990], [281, 990], [282, 990], [320, 990], [321, 990], [322, 990], [280, 991], [281, 991], [282, 991], [319, 991], [320, 991], [321, 991], [322, 991], [280, 992], [281, 992], [318, 992], [319, 992], [320, 992], [321, 992], [280, 993], [281, 993], [317, 993], [318, 993], [319, 993], [320, 993], [280, 994], [281, 994], [316, 994], [317, 994], [318, 994], [319, 994], [280, 995], [281, 995], [315, 995], [316, 995], [317, 995], [318, 995], [280, 996], [281, 996], [282, 996], [283, 996], [314, 996], [315, 996], [316, 996], [317, 996], [280, 997], [281, 997], [282, 997], [283, 997], [313, 997], [314, 997], [315, 997], [316, 997], [282, 998], [283, 998], [312, 998], [313, 998], [314, 998], [315, 998], [272, 999], [273, 999], [274, 999], [282, 999], [283, 999], [312, 999], [313, 999], [314, 999], [272, 1000], [274, 1000], [281, 1000], [282, 1000], [283, 1000], [311, 1000], [312, 1000], [313, 1000], [272, 1001], [273, 1001], [274, 1001], [281, 1001], [282, 1001], [283, 1001], [310, 1001], [311, 1001], [312, 1001], [313, 1001], [268, 1002], [269, 1002], [270, 1002], [271, 1002], [280, 1002], [281, 1002], [282, 1002], [309, 1002], [310, 1002], [311, 1002], [312, 1002], [268, 1003], [269, 1003], [270, 1003], [271, 1003], [279, 1003], [280, 1003], [281, 1003], [282, 1003], [309, 1003], [310, 1003], [311, 1003], [267, 1004], [268, 1004], [269, 1004], [270, 1004], [271, 1004], [279, 1004], [280, 1004], [281, 1004], [308, 1004], [309, 1004], [310, 1004], [267, 1005], [268, 1005], [269, 1005], [270, 1005], [271, 1005], [278, 1005], [279, 1005], [280, 1005], [307, 1005], [308, 1005], [309, 1005], [310, 1005], [267, 1006], [268, 1006], [269, 1006], [270, 1006], [276, 1006], [277, 1006], [278, 1006], [279, 1006], [280, 1006], [306, 1006], [307, 1006], [308, 1006], [309, 1006], [267, 1007], [268, 1007], [269, 1007], [273, 1007], [274, 1007], [275, 1007], [276, 1007], [277, 1007], [278, 1007], [279, 1007], [305, 1007], [306, 1007], [307, 1007], [308, 1007], [270, 1008], [271, 1008], [272, 1008], [273, 1008], [274, 1008], [275, 1008], [276, 1008], [277, 1008], [304, 1008], [305, 1008], [306, 1008], [307, 1008], [269, 1009], [270, 1009], [271, 1009], [272, 1009], [273, 1009], [274, 1009], [303, 1009], [304, 1009], [305, 1009], [306, 1009], [269, 1010], [270, 1010], [271, 1010], [277, 1010], [278, 1010], [279, 1010], [302, 1010], [303, 1010], [304, 1010], [305, 1010], [268, 1011], [269, 1011], [270, 1011], [277, 1011], [278, 1011], [279, 1011], [301, 1011], [302, 1011], [303, 1011], [304, 1011], [267, 1012], [268, 1012], [269, 1012], [270, 1012], [276, 1012], [277, 1012], [278, 1012], [279, 1012], [300, 1012], [301, 1012], [302, 1012], [303, 1012], [266, 1013], [267, 1013], [268, 1013], [269, 1013], [276, 1013], [277, 1013], [278, 1013], [279, 1013], [299, 1013], [300, 1013], [301, 1013], [302, 1013], [265, 1014], [266, 1014], [267, 1014], [268, 1014], [272, 1014], [273, 1014], [274, 1014], [275, 1014], [276, 1014], [277, 1014], [278, 1014], [298, 1014], [299, 1014], [300, 1014], [301, 1014], [264, 1015], [265, 1015], [266, 1015], [267, 1015], [272, 1015], [273, 1015], [274, 1015], [275, 1015], [276, 1015], [277, 1015], [297, 1015], [298, 1015], [299, 1015], [300, 1015], [264, 1016], [265, 1016], [266, 1016], [272, 1016], [273, 1016], [274, 1016], [275, 1016], [276, 1016], [277, 1016], [296, 1016], [297, 1016], [298, 1016], [299, 1016], [263, 1017], [264, 1017], [265, 1017], [272, 1017], [273, 1017], [274, 1017], [275, 1017], [276, 1017], [277, 1017], [296, 1017], [297, 1017], [298, 1017], [260, 1018], [261, 1018], [262, 1018], [263, 1018], [264, 1018], [265, 1018], [273, 1018], [274, 1018], [275, 1018], [276, 1018], [296, 1018], [297, 1018], [260, 1019], [261, 1019], [262, 1019], [263, 1019], [264, 1019], [296, 1019], [297, 1019], [260, 1020], [261, 1020], [262, 1020], [295, 1020], [296, 1020], [297, 1020], [260, 1021], [261, 1021], [262, 1021], [295, 1021], [296, 1021], [297, 1021], [259, 1022], [260, 1022], [261, 1022], [262, 1022], [295, 1022], [296, 1022], [259, 1023], [260, 1023], [261, 1023], [294, 1023], [295, 1023], [296, 1023], [257, 1024], [258, 1024], [259, 1024], [260, 1024], [294, 1024], [295, 1024], [296, 1024], [256, 1025], [257, 1025], [258, 1025], [259, 1025], [260, 1025], [294, 1025], [295, 1025], [255, 1026], [256, 1026], [257, 1026], [258, 1026], [293, 1026], [294, 1026], [295, 1026], [255, 1027], [256, 1027], [257, 1027], [292, 1027], [293, 1027], [294, 1027], [295, 1027], [254, 1028], [255, 1028], [256, 1028], [291, 1028], [292, 1028], [293, 1028], [294, 1028], [253, 1029], [254, 1029], [255, 1029], [256, 1029], [289, 1029], [290, 1029], [291, 1029], [292, 1029], [293, 1029], [252, 1030], [253, 1030], [254, 1030], [255, 1030], [289, 1030], [290, 1030], [291, 1030], [292, 1030], [251, 1031], [252, 1031], [253, 1031], [254, 1031], [288, 1031], [289, 1031], [290, 1031], [250, 1032], [251, 1032], [252, 1032], [253, 1032], [288, 1032], [289, 1032], [290, 1032], [250, 1033], [251, 1033], [252, 1033], [288, 1033], [289, 1033], [247, 1034], [248, 1034], [249, 1034], [250, 1034], [251, 1034], [287, 1034], [288, 1034], [289, 1034], [247, 1035], [249, 1035], [250, 1035], [251, 1035], [286, 1035], [287, 1035], [288, 1035], [289, 1035], [247, 1036], [248, 1036], [249, 1036], [250, 1036], [286, 1036], [287, 1036], [288, 1036], [249, 1037], [250, 1037], [253, 1037], [254, 1037], [255, 1037], [256, 1037], [285, 1037], [286, 1037], [287, 1037], [249, 1038], [250, 1038], [252, 1038], [253, 1038], [254, 1038], [255, 1038], [256, 1038], [276, 1038], [277, 1038], [278, 1038], [279, 1038], [280, 1038], [284, 1038], [285, 1038], [286, 1038], [287, 1038], [248, 1039], [249, 1039], [250, 1039], [251, 1039], [252, 1039], [253, 1039], [254, 1039], [255, 1039], [256, 1039], [257, 1039], [275, 1039], [276, 1039], [277, 1039], [278, 1039], [279, 1039], [280, 1039], [283, 1039], [284, 1039], [285, 1039], [286, 1039], [248, 1040], [249, 1040], [251, 1040], [252, 1040], [253, 1040], [255, 1040], [256, 1040], [257, 1040], [274, 1040], [275, 1040], [276, 1040], [277, 1040], [279, 1040], [280, 1040], [281, 1040], [282, 1040], [283, 1040], [284, 1040], [285, 1040], [248, 1041], [249, 1041], [250, 1041], [251, 1041], [252, 1041], [256, 1041], [257, 1041], [258, 1041], [273, 1041], [274, 1041], [275, 1041], [276, 1041], [279, 1041], [280, 1041], [281, 1041], [282, 1041], [283, 1041], [284, 1041], [248, 1042], [249, 1042], [250, 1042], [251, 1042], [256, 1042], [257, 1042], [258, 1042], [259, 1042], [272, 1042], [273, 1042], [274, 1042], [275, 1042], [279, 1042], [280, 1042], [281, 1042], [282, 1042], [257, 1043], [258, 1043], [259, 1043], [260, 1043], [262, 1043], [263, 1043], [264, 1043], [265, 1043], [266, 1043], [270, 1043], [271, 1043], [272, 1043], [273, 1043], [274, 1043], [258, 1044], [259, 1044], [260, 1044], [262, 1044], [263, 1044], [264, 1044], [265, 1044], [266, 1044], [267, 1044], [268, 1044], [269, 1044], [270, 1044], [271, 1044], [272, 1044], [273, 1044], [258, 1045], [259, 1045], [260, 1045], [261, 1045], [262, 1045], [263, 1045], [265, 1045], [266, 1045], [267, 1045], [268, 1045], [269, 1045], [270, 1045], [271, 1045], [258, 1046], [259, 1046], [260, 1046], [261, 1046], [262, 1046], [263, 1046], [266, 1046], [267, 1046], [268, 1046], [258, 1047], [259, 1047], [260, 1047], [261, 1047], [262, 1047], [258, 1048], [259, 1048], [260, 1048]




Yellow line left - [1823, 183], [1824, 183], [1822, 184], [1823, 184], [1824, 184], [1821, 185], [1822, 185], [1823, 185], [1824, 185], [1820, 186], [1821, 186], [1822, 186], [1823, 186], [1819, 187], [1820, 187], [1821, 187], [1822, 187], [1819, 188], [1820, 188], [1821, 188], [1818, 189], [1819, 189], [1820, 189], [1817, 190], [1818, 190], [1819, 190], [1820, 190], [1815, 191], [1816, 191], [1817, 191], [1818, 191], [1819, 191], [1814, 192], [1815, 192], [1816, 192], [1817, 192], [1818, 192], [1813, 193], [1814, 193], [1815, 193], [1816, 193], [1813, 194], [1814, 194], [1815, 194], [1812, 195], [1813, 195], [1814, 195], [1811, 196], [1812, 196], [1813, 196], [1814, 196], [1809, 197], [1810, 197], [1811, 197], [1812, 197], [1813, 197], [1581, 198], [1582, 198], [1583, 198], [1584, 198], [1585, 198], [1586, 198], [1587, 198], [1588, 198], [1589, 198], [1590, 198], [1591, 198], [1592, 198], [1593, 198], [1594, 198], [1595, 198], [1596, 198], [1597, 198], [1598, 198], [1599, 198], [1600, 198], [1601, 198], [1602, 198], [1603, 198], [1604, 198], [1605, 198], [1606, 198], [1607, 198], [1608, 198], [1609, 198], [1610, 198], [1808, 198], [1809, 198], [1810, 198], [1811, 198], [1812, 198], [1579, 199], [1580, 199], [1581, 199], [1582, 199], [1583, 199], [1584, 199], [1585, 199], [1586, 199], [1587, 199], [1588, 199], [1589, 199], [1590, 199], [1591, 199], [1592, 199], [1593, 199], [1594, 199], [1595, 199], [1596, 199], [1597, 199], [1598, 199], [1599, 199], [1600, 199], [1601, 199], [1602, 199], [1603, 199], [1604, 199], [1605, 199], [1606, 199], [1607, 199], [1608, 199], [1609, 199], [1610, 199], [1611, 199], [1612, 199], [1613, 199], [1614, 199], [1615, 199], [1616, 199], [1617, 199], [1618, 199], [1619, 199], [1620, 199], [1621, 199], [1622, 199], [1623, 199], [1624, 199], [1625, 199], [1626, 199], [1807, 199], [1808, 199], [1809, 199], [1810, 199], [1609, 200], [1610, 200], [1611, 200], [1612, 200], [1613, 200], [1614, 200], [1615, 200], [1616, 200], [1617, 200], [1618, 200], [1619, 200], [1620, 200], [1621, 200], [1622, 200], [1623, 200], [1624, 200], [1625, 200], [1626, 200], [1627, 200], [1628, 200], [1629, 200], [1630, 200], [1631, 200], [1632, 200], [1633, 200], [1634, 200], [1635, 200], [1636, 200], [1637, 200], [1638, 200], [1639, 200], [1640, 200], [1641, 200], [1642, 200], [1643, 200], [1644, 200], [1645, 200], [1806, 200], [1807, 200], [1808, 200], [1809, 200], [1625, 201], [1626, 201], [1627, 201], [1628, 201], [1629, 201], [1630, 201], [1631, 201], [1632, 201], [1633, 201], [1634, 201], [1635, 201], [1636, 201], [1637, 201], [1638, 201], [1639, 201], [1640, 201], [1641, 201], [1642, 201], [1643, 201], [1644, 201], [1645, 201], [1646, 201], [1647, 201], [1648, 201], [1649, 201], [1650, 201], [1651, 201], [1652, 201], [1653, 201], [1654, 201], [1655, 201], [1656, 201], [1657, 201], [1658, 201], [1659, 201], [1660, 201], [1661, 201], [1662, 201], [1663, 201], [1664, 201], [1665, 201], [1666, 201], [1667, 201], [1668, 201], [1669, 201], [1670, 201], [1671, 201], [1806, 201], [1807, 201], [1808, 201], [1644, 202], [1645, 202], [1646, 202], [1647, 202], [1648, 202], [1649, 202], [1650, 202], [1651, 202], [1652, 202], [1653, 202], [1654, 202], [1655, 202], [1656, 202], [1657, 202], [1658, 202], [1659, 202], [1660, 202], [1661, 202], [1662, 202], [1663, 202], [1664, 202], [1665, 202], [1666, 202], [1667, 202], [1668, 202], [1669, 202], [1670, 202], [1671, 202], [1672, 202], [1673, 202], [1674, 202], [1675, 202], [1676, 202], [1677, 202], [1678, 202], [1679, 202], [1680, 202], [1681, 202], [1682, 202], [1683, 202], [1695, 202], [1696, 202], [1697, 202], [1698, 202], [1699, 202], [1700, 202], [1701, 202], [1702, 202], [1703, 202], [1704, 202], [1705, 202], [1706, 202], [1707, 202], [1708, 202], [1709, 202], [1710, 202], [1711, 202], [1712, 202], [1713, 202], [1714, 202], [1715, 202], [1716, 202], [1806, 202], [1807, 202], [1670, 203], [1671, 203], [1672, 203], [1673, 203], [1674, 203], [1675, 203], [1676, 203], [1677, 203], [1678, 203], [1679, 203], [1680, 203], [1681, 203], [1682, 203], [1683, 203], [1684, 203], [1685, 203], [1686, 203], [1687, 203], [1688, 203], [1689, 203], [1690, 203], [1691, 203], [1692, 203], [1693, 203], [1694, 203], [1695, 203], [1696, 203], [1697, 203], [1698, 203], [1699, 203], [1700, 203], [1701, 203], [1702, 203], [1703, 203], [1704, 203], [1705, 203], [1706, 203], [1707, 203], [1708, 203], [1709, 203], [1710, 203], [1711, 203], [1712, 203], [1713, 203], [1714, 203], [1715, 203], [1716, 203], [1717, 203], [1718, 203], [1719, 203], [1720, 203], [1721, 203], [1722, 203], [1723, 203], [1724, 203], [1725, 203], [1726, 203], [1727, 203], [1728, 203], [1729, 203], [1730, 203], [1731, 203], [1732, 203], [1733, 203], [1734, 203], [1735, 203], [1736, 203], [1737, 203], [1738, 203], [1739, 203], [1740, 203], [1741, 203], [1742, 203], [1805, 203], [1806, 203], [1807, 203], [1682, 204], [1683, 204], [1684, 204], [1685, 204], [1686, 204], [1687, 204], [1688, 204], [1689, 204], [1690, 204], [1691, 204], [1692, 204], [1693, 204], [1694, 204], [1695, 204], [1696, 204], [1715, 204], [1716, 204], [1717, 204], [1718, 204], [1719, 204], [1720, 204], [1721, 204], [1722, 204], [1723, 204], [1724, 204], [1725, 204], [1726, 204], [1727, 204], [1728, 204], [1729, 204], [1730, 204], [1731, 204], [1732, 204], [1733, 204], [1734, 204], [1735, 204], [1736, 204], [1737, 204], [1738, 204], [1739, 204], [1740, 204], [1741, 204], [1742, 204], [1743, 204], [1744, 204], [1745, 204], [1746, 204], [1747, 204], [1748, 204], [1749, 204], [1750, 204], [1751, 204], [1752, 204], [1753, 204], [1754, 204], [1755, 204], [1756, 204], [1757, 204], [1758, 204], [1759, 204], [1760, 204], [1761, 204], [1805, 204], [1806, 204], [1807, 204], [1741, 205], [1742, 205], [1743, 205], [1744, 205], [1745, 205], [1746, 205], [1747, 205], [1748, 205], [1749, 205], [1750, 205], [1751, 205], [1752, 205], [1753, 205], [1754, 205], [1755, 205], [1756, 205], [1757, 205], [1758, 205], [1759, 205], [1760, 205], [1761, 205], [1762, 205], [1763, 205], [1764, 205], [1765, 205], [1766, 205], [1767, 205], [1768, 205], [1769, 205], [1770, 205], [1771, 205], [1804, 205], [1805, 205], [1806, 205], [1760, 206], [1761, 206], [1762, 206], [1763, 206], [1764, 206], [1765, 206], [1766, 206], [1767, 206], [1768, 206], [1769, 206], [1770, 206], [1771, 206], [1772, 206], [1773, 206], [1774, 206], [1775, 206], [1776, 206], [1777, 206], [1778, 206], [1779, 206], [1780, 206], [1781, 206], [1782, 206], [1783, 206], [1784, 206], [1803, 206], [1804, 206], [1805, 206], [1806, 206], [1770, 207], [1771, 207], [1772, 207], [1773, 207], [1774, 207], [1775, 207], [1776, 207], [1777, 207], [1778, 207], [1779, 207], [1780, 207], [1781, 207], [1782, 207], [1783, 207], [1784, 207], [1785, 207], [1786, 207], [1787, 207], [1788, 207], [1789, 207], [1790, 207], [1791, 207], [1792, 207], [1793, 207], [1794, 207], [1795, 207], [1796, 207], [1797, 207], [1802, 207], [1803, 207], [1804, 207], [1805, 207], [1781, 208], [1782, 208], [1783, 208], [1784, 208], [1785, 208], [1786, 208], [1787, 208], [1788, 208], [1789, 208], [1790, 208], [1791, 208], [1792, 208], [1793, 208], [1794, 208], [1795, 208], [1796, 208], [1797, 208], [1798, 208], [1799, 208], [1800, 208], [1801, 208], [1802, 208], [1803, 208], [1804, 208], [1796, 209], [1797, 209], [1798, 209], [1799, 209], [1800, 209], [1801, 209], [1802, 209], [1803, 209]




Yellow line right - [1779, 240], [1780, 240], [1781, 240], [1782, 240], [1783, 240], [1784, 240], [1764, 241], [1765, 241], [1766, 241], [1767, 241], [1768, 241], [1769, 241], [1770, 241], [1771, 241], [1772, 241], [1773, 241], [1778, 241], [1779, 241], [1780, 241], [1781, 241], [1782, 241], [1783, 241], [1784, 241], [1759, 242], [1760, 242], [1761, 242], [1762, 242], [1763, 242], [1764, 242], [1765, 242], [1766, 242], [1767, 242], [1768, 242], [1769, 242], [1770, 242], [1771, 242], [1772, 242], [1773, 242], [1774, 242], [1775, 242], [1776, 242], [1777, 242], [1778, 242], [1779, 242], [1780, 242], [1783, 242], [1784, 242], [1754, 243], [1755, 243], [1756, 243], [1757, 243], [1758, 243], [1759, 243], [1760, 243], [1761, 243], [1762, 243], [1763, 243], [1764, 243], [1765, 243], [1767, 243], [1768, 243], [1769, 243], [1770, 243], [1771, 243], [1772, 243], [1773, 243], [1774, 243], [1775, 243], [1776, 243], [1777, 243], [1778, 243], [1779, 243], [1780, 243], [1782, 243], [1783, 243], [1784, 243], [1752, 244], [1753, 244], [1754, 244], [1755, 244], [1756, 244], [1757, 244], [1758, 244], [1759, 244], [1760, 244], [1776, 244], [1777, 244], [1778, 244], [1779, 244], [1780, 244], [1782, 244], [1783, 244], [1784, 244], [1745, 245], [1746, 245], [1747, 245], [1748, 245], [1749, 245], [1750, 245], [1751, 245], [1752, 245], [1753, 245], [1754, 245], [1755, 245], [1781, 245], [1782, 245], [1783, 245], [1738, 246], [1739, 246], [1740, 246], [1741, 246], [1742, 246], [1743, 246], [1744, 246], [1745, 246], [1746, 246], [1747, 246], [1748, 246], [1749, 246], [1750, 246], [1751, 246], [1752, 246], [1753, 246], [1779, 246], [1780, 246], [1781, 246], [1782, 246], [1783, 246], [1729, 247], [1730, 247], [1731, 247], [1732, 247], [1733, 247], [1734, 247], [1735, 247], [1736, 247], [1737, 247], [1738, 247], [1739, 247], [1740, 247], [1741, 247], [1742, 247], [1743, 247], [1744, 247], [1745, 247], [1746, 247], [1747, 247], [1748, 247], [1779, 247], [1780, 247], [1781, 247], [1782, 247], [1710, 248], [1711, 248], [1712, 248], [1713, 248], [1714, 248], [1715, 248], [1716, 248], [1717, 248], [1718, 248], [1719, 248], [1720, 248], [1721, 248], [1722, 248], [1723, 248], [1724, 248], [1725, 248], [1726, 248], [1727, 248], [1728, 248], [1729, 248], [1730, 248], [1731, 248], [1732, 248], [1733, 248], [1734, 248], [1735, 248], [1736, 248], [1737, 248], [1738, 248], [1739, 248], [1779, 248], [1780, 248], [1703, 249], [1704, 249], [1705, 249], [1706, 249], [1707, 249], [1708, 249], [1709, 249], [1710, 249], [1711, 249], [1712, 249], [1713, 249], [1714, 249], [1715, 249], [1716, 249], [1717, 249], [1718, 249], [1719, 249], [1720, 249], [1721, 249], [1722, 249], [1723, 249], [1724, 249], [1725, 249], [1726, 249], [1727, 249], [1728, 249], [1729, 249], [1730, 249], [1731, 249], [1732, 249], [1779, 249], [1780, 249], [1781, 249], [1691, 250], [1692, 250], [1693, 250], [1694, 250], [1695, 250], [1696, 250], [1697, 250], [1698, 250], [1699, 250], [1700, 250], [1701, 250], [1702, 250], [1703, 250], [1704, 250], [1705, 250], [1706, 250], [1707, 250], [1708, 250], [1709, 250], [1710, 250], [1711, 250], [1779, 250], [1780, 250], [1781, 250], [1685, 251], [1686, 251], [1687, 251], [1688, 251], [1689, 251], [1690, 251], [1691, 251], [1692, 251], [1693, 251], [1694, 251], [1695, 251], [1696, 251], [1697, 251], [1698, 251], [1699, 251], [1700, 251], [1701, 251], [1702, 251], [1703, 251], [1704, 251], [1780, 251], [1781, 251], [1683, 252], [1684, 252], [1685, 252], [1686, 252], [1687, 252], [1688, 252], [1689, 252], [1690, 252], [1691, 252], [1692, 252], [1780, 252], [1781, 252], [1664, 253], [1665, 253], [1666, 253], [1667, 253], [1668, 253], [1669, 253], [1670, 253], [1671, 253], [1672, 253], [1673, 253], [1674, 253], [1675, 253], [1676, 253], [1677, 253], [1679, 253], [1680, 253], [1681, 253], [1682, 253], [1683, 253], [1684, 253], [1685, 253], [1686, 253], [1780, 253], [1781, 253], [1662, 254], [1663, 254], [1664, 254], [1665, 254], [1666, 254], [1667, 254], [1668, 254], [1669, 254], [1670, 254], [1671, 254], [1672, 254], [1673, 254], [1674, 254], [1675, 254], [1676, 254], [1677, 254], [1678, 254], [1679, 254], [1680, 254], [1681, 254], [1682, 254], [1683, 254], [1684, 254], [1780, 254], [1781, 254], [1782, 254], [1659, 255], [1660, 255], [1661, 255], [1662, 255], [1663, 255], [1664, 255], [1665, 255], [1676, 255], [1677, 255], [1678, 255], [1679, 255], [1680, 255], [1780, 255], [1781, 255], [1782, 255], [1653, 256], [1654, 256], [1655, 256], [1656, 256], [1657, 256], [1658, 256], [1659, 256], [1660, 256], [1661, 256], [1662, 256], [1663, 256], [1781, 256], [1782, 256], [1783, 256], [1652, 257], [1653, 257], [1654, 257], [1655, 257], [1656, 257], [1657, 257], [1658, 257], [1659, 257], [1660, 257], [1781, 257], [1782, 257], [1783, 257], [1652, 258], [1653, 258], [1654, 258], [1780, 258], [1781, 258], [1782, 258], [1783, 258], [1652, 259], [1653, 259], [1654, 259], [1779, 259], [1780, 259], [1781, 259], [1782, 259], [1652, 260], [1653, 260], [1654, 260], [1778, 260], [1779, 260], [1780, 260], [1781, 260], [1652, 261], [1653, 261], [1654, 261], [1777, 261], [1778, 261], [1779, 261], [1780, 261], [1651, 262], [1652, 262], [1653, 262], [1654, 262], [1771, 262], [1772, 262], [1773, 262], [1774, 262], [1775, 262], [1776, 262], [1777, 262], [1778, 262], [1779, 262], [1649, 263], [1650, 263], [1651, 263], [1652, 263], [1653, 263], [1768, 263], [1769, 263], [1770, 263], [1771, 263], [1772, 263], [1773, 263], [1774, 263], [1775, 263], [1776, 263], [1777, 263], [1778, 263], [1645, 264], [1646, 264], [1647, 264], [1648, 264], [1649, 264], [1650, 264], [1651, 264], [1652, 264], [1767, 264], [1768, 264], [1769, 264], [1770, 264], [1771, 264], [1772, 264], [1641, 265], [1642, 265], [1643, 265], [1644, 265], [1645, 265], [1646, 265], [1647, 265], [1648, 265], [1649, 265], [1650, 265], [1767, 265], [1768, 265], [1769, 265], [1639, 266], [1640, 266], [1641, 266], [1642, 266], [1643, 266], [1644, 266], [1645, 266], [1646, 266], [1767, 266], [1768, 266], [1637, 267], [1638, 267], [1639, 267], [1640, 267], [1641, 267], [1642, 267], [1767, 267], [1768, 267], [1769, 267], [1770, 267], [1771, 267], [1636, 268], [1637, 268], [1638, 268], [1639, 268], [1640, 268], [1767, 268], [1768, 268], [1769, 268], [1770, 268], [1771, 268], [1772, 268], [1773, 268], [1774, 268], [1775, 268], [1635, 269], [1636, 269], [1637, 269], [1638, 269], [1770, 269], [1771, 269], [1772, 269], [1773, 269], [1774, 269], [1775, 269], [1776, 269], [1635, 270], [1636, 270], [1637, 270], [1774, 270], [1775, 270], [1776, 270], [1635, 271], [1636, 271], [1771, 271], [1772, 271], [1773, 271], [1774, 271], [1775, 271], [1776, 271], [1635, 272], [1636, 272], [1771, 272], [1772, 272], [1773, 272], [1774, 272], [1775, 272], [1776, 272], [1635, 273], [1636, 273], [1771, 273], [1772, 273], [1773, 273], [1774, 273], [1775, 273], [1635, 274], [1636, 274], [1637, 274], [1772, 274], [1773, 274], [1774, 274], [1635, 275], [1636, 275], [1637, 275], [1638, 275], [1770, 275], [1771, 275], [1772, 275], [1773, 275], [1774, 275], [1636, 276], [1637, 276], [1638, 276], [1639, 276], [1765, 276], [1766, 276], [1767, 276], [1768, 276], [1769, 276], [1770, 276], [1771, 276], [1772, 276], [1773, 276], [1774, 276], [1637, 277], [1638, 277], [1639, 277], [1764, 277], [1765, 277], [1766, 277], [1767, 277], [1768, 277], [1769, 277], [1770, 277], [1771, 277], [1638, 278], [1639, 278], [1640, 278], [1764, 278], [1765, 278], [1766, 278], [1638, 279], [1639, 279], [1640, 279], [1764, 279], [1765, 279], [1639, 280], [1640, 280], [1763, 280], [1764, 280], [1765, 280], [1639, 281], [1640, 281], [1762, 281], [1763, 281], [1764, 281], [1765, 281], [1638, 282], [1639, 282], [1640, 282], [1760, 282], [1761, 282], [1762, 282], [1763, 282], [1764, 282], [1637, 283], [1638, 283], [1639, 283], [1640, 283], [1757, 283], [1758, 283], [1759, 283], [1760, 283], [1761, 283], [1762, 283], [1763, 283], [1636, 284], [1637, 284], [1638, 284], [1639, 284], [1756, 284], [1757, 284], [1758, 284], [1759, 284], [1760, 284], [1761, 284], [1635, 285], [1636, 285], [1637, 285], [1638, 285], [1756, 285], [1757, 285], [1758, 285], [1635, 286], [1636, 286], [1637, 286], [1754, 286], [1755, 286], [1756, 286], [1757, 286], [1634, 287], [1635, 287], [1636, 287], [1710, 287], [1711, 287], [1712, 287], [1753, 287], [1754, 287], [1755, 287], [1756, 287], [1757, 287], [1634, 288], [1635, 288], [1636, 288], [1708, 288], [1709, 288], [1710, 288], [1711, 288], [1712, 288], [1713, 288], [1731, 288], [1732, 288], [1733, 288], [1734, 288], [1735, 288], [1736, 288], [1737, 288], [1738, 288], [1739, 288], [1740, 288], [1741, 288], [1749, 288], [1750, 288], [1751, 288], [1752, 288], [1753, 288], [1754, 288], [1755, 288], [1756, 288], [1757, 288], [1633, 289], [1634, 289], [1635, 289], [1706, 289], [1707, 289], [1708, 289], [1709, 289], [1710, 289], [1711, 289], [1712, 289], [1713, 289], [1714, 289], [1715, 289], [1730, 289], [1731, 289], [1732, 289], [1733, 289], [1734, 289], [1735, 289], [1736, 289], [1737, 289], [1738, 289], [1739, 289], [1740, 289], [1741, 289], [1742, 289], [1743, 289], [1749, 289], [1750, 289], [1751, 289], [1752, 289], [1753, 289], [1754, 289], [1763, 289], [1764, 289], [1765, 289], [1766, 289], [1767, 289], [1768, 289], [1769, 289], [1770, 289], [1630, 290], [1631, 290], [1632, 290], [1633, 290], [1634, 290], [1635, 290], [1706, 290], [1707, 290], [1708, 290], [1709, 290], [1710, 290], [1711, 290], [1712, 290], [1713, 290], [1714, 290], [1715, 290], [1716, 290], [1717, 290], [1718, 290], [1719, 290], [1720, 290], [1721, 290], [1722, 290], [1723, 290], [1724, 290], [1725, 290], [1726, 290], [1727, 290], [1728, 290], [1729, 290], [1730, 290], [1731, 290], [1732, 290], [1740, 290], [1741, 290], [1742, 290], [1743, 290], [1744, 290], [1745, 290], [1746, 290], [1747, 290], [1748, 290], [1749, 290], [1750, 290], [1751, 290], [1752, 290], [1753, 290], [1754, 290], [1755, 290], [1756, 290], [1757, 290], [1758, 290], [1759, 290], [1760, 290], [1762, 290], [1763, 290], [1764, 290], [1765, 290], [1766, 290], [1767, 290], [1768, 290], [1769, 290], [1770, 290], [1771, 290], [1772, 290], [1629, 291], [1630, 291], [1631, 291], [1632, 291], [1633, 291], [1634, 291], [1706, 291], [1707, 291], [1708, 291], [1709, 291], [1714, 291], [1715, 291], [1716, 291], [1717, 291], [1718, 291], [1719, 291], [1720, 291], [1721, 291], [1722, 291], [1723, 291], [1724, 291], [1725, 291], [1726, 291], [1727, 291], [1728, 291], [1729, 291], [1730, 291], [1731, 291], [1742, 291], [1743, 291], [1744, 291], [1745, 291], [1746, 291], [1747, 291], [1748, 291], [1749, 291], [1750, 291], [1751, 291], [1752, 291], [1753, 291], [1754, 291], [1755, 291], [1756, 291], [1757, 291], [1759, 291], [1760, 291], [1762, 291], [1763, 291], [1764, 291], [1766, 291], [1767, 291], [1768, 291], [1769, 291], [1770, 291], [1771, 291], [1772, 291], [1628, 292], [1629, 292], [1630, 292], [1631, 292], [1705, 292], [1706, 292], [1707, 292], [1708, 292], [1744, 292], [1745, 292], [1746, 292], [1747, 292], [1748, 292], [1749, 292], [1750, 292], [1751, 292], [1752, 292], [1753, 292], [1754, 292], [1755, 292], [1756, 292], [1757, 292], [1758, 292], [1759, 292], [1760, 292], [1762, 292], [1763, 292], [1764, 292], [1765, 292], [1768, 292], [1769, 292], [1770, 292], [1771, 292], [1772, 292], [1627, 293], [1628, 293], [1629, 293], [1630, 293], [1704, 293], [1705, 293], [1706, 293], [1707, 293], [1752, 293], [1753, 293], [1754, 293], [1755, 293], [1756, 293], [1757, 293], [1762, 293], [1763, 293], [1764, 293], [1765, 293], [1766, 293], [1767, 293], [1768, 293], [1769, 293], [1770, 293], [1771, 293], [1621, 294], [1622, 294], [1623, 294], [1624, 294], [1625, 294], [1626, 294], [1627, 294], [1628, 294], [1629, 294], [1703, 294], [1704, 294], [1705, 294], [1706, 294], [1764, 294], [1765, 294], [1766, 294], [1767, 294], [1768, 294], [1769, 294], [1618, 295], [1619, 295], [1620, 295], [1621, 295], [1622, 295], [1623, 295], [1624, 295], [1625, 295], [1626, 295], [1627, 295], [1628, 295], [1702, 295], [1703, 295], [1704, 295], [1705, 295], [1616, 296], [1617, 296], [1618, 296], [1619, 296], [1620, 296], [1621, 296], [1622, 296], [1701, 296], [1702, 296], [1703, 296], [1704, 296], [1614, 297], [1615, 297], [1616, 297], [1617, 297], [1618, 297], [1619, 297], [1697, 297], [1698, 297], [1699, 297], [1700, 297], [1701, 297], [1702, 297], [1703, 297], [1764, 297], [1765, 297], [1766, 297], [1767, 297], [1768, 297], [1769, 297], [1611, 298], [1612, 298], [1613, 298], [1614, 298], [1615, 298], [1616, 298], [1617, 298], [1697, 298], [1699, 298], [1700, 298], [1701, 298], [1702, 298], [1763, 298], [1764, 298], [1765, 298], [1766, 298], [1767, 298], [1768, 298], [1769, 298], [1770, 298], [1610, 299], [1611, 299], [1612, 299], [1613, 299], [1614, 299], [1615, 299], [1697, 299], [1698, 299], [1699, 299], [1700, 299], [1701, 299], [1763, 299], [1764, 299], [1765, 299], [1766, 299], [1767, 299], [1769, 299], [1770, 299], [1610, 300], [1611, 300], [1612, 300], [1700, 300], [1701, 300], [1763, 300], [1764, 300], [1765, 300], [1766, 300], [1767, 300], [1768, 300], [1769, 300], [1770, 300], [1610, 301], [1611, 301], [1700, 301], [1701, 301], [1764, 301], [1765, 301], [1766, 301], [1767, 301], [1768, 301], [1769, 301], [1610, 302], [1611, 302], [1612, 302], [1698, 302], [1699, 302], [1700, 302], [1701, 302], [1610, 303], [1611, 303], [1612, 303], [1613, 303], [1679, 303], [1680, 303], [1681, 303], [1696, 303], [1697, 303], [1698, 303], [1699, 303], [1700, 303], [1701, 303], [1755, 303], [1756, 303], [1757, 303], [1761, 303], [1762, 303], [1763, 303], [1764, 303], [1611, 304], [1612, 304], [1613, 304], [1614, 304], [1615, 304], [1678, 304], [1679, 304], [1680, 304], [1681, 304], [1682, 304], [1683, 304], [1684, 304], [1685, 304], [1686, 304], [1687, 304], [1688, 304], [1689, 304], [1690, 304], [1691, 304], [1692, 304], [1693, 304], [1694, 304], [1695, 304], [1696, 304], [1697, 304], [1698, 304], [1699, 304], [1752, 304], [1753, 304], [1754, 304], [1755, 304], [1757, 304], [1759, 304], [1760, 304], [1761, 304], [1762, 304], [1763, 304], [1764, 304], [1765, 304], [1766, 304], [1612, 305], [1613, 305], [1614, 305], [1615, 305], [1616, 305], [1617, 305], [1678, 305], [1679, 305], [1680, 305], [1681, 305], [1683, 305], [1684, 305], [1685, 305], [1686, 305], [1687, 305], [1688, 305], [1689, 305], [1690, 305], [1691, 305], [1692, 305], [1693, 305], [1694, 305], [1695, 305], [1696, 305], [1697, 305], [1734, 305], [1735, 305], [1736, 305], [1737, 305], [1738, 305], [1739, 305], [1740, 305], [1745, 305], [1746, 305], [1747, 305], [1748, 305], [1749, 305], [1752, 305], [1753, 305], [1754, 305], [1755, 305], [1756, 305], [1757, 305], [1759, 305], [1761, 305], [1762, 305], [1763, 305], [1764, 305], [1766, 305], [1614, 306], [1615, 306], [1616, 306], [1617, 306], [1618, 306], [1619, 306], [1678, 306], [1679, 306], [1680, 306], [1681, 306], [1682, 306], [1683, 306], [1684, 306], [1685, 306], [1686, 306], [1687, 306], [1692, 306], [1693, 306], [1694, 306], [1695, 306], [1728, 306], [1729, 306], [1730, 306], [1731, 306], [1732, 306], [1733, 306], [1734, 306], [1735, 306], [1736, 306], [1737, 306], [1738, 306], [1739, 306], [1740, 306], [1745, 306], [1746, 306], [1748, 306], [1749, 306], [1752, 306], [1753, 306], [1754, 306], [1755, 306], [1756, 306], [1759, 306], [1760, 306], [1761, 306], [1764, 306], [1765, 306], [1766, 306], [1616, 307], [1617, 307], [1618, 307], [1619, 307], [1620, 307], [1683, 307], [1684, 307], [1685, 307], [1686, 307], [1687, 307], [1688, 307], [1689, 307], [1690, 307], [1691, 307], [1692, 307], [1693, 307], [1694, 307], [1727, 307], [1728, 307], [1729, 307], [1730, 307], [1731, 307], [1732, 307], [1733, 307], [1734, 307], [1735, 307], [1736, 307], [1738, 307], [1739, 307], [1740, 307], [1745, 307], [1746, 307], [1747, 307], [1748, 307], [1749, 307], [1753, 307], [1754, 307], [1755, 307], [1756, 307], [1618, 308], [1619, 308], [1620, 308], [1621, 308], [1622, 308], [1686, 308], [1687, 308], [1688, 308], [1689, 308], [1690, 308], [1691, 308], [1692, 308], [1693, 308], [1694, 308], [1695, 308], [1696, 308], [1697, 308], [1726, 308], [1727, 308], [1728, 308], [1729, 308], [1731, 308], [1732, 308], [1733, 308], [1736, 308], [1737, 308], [1738, 308], [1739, 308], [1619, 309], [1620, 309], [1621, 309], [1622, 309], [1623, 309], [1688, 309], [1689, 309], [1690, 309], [1691, 309], [1692, 309], [1693, 309], [1694, 309], [1695, 309], [1696, 309], [1697, 309], [1698, 309], [1719, 309], [1720, 309], [1721, 309], [1722, 309], [1723, 309], [1724, 309], [1725, 309], [1726, 309], [1727, 309], [1728, 309], [1733, 309], [1734, 309], [1735, 309], [1736, 309], [1737, 309], [1802, 309], [1803, 309], [1804, 309], [1805, 309], [1806, 309], [1807, 309], [1808, 309], [1809, 309], [1810, 309], [1811, 309], [1812, 309], [1813, 309], [1814, 309], [1820, 309], [1821, 309], [1822, 309], [1621, 310], [1622, 310], [1623, 310], [1624, 310], [1625, 310], [1626, 310], [1627, 310], [1696, 310], [1697, 310], [1698, 310], [1699, 310], [1700, 310], [1717, 310], [1718, 310], [1719, 310], [1720, 310], [1721, 310], [1722, 310], [1723, 310], [1724, 310], [1725, 310], [1726, 310], [1727, 310], [1728, 310], [1729, 310], [1730, 310], [1731, 310], [1732, 310], [1733, 310], [1734, 310], [1735, 310], [1736, 310], [1737, 310], [1754, 310], [1755, 310], [1756, 310], [1757, 310], [1758, 310], [1759, 310], [1760, 310], [1761, 310], [1762, 310], [1763, 310], [1764, 310], [1765, 310], [1766, 310], [1767, 310], [1800, 310], [1801, 310], [1802, 310], [1803, 310], [1804, 310], [1805, 310], [1806, 310], [1807, 310], [1808, 310], [1809, 310], [1810, 310], [1811, 310], [1812, 310], [1813, 310], [1814, 310], [1815, 310], [1816, 310], [1817, 310], [1818, 310], [1819, 310], [1820, 310], [1821, 310], [1822, 310], [1823, 310], [1824, 310], [1622, 311], [1623, 311], [1624, 311], [1625, 311], [1626, 311], [1627, 311], [1628, 311], [1629, 311], [1630, 311], [1631, 311], [1697, 311], [1698, 311], [1699, 311], [1700, 311], [1701, 311], [1702, 311], [1703, 311], [1704, 311], [1715, 311], [1716, 311], [1717, 311], [1718, 311], [1719, 311], [1720, 311], [1721, 311], [1722, 311], [1723, 311], [1724, 311], [1725, 311], [1727, 311], [1728, 311], [1729, 311], [1730, 311], [1731, 311], [1732, 311], [1733, 311], [1734, 311], [1751, 311], [1752, 311], [1753, 311], [1754, 311], [1755, 311], [1756, 311], [1757, 311], [1758, 311], [1759, 311], [1760, 311], [1761, 311], [1762, 311], [1763, 311], [1764, 311], [1765, 311], [1766, 311], [1767, 311], [1768, 311], [1769, 311], [1800, 311], [1801, 311], [1802, 311], [1803, 311], [1813, 311], [1814, 311], [1815, 311], [1816, 311], [1817, 311], [1818, 311], [1819, 311], [1820, 311], [1821, 311], [1822, 311], [1823, 311], [1824, 311], [1626, 312], [1627, 312], [1628, 312], [1629, 312], [1630, 312], [1631, 312], [1632, 312], [1633, 312], [1634, 312], [1635, 312], [1636, 312], [1637, 312], [1638, 312], [1639, 312], [1640, 312], [1699, 312], [1700, 312], [1701, 312], [1702, 312], [1703, 312], [1704, 312], [1705, 312], [1706, 312], [1707, 312], [1708, 312], [1709, 312], [1710, 312], [1711, 312], [1714, 312], [1715, 312], [1716, 312], [1717, 312], [1719, 312], [1720, 312], [1721, 312], [1722, 312], [1723, 312], [1724, 312], [1751, 312], [1752, 312], [1753, 312], [1754, 312], [1755, 312], [1760, 312], [1761, 312], [1762, 312], [1763, 312], [1764, 312], [1765, 312], [1766, 312], [1767, 312], [1768, 312], [1769, 312], [1770, 312], [1771, 312], [1772, 312], [1798, 312], [1799, 312], [1800, 312], [1801, 312], [1802, 312], [1803, 312], [1630, 313], [1631, 313], [1632, 313], [1633, 313], [1634, 313], [1635, 313], [1636, 313], [1637, 313], [1638, 313], [1639, 313], [1640, 313], [1641, 313], [1642, 313], [1643, 313], [1644, 313], [1645, 313], [1703, 313], [1704, 313], [1705, 313], [1706, 313], [1707, 313], [1708, 313], [1709, 313], [1710, 313], [1711, 313], [1712, 313], [1713, 313], [1714, 313], [1715, 313], [1716, 313], [1717, 313], [1718, 313], [1719, 313], [1720, 313], [1721, 313], [1722, 313], [1751, 313], [1752, 313], [1753, 313], [1754, 313], [1768, 313], [1769, 313], [1770, 313], [1771, 313], [1772, 313], [1773, 313], [1774, 313], [1775, 313], [1776, 313], [1780, 313], [1781, 313], [1782, 313], [1783, 313], [1784, 313], [1785, 313], [1786, 313], [1795, 313], [1796, 313], [1797, 313], [1798, 313], [1799, 313], [1800, 313], [1801, 313], [1639, 314], [1640, 314], [1641, 314], [1642, 314], [1643, 314], [1644, 314], [1645, 314], [1646, 314], [1647, 314], [1648, 314], [1649, 314], [1710, 314], [1711, 314], [1712, 314], [1713, 314], [1714, 314], [1715, 314], [1716, 314], [1718, 314], [1719, 314], [1720, 314], [1722, 314], [1723, 314], [1753, 314], [1754, 314], [1771, 314], [1772, 314], [1773, 314], [1774, 314], [1775, 314], [1776, 314], [1777, 314], [1778, 314], [1779, 314], [1780, 314], [1781, 314], [1782, 314], [1783, 314], [1784, 314], [1785, 314], [1786, 314], [1787, 314], [1788, 314], [1789, 314], [1790, 314], [1791, 314], [1792, 314], [1793, 314], [1794, 314], [1795, 314], [1796, 314], [1797, 314], [1798, 314], [1799, 314], [1644, 315], [1645, 315], [1646, 315], [1647, 315], [1648, 315], [1649, 315], [1650, 315], [1651, 315], [1652, 315], [1653, 315], [1715, 315], [1716, 315], [1717, 315], [1718, 315], [1719, 315], [1720, 315], [1721, 315], [1722, 315], [1723, 315], [1724, 315], [1725, 315], [1726, 315], [1727, 315], [1728, 315], [1729, 315], [1752, 315], [1753, 315], [1754, 315], [1775, 315], [1776, 315], [1777, 315], [1778, 315], [1779, 315], [1780, 315], [1781, 315], [1785, 315], [1786, 315], [1787, 315], [1788, 315], [1789, 315], [1790, 315], [1791, 315], [1792, 315], [1793, 315], [1794, 315], [1795, 315], [1796, 315], [1648, 316], [1649, 316], [1650, 316], [1651, 316], [1652, 316], [1653, 316], [1654, 316], [1719, 316], [1720, 316], [1721, 316], [1722, 316], [1723, 316], [1724, 316], [1725, 316], [1726, 316], [1727, 316], [1728, 316], [1729, 316], [1730, 316], [1731, 316], [1732, 316], [1733, 316], [1734, 316], [1735, 316], [1736, 316], [1737, 316], [1738, 316], [1739, 316], [1740, 316], [1741, 316], [1742, 316], [1743, 316], [1744, 316], [1745, 316], [1746, 316], [1747, 316], [1748, 316], [1749, 316], [1750, 316], [1751, 316], [1752, 316], [1753, 316], [1754, 316], [1652, 317], [1653, 317], [1654, 317], [1655, 317], [1656, 317], [1728, 317], [1729, 317], [1730, 317], [1731, 317], [1732, 317], [1733, 317], [1734, 317], [1735, 317], [1736, 317], [1737, 317], [1738, 317], [1739, 317], [1740, 317], [1741, 317], [1742, 317], [1743, 317], [1744, 317], [1745, 317], [1746, 317], [1747, 317], [1748, 317], [1749, 317], [1750, 317], [1751, 317], [1752, 317], [1753, 317], [1653, 318], [1654, 318], [1655, 318], [1656, 318], [1657, 318], [1655, 319], [1656, 319], [1657, 319], [1658, 319], [1659, 319], [1660, 319], [1656, 320], [1657, 320], [1658, 320], [1659, 320], [1660, 320], [1661, 320], [1662, 320], [1663, 320], [1664, 320], [1665, 320], [1659, 321], [1660, 321], [1661, 321], [1662, 321], [1663, 321], [1664, 321], [1665, 321], [1666, 321], [1667, 321], [1668, 321], [1669, 321], [1670, 321], [1671, 321], [1664, 322], [1665, 322], [1666, 322], [1667, 322], [1668, 322], [1669, 322], [1670, 322], [1671, 322], [1672, 322], [1670, 323], [1671, 323], [1672, 323], [1673, 323], [1674, 323], [1671, 324], [1672, 324], [1673, 324], [1674, 324], [1675, 324], [1673, 325], [1674, 325], [1675, 325], [1676, 325], [1677, 325], [1678, 325], [1674, 326], [1675, 326], [1676, 326], [1677, 326], [1678, 326], [1679, 326], [1680, 326], [1681, 326], [1682, 326], [1683, 326], [1684, 326], [1685, 326], [1677, 327], [1678, 327], [1679, 327], [1680, 327], [1681, 327], [1682, 327], [1683, 327], [1684, 327], [1685, 327], [1686, 327], [1687, 327], [1688, 327], [1689, 327], [1684, 328], [1685, 328], [1686, 328], [1687, 328], [1688, 328], [1689, 328], [1690, 328], [1691, 328], [1688, 329], [1689, 329], [1690, 329], [1691, 329], [1692, 329], [1693, 329], [1694, 329], [1695, 329], [1696, 329], [1697, 329], [1698, 329], [1699, 329], [1700, 329], [1690, 330], [1691, 330], [1692, 330], [1693, 330], [1694, 330], [1695, 330], [1696, 330], [1697, 330], [1698, 330], [1699, 330], [1700, 330], [1701, 330], [1702, 330], [1703, 330], [1704, 330], [1705, 330], [1706, 330], [1699, 331], [1700, 331], [1701, 331], [1702, 331], [1703, 331], [1704, 331], [1705, 331], [1706, 331], [1707, 331], [1708, 331], [1705, 332], [1706, 332], [1707, 332], [1708, 332], [1709, 332], [1710, 332], [1707, 333], [1708, 333], [1709, 333], [1710, 333], [1711, 333], [1712, 333], [1713, 333], [1709, 334], [1710, 334], [1711, 334], [1712, 334], [1713, 334], [1714, 334], [1715, 334], [1716, 334], [1717, 334], [1718, 334], [1712, 335], [1713, 335], [1714, 335], [1715, 335], [1716, 335], [1717, 335], [1718, 335], [1719, 335], [1720, 335], [1721, 335], [1717, 336], [1718, 336], [1719, 336], [1720, 336], [1721, 336], [1722, 336], [1723, 336], [1720, 337], [1721, 337], [1722, 337], [1723, 337], [1724, 337], [1725, 337], [1726, 337], [1722, 338], [1723, 338], [1724, 338], [1725, 338], [1726, 338], [1727, 338], [1728, 338], [1729, 338], [1725, 339], [1726, 339], [1727, 339], [1728, 339], [1729, 339], [1730, 339], [1731, 339], [1732, 339], [1733, 339], [1734, 339], [1735, 339], [1728, 340], [1729, 340], [1730, 340], [1731, 340], [1732, 340], [1733, 340], [1734, 340], [1735, 340], [1736, 340], [1737, 340], [1734, 341], [1735, 341], [1736, 341], [1737, 341], [1738, 341], [1736, 342], [1737, 342], [1738, 342], [1739, 342], [1740, 342], [1741, 342], [1737, 343], [1738, 343], [1739, 343], [1740, 343], [1741, 343], [1742, 343], [1743, 343], [1744, 343], [1745, 343], [1746, 343], [1740, 344], [1741, 344], [1742, 344], [1743, 344], [1744, 344], [1745, 344], [1746, 344], [1747, 344], [1748, 344], [1749, 344], [1750, 344], [1745, 345], [1746, 345], [1747, 345], [1748, 345], [1749, 345], [1750, 345], [1751, 345], [1752, 345], [1749, 346], [1750, 346], [1751, 346], [1752, 346], [1753, 346], [1754, 346], [1751, 347], [1752, 347], [1753, 347], [1754, 347], [1755, 347], [1753, 348], [1754, 348], [1755, 348], [1756, 348], [1757, 348], [1754, 349], [1755, 349], [1756, 349], [1757, 349], [1758, 349], [1759, 349], [1760, 349], [1761, 349], [1756, 350], [1757, 350], [1758, 350], [1759, 350], [1760, 350], [1761, 350], [1762, 350], [1763, 350], [1764, 350], [1765, 350], [1766, 350], [1760, 351], [1761, 351], [1762, 351], [1763, 351], [1764, 351], [1765, 351], [1766, 351], [1767, 351], [1768, 351], [1769, 351], [1770, 351], [1771, 351], [1772, 351], [1765, 352], [1766, 352], [1767, 352], [1768, 352], [1769, 352], [1770, 352], [1771, 352], [1772, 352], [1773, 352], [1774, 352], [1769, 353], [1770, 353], [1771, 353], [1772, 353], [1773, 353], [1774, 353], [1775, 353], [1776, 353], [1777, 353], [1778, 353], [1779, 353], [1773, 354], [1774, 354], [1775, 354], [1776, 354], [1777, 354], [1778, 354], [1779, 354], [1780, 354], [1781, 354], [1782, 354], [1783, 354], [1784, 354], [1785, 354], [1786, 354], [1778, 355], [1779, 355], [1780, 355], [1781, 355], [1782, 355], [1783, 355], [1784, 355], [1785, 355], [1786, 355], [1787, 355], [1785, 356], [1786, 356], [1787, 356], [1788, 356], [1789, 356], [1790, 356], [1791, 356], [1792, 356], [1786, 357], [1787, 357], [1788, 357], [1789, 357], [1790, 357], [1791, 357], [1792, 357], [1793, 357], [1794, 357], [1795, 357], [1796, 357], [1791, 358], [1792, 358], [1793, 358], [1795, 358], [1796, 358], [1797, 358], [1792, 359], [1793, 359], [1794, 359], [1795, 359], [1796, 359], [1797, 359], [1792, 360], [1793, 360], [1794, 360], [1795, 360], [1796, 360], [1797, 360], [1798, 360], [1793, 361], [1794, 361], [1795, 361], [1796, 361], [1797, 361], [1798, 361], [1799, 361], [1800, 361], [1801, 361], [1802, 361], [1794, 362], [1795, 362], [1796, 362], [1797, 362], [1798, 362], [1799, 362], [1800, 362], [1801, 362], [1802, 362], [1803, 362], [1804, 362], [1809, 362], [1810, 362], [1811, 362], [1812, 362], [1813, 362], [1814, 362], [1815, 362], [1816, 362], [1817, 362], [1801, 363], [1802, 363], [1803, 363], [1804, 363], [1805, 363], [1806, 363], [1807, 363], [1808, 363], [1809, 363], [1810, 363], [1811, 363], [1812, 363], [1813, 363], [1814, 363], [1815, 363], [1816, 363], [1817, 363], [1818, 363], [1819, 363], [1803, 364], [1804, 364], [1805, 364], [1806, 364], [1807, 364], [1808, 364], [1809, 364], [1810, 364], [1811, 364], [1812, 364], [1813, 364], [1814, 364], [1815, 364], [1816, 364], [1817, 364], [1818, 364], [1819, 364], [1818, 365], [1819, 365], [1820, 365], [1821, 365], [1822, 365], [1818, 366], [1819, 366], [1820, 366], [1821, 366], [1822, 366], [1823, 366], [1824, 366], [1821, 367], [1822, 367], [1823, 367], [1824, 367], [1823, 368], [1824, 368]




White line right - [1465, 267], [1466, 267], [1463, 268], [1464, 268], [1465, 268], [1466, 268], [1467, 268], [1468, 268], [1469, 268], [1461, 269], [1465, 269], [1466, 269], [1467, 269], [1468, 269], [1469, 269], [1470, 269], [1471, 269], [1472, 269], [1460, 270], [1461, 270], [1462, 270], [1463, 270], [1464, 270], [1468, 270], [1469, 270], [1470, 270], [1471, 270], [1472, 270], [1473, 270], [1474, 270], [1460, 271], [1461, 271], [1462, 271], [1463, 271], [1464, 271], [1465, 271], [1466, 271], [1467, 271], [1471, 271], [1472, 271], [1473, 271], [1474, 271], [1475, 271], [1476, 271], [1477, 271], [1463, 272], [1464, 272], [1465, 272], [1466, 272], [1467, 272], [1468, 272], [1469, 272], [1470, 272], [1473, 272], [1474, 272], [1475, 272], [1476, 272], [1477, 272], [1478, 272], [1479, 272], [1480, 272], [1466, 273], [1467, 273], [1468, 273], [1469, 273], [1470, 273], [1471, 273], [1472, 273], [1476, 273], [1477, 273], [1478, 273], [1479, 273], [1480, 273], [1481, 273], [1482, 273], [1469, 274], [1470, 274], [1471, 274], [1472, 274], [1473, 274], [1474, 274], [1475, 274], [1476, 274], [1479, 274], [1480, 274], [1481, 274], [1482, 274], [1483, 274], [1484, 274], [1471, 275], [1472, 275], [1473, 275], [1474, 275], [1475, 275], [1476, 275], [1477, 275], [1478, 275], [1481, 275], [1482, 275], [1483, 275], [1484, 275], [1485, 275], [1486, 275], [1487, 275], [1475, 276], [1476, 276], [1477, 276], [1478, 276], [1479, 276], [1480, 276], [1481, 276], [1483, 276], [1484, 276], [1485, 276], [1486, 276], [1487, 276], [1488, 276], [1489, 276], [1490, 276], [1491, 276], [1492, 276], [1477, 277], [1478, 277], [1479, 277], [1480, 277], [1481, 277], [1482, 277], [1483, 277], [1486, 277], [1487, 277], [1488, 277], [1489, 277], [1490, 277], [1491, 277], [1492, 277], [1493, 277], [1494, 277], [1495, 277], [1480, 278], [1481, 278], [1482, 278], [1483, 278], [1484, 278], [1485, 278], [1486, 278], [1491, 278], [1492, 278], [1493, 278], [1494, 278], [1495, 278], [1496, 278], [1497, 278], [1498, 278], [1482, 279], [1483, 279], [1484, 279], [1485, 279], [1486, 279], [1487, 279], [1488, 279], [1489, 279], [1494, 279], [1495, 279], [1496, 279], [1497, 279], [1498, 279], [1499, 279], [1500, 279], [1485, 280], [1486, 280], [1487, 280], [1488, 280], [1489, 280], [1490, 280], [1491, 280], [1492, 280], [1497, 280], [1498, 280], [1499, 280], [1500, 280], [1501, 280], [1502, 280], [1503, 280], [1504, 280], [1488, 281], [1489, 281], [1490, 281], [1491, 281], [1492, 281], [1493, 281], [1494, 281], [1495, 281], [1496, 281], [1499, 281], [1500, 281], [1501, 281], [1502, 281], [1503, 281], [1504, 281], [1505, 281], [1506, 281], [1491, 282], [1492, 282], [1493, 282], [1494, 282], [1495, 282], [1496, 282], [1497, 282], [1498, 282], [1499, 282], [1503, 282], [1504, 282], [1505, 282], [1506, 282], [1507, 282], [1508, 282], [1509, 282], [1495, 283], [1496, 283], [1497, 283], [1498, 283], [1499, 283], [1500, 283], [1501, 283], [1505, 283], [1506, 283], [1507, 283], [1508, 283], [1509, 283], [1510, 283], [1511, 283], [1498, 284], [1499, 284], [1500, 284], [1501, 284], [1502, 284], [1503, 284], [1504, 284], [1508, 284], [1509, 284], [1510, 284], [1511, 284], [1512, 284], [1513, 284], [1514, 284], [1500, 285], [1501, 285], [1502, 285], [1503, 285], [1504, 285], [1505, 285], [1506, 285], [1510, 285], [1511, 285], [1512, 285], [1513, 285], [1514, 285], [1515, 285], [1516, 285], [1517, 285], [1503, 286], [1504, 286], [1505, 286], [1506, 286], [1507, 286], [1508, 286], [1509, 286], [1513, 286], [1514, 286], [1515, 286], [1516, 286], [1517, 286], [1518, 286], [1519, 286], [1520, 286], [1521, 286], [1505, 287], [1506, 287], [1507, 287], [1508, 287], [1509, 287], [1510, 287], [1511, 287], [1512, 287], [1516, 287], [1517, 287], [1518, 287], [1519, 287], [1520, 287], [1521, 287], [1522, 287], [1523, 287], [1508, 288], [1509, 288], [1510, 288], [1511, 288], [1512, 288], [1513, 288], [1514, 288], [1515, 288], [1516, 288], [1520, 288], [1521, 288], [1522, 288], [1523, 288], [1524, 288], [1525, 288], [1511, 289], [1512, 289], [1513, 289], [1514, 289], [1515, 289], [1516, 289], [1517, 289], [1518, 289], [1522, 289], [1523, 289], [1524, 289], [1525, 289], [1526, 289], [1527, 289], [1515, 290], [1516, 290], [1517, 290], [1518, 290], [1519, 290], [1520, 290], [1521, 290], [1524, 290], [1525, 290], [1526, 290], [1527, 290], [1528, 290], [1529, 290], [1517, 291], [1518, 291], [1519, 291], [1520, 291], [1521, 291], [1522, 291], [1523, 291], [1524, 291], [1526, 291], [1527, 291], [1528, 291], [1529, 291], [1530, 291], [1531, 291], [1532, 291], [1520, 292], [1521, 292], [1522, 292], [1523, 292], [1524, 292], [1525, 292], [1526, 292], [1527, 292], [1528, 292], [1529, 292], [1530, 292], [1531, 292], [1532, 292], [1533, 292], [1534, 292], [1535, 292], [1523, 293], [1524, 293], [1525, 293], [1526, 293], [1527, 293], [1528, 293], [1529, 293], [1531, 293], [1532, 293], [1533, 293], [1534, 293], [1535, 293], [1536, 293], [1537, 293], [1538, 293], [1539, 293], [1526, 294], [1527, 294], [1528, 294], [1529, 294], [1530, 294], [1534, 294], [1535, 294], [1536, 294], [1537, 294], [1538, 294], [1539, 294], [1540, 294], [1541, 294], [1542, 294], [1528, 295], [1529, 295], [1530, 295], [1531, 295], [1532, 295], [1538, 295], [1539, 295], [1540, 295], [1541, 295], [1542, 295], [1543, 295], [1544, 295], [1529, 296], [1530, 296], [1531, 296], [1532, 296], [1533, 296], [1534, 296], [1535, 296], [1541, 296], [1542, 296], [1543, 296], [1544, 296], [1545, 296], [1546, 296], [1547, 296], [1531, 297], [1532, 297], [1533, 297], [1534, 297], [1535, 297], [1536, 297], [1537, 297], [1538, 297], [1543, 297], [1544, 297], [1545, 297], [1546, 297], [1547, 297], [1548, 297], [1549, 297], [1550, 297], [1534, 298], [1535, 298], [1536, 298], [1537, 298], [1538, 298], [1539, 298], [1540, 298], [1541, 298], [1546, 298], [1547, 298], [1548, 298], [1549, 298], [1550, 298], [1551, 298], [1552, 298], [1553, 298], [1537, 299], [1538, 299], [1539, 299], [1540, 299], [1541, 299], [1542, 299], [1543, 299], [1544, 299], [1549, 299], [1550, 299], [1551, 299], [1552, 299], [1553, 299], [1554, 299], [1555, 299], [1540, 300], [1541, 300], [1542, 300], [1543, 300], [1544, 300], [1545, 300], [1546, 300], [1547, 300], [1548, 300], [1552, 300], [1553, 300], [1554, 300], [1555, 300], [1556, 300], [1557, 300], [1558, 300], [1543, 301], [1544, 301], [1545, 301], [1546, 301], [1547, 301], [1548, 301], [1549, 301], [1550, 301], [1554, 301], [1555, 301], [1556, 301], [1557, 301], [1558, 301], [1559, 301], [1560, 301], [1561, 301], [1547, 302], [1548, 302], [1549, 302], [1550, 302], [1551, 302], [1552, 302], [1553, 302], [1557, 302], [1558, 302], [1559, 302], [1560, 302], [1561, 302], [1562, 302], [1563, 302], [1549, 303], [1550, 303], [1551, 303], [1552, 303], [1553, 303], [1554, 303], [1555, 303], [1556, 303], [1560, 303], [1561, 303], [1562, 303], [1563, 303], [1564, 303], [1565, 303], [1566, 303], [1567, 303], [1552, 304], [1553, 304], [1554, 304], [1555, 304], [1556, 304], [1557, 304], [1558, 304], [1559, 304], [1562, 304], [1563, 304], [1564, 304], [1565, 304], [1566, 304], [1567, 304], [1568, 304], [1569, 304], [1570, 304], [1571, 304], [1572, 304], [1555, 305], [1556, 305], [1557, 305], [1558, 305], [1559, 305], [1560, 305], [1561, 305], [1566, 305], [1567, 305], [1568, 305], [1569, 305], [1570, 305], [1571, 305], [1572, 305], [1573, 305], [1574, 305], [1575, 305], [1558, 306], [1559, 306], [1560, 306], [1561, 306], [1562, 306], [1563, 306], [1564, 306], [1565, 306], [1571, 306], [1572, 306], [1573, 306], [1574, 306], [1575, 306], [1576, 306], [1577, 306], [1578, 306], [1560, 307], [1561, 307], [1562, 307], [1563, 307], [1564, 307], [1565, 307], [1566, 307], [1567, 307], [1568, 307], [1569, 307], [1574, 307], [1575, 307], [1576, 307], [1577, 307], [1578, 307], [1579, 307], [1564, 308], [1565, 308], [1566, 308], [1567, 308], [1568, 308], [1569, 308], [1570, 308], [1571, 308], [1572, 308], [1573, 308], [1577, 308], [1578, 308], [1579, 308], [1580, 308], [1581, 308], [1582, 308], [1568, 309], [1569, 309], [1570, 309], [1571, 309], [1572, 309], [1573, 309], [1574, 309], [1575, 309], [1576, 309], [1577, 309], [1579, 309], [1580, 309], [1581, 309], [1582, 309], [1583, 309], [1584, 309], [1572, 310], [1573, 310], [1574, 310], [1575, 310], [1576, 310], [1577, 310], [1578, 310], [1579, 310], [1581, 310], [1582, 310], [1583, 310], [1584, 310], [1585, 310], [1586, 310], [1587, 310], [1588, 310], [1589, 310], [1577, 311], [1578, 311], [1579, 311], [1580, 311], [1581, 311], [1582, 311], [1583, 311], [1584, 311], [1585, 311], [1586, 311], [1587, 311], [1588, 311], [1589, 311], [1590, 311], [1591, 311], [1578, 312], [1579, 312], [1580, 312], [1581, 312], [1582, 312], [1583, 312], [1584, 312], [1588, 312], [1589, 312], [1590, 312], [1591, 312], [1592, 312], [1593, 312], [1594, 312], [1595, 312], [1581, 313], [1582, 313], [1583, 313], [1584, 313], [1585, 313], [1586, 313], [1590, 313], [1591, 313], [1592, 313], [1593, 313], [1594, 313], [1595, 313], [1596, 313], [1597, 313], [1598, 313], [1583, 314], [1584, 314], [1585, 314], [1586, 314], [1587, 314], [1588, 314], [1589, 314], [1594, 314], [1595, 314], [1596, 314], [1597, 314], [1598, 314], [1599, 314], [1600, 314], [1601, 314], [1585, 315], [1586, 315], [1587, 315], [1588, 315], [1589, 315], [1590, 315], [1591, 315], [1597, 315], [1598, 315], [1599, 315], [1600, 315], [1601, 315], [1602, 315], [1603, 315], [1604, 315], [1588, 316], [1589, 316], [1590, 316], [1591, 316], [1592, 316], [1593, 316], [1594, 316], [1595, 316], [1600, 316], [1601, 316], [1602, 316], [1603, 316], [1604, 316], [1605, 316], [1606, 316], [1607, 316], [1608, 316], [1590, 317], [1591, 317], [1592, 317], [1593, 317], [1594, 317], [1595, 317], [1596, 317], [1597, 317], [1598, 317], [1603, 317], [1604, 317], [1605, 317], [1606, 317], [1607, 317], [1608, 317], [1609, 317], [1610, 317], [1611, 317], [1594, 318], [1595, 318], [1596, 318], [1597, 318], [1598, 318], [1599, 318], [1600, 318], [1601, 318], [1602, 318], [1607, 318], [1608, 318], [1609, 318], [1610, 318], [1611, 318], [1612, 318], [1613, 318], [1614, 318], [1615, 318], [1597, 319], [1598, 319], [1599, 319], [1600, 319], [1601, 319], [1602, 319], [1603, 319], [1604, 319], [1605, 319], [1610, 319], [1611, 319], [1612, 319], [1613, 319], [1614, 319], [1615, 319], [1616, 319], [1617, 319], [1618, 319], [1601, 320], [1602, 320], [1603, 320], [1604, 320], [1605, 320], [1606, 320], [1607, 320], [1608, 320], [1614, 320], [1615, 320], [1616, 320], [1617, 320], [1618, 320], [1619, 320], [1620, 320], [1621, 320], [1604, 321], [1605, 321], [1606, 321], [1607, 321], [1608, 321], [1609, 321], [1610, 321], [1611, 321], [1617, 321], [1618, 321], [1619, 321], [1620, 321], [1621, 321], [1622, 321], [1623, 321], [1607, 322], [1608, 322], [1609, 322], [1610, 322], [1611, 322], [1612, 322], [1613, 322], [1614, 322], [1615, 322], [1620, 322], [1621, 322], [1622, 322], [1623, 322], [1624, 322], [1625, 322], [1626, 322], [1610, 323], [1611, 323], [1612, 323], [1613, 323], [1614, 323], [1615, 323], [1616, 323], [1617, 323], [1618, 323], [1622, 323], [1623, 323], [1624, 323], [1625, 323], [1626, 323], [1627, 323], [1628, 323], [1629, 323], [1614, 324], [1615, 324], [1616, 324], [1617, 324], [1618, 324], [1619, 324], [1620, 324], [1625, 324], [1626, 324], [1627, 324], [1628, 324], [1629, 324], [1630, 324], [1631, 324], [1632, 324], [1617, 325], [1618, 325], [1619, 325], [1620, 325], [1621, 325], [1622, 325], [1623, 325], [1628, 325], [1629, 325], [1630, 325], [1631, 325], [1632, 325], [1633, 325], [1634, 325], [1635, 325], [1619, 326], [1620, 326], [1621, 326], [1622, 326], [1623, 326], [1624, 326], [1625, 326], [1626, 326], [1631, 326], [1632, 326], [1633, 326], [1634, 326], [1635, 326], [1636, 326], [1637, 326], [1638, 326], [1622, 327], [1623, 327], [1624, 327], [1625, 327], [1626, 327], [1627, 327], [1628, 327], [1629, 327], [1630, 327], [1634, 327], [1635, 327], [1636, 327], [1637, 327], [1638, 327], [1639, 327], [1640, 327], [1641, 327], [1625, 328], [1626, 328], [1627, 328], [1628, 328], [1629, 328], [1630, 328], [1631, 328], [1632, 328], [1633, 328], [1637, 328], [1638, 328], [1639, 328], [1640, 328], [1641, 328], [1642, 328], [1643, 328], [1629, 329], [1630, 329], [1631, 329], [1632, 329], [1633, 329], [1634, 329], [1635, 329], [1636, 329], [1640, 329], [1641, 329], [1642, 329], [1643, 329], [1644, 329], [1645, 329], [1632, 330], [1633, 330], [1634, 330], [1635, 330], [1636, 330], [1637, 330], [1638, 330], [1639, 330], [1640, 330], [1642, 330], [1643, 330], [1644, 330], [1645, 330], [1646, 330], [1647, 330], [1648, 330], [1649, 330], [1635, 331], [1636, 331], [1637, 331], [1638, 331], [1639, 331], [1640, 331], [1641, 331], [1642, 331], [1643, 331], [1645, 331], [1646, 331], [1647, 331], [1648, 331], [1649, 331], [1650, 331], [1651, 331], [1652, 331], [1639, 332], [1640, 332], [1641, 332], [1642, 332], [1643, 332], [1644, 332], [1645, 332], [1646, 332], [1648, 332], [1649, 332], [1650, 332], [1651, 332], [1652, 332], [1653, 332], [1654, 332], [1655, 332], [1656, 332], [1643, 333], [1644, 333], [1645, 333], [1646, 333], [1647, 333], [1648, 333], [1649, 333], [1651, 333], [1652, 333], [1653, 333], [1654, 333], [1655, 333], [1656, 333], [1657, 333], [1658, 333], [1659, 333], [1645, 334], [1646, 334], [1647, 334], [1648, 334], [1649, 334], [1650, 334], [1651, 334], [1652, 334], [1653, 334], [1655, 334], [1656, 334], [1657, 334], [1658, 334], [1659, 334], [1660, 334], [1661, 334], [1648, 335], [1649, 335], [1650, 335], [1651, 335], [1652, 335], [1653, 335], [1654, 335], [1655, 335], [1658, 335], [1659, 335], [1660, 335], [1661, 335], [1662, 335], [1663, 335], [1664, 335], [1652, 336], [1653, 336], [1654, 336], [1655, 336], [1656, 336], [1657, 336], [1658, 336], [1660, 336], [1661, 336], [1662, 336], [1663, 336], [1664, 336], [1665, 336], [1666, 336], [1654, 337], [1655, 337], [1656, 337], [1657, 337], [1658, 337], [1659, 337], [1660, 337], [1661, 337], [1663, 337], [1664, 337], [1665, 337], [1666, 337], [1667, 337], [1657, 338], [1658, 338], [1659, 338], [1660, 338], [1661, 338], [1662, 338], [1663, 338], [1664, 338], [1665, 338], [1666, 338], [1667, 338], [1668, 338], [1669, 338], [1670, 338], [1671, 338], [1660, 339], [1661, 339], [1662, 339], [1663, 339], [1664, 339], [1665, 339], [1666, 339], [1667, 339], [1668, 339], [1669, 339], [1670, 339], [1671, 339], [1672, 339], [1673, 339], [1674, 339], [1665, 340], [1666, 340], [1667, 340], [1668, 340], [1669, 340], [1670, 340], [1672, 340], [1673, 340], [1674, 340], [1675, 340], [1668, 341], [1669, 341], [1670, 341], [1671, 341], [1672, 341], [1673, 341], [1674, 341], [1675, 341], [1671, 342], [1672, 342], [1673, 342], [1674, 342], [1675, 342], [1691, 346], [1692, 346], [1693, 346], [1694, 346], [1691, 347], [1692, 347], [1693, 347], [1694, 347], [1695, 347], [1696, 347], [1691, 348], [1692, 348], [1693, 348], [1694, 348], [1695, 348], [1696, 348], [1692, 349], [1693, 349], [1694, 349], [1695, 349], [1696, 349], [1704, 351], [1705, 351], [1706, 351], [1707, 351], [1708, 351], [1709, 351], [1710, 351], [1704, 352], [1705, 352], [1706, 352], [1707, 352], [1708, 352], [1709, 352], [1710, 352], [1704, 353], [1705, 353], [1706, 353], [1707, 353], [1708, 353], [1709, 353], [1710, 353], [1728, 353], [1729, 353], [1730, 353], [1731, 353], [1732, 353], [1733, 353], [1734, 353], [1735, 353], [1736, 353], [1737, 353], [1738, 353], [1739, 353], [1740, 353], [1741, 353], [1742, 353], [1743, 353], [1744, 353], [1745, 353], [1706, 354], [1707, 354], [1708, 354], [1709, 354], [1710, 354], [1716, 354], [1717, 354], [1718, 354], [1719, 354], [1720, 354], [1721, 354], [1728, 354], [1729, 354], [1730, 354], [1731, 354], [1732, 354], [1733, 354], [1734, 354], [1735, 354], [1736, 354], [1737, 354], [1738, 354], [1739, 354], [1740, 354], [1741, 354], [1742, 354], [1743, 354], [1744, 354], [1745, 354], [1746, 354], [1716, 355], [1717, 355], [1718, 355], [1719, 355], [1720, 355], [1721, 355], [1722, 355], [1723, 355], [1724, 355], [1725, 355], [1726, 355], [1728, 355], [1729, 355], [1730, 355], [1731, 355], [1732, 355], [1733, 355], [1734, 355], [1744, 355], [1745, 355], [1746, 355], [1716, 356], [1717, 356], [1718, 356], [1719, 356], [1720, 356], [1721, 356], [1722, 356], [1723, 356], [1724, 356], [1725, 356], [1726, 356], [1727, 356], [1728, 356], [1729, 356], [1730, 356], [1731, 356], [1732, 356], [1733, 356], [1734, 356], [1735, 356], [1736, 356], [1737, 356], [1738, 356], [1739, 356], [1740, 356], [1741, 356], [1742, 356], [1743, 356], [1744, 356], [1745, 356], [1746, 356], [1716, 357], [1717, 357], [1718, 357], [1719, 357], [1720, 357], [1721, 357], [1725, 357], [1726, 357], [1727, 357], [1728, 357], [1729, 357], [1733, 357], [1734, 357], [1735, 357], [1736, 357], [1737, 357], [1738, 357], [1739, 357], [1740, 357], [1741, 357], [1742, 357], [1743, 357], [1744, 357], [1745, 357], [1718, 358], [1719, 358], [1720, 358], [1721, 358], [1722, 358], [1723, 358], [1724, 358], [1725, 358], [1727, 358], [1728, 358], [1729, 358], [1730, 358], [1731, 358], [1720, 359], [1721, 359], [1722, 359], [1723, 359], [1724, 359], [1725, 359], [1726, 359], [1727, 359], [1728, 359], [1729, 359], [1730, 359], [1731, 359], [1732, 359], [1733, 359], [1724, 360], [1725, 360], [1726, 360], [1727, 360], [1728, 360], [1729, 360], [1730, 360], [1732, 360], [1733, 360], [1734, 360], [1735, 360], [1736, 360], [1737, 360], [1738, 360], [1739, 360], [1728, 361], [1729, 361], [1730, 361], [1731, 361], [1732, 361], [1734, 361], [1735, 361], [1736, 361], [1737, 361], [1738, 361], [1739, 361], [1740, 361], [1741, 361], [1731, 362], [1732, 362], [1733, 362], [1734, 362], [1735, 362], [1736, 362], [1737, 362], [1738, 362], [1739, 362], [1740, 362], [1741, 362], [1742, 362], [1743, 362], [1744, 362], [1745, 362], [1733, 363], [1734, 363], [1735, 363], [1736, 363], [1737, 363], [1738, 363], [1739, 363], [1740, 363], [1741, 363], [1742, 363], [1743, 363], [1744, 363], [1745, 363], [1746, 363], [1747, 363], [1736, 364], [1737, 364], [1738, 364], [1739, 364], [1740, 364], [1741, 364], [1742, 364], [1743, 364], [1745, 364], [1746, 364], [1747, 364], [1748, 364], [1749, 364], [1738, 365], [1739, 365], [1740, 365], [1741, 365], [1742, 365], [1743, 365], [1744, 365], [1745, 365], [1746, 365], [1747, 365], [1748, 365], [1749, 365], [1743, 366], [1744, 366], [1745, 366], [1746, 366], [1747, 366], [1748, 366], [1749, 366], [1746, 367], [1747, 367], [1748, 367], [1749, 367], [1758, 368], [1759, 368], [1760, 368], [1758, 369], [1760, 369], [1761, 369], [1762, 369], [1763, 369], [1758, 370], [1759, 370], [1760, 370], [1761, 370], [1762, 370], [1763, 370], [1760, 371], [1761, 371], [1762, 371], [1763, 371], [1771, 373], [1772, 373], [1773, 373], [1774, 373], [1775, 373], [1771, 374], [1772, 374], [1773, 374], [1774, 374], [1775, 374], [1776, 374], [1777, 374], [1778, 374], [1779, 374], [1780, 374], [1771, 375], [1772, 375], [1773, 375], [1774, 375], [1775, 375], [1776, 375], [1777, 375], [1778, 375], [1779, 375], [1780, 375], [1771, 376], [1772, 376], [1773, 376], [1774, 376], [1775, 376], [1776, 376], [1777, 376], [1778, 376], [1779, 376], [1780, 376], [1776, 377], [1777, 377], [1778, 377], [1779, 377], [1780, 377], [1259, 389], [1260, 389], [1258, 390], [1259, 390], [1260, 390], [1261, 390], [1259, 391], [1260, 391], [1261, 391], [1262, 391], [1260, 392], [1261, 392], [1262, 392], [1263, 392], [1261, 393], [1262, 393], [1263, 393], [1264, 393], [1251, 394], [1262, 394], [1263, 394], [1264, 394], [1265, 394], [1249, 395], [1250, 395], [1251, 395], [1252, 395], [1253, 395], [1263, 395], [1264, 395], [1265, 395], [1266, 395], [1267, 395], [1250, 396], [1251, 396], [1252, 396], [1253, 396], [1264, 396], [1265, 396], [1266, 396], [1267, 396], [1268, 396], [1252, 397], [1253, 397], [1254, 397], [1266, 397], [1267, 397], [1268, 397], [1269, 397], [1252, 398], [1253, 398], [1254, 398], [1255, 398], [1267, 398], [1268, 398], [1269, 398], [1270, 398], [1271, 398], [1253, 399], [1254, 399], [1255, 399], [1256, 399], [1268, 399], [1269, 399], [1270, 399], [1271, 399], [1272, 399], [1254, 400], [1255, 400], [1256, 400], [1257, 400], [1270, 400], [1271, 400], [1272, 400], [1273, 400], [1255, 401], [1256, 401], [1257, 401], [1258, 401], [1259, 401], [1271, 401], [1272, 401], [1273, 401], [1274, 401], [1237, 402], [1238, 402], [1256, 402], [1257, 402], [1258, 402], [1259, 402], [1260, 402], [1272, 402], [1273, 402], [1274, 402], [1275, 402], [1236, 403], [1237, 403], [1238, 403], [1258, 403], [1259, 403], [1260, 403], [1261, 403], [1273, 403], [1274, 403], [1275, 403], [1276, 403], [1236, 404], [1237, 404], [1238, 404], [1259, 404], [1260, 404], [1261, 404], [1262, 404], [1274, 404], [1275, 404], [1276, 404], [1277, 404], [1236, 405], [1237, 405], [1238, 405], [1239, 405], [1240, 405], [1241, 405], [1242, 405], [1260, 405], [1261, 405], [1262, 405], [1263, 405], [1275, 405], [1276, 405], [1277, 405], [1278, 405], [1237, 406], [1238, 406], [1239, 406], [1240, 406], [1241, 406], [1242, 406], [1243, 406], [1261, 406], [1262, 406], [1263, 406], [1264, 406], [1276, 406], [1277, 406], [1278, 406], [1279, 406], [1241, 407], [1242, 407], [1243, 407], [1244, 407], [1262, 407], [1263, 407], [1264, 407], [1265, 407], [1277, 407], [1278, 407], [1279, 407], [1280, 407], [1281, 407], [1227, 408], [1228, 408], [1242, 408], [1243, 408], [1244, 408], [1245, 408], [1263, 408], [1264, 408], [1265, 408], [1266, 408], [1278, 408], [1279, 408], [1280, 408], [1281, 408], [1282, 408], [1226, 409], [1227, 409], [1228, 409], [1229, 409], [1230, 409], [1243, 409], [1244, 409], [1245, 409], [1246, 409], [1264, 409], [1265, 409], [1266, 409], [1267, 409], [1280, 409], [1281, 409], [1282, 409], [1283, 409], [1227, 410], [1228, 410], [1229, 410], [1230, 410], [1231, 410], [1244, 410], [1245, 410], [1246, 410], [1247, 410], [1265, 410], [1266, 410], [1267, 410], [1268, 410], [1281, 410], [1282, 410], [1283, 410], [1284, 410], [1229, 411], [1230, 411], [1231, 411], [1232, 411], [1245, 411], [1246, 411], [1247, 411], [1248, 411], [1266, 411], [1267, 411], [1268, 411], [1269, 411], [1270, 411], [1282, 411], [1283, 411], [1284, 411], [1285, 411], [1230, 412], [1231, 412], [1232, 412], [1233, 412], [1246, 412], [1247, 412], [1248, 412], [1249, 412], [1267, 412], [1268, 412], [1269, 412], [1270, 412], [1271, 412], [1283, 412], [1284, 412], [1285, 412], [1286, 412], [1287, 412], [1231, 413], [1232, 413], [1233, 413], [1247, 413], [1248, 413], [1249, 413], [1250, 413], [1251, 413], [1269, 413], [1270, 413], [1271, 413], [1272, 413], [1284, 413], [1285, 413], [1286, 413], [1287, 413], [1288, 413], [1232, 414], [1233, 414], [1234, 414], [1248, 414], [1249, 414], [1250, 414], [1251, 414], [1252, 414], [1270, 414], [1271, 414], [1272, 414], [1273, 414], [1286, 414], [1287, 414], [1288, 414], [1232, 415], [1233, 415], [1234, 415], [1235, 415], [1250, 415], [1251, 415], [1252, 415], [1271, 415], [1272, 415], [1273, 415], [1274, 415], [1287, 415], [1288, 415], [1289, 415], [1290, 415], [1233, 416], [1234, 416], [1235, 416], [1236, 416], [1237, 416], [1251, 416], [1252, 416], [1272, 416], [1273, 416], [1274, 416], [1275, 416], [1287, 416], [1288, 416], [1289, 416], [1290, 416], [1291, 416], [1234, 417], [1235, 417], [1236, 417], [1237, 417], [1238, 417], [1251, 417], [1252, 417], [1253, 417], [1273, 417], [1274, 417], [1275, 417], [1276, 417], [1289, 417], [1290, 417], [1291, 417], [1292, 417], [1236, 418], [1237, 418], [1238, 418], [1239, 418], [1251, 418], [1252, 418], [1253, 418], [1254, 418], [1274, 418], [1275, 418], [1276, 418], [1277, 418], [1290, 418], [1291, 418], [1292, 418], [1293, 418], [1237, 419], [1238, 419], [1239, 419], [1252, 419], [1253, 419], [1254, 419], [1255, 419], [1256, 419], [1275, 419], [1276, 419], [1277, 419], [1278, 419], [1291, 419], [1292, 419], [1293, 419], [1294, 419], [1295, 419], [1238, 420], [1239, 420], [1240, 420], [1253, 420], [1254, 420], [1255, 420], [1256, 420], [1257, 420], [1276, 420], [1277, 420], [1278, 420], [1279, 420], [1280, 420], [1292, 420], [1293, 420], [1294, 420], [1295, 420], [1296, 420], [1238, 421], [1239, 421], [1240, 421], [1241, 421], [1255, 421], [1256, 421], [1257, 421], [1258, 421], [1259, 421], [1277, 421], [1278, 421], [1279, 421], [1280, 421], [1281, 421], [1294, 421], [1295, 421], [1296, 421], [1297, 421], [1239, 422], [1240, 422], [1241, 422], [1242, 422], [1256, 422], [1257, 422], [1258, 422], [1259, 422], [1260, 422], [1279, 422], [1280, 422], [1281, 422], [1282, 422], [1295, 422], [1296, 422], [1297, 422], [1298, 422], [1240, 423], [1241, 423], [1242, 423], [1243, 423], [1258, 423], [1259, 423], [1260, 423], [1280, 423], [1281, 423], [1282, 423], [1283, 423], [1284, 423], [1287, 423], [1288, 423], [1289, 423], [1290, 423], [1291, 423], [1292, 423], [1293, 423], [1294, 423], [1295, 423], [1296, 423], [1297, 423], [1298, 423], [1241, 424], [1242, 424], [1243, 424], [1244, 424], [1259, 424], [1260, 424], [1261, 424], [1281, 424], [1282, 424], [1283, 424], [1284, 424], [1285, 424], [1286, 424], [1287, 424], [1288, 424], [1289, 424], [1290, 424], [1291, 424], [1292, 424], [1293, 424], [1294, 424], [1295, 424], [1296, 424], [1297, 424], [1298, 424], [1242, 425], [1243, 425], [1244, 425], [1245, 425], [1259, 425], [1260, 425], [1261, 425], [1262, 425], [1283, 425], [1284, 425], [1285, 425], [1286, 425], [1287, 425], [1288, 425], [1295, 425], [1296, 425], [1297, 425], [1243, 426], [1244, 426], [1245, 426], [1246, 426], [1260, 426], [1261, 426], [1262, 426], [1263, 426], [1284, 426], [1285, 426], [1286, 426], [1287, 426], [1244, 427], [1245, 427], [1246, 427], [1247, 427], [1261, 427], [1262, 427], [1263, 427], [1264, 427], [1245, 428], [1246, 428], [1247, 428], [1248, 428], [1262, 428], [1263, 428], [1264, 428], [1265, 428], [1288, 428], [1289, 428], [1290, 428], [1291, 428], [1303, 428], [1304, 428], [1305, 428], [1246, 429], [1247, 429], [1248, 429], [1249, 429], [1250, 429], [1263, 429], [1264, 429], [1265, 429], [1288, 429], [1289, 429], [1290, 429], [1291, 429], [1294, 429], [1295, 429], [1296, 429], [1297, 429], [1298, 429], [1299, 429], [1300, 429], [1301, 429], [1302, 429], [1303, 429], [1304, 429], [1305, 429], [1306, 429], [1247, 430], [1248, 430], [1249, 430], [1250, 430], [1251, 430], [1264, 430], [1265, 430], [1288, 430], [1289, 430], [1290, 430], [1291, 430], [1292, 430], [1293, 430], [1294, 430], [1295, 430], [1296, 430], [1297, 430], [1298, 430], [1299, 430], [1300, 430], [1301, 430], [1302, 430], [1303, 430], [1304, 430], [1305, 430], [1306, 430], [1307, 430], [1249, 431], [1250, 431], [1251, 431], [1252, 431], [1264, 431], [1265, 431], [1266, 431], [1267, 431], [1268, 431], [1289, 431], [1290, 431], [1291, 431], [1292, 431], [1293, 431], [1294, 431], [1295, 431], [1296, 431], [1297, 431], [1298, 431], [1305, 431], [1306, 431], [1307, 431], [1308, 431], [1250, 432], [1251, 432], [1252, 432], [1253, 432], [1264, 432], [1265, 432], [1266, 432], [1267, 432], [1268, 432], [1269, 432], [1292, 432], [1293, 432], [1294, 432], [1295, 432], [1296, 432], [1297, 432], [1298, 432], [1299, 432], [1300, 432], [1301, 432], [1302, 432], [1303, 432], [1305, 432], [1306, 432], [1307, 432], [1308, 432], [1251, 433], [1252, 433], [1253, 433], [1254, 433], [1267, 433], [1268, 433], [1269, 433], [1297, 433], [1298, 433], [1299, 433], [1300, 433], [1301, 433], [1302, 433], [1303, 433], [1305, 433], [1306, 433], [1307, 433], [1308, 433], [1252, 434], [1253, 434], [1254, 434], [1255, 434], [1268, 434], [1269, 434], [1300, 434], [1301, 434], [1302, 434], [1303, 434], [1304, 434], [1305, 434], [1306, 434], [1307, 434], [1308, 434], [1253, 435], [1254, 435], [1255, 435], [1256, 435], [1268, 435], [1269, 435], [1300, 435], [1301, 435], [1302, 435], [1303, 435], [1304, 435], [1305, 435], [1306, 435], [1254, 436], [1255, 436], [1256, 436], [1257, 436], [1268, 436], [1269, 436], [1270, 436], [1271, 436], [1272, 436], [1297, 436], [1298, 436], [1299, 436], [1300, 436], [1302, 436], [1255, 437], [1256, 437], [1257, 437], [1258, 437], [1268, 437], [1269, 437], [1270, 437], [1271, 437], [1272, 437], [1273, 437], [1274, 437], [1297, 437], [1299, 437], [1300, 437], [1302, 437], [1256, 438], [1257, 438], [1258, 438], [1269, 438], [1270, 438], [1271, 438], [1272, 438], [1273, 438], [1274, 438], [1275, 438], [1297, 438], [1298, 438], [1299, 438], [1300, 438], [1301, 438], [1302, 438], [1257, 439], [1258, 439], [1259, 439], [1260, 439], [1273, 439], [1274, 439], [1275, 439], [1276, 439], [1300, 439], [1302, 439], [1257, 440], [1258, 440], [1259, 440], [1260, 440], [1261, 440], [1268, 440], [1269, 440], [1270, 440], [1274, 440], [1275, 440], [1276, 440], [1277, 440], [1278, 440], [1300, 440], [1301, 440], [1302, 440], [1303, 440], [1304, 440], [1259, 441], [1260, 441], [1261, 441], [1268, 441], [1269, 441], [1270, 441], [1271, 441], [1275, 441], [1276, 441], [1277, 441], [1278, 441], [1279, 441], [1300, 441], [1301, 441], [1302, 441], [1303, 441], [1304, 441], [1305, 441], [1260, 442], [1261, 442], [1262, 442], [1263, 442], [1268, 442], [1269, 442], [1270, 442], [1271, 442], [1272, 442], [1273, 442], [1277, 442], [1278, 442], [1279, 442], [1280, 442], [1301, 442], [1302, 442], [1303, 442], [1304, 442], [1305, 442], [1306, 442], [1307, 442], [1260, 443], [1261, 443], [1262, 443], [1263, 443], [1264, 443], [1265, 443], [1268, 443], [1269, 443], [1270, 443], [1271, 443], [1272, 443], [1273, 443], [1274, 443], [1275, 443], [1276, 443], [1277, 443], [1278, 443], [1279, 443], [1280, 443], [1281, 443], [1302, 443], [1303, 443], [1304, 443], [1305, 443], [1306, 443], [1307, 443], [1308, 443], [1262, 444], [1263, 444], [1264, 444], [1265, 444], [1266, 444], [1268, 444], [1269, 444], [1270, 444], [1272, 444], [1273, 444], [1274, 444], [1275, 444], [1276, 444], [1277, 444], [1279, 444], [1280, 444], [1281, 444], [1282, 444], [1303, 444], [1304, 444], [1305, 444], [1306, 444], [1307, 444], [1308, 444], [1309, 444], [1264, 445], [1265, 445], [1266, 445], [1267, 445], [1268, 445], [1269, 445], [1270, 445], [1271, 445], [1274, 445], [1275, 445], [1276, 445], [1277, 445], [1280, 445], [1281, 445], [1282, 445], [1283, 445], [1304, 445], [1305, 445], [1306, 445], [1307, 445], [1308, 445], [1309, 445], [1310, 445], [1265, 446], [1266, 446], [1267, 446], [1268, 446], [1269, 446], [1270, 446], [1271, 446], [1273, 446], [1274, 446], [1275, 446], [1276, 446], [1281, 446], [1282, 446], [1283, 446], [1306, 446], [1307, 446], [1308, 446], [1309, 446], [1310, 446], [1266, 447], [1267, 447], [1268, 447], [1269, 447], [1270, 447], [1271, 447], [1272, 447], [1273, 447], [1274, 447], [1275, 447], [1282, 447], [1283, 447], [1306, 447], [1307, 447], [1308, 447], [1309, 447], [1310, 447], [1311, 447], [1267, 448], [1268, 448], [1269, 448], [1270, 448], [1271, 448], [1272, 448], [1273, 448], [1274, 448], [1282, 448], [1283, 448], [1308, 448], [1309, 448], [1310, 448], [1311, 448], [1269, 449], [1270, 449], [1271, 449], [1279, 449], [1280, 449], [1281, 449], [1282, 449], [1283, 449], [1309, 449], [1310, 449], [1311, 449], [1269, 450], [1270, 450], [1271, 450], [1279, 450], [1280, 450], [1281, 450], [1282, 450], [1283, 450], [1284, 450], [1269, 451], [1270, 451], [1271, 451], [1278, 451], [1279, 451], [1280, 451], [1282, 451], [1284, 451], [1270, 452], [1271, 452], [1272, 452], [1278, 452], [1279, 452], [1280, 452], [1282, 452], [1283, 452], [1284, 452], [1270, 453], [1271, 453], [1272, 453], [1273, 453], [1277, 453], [1278, 453], [1279, 453], [1280, 453], [1281, 453], [1316, 453], [1317, 453], [1318, 453], [1271, 454], [1272, 454], [1273, 454], [1274, 454], [1277, 454], [1278, 454], [1279, 454], [1280, 454], [1281, 454], [1316, 454], [1317, 454], [1318, 454], [1319, 454], [1272, 455], [1273, 455], [1274, 455], [1275, 455], [1277, 455], [1278, 455], [1279, 455], [1280, 455], [1281, 455], [1282, 455], [1288, 455], [1289, 455], [1290, 455], [1316, 455], [1317, 455], [1319, 455], [1320, 455], [1273, 456], [1274, 456], [1275, 456], [1276, 456], [1277, 456], [1280, 456], [1281, 456], [1282, 456], [1283, 456], [1284, 456], [1285, 456], [1288, 456], [1289, 456], [1290, 456], [1291, 456], [1317, 456], [1318, 456], [1319, 456], [1320, 456], [1274, 457], [1275, 457], [1276, 457], [1277, 457], [1278, 457], [1279, 457], [1280, 457], [1281, 457], [1282, 457], [1285, 457], [1287, 457], [1288, 457], [1289, 457], [1290, 457], [1291, 457], [1292, 457], [1318, 457], [1319, 457], [1320, 457], [1276, 458], [1277, 458], [1278, 458], [1279, 458], [1280, 458], [1281, 458], [1282, 458], [1283, 458], [1284, 458], [1285, 458], [1287, 458], [1288, 458], [1289, 458], [1290, 458], [1291, 458], [1292, 458], [1322, 458], [1323, 458], [1324, 458], [1277, 459], [1278, 459], [1279, 459], [1280, 459], [1287, 459], [1288, 459], [1289, 459], [1291, 459], [1292, 459], [1293, 459], [1322, 459], [1323, 459], [1324, 459], [1325, 459], [1278, 460], [1279, 460], [1280, 460], [1287, 460], [1288, 460], [1289, 460], [1290, 460], [1291, 460], [1292, 460], [1293, 460], [1322, 460], [1323, 460], [1325, 460], [1326, 460], [1287, 461], [1288, 461], [1289, 461], [1290, 461], [1291, 461], [1292, 461], [1293, 461], [1323, 461], [1324, 461], [1325, 461], [1326, 461], [1289, 462], [1290, 462], [1291, 462], [1292, 462], [1295, 462], [1296, 462], [1297, 462], [1324, 462], [1325, 462], [1326, 462], [1291, 463], [1292, 463], [1293, 463], [1294, 463], [1295, 463], [1296, 463], [1297, 463], [1298, 463], [1291, 464], [1292, 464], [1293, 464], [1294, 464], [1295, 464], [1296, 464], [1297, 464], [1298, 464], [1299, 464], [1300, 464], [1301, 464], [1291, 465], [1292, 465], [1293, 465], [1294, 465], [1295, 465], [1296, 465], [1297, 465], [1298, 465], [1301, 465], [1296, 466], [1297, 466], [1298, 466], [1299, 466], [1300, 466], [1301, 466], [1330, 466], [1331, 466], [1332, 466], [1333, 466], [1287, 467], [1288, 467], [1289, 467], [1290, 467], [1291, 467], [1330, 467], [1331, 467], [1332, 467], [1333, 467], [1334, 467], [1287, 468], [1288, 468], [1289, 468], [1290, 468], [1291, 468], [1292, 468], [1330, 468], [1331, 468], [1332, 468], [1333, 468], [1334, 468], [1335, 468], [1287, 469], [1288, 469], [1289, 469], [1290, 469], [1291, 469], [1292, 469], [1331, 469], [1332, 469], [1333, 469], [1334, 469], [1335, 469], [1336, 469], [1288, 470], [1289, 470], [1290, 470], [1291, 470], [1292, 470], [1293, 470], [1294, 470], [1332, 470], [1333, 470], [1334, 470], [1335, 470], [1336, 470], [1337, 470], [1290, 471], [1291, 471], [1292, 471], [1293, 471], [1294, 471], [1295, 471], [1333, 471], [1334, 471], [1335, 471], [1337, 471], [1338, 471], [1291, 472], [1292, 472], [1293, 472], [1294, 472], [1295, 472], [1335, 472], [1336, 472], [1337, 472], [1338, 472], [1291, 473], [1292, 473], [1293, 473], [1294, 473], [1295, 473], [1336, 473], [1337, 473], [1338, 473], [1293, 474], [1294, 474], [1295, 474], [1311, 474], [1312, 474], [1313, 474], [1314, 474], [1315, 474], [1316, 474], [1311, 475], [1312, 475], [1313, 475], [1314, 475], [1315, 475], [1316, 475], [1317, 475], [1318, 475], [1311, 476], [1312, 476], [1313, 476], [1314, 476], [1315, 476], [1316, 476], [1317, 476], [1318, 476], [1319, 476], [1320, 476], [1312, 477], [1313, 477], [1314, 477], [1315, 477], [1317, 477], [1318, 477], [1319, 477], [1320, 477], [1321, 477], [1322, 477], [1313, 478], [1314, 478], [1315, 478], [1316, 478], [1317, 478], [1319, 478], [1320, 478], [1321, 478], [1322, 478], [1323, 478], [1314, 479], [1315, 479], [1316, 479], [1317, 479], [1318, 479], [1319, 479], [1321, 479], [1322, 479], [1323, 479], [1324, 479], [1316, 480], [1317, 480], [1318, 480], [1319, 480], [1320, 480], [1321, 480], [1322, 480], [1323, 480], [1324, 480], [1318, 481], [1319, 481], [1320, 481], [1321, 481], [1322, 481], [1323, 481], [1324, 481], [1320, 482], [1321, 482], [1322, 482], [1323, 482]


