White line left - 




Yellow line left - [636, 998], [637, 998], [638, 998], [639, 998], [636, 999], [637, 999], [638, 999], [639, 999], [636, 1000], [637, 1000], [638, 1000], [639, 1000], [637, 1002], [638, 1002], [639, 1002], [637, 1003], [638, 1003], [639, 1003], [640, 1003], [641, 1003], [637, 1004], [638, 1004], [639, 1004], [640, 1004], [641, 1004], [642, 1004], [636, 1005], [637, 1005], [638, 1005], [639, 1005], [640, 1005], [641, 1005], [642, 1005], [636, 1006], [637, 1006], [638, 1006], [639, 1006], [640, 1006], [641, 1006], [642, 1006], [636, 1007], [637, 1007], [638, 1007], [639, 1007], [640, 1007], [641, 1007], [637, 1008], [638, 1008], [639, 1008], [640, 1008], [641, 1008], [637, 1009], [639, 1009], [637, 1010], [638, 1010], [639, 1010]




Yellow line right - [653, 1047], [654, 1047], [655, 1047], [656, 1047], [657, 1047], [653, 1048], [657, 1048], [644, 1049], [645, 1049], [646, 1049], [653, 1049], [654, 1049], [655, 1049], [656, 1049], [657, 1049], [637, 1050], [638, 1050], [639, 1050], [644, 1050], [646, 1050], [651, 1050], [652, 1050], [653, 1050], [631, 1051], [632, 1051], [633, 1051], [634, 1051], [635, 1051], [636, 1051], [637, 1051], [638, 1051], [639, 1051], [644, 1051], [645, 1051], [646, 1051], [650, 1051], [651, 1051], [652, 1051], [653, 1051], [654, 1051], [655, 1051], [656, 1051], [657, 1051], [658, 1051], [631, 1052], [632, 1052], [633, 1052], [634, 1052], [635, 1052], [636, 1052], [637, 1052], [638, 1052], [639, 1052], [650, 1052], [651, 1052], [652, 1052], [653, 1052], [654, 1052], [655, 1052], [656, 1052], [657, 1052], [658, 1052], [629, 1053], [630, 1053], [631, 1053], [632, 1053], [633, 1053], [634, 1053], [635, 1053], [636, 1053], [637, 1053], [638, 1053], [639, 1053], [640, 1053], [650, 1053], [651, 1053], [653, 1053], [654, 1053], [655, 1053], [656, 1053], [657, 1053], [658, 1053], [629, 1054], [630, 1054], [631, 1054], [632, 1054], [633, 1054], [634, 1054], [635, 1054], [636, 1054], [637, 1054], [638, 1054], [639, 1054], [640, 1054], [641, 1054], [650, 1054], [651, 1054], [654, 1054], [655, 1054], [656, 1054], [658, 1054], [660, 1054], [661, 1054], [662, 1054], [629, 1055], [630, 1055], [631, 1055], [632, 1055], [633, 1055], [634, 1055], [636, 1055], [637, 1055], [638, 1055], [639, 1055], [640, 1055], [641, 1055], [650, 1055], [651, 1055], [652, 1055], [653, 1055], [654, 1055], [655, 1055], [656, 1055], [658, 1055], [660, 1055], [662, 1055], [631, 1056], [632, 1056], [633, 1056], [634, 1056], [636, 1056], [637, 1056], [638, 1056], [639, 1056], [640, 1056], [641, 1056], [650, 1056], [651, 1056], [652, 1056], [653, 1056], [654, 1056], [655, 1056], [656, 1056], [657, 1056], [658, 1056], [660, 1056], [662, 1056], [632, 1057], [633, 1057], [634, 1057], [635, 1057], [636, 1057], [637, 1057], [638, 1057], [639, 1057], [640, 1057], [641, 1057], [651, 1057], [652, 1057], [653, 1057], [654, 1057], [655, 1057], [660, 1057], [662, 1057], [636, 1058], [637, 1058], [638, 1058], [639, 1058], [640, 1058], [641, 1058], [642, 1058], [643, 1058], [644, 1058], [645, 1058], [646, 1058], [649, 1058], [650, 1058], [651, 1058], [652, 1058], [653, 1058], [654, 1058], [655, 1058], [656, 1058], [657, 1058], [660, 1058], [661, 1058], [662, 1058], [639, 1059], [641, 1059], [642, 1059], [643, 1059], [644, 1059], [645, 1059], [646, 1059], [647, 1059], [648, 1059], [649, 1059], [650, 1059], [651, 1059], [652, 1059], [653, 1059], [654, 1059], [655, 1059], [656, 1059], [657, 1059], [639, 1060], [641, 1060], [642, 1060], [643, 1060], [644, 1060], [645, 1060], [646, 1060], [647, 1060], [648, 1060], [649, 1060], [650, 1060], [651, 1060], [652, 1060], [653, 1060], [654, 1060], [655, 1060], [656, 1060], [657, 1060], [659, 1060], [660, 1060], [661, 1060], [637, 1061], [638, 1061], [639, 1061], [640, 1061], [641, 1061], [642, 1061], [643, 1061], [647, 1061], [648, 1061], [649, 1061], [650, 1061], [651, 1061], [652, 1061], [653, 1061], [654, 1061], [655, 1061], [656, 1061], [657, 1061], [659, 1061], [660, 1061], [661, 1061], [662, 1061], [637, 1062], [638, 1062], [639, 1062], [640, 1062], [641, 1062], [642, 1062], [656, 1062], [657, 1062], [658, 1062], [659, 1062], [660, 1062], [661, 1062], [662, 1062], [637, 1063], [638, 1063], [639, 1063], [640, 1063], [642, 1063], [656, 1063], [657, 1063], [658, 1063], [659, 1063], [661, 1063], [662, 1063], [636, 1064], [637, 1064], [638, 1064], [639, 1064], [640, 1064], [641, 1064], [642, 1064], [656, 1064], [657, 1064], [659, 1064], [660, 1064], [661, 1064], [662, 1064], [663, 1064], [635, 1065], [636, 1065], [637, 1065], [638, 1065], [639, 1065], [656, 1065], [657, 1065], [658, 1065], [659, 1065], [660, 1065], [663, 1065], [635, 1066], [636, 1066], [637, 1066], [657, 1066], [658, 1066], [659, 1066], [661, 1066], [662, 1066], [663, 1066], [634, 1067], [635, 1067], [636, 1067], [655, 1067], [656, 1067], [657, 1067], [658, 1067], [659, 1067], [661, 1067], [632, 1068], [633, 1068], [634, 1068], [635, 1068], [636, 1068], [655, 1068], [656, 1068], [657, 1068], [658, 1068], [659, 1068], [660, 1068], [661, 1068], [632, 1069], [633, 1069], [634, 1069], [635, 1069], [655, 1069], [656, 1069], [657, 1069], [632, 1070], [633, 1070], [634, 1070], [635, 1070], [636, 1070], [653, 1070], [654, 1070], [656, 1070], [657, 1070], [632, 1071], [633, 1071], [634, 1071], [635, 1071], [636, 1071], [652, 1071], [653, 1071], [654, 1071], [655, 1071], [656, 1071], [657, 1071], [658, 1071], [659, 1071], [660, 1071], [661, 1071], [662, 1071], [663, 1071], [664, 1071], [622, 1072], [623, 1072], [624, 1072], [625, 1072], [626, 1072], [627, 1072], [632, 1072], [633, 1072], [634, 1072], [635, 1072], [636, 1072], [652, 1072], [653, 1072], [654, 1072], [655, 1072], [656, 1072], [657, 1072], [658, 1072], [659, 1072], [660, 1072], [661, 1072], [662, 1072], [663, 1072], [664, 1072], [622, 1073], [623, 1073], [624, 1073], [625, 1073], [626, 1073], [627, 1073], [632, 1073], [633, 1073], [634, 1073], [635, 1073], [652, 1073], [653, 1073], [654, 1073], [655, 1073], [656, 1073], [657, 1073], [658, 1073], [659, 1073], [660, 1073], [661, 1073], [662, 1073], [663, 1073], [664, 1073], [622, 1074], [623, 1074], [624, 1074], [625, 1074], [626, 1074], [627, 1074], [632, 1074], [633, 1074], [634, 1074], [635, 1074], [636, 1074], [652, 1074], [653, 1074], [654, 1074], [656, 1074], [657, 1074], [658, 1074], [659, 1074], [660, 1074], [661, 1074], [662, 1074], [663, 1074], [664, 1074], [623, 1075], [625, 1075], [626, 1075], [627, 1075], [632, 1075], [633, 1075], [634, 1075], [635, 1075], [636, 1075], [655, 1075], [656, 1075], [657, 1075], [658, 1075], [661, 1075], [662, 1075], [663, 1075], [622, 1076], [623, 1076], [624, 1076], [625, 1076], [631, 1076], [632, 1076], [633, 1076], [634, 1076], [635, 1076], [636, 1076], [653, 1076], [654, 1076], [655, 1076], [656, 1076], [657, 1076], [658, 1076], [622, 1077], [623, 1077], [624, 1077], [625, 1077], [631, 1077], [632, 1077], [633, 1077], [653, 1077], [654, 1077], [655, 1077], [656, 1077], [622, 1078], [623, 1078], [624, 1078], [626, 1078], [627, 1078], [631, 1078], [632, 1078], [633, 1078], [634, 1078], [653, 1078], [654, 1078], [655, 1078], [656, 1078], [622, 1079], [624, 1079], [625, 1079], [627, 1079], [632, 1079], [633, 1079], [634, 1079], [655, 1079], [656, 1079]




White line right - [1310, 376], [1311, 376], [1312, 376], [1313, 376], [1310, 377], [1311, 377], [1312, 377], [1313, 377], [1314, 377], [1315, 377], [1309, 378], [1310, 378], [1311, 378], [1312, 378], [1314, 378], [1315, 378], [1316, 378], [1317, 378], [1309, 379], [1310, 379], [1311, 379], [1312, 379], [1313, 379], [1314, 379], [1315, 379], [1316, 379], [1317, 379], [1318, 379], [1319, 379], [1309, 380], [1310, 380], [1311, 380], [1312, 380], [1313, 380], [1314, 380], [1315, 380], [1316, 380], [1317, 380], [1318, 380], [1319, 380], [1320, 380], [1321, 380], [1310, 381], [1311, 381], [1312, 381], [1314, 381], [1315, 381], [1316, 381], [1317, 381], [1318, 381], [1319, 381], [1320, 381], [1321, 381], [1322, 381], [1323, 381], [1314, 382], [1315, 382], [1316, 382], [1317, 382], [1318, 382], [1319, 382], [1320, 382], [1321, 382], [1322, 382], [1323, 382], [1324, 382], [1325, 382], [1320, 383], [1321, 383], [1322, 383], [1323, 383], [1324, 383], [1325, 383], [1321, 384], [1322, 384], [1323, 384], [1324, 384], [1325, 384]


