White line left - 




Yellow line left - [1283, 422], [1284, 422], [1285, 422], [1286, 422], [1287, 422], [1288, 422], [1289, 422], [1290, 422], [1277, 423], [1278, 423], [1279, 423], [1280, 423], [1281, 423], [1282, 423], [1283, 423], [1284, 423], [1285, 423], [1286, 423], [1287, 423], [1288, 423], [1289, 423], [1290, 423], [1291, 423], [1292, 423], [1293, 423], [1294, 423], [1277, 424], [1278, 424], [1279, 424], [1280, 424], [1281, 424], [1282, 424], [1283, 424], [1284, 424], [1289, 424], [1290, 424], [1291, 424], [1292, 424], [1293, 424], [1294, 424], [1295, 424], [1296, 424], [1277, 425], [1278, 425], [1293, 425], [1294, 425], [1295, 425], [1296, 425], [1277, 426], [1278, 426], [1279, 426], [1289, 426], [1290, 426], [1291, 426], [1292, 426], [1293, 426], [1294, 426], [1295, 426], [1296, 426], [1277, 427], [1278, 427], [1279, 427], [1280, 427], [1281, 427], [1282, 427], [1283, 427], [1284, 427], [1285, 427], [1286, 427], [1287, 427], [1288, 427], [1289, 427], [1290, 427], [1291, 427], [1292, 427], [1293, 427], [1294, 427], [1295, 427], [1296, 427], [1278, 428], [1279, 428], [1280, 428], [1281, 428], [1282, 428], [1283, 428], [1284, 428], [1285, 428], [1286, 428], [1287, 428], [1288, 428], [1289, 428], [1290, 428]




Yellow line right - [1311, 439], [1312, 439], [1313, 439], [1314, 439], [1309, 440], [1310, 440], [1311, 440], [1312, 440], [1313, 440], [1314, 440], [1309, 441], [1310, 441], [1311, 441], [1313, 441], [1314, 441], [1309, 442], [1310, 442], [1311, 442], [1312, 442], [1313, 442], [1314, 442], [1310, 443], [1311, 443], [1312, 443], [1313, 443]




White line right - [1462, 273], [1463, 273], [1464, 273], [1465, 273], [1462, 274], [1463, 274], [1464, 274], [1465, 274], [1466, 274], [1467, 274], [1468, 274], [1462, 275], [1463, 275], [1464, 275], [1466, 275], [1467, 275], [1468, 275], [1469, 275], [1470, 275], [1471, 275], [1472, 275], [1463, 276], [1464, 276], [1465, 276], [1466, 276], [1467, 276], [1468, 276], [1469, 276], [1470, 276], [1471, 276], [1472, 276], [1473, 276], [1474, 276], [1475, 276], [1476, 276], [1465, 277], [1466, 277], [1467, 277], [1468, 277], [1469, 277], [1470, 277], [1471, 277], [1472, 277], [1473, 277], [1474, 277], [1475, 277], [1476, 277], [1477, 277], [1478, 277], [1479, 277], [1467, 278], [1468, 278], [1469, 278], [1470, 278], [1471, 278], [1472, 278], [1473, 278], [1474, 278], [1475, 278], [1476, 278], [1477, 278], [1478, 278], [1479, 278], [1480, 278], [1481, 278], [1469, 279], [1470, 279], [1471, 279], [1472, 279], [1473, 279], [1474, 279], [1475, 279], [1476, 279], [1478, 279], [1479, 279], [1480, 279], [1481, 279], [1482, 279], [1483, 279], [1484, 279], [1473, 280], [1474, 280], [1475, 280], [1476, 280], [1477, 280], [1478, 280], [1479, 280], [1480, 280], [1481, 280], [1482, 280], [1483, 280], [1484, 280], [1485, 280], [1486, 280], [1475, 281], [1476, 281], [1477, 281], [1478, 281], [1479, 281], [1480, 281], [1481, 281], [1482, 281], [1483, 281], [1484, 281], [1485, 281], [1486, 281], [1487, 281], [1478, 282], [1479, 282], [1480, 282], [1481, 282], [1482, 282], [1483, 282], [1484, 282], [1485, 282], [1486, 282], [1487, 282], [1481, 283], [1482, 283], [1483, 283], [1484, 283], [1485, 283], [1486, 283], [1487, 283], [1502, 287], [1503, 287], [1504, 287], [1505, 287], [1506, 287], [1502, 288], [1503, 288], [1504, 288], [1505, 288], [1506, 288], [1507, 288], [1508, 288], [1509, 288], [1510, 288], [1502, 289], [1503, 289], [1504, 289], [1505, 289], [1506, 289], [1507, 289], [1508, 289], [1509, 289], [1510, 289], [1511, 289], [1512, 289], [1513, 289], [1503, 290], [1504, 290], [1505, 290], [1506, 290], [1507, 290], [1508, 290], [1509, 290], [1510, 290], [1511, 290], [1512, 290], [1513, 290], [1514, 290], [1515, 290], [1516, 290], [1517, 290], [1505, 291], [1506, 291], [1507, 291], [1508, 291], [1509, 291], [1510, 291], [1511, 291], [1512, 291], [1513, 291], [1514, 291], [1515, 291], [1516, 291], [1517, 291], [1518, 291], [1519, 291], [1507, 292], [1508, 292], [1509, 292], [1510, 292], [1511, 292], [1512, 292], [1513, 292], [1514, 292], [1516, 292], [1517, 292], [1518, 292], [1519, 292], [1520, 292], [1521, 292], [1522, 292], [1510, 293], [1511, 293], [1512, 293], [1513, 293], [1514, 293], [1515, 293], [1516, 293], [1518, 293], [1519, 293], [1520, 293], [1521, 293], [1522, 293], [1523, 293], [1524, 293], [1525, 293], [1513, 294], [1514, 294], [1515, 294], [1516, 294], [1517, 294], [1518, 294], [1519, 294], [1521, 294], [1522, 294], [1523, 294], [1524, 294], [1525, 294], [1526, 294], [1527, 294], [1528, 294], [1515, 295], [1516, 295], [1517, 295], [1518, 295], [1519, 295], [1520, 295], [1521, 295], [1522, 295], [1524, 295], [1525, 295], [1526, 295], [1527, 295], [1528, 295], [1529, 295], [1530, 295], [1531, 295], [1518, 296], [1519, 296], [1520, 296], [1521, 296], [1522, 296], [1523, 296], [1524, 296], [1525, 296], [1526, 296], [1527, 296], [1528, 296], [1529, 296], [1530, 296], [1531, 296], [1532, 296], [1533, 296], [1534, 296], [1521, 297], [1522, 297], [1523, 297], [1524, 297], [1525, 297], [1526, 297], [1527, 297], [1528, 297], [1529, 297], [1530, 297], [1531, 297], [1532, 297], [1533, 297], [1534, 297], [1535, 297], [1536, 297], [1525, 298], [1526, 298], [1527, 298], [1528, 298], [1529, 298], [1530, 298], [1531, 298], [1532, 298], [1533, 298], [1534, 298], [1535, 298], [1536, 298], [1537, 298], [1538, 298], [1528, 299], [1529, 299], [1530, 299], [1531, 299], [1532, 299], [1533, 299], [1534, 299], [1535, 299], [1536, 299], [1537, 299], [1538, 299], [1531, 300], [1532, 300], [1533, 300], [1534, 300], [1535, 300], [1536, 300], [1537, 300], [1538, 300], [1535, 301], [1536, 301], [1537, 301], [1538, 301], [1554, 306], [1555, 306], [1556, 306], [1557, 306], [1558, 306], [1559, 306], [1560, 306], [1561, 306], [1554, 307], [1555, 307], [1556, 307], [1557, 307], [1558, 307], [1559, 307], [1560, 307], [1561, 307], [1562, 307], [1563, 307], [1564, 307], [1565, 307], [1554, 308], [1555, 308], [1556, 308], [1557, 308], [1558, 308], [1559, 308], [1560, 308], [1561, 308], [1562, 308], [1563, 308], [1564, 308], [1565, 308], [1566, 308], [1567, 308], [1568, 308], [1556, 309], [1557, 309], [1558, 309], [1559, 309], [1560, 309], [1561, 309], [1564, 309], [1565, 309], [1566, 309], [1567, 309], [1568, 309], [1569, 309], [1570, 309], [1558, 310], [1559, 310], [1560, 310], [1561, 310], [1562, 310], [1563, 310], [1564, 310], [1565, 310], [1567, 310], [1568, 310], [1569, 310], [1570, 310], [1571, 310], [1572, 310], [1573, 310], [1574, 310], [1560, 311], [1561, 311], [1562, 311], [1563, 311], [1564, 311], [1565, 311], [1566, 311], [1567, 311], [1568, 311], [1569, 311], [1570, 311], [1571, 311], [1572, 311], [1573, 311], [1574, 311], [1575, 311], [1576, 311], [1564, 312], [1565, 312], [1566, 312], [1567, 312], [1568, 312], [1569, 312], [1570, 312], [1573, 312], [1574, 312], [1575, 312], [1576, 312], [1577, 312], [1578, 312], [1579, 312], [1567, 313], [1568, 313], [1569, 313], [1570, 313], [1571, 313], [1572, 313], [1573, 313], [1575, 313], [1576, 313], [1577, 313], [1578, 313], [1579, 313], [1580, 313], [1581, 313], [1582, 313], [1569, 314], [1570, 314], [1571, 314], [1572, 314], [1573, 314], [1574, 314], [1575, 314], [1576, 314], [1578, 314], [1579, 314], [1580, 314], [1581, 314], [1582, 314], [1583, 314], [1584, 314], [1585, 314], [1572, 315], [1573, 315], [1574, 315], [1575, 315], [1576, 315], [1577, 315], [1578, 315], [1581, 315], [1582, 315], [1583, 315], [1584, 315], [1585, 315], [1586, 315], [1587, 315], [1588, 315], [1575, 316], [1576, 316], [1577, 316], [1578, 316], [1579, 316], [1580, 316], [1581, 316], [1584, 316], [1585, 316], [1586, 316], [1587, 316], [1588, 316], [1589, 316], [1590, 316], [1591, 316], [1577, 317], [1578, 317], [1579, 317], [1580, 317], [1581, 317], [1582, 317], [1583, 317], [1584, 317], [1587, 317], [1588, 317], [1589, 317], [1590, 317], [1591, 317], [1592, 317], [1593, 317], [1580, 318], [1581, 318], [1582, 318], [1583, 318], [1584, 318], [1585, 318], [1586, 318], [1587, 318], [1590, 318], [1591, 318], [1592, 318], [1593, 318], [1594, 318], [1595, 318], [1596, 318], [1583, 319], [1584, 319], [1585, 319], [1586, 319], [1587, 319], [1588, 319], [1589, 319], [1590, 319], [1592, 319], [1593, 319], [1594, 319], [1595, 319], [1596, 319], [1597, 319], [1598, 319], [1586, 320], [1587, 320], [1588, 320], [1589, 320], [1590, 320], [1591, 320], [1592, 320], [1593, 320], [1595, 320], [1596, 320], [1597, 320], [1598, 320], [1599, 320], [1589, 321], [1590, 321], [1591, 321], [1592, 321], [1593, 321], [1594, 321], [1595, 321], [1596, 321], [1597, 321], [1598, 321], [1599, 321], [1592, 322], [1593, 322], [1594, 322], [1595, 322], [1596, 322], [1597, 322], [1598, 322], [1599, 322], [1615, 327], [1616, 327], [1617, 327], [1618, 327], [1619, 327], [1620, 327], [1615, 328], [1616, 328], [1617, 328], [1618, 328], [1619, 328], [1620, 328], [1621, 328], [1622, 328], [1623, 328], [1624, 328], [1625, 328], [1615, 329], [1616, 329], [1617, 329], [1618, 329], [1619, 329], [1620, 329], [1621, 329], [1622, 329], [1623, 329], [1624, 329], [1625, 329], [1626, 329], [1627, 329], [1628, 329], [1616, 330], [1617, 330], [1618, 330], [1619, 330], [1620, 330], [1621, 330], [1622, 330], [1624, 330], [1625, 330], [1626, 330], [1627, 330], [1628, 330], [1629, 330], [1630, 330], [1631, 330], [1619, 331], [1620, 331], [1621, 331], [1622, 331], [1623, 331], [1624, 331], [1625, 331], [1627, 331], [1628, 331], [1629, 331], [1630, 331], [1631, 331], [1632, 331], [1633, 331], [1634, 331], [1621, 332], [1622, 332], [1623, 332], [1624, 332], [1625, 332], [1626, 332], [1627, 332], [1628, 332], [1630, 332], [1631, 332], [1632, 332], [1633, 332], [1634, 332], [1635, 332], [1636, 332], [1637, 332], [1624, 333], [1625, 333], [1626, 333], [1627, 333], [1628, 333], [1629, 333], [1630, 333], [1631, 333], [1633, 333], [1634, 333], [1635, 333], [1636, 333], [1637, 333], [1638, 333], [1639, 333], [1640, 333], [1627, 334], [1628, 334], [1629, 334], [1630, 334], [1631, 334], [1632, 334], [1633, 334], [1636, 334], [1637, 334], [1638, 334], [1639, 334], [1640, 334], [1641, 334], [1642, 334], [1643, 334], [1630, 335], [1631, 335], [1632, 335], [1633, 335], [1634, 335], [1635, 335], [1636, 335], [1637, 335], [1639, 335], [1640, 335], [1641, 335], [1642, 335], [1643, 335], [1644, 335], [1645, 335], [1646, 335], [1632, 336], [1633, 336], [1634, 336], [1635, 336], [1636, 336], [1637, 336], [1638, 336], [1639, 336], [1642, 336], [1643, 336], [1644, 336], [1645, 336], [1646, 336], [1647, 336], [1648, 336], [1649, 336], [1636, 337], [1637, 337], [1638, 337], [1639, 337], [1640, 337], [1641, 337], [1642, 337], [1645, 337], [1646, 337], [1647, 337], [1648, 337], [1649, 337], [1650, 337], [1651, 337], [1652, 337], [1638, 338], [1639, 338], [1640, 338], [1641, 338], [1642, 338], [1643, 338], [1644, 338], [1648, 338], [1649, 338], [1650, 338], [1651, 338], [1652, 338], [1653, 338], [1654, 338], [1655, 338], [1641, 339], [1642, 339], [1643, 339], [1644, 339], [1645, 339], [1646, 339], [1647, 339], [1651, 339], [1652, 339], [1653, 339], [1654, 339], [1655, 339], [1656, 339], [1657, 339], [1658, 339], [1643, 340], [1644, 340], [1645, 340], [1646, 340], [1647, 340], [1648, 340], [1649, 340], [1650, 340], [1654, 340], [1655, 340], [1656, 340], [1657, 340], [1658, 340], [1659, 340], [1660, 340], [1661, 340], [1646, 341], [1647, 341], [1648, 341], [1649, 341], [1650, 341], [1651, 341], [1652, 341], [1653, 341], [1657, 341], [1658, 341], [1659, 341], [1660, 341], [1661, 341], [1662, 341], [1663, 341], [1649, 342], [1650, 342], [1651, 342], [1652, 342], [1653, 342], [1654, 342], [1655, 342], [1660, 342], [1661, 342], [1662, 342], [1663, 342], [1664, 342], [1665, 342], [1666, 342], [1652, 343], [1653, 343], [1654, 343], [1655, 343], [1656, 343], [1657, 343], [1658, 343], [1659, 343], [1662, 343], [1663, 343], [1664, 343], [1665, 343], [1666, 343], [1667, 343], [1668, 343], [1669, 343], [1654, 344], [1655, 344], [1656, 344], [1657, 344], [1658, 344], [1659, 344], [1660, 344], [1661, 344], [1662, 344], [1665, 344], [1666, 344], [1667, 344], [1668, 344], [1669, 344], [1670, 344], [1671, 344], [1672, 344], [1658, 345], [1659, 345], [1660, 345], [1661, 345], [1662, 345], [1663, 345], [1664, 345], [1665, 345], [1668, 345], [1669, 345], [1670, 345], [1671, 345], [1672, 345], [1673, 345], [1661, 346], [1662, 346], [1663, 346], [1664, 346], [1665, 346], [1666, 346], [1667, 346], [1668, 346], [1671, 346], [1672, 346], [1673, 346], [1674, 346], [1664, 347], [1665, 347], [1666, 347], [1667, 347], [1668, 347], [1669, 347], [1670, 347], [1671, 347], [1672, 347], [1673, 347], [1674, 347], [1667, 348], [1668, 348], [1669, 348], [1670, 348], [1671, 348], [1672, 348], [1673, 348], [1674, 348], [1690, 353], [1691, 353], [1692, 353], [1693, 353], [1694, 353], [1695, 353], [1696, 353], [1690, 354], [1691, 354], [1692, 354], [1693, 354], [1694, 354], [1695, 354], [1696, 354], [1697, 354], [1698, 354], [1699, 354], [1700, 354], [1690, 355], [1691, 355], [1692, 355], [1693, 355], [1694, 355], [1695, 355], [1696, 355], [1697, 355], [1698, 355], [1699, 355], [1700, 355], [1701, 355], [1702, 355], [1703, 355], [1691, 356], [1692, 356], [1693, 356], [1694, 356], [1695, 356], [1696, 356], [1699, 356], [1700, 356], [1701, 356], [1702, 356], [1703, 356], [1704, 356], [1705, 356], [1706, 356], [1707, 356], [1693, 357], [1694, 357], [1695, 357], [1696, 357], [1697, 357], [1698, 357], [1699, 357], [1702, 357], [1703, 357], [1704, 357], [1705, 357], [1706, 357], [1707, 357], [1708, 357], [1709, 357], [1710, 357], [1695, 358], [1696, 358], [1697, 358], [1698, 358], [1699, 358], [1700, 358], [1701, 358], [1702, 358], [1706, 358], [1707, 358], [1708, 358], [1709, 358], [1710, 358], [1711, 358], [1712, 358], [1713, 358], [1698, 359], [1699, 359], [1700, 359], [1701, 359], [1702, 359], [1703, 359], [1704, 359], [1709, 359], [1710, 359], [1711, 359], [1712, 359], [1713, 359], [1714, 359], [1715, 359], [1716, 359], [1701, 360], [1702, 360], [1703, 360], [1704, 360], [1705, 360], [1706, 360], [1707, 360], [1712, 360], [1713, 360], [1714, 360], [1715, 360], [1716, 360], [1717, 360], [1718, 360], [1719, 360], [1703, 361], [1704, 361], [1705, 361], [1706, 361], [1707, 361], [1708, 361], [1709, 361], [1710, 361], [1715, 361], [1716, 361], [1717, 361], [1718, 361], [1719, 361], [1720, 361], [1721, 361], [1722, 361], [1706, 362], [1707, 362], [1708, 362], [1709, 362], [1710, 362], [1711, 362], [1712, 362], [1713, 362], [1718, 362], [1719, 362], [1720, 362], [1721, 362], [1722, 362], [1723, 362], [1724, 362], [1725, 362], [1709, 363], [1710, 363], [1711, 363], [1712, 363], [1713, 363], [1714, 363], [1715, 363], [1716, 363], [1721, 363], [1722, 363], [1723, 363], [1724, 363], [1725, 363], [1726, 363], [1727, 363], [1728, 363], [1712, 364], [1713, 364], [1714, 364], [1715, 364], [1716, 364], [1717, 364], [1718, 364], [1719, 364], [1724, 364], [1725, 364], [1726, 364], [1727, 364], [1728, 364], [1729, 364], [1730, 364], [1731, 364], [1715, 365], [1716, 365], [1717, 365], [1718, 365], [1719, 365], [1720, 365], [1721, 365], [1722, 365], [1727, 365], [1728, 365], [1729, 365], [1730, 365], [1731, 365], [1732, 365], [1733, 365], [1734, 365], [1718, 366], [1719, 366], [1720, 366], [1721, 366], [1722, 366], [1723, 366], [1724, 366], [1730, 366], [1731, 366], [1732, 366], [1733, 366], [1734, 366], [1735, 366], [1736, 366], [1721, 367], [1722, 367], [1723, 367], [1724, 367], [1725, 367], [1726, 367], [1727, 367], [1728, 367], [1733, 367], [1734, 367], [1735, 367], [1736, 367], [1737, 367], [1738, 367], [1739, 367], [1740, 367], [1723, 368], [1724, 368], [1725, 368], [1726, 368], [1727, 368], [1728, 368], [1729, 368], [1730, 368], [1731, 368], [1735, 368], [1736, 368], [1737, 368], [1738, 368], [1739, 368], [1740, 368], [1741, 368], [1742, 368], [1727, 369], [1728, 369], [1729, 369], [1730, 369], [1731, 369], [1732, 369], [1733, 369], [1734, 369], [1739, 369], [1740, 369], [1741, 369], [1742, 369], [1743, 369], [1744, 369], [1745, 369], [1730, 370], [1731, 370], [1732, 370], [1733, 370], [1734, 370], [1735, 370], [1736, 370], [1737, 370], [1741, 370], [1742, 370], [1743, 370], [1744, 370], [1745, 370], [1746, 370], [1747, 370], [1748, 370], [1733, 371], [1734, 371], [1735, 371], [1736, 371], [1737, 371], [1738, 371], [1739, 371], [1740, 371], [1744, 371], [1745, 371], [1746, 371], [1747, 371], [1748, 371], [1749, 371], [1750, 371], [1751, 371], [1736, 372], [1737, 372], [1738, 372], [1739, 372], [1740, 372], [1741, 372], [1742, 372], [1747, 372], [1748, 372], [1749, 372], [1750, 372], [1751, 372], [1752, 372], [1753, 372], [1754, 372], [1739, 373], [1740, 373], [1741, 373], [1742, 373], [1743, 373], [1744, 373], [1745, 373], [1746, 373], [1750, 373], [1751, 373], [1752, 373], [1753, 373], [1754, 373], [1755, 373], [1756, 373], [1757, 373], [1741, 374], [1742, 374], [1743, 374], [1744, 374], [1745, 374], [1746, 374], [1747, 374], [1748, 374], [1753, 374], [1754, 374], [1755, 374], [1756, 374], [1757, 374], [1758, 374], [1759, 374], [1760, 374], [1745, 375], [1746, 375], [1747, 375], [1748, 375], [1749, 375], [1750, 375], [1751, 375], [1756, 375], [1757, 375], [1758, 375], [1759, 375], [1760, 375], [1761, 375], [1762, 375], [1763, 375], [1747, 376], [1748, 376], [1749, 376], [1750, 376], [1751, 376], [1752, 376], [1753, 376], [1754, 376], [1759, 376], [1760, 376], [1761, 376], [1762, 376], [1763, 376], [1764, 376], [1765, 376], [1766, 376], [1750, 377], [1751, 377], [1752, 377], [1753, 377], [1754, 377], [1755, 377], [1756, 377], [1757, 377], [1762, 377], [1763, 377], [1764, 377], [1765, 377], [1766, 377], [1767, 377], [1768, 377], [1769, 377], [1753, 378], [1754, 378], [1755, 378], [1756, 378], [1757, 378], [1758, 378], [1759, 378], [1765, 378], [1766, 378], [1767, 378], [1768, 378], [1769, 378], [1770, 378], [1771, 378], [1772, 378], [1756, 379], [1757, 379], [1758, 379], [1759, 379], [1760, 379], [1761, 379], [1762, 379], [1763, 379], [1768, 379], [1769, 379], [1770, 379], [1771, 379], [1772, 379], [1773, 379], [1774, 379], [1775, 379], [1758, 380], [1759, 380], [1760, 380], [1761, 380], [1762, 380], [1763, 380], [1764, 380], [1765, 380], [1766, 380], [1771, 380], [1772, 380], [1773, 380], [1774, 380], [1775, 380], [1776, 380], [1777, 380], [1762, 381], [1763, 381], [1764, 381], [1765, 381], [1766, 381], [1767, 381], [1768, 381], [1769, 381], [1774, 381], [1775, 381], [1776, 381], [1777, 381], [1778, 381], [1779, 381], [1780, 381], [1781, 381], [1765, 382], [1766, 382], [1767, 382], [1768, 382], [1769, 382], [1770, 382], [1771, 382], [1776, 382], [1777, 382], [1778, 382], [1779, 382], [1780, 382], [1781, 382], [1782, 382], [1783, 382], [1768, 383], [1769, 383], [1770, 383], [1771, 383], [1772, 383], [1773, 383], [1774, 383], [1780, 383], [1781, 383], [1782, 383], [1783, 383], [1784, 383], [1785, 383], [1786, 383], [1770, 384], [1771, 384], [1772, 384], [1773, 384], [1774, 384], [1775, 384], [1776, 384], [1777, 384], [1782, 384], [1783, 384], [1784, 384], [1785, 384], [1786, 384], [1787, 384], [1788, 384], [1789, 384], [1773, 385], [1774, 385], [1775, 385], [1776, 385], [1777, 385], [1778, 385], [1779, 385], [1780, 385], [1785, 385], [1786, 385], [1787, 385], [1788, 385], [1789, 385], [1790, 385], [1791, 385], [1792, 385], [1793, 385], [1776, 386], [1777, 386], [1778, 386], [1779, 386], [1780, 386], [1781, 386], [1782, 386], [1788, 386], [1789, 386], [1790, 386], [1791, 386], [1792, 386], [1793, 386], [1794, 386], [1795, 386], [1779, 387], [1780, 387], [1781, 387], [1782, 387], [1783, 387], [1784, 387], [1785, 387], [1792, 387], [1793, 387], [1794, 387], [1795, 387], [1796, 387], [1797, 387], [1798, 387], [1781, 388], [1782, 388], [1783, 388], [1784, 388], [1785, 388], [1786, 388], [1787, 388], [1788, 388], [1794, 388], [1795, 388], [1796, 388], [1797, 388], [1798, 388], [1799, 388], [1800, 388], [1801, 388], [1784, 389], [1785, 389], [1786, 389], [1787, 389], [1788, 389], [1789, 389], [1790, 389], [1791, 389], [1797, 389], [1798, 389], [1799, 389], [1800, 389], [1801, 389], [1802, 389], [1803, 389], [1804, 389], [1787, 390], [1788, 390], [1789, 390], [1790, 390], [1791, 390], [1792, 390], [1793, 390], [1800, 390], [1801, 390], [1802, 390], [1803, 390], [1804, 390], [1805, 390], [1806, 390], [1256, 391], [1790, 391], [1791, 391], [1792, 391], [1793, 391], [1794, 391], [1795, 391], [1796, 391], [1803, 391], [1804, 391], [1805, 391], [1806, 391], [1807, 391], [1808, 391], [1809, 391], [1258, 392], [1259, 392], [1260, 392], [1792, 392], [1793, 392], [1794, 392], [1795, 392], [1796, 392], [1797, 392], [1798, 392], [1799, 392], [1805, 392], [1806, 392], [1807, 392], [1808, 392], [1809, 392], [1810, 392], [1811, 392], [1812, 392], [1258, 393], [1259, 393], [1260, 393], [1261, 393], [1795, 393], [1796, 393], [1797, 393], [1798, 393], [1799, 393], [1800, 393], [1801, 393], [1802, 393], [1808, 393], [1809, 393], [1810, 393], [1811, 393], [1812, 393], [1813, 393], [1814, 393], [1815, 393], [1258, 394], [1259, 394], [1261, 394], [1262, 394], [1798, 394], [1799, 394], [1800, 394], [1801, 394], [1802, 394], [1803, 394], [1804, 394], [1805, 394], [1811, 394], [1812, 394], [1813, 394], [1814, 394], [1815, 394], [1816, 394], [1817, 394], [1818, 394], [1259, 395], [1260, 395], [1262, 395], [1263, 395], [1801, 395], [1802, 395], [1803, 395], [1804, 395], [1805, 395], [1806, 395], [1807, 395], [1808, 395], [1814, 395], [1815, 395], [1816, 395], [1817, 395], [1818, 395], [1819, 395], [1820, 395], [1821, 395], [1247, 396], [1260, 396], [1261, 396], [1263, 396], [1264, 396], [1804, 396], [1805, 396], [1806, 396], [1807, 396], [1808, 396], [1809, 396], [1810, 396], [1817, 396], [1818, 396], [1819, 396], [1820, 396], [1821, 396], [1822, 396], [1823, 396], [1824, 396], [1247, 397], [1248, 397], [1261, 397], [1262, 397], [1264, 397], [1265, 397], [1807, 397], [1808, 397], [1809, 397], [1810, 397], [1811, 397], [1812, 397], [1813, 397], [1814, 397], [1820, 397], [1821, 397], [1822, 397], [1823, 397], [1824, 397], [1245, 398], [1246, 398], [1248, 398], [1249, 398], [1250, 398], [1262, 398], [1263, 398], [1265, 398], [1266, 398], [1809, 398], [1810, 398], [1811, 398], [1812, 398], [1813, 398], [1814, 398], [1815, 398], [1816, 398], [1817, 398], [1823, 398], [1824, 398], [1246, 399], [1247, 399], [1248, 399], [1249, 399], [1250, 399], [1263, 399], [1264, 399], [1266, 399], [1267, 399], [1813, 399], [1814, 399], [1815, 399], [1816, 399], [1817, 399], [1818, 399], [1819, 399], [1820, 399], [1247, 400], [1248, 400], [1249, 400], [1250, 400], [1251, 400], [1254, 400], [1255, 400], [1256, 400], [1264, 400], [1265, 400], [1267, 400], [1268, 400], [1816, 400], [1817, 400], [1818, 400], [1819, 400], [1820, 400], [1821, 400], [1822, 400], [1823, 400], [1248, 401], [1249, 401], [1251, 401], [1252, 401], [1253, 401], [1254, 401], [1255, 401], [1256, 401], [1257, 401], [1265, 401], [1266, 401], [1268, 401], [1269, 401], [1819, 401], [1820, 401], [1821, 401], [1822, 401], [1823, 401], [1824, 401], [1249, 402], [1250, 402], [1251, 402], [1252, 402], [1253, 402], [1254, 402], [1255, 402], [1256, 402], [1257, 402], [1258, 402], [1266, 402], [1267, 402], [1269, 402], [1270, 402], [1822, 402], [1823, 402], [1824, 402], [1250, 403], [1251, 403], [1252, 403], [1253, 403], [1256, 403], [1257, 403], [1258, 403], [1259, 403], [1267, 403], [1268, 403], [1270, 403], [1271, 403], [1251, 404], [1252, 404], [1253, 404], [1257, 404], [1258, 404], [1259, 404], [1260, 404], [1268, 404], [1269, 404], [1271, 404], [1272, 404], [1252, 405], [1253, 405], [1254, 405], [1258, 405], [1259, 405], [1260, 405], [1269, 405], [1270, 405], [1272, 405], [1273, 405], [1252, 406], [1253, 406], [1254, 406], [1255, 406], [1259, 406], [1260, 406], [1261, 406], [1270, 406], [1271, 406], [1273, 406], [1274, 406], [1253, 407], [1254, 407], [1255, 407], [1256, 407], [1259, 407], [1260, 407], [1261, 407], [1271, 407], [1272, 407], [1274, 407], [1275, 407], [1254, 408], [1255, 408], [1256, 408], [1257, 408], [1258, 408], [1259, 408], [1260, 408], [1261, 408], [1272, 408], [1273, 408], [1275, 408], [1276, 408], [1255, 409], [1256, 409], [1257, 409], [1258, 409], [1259, 409], [1260, 409], [1261, 409], [1273, 409], [1274, 409], [1276, 409], [1277, 409], [1256, 410], [1257, 410], [1258, 410], [1259, 410], [1260, 410], [1263, 410], [1264, 410], [1265, 410], [1266, 410], [1274, 410], [1275, 410], [1277, 410], [1278, 410], [1257, 411], [1258, 411], [1260, 411], [1261, 411], [1263, 411], [1264, 411], [1265, 411], [1266, 411], [1267, 411], [1275, 411], [1276, 411], [1278, 411], [1279, 411], [1258, 412], [1259, 412], [1261, 412], [1262, 412], [1263, 412], [1264, 412], [1266, 412], [1267, 412], [1268, 412], [1276, 412], [1277, 412], [1279, 412], [1280, 412], [1259, 413], [1260, 413], [1262, 413], [1264, 413], [1265, 413], [1266, 413], [1267, 413], [1268, 413], [1269, 413], [1277, 413], [1278, 413], [1280, 413], [1281, 413], [1260, 414], [1261, 414], [1263, 414], [1264, 414], [1265, 414], [1267, 414], [1268, 414], [1269, 414], [1278, 414], [1279, 414], [1281, 414], [1282, 414], [1261, 415], [1262, 415], [1263, 415], [1264, 415], [1265, 415], [1268, 415], [1269, 415], [1270, 415], [1271, 415], [1272, 415], [1279, 415], [1280, 415], [1282, 415], [1283, 415], [1262, 416], [1263, 416], [1264, 416], [1265, 416], [1268, 416], [1269, 416], [1270, 416], [1271, 416], [1272, 416], [1280, 416], [1281, 416], [1283, 416], [1284, 416], [1263, 417], [1264, 417], [1265, 417], [1266, 417], [1271, 417], [1272, 417], [1273, 417], [1278, 417], [1279, 417], [1280, 417], [1281, 417], [1282, 417], [1283, 417], [1284, 417], [1285, 417], [1286, 417], [1264, 418], [1265, 418], [1266, 418], [1271, 418], [1272, 418], [1273, 418], [1274, 418], [1276, 418], [1277, 418], [1278, 418], [1279, 418], [1280, 418], [1281, 418], [1282, 418], [1283, 418], [1284, 418], [1285, 418], [1286, 418], [1287, 418], [1265, 419], [1266, 419], [1267, 419], [1272, 419], [1273, 419], [1274, 419], [1275, 419], [1276, 419], [1277, 419], [1278, 419], [1279, 419], [1285, 419], [1286, 419], [1287, 419], [1288, 419], [1265, 420], [1266, 420], [1267, 420], [1268, 420], [1273, 420], [1274, 420], [1275, 420], [1276, 420], [1277, 420], [1286, 420], [1287, 420], [1288, 420], [1289, 420], [1266, 421], [1267, 421], [1268, 421], [1269, 421], [1270, 421], [1271, 421], [1272, 421], [1273, 421], [1274, 421], [1284, 421], [1285, 421], [1286, 421], [1287, 421], [1288, 421], [1289, 421], [1267, 422], [1268, 422], [1269, 422], [1270, 422], [1271, 422], [1272, 422], [1273, 422], [1274, 422], [1275, 422], [1276, 422], [1277, 422], [1278, 422], [1279, 422], [1280, 422], [1281, 422], [1282, 422], [1283, 422], [1284, 422], [1285, 422], [1286, 422], [1287, 422], [1288, 422], [1289, 422], [1273, 423], [1274, 423], [1275, 423], [1276, 423], [1277, 423], [1278, 423], [1279, 423], [1280, 423], [1281, 423], [1282, 423], [1283, 423], [1284, 423], [1285, 423], [1287, 423], [1288, 423], [1289, 423], [1274, 424], [1275, 424], [1276, 424], [1277, 424]


