White line left - 




Yellow line left - [1559, 211], [1560, 211], [1558, 212], [1559, 212], [1560, 212], [1557, 213], [1558, 213], [1559, 213], [1560, 213], [1561, 213], [1557, 214], [1558, 214], [1559, 214], [1560, 214], [1561, 214], [1562, 214], [1556, 215], [1557, 215], [1558, 215], [1560, 215], [1561, 215], [1562, 215], [1551, 216], [1552, 216], [1553, 216], [1555, 216], [1556, 216], [1557, 216], [1558, 216], [1561, 216], [1562, 216], [1549, 217], [1550, 217], [1551, 217], [1552, 217], [1553, 217], [1554, 217], [1555, 217], [1556, 217], [1557, 217], [1561, 217], [1562, 217], [1563, 217], [1548, 218], [1549, 218], [1552, 218], [1553, 218], [1554, 218], [1555, 218], [1556, 218], [1561, 218], [1562, 218], [1563, 218], [1564, 218], [1548, 219], [1549, 219], [1562, 219], [1563, 219], [1564, 219], [1565, 219], [1548, 220], [1549, 220], [1550, 220], [1563, 220], [1564, 220], [1565, 220], [1566, 220], [1567, 220], [1548, 221], [1549, 221], [1550, 221], [1564, 221], [1565, 221], [1566, 221], [1567, 221], [1568, 221], [1549, 222], [1550, 222], [1566, 222], [1567, 222], [1568, 222], [1548, 223], [1549, 223], [1550, 223], [1567, 223], [1568, 223], [1548, 224], [1549, 224], [1550, 224], [1567, 224], [1568, 224], [1536, 225], [1547, 225], [1548, 225], [1549, 225], [1566, 225], [1567, 225], [1568, 225], [1534, 226], [1535, 226], [1547, 226], [1548, 226], [1549, 226], [1565, 226], [1566, 226], [1567, 226], [1568, 226], [1532, 227], [1533, 227], [1546, 227], [1547, 227], [1548, 227], [1563, 227], [1564, 227], [1565, 227], [1566, 227], [1567, 227], [1530, 228], [1531, 228], [1546, 228], [1547, 228], [1548, 228], [1549, 228], [1552, 228], [1553, 228], [1554, 228], [1555, 228], [1556, 228], [1557, 228], [1558, 228], [1561, 228], [1562, 228], [1563, 228], [1564, 228], [1565, 228], [1566, 228], [1529, 229], [1530, 229], [1546, 229], [1547, 229], [1548, 229], [1549, 229], [1550, 229], [1551, 229], [1552, 229], [1553, 229], [1554, 229], [1555, 229], [1556, 229], [1557, 229], [1558, 229], [1559, 229], [1560, 229], [1561, 229], [1562, 229], [1563, 229], [1564, 229], [1548, 230], [1549, 230], [1550, 230], [1551, 230], [1552, 230], [1553, 230], [1554, 230], [1555, 230], [1556, 230], [1557, 230], [1558, 230], [1559, 230], [1560, 230], [1561, 230], [1562, 230], [1532, 231], [1533, 231], [1534, 231], [1531, 232], [1532, 232], [1533, 232], [1534, 232], [1531, 233], [1532, 233], [1533, 233], [1534, 233], [1535, 233], [1531, 234], [1532, 234], [1533, 234], [1534, 234], [1535, 234], [1531, 235], [1532, 235], [1533, 235], [1534, 235], [1535, 235]




Yellow line right - [1590, 230], [1591, 230], [1592, 230], [1586, 231], [1587, 231], [1588, 231], [1589, 231], [1590, 231], [1591, 231], [1592, 231], [1582, 232], [1583, 232], [1584, 232], [1585, 232], [1586, 232], [1587, 232], [1588, 232], [1589, 232], [1590, 232], [1591, 232], [1592, 232], [1593, 232], [1582, 233], [1583, 233], [1584, 233], [1585, 233], [1586, 233], [1587, 233], [1591, 233], [1592, 233], [1593, 233], [1582, 234], [1583, 234], [1590, 234], [1591, 234], [1592, 234], [1593, 234], [1582, 235], [1583, 235], [1584, 235], [1585, 235], [1586, 235], [1587, 235], [1588, 235], [1589, 235], [1590, 235], [1591, 235], [1592, 235], [1593, 235], [1582, 236], [1583, 236], [1584, 236], [1585, 236], [1586, 236], [1587, 236], [1588, 236], [1589, 236], [1590, 236], [1591, 236]




White line right - [1685, 136], [1686, 136], [1685, 137], [1686, 137], [1682, 138], [1683, 138], [1684, 138], [1685, 138], [1680, 139], [1682, 139], [1683, 139], [1684, 139], [1685, 139], [1679, 140], [1681, 140], [1682, 140], [1684, 140], [1685, 140], [1678, 141], [1679, 141], [1680, 141], [1681, 141], [1682, 141], [1683, 141], [1684, 141], [1675, 142], [1676, 142], [1677, 142], [1678, 142], [1680, 142], [1681, 142], [1683, 142], [1684, 142], [1674, 143], [1675, 143], [1676, 143], [1677, 143], [1678, 143], [1679, 143], [1680, 143], [1681, 143], [1682, 143], [1683, 143], [1684, 143], [1674, 144], [1675, 144], [1676, 144], [1677, 144], [1678, 144], [1679, 144], [1680, 144], [1681, 144], [1682, 144], [1683, 144], [1674, 145], [1675, 145], [1676, 145], [1677, 145], [1678, 145], [1679, 145], [1680, 145], [1681, 145], [1682, 145], [1683, 145], [1674, 146], [1675, 146], [1676, 146], [1677, 146], [1678, 146], [1679, 146], [1680, 146], [1681, 146], [1682, 146], [1683, 146], [1673, 147], [1674, 147], [1675, 147], [1676, 147], [1677, 147], [1678, 147], [1679, 147], [1680, 147], [1681, 147], [1682, 147], [1673, 148], [1674, 148], [1676, 148], [1677, 148], [1678, 148], [1679, 148], [1680, 148], [1681, 148], [1682, 148], [1673, 149], [1674, 149], [1675, 149], [1676, 149], [1677, 149], [1678, 149], [1679, 149], [1680, 149], [1681, 149], [1672, 150], [1673, 150], [1674, 150], [1675, 150], [1676, 150], [1677, 150], [1678, 150], [1679, 150], [1680, 150], [1681, 150], [1672, 151], [1673, 151], [1674, 151], [1675, 151], [1676, 151], [1677, 151], [1678, 151], [1679, 151], [1680, 151], [1681, 151], [1672, 152], [1673, 152], [1674, 152], [1675, 152], [1676, 152], [1677, 152], [1678, 152], [1679, 152], [1680, 152], [1671, 153], [1672, 153], [1673, 153], [1674, 153], [1675, 153], [1676, 153], [1677, 153], [1679, 153], [1680, 153], [1671, 154], [1672, 154], [1673, 154], [1674, 154], [1675, 154], [1676, 154], [1677, 154], [1678, 154], [1679, 154], [1680, 154], [1671, 155], [1672, 155], [1673, 155], [1674, 155], [1675, 155], [1676, 155], [1677, 155], [1678, 155], [1679, 155], [1671, 156], [1672, 156], [1674, 156], [1676, 156], [1677, 156], [1678, 156], [1679, 156], [1671, 157], [1672, 157], [1673, 157], [1674, 157], [1675, 157], [1676, 157], [1677, 157], [1678, 157], [1672, 158], [1673, 158], [1674, 158], [1675, 158], [1663, 181], [1664, 181], [1665, 181], [1666, 181], [1667, 181], [1668, 181], [1662, 182], [1663, 182], [1664, 182], [1665, 182], [1666, 182], [1667, 182], [1668, 182], [1661, 183], [1662, 183], [1663, 183], [1664, 183], [1665, 183], [1666, 183], [1667, 183], [1668, 183], [1660, 184], [1661, 184], [1662, 184], [1663, 184], [1664, 184], [1665, 184], [1666, 184], [1667, 184], [1668, 184], [1660, 185], [1661, 185], [1662, 185], [1663, 185], [1664, 185], [1665, 185], [1666, 185], [1667, 185], [1668, 185], [1659, 186], [1660, 186], [1661, 186], [1662, 186], [1663, 186], [1665, 186], [1666, 186], [1667, 186], [1668, 186], [1659, 187], [1660, 187], [1662, 187], [1663, 187], [1664, 187], [1665, 187], [1667, 187], [1668, 187], [1658, 188], [1659, 188], [1660, 188], [1661, 188], [1662, 188], [1663, 188], [1664, 188], [1665, 188], [1666, 188], [1667, 188], [1658, 189], [1659, 189], [1661, 189], [1662, 189], [1664, 189], [1665, 189], [1666, 189], [1667, 189], [1658, 190], [1659, 190], [1660, 190], [1661, 190], [1662, 190], [1663, 190], [1664, 190], [1666, 190], [1667, 190], [1657, 191], [1658, 191], [1659, 191], [1660, 191], [1661, 191], [1663, 191], [1664, 191], [1665, 191], [1666, 191], [1657, 192], [1658, 192], [1660, 192], [1661, 192], [1663, 192], [1664, 192], [1665, 192], [1666, 192], [1657, 193], [1658, 193], [1659, 193], [1660, 193], [1661, 193], [1662, 193], [1663, 193], [1665, 193], [1666, 193], [1656, 194], [1657, 194], [1658, 194], [1659, 194], [1660, 194], [1662, 194], [1663, 194], [1664, 194], [1665, 194], [1656, 195], [1657, 195], [1658, 195], [1659, 195], [1660, 195], [1661, 195], [1662, 195], [1663, 195], [1664, 195], [1665, 195], [1656, 196], [1657, 196], [1658, 196], [1659, 196], [1661, 196], [1662, 196], [1663, 196], [1664, 196], [1665, 196], [1655, 197], [1656, 197], [1657, 197], [1658, 197], [1659, 197], [1661, 197], [1662, 197], [1663, 197], [1664, 197], [1655, 198], [1656, 198], [1657, 198], [1658, 198], [1659, 198], [1660, 198], [1661, 198], [1662, 198], [1663, 198], [1664, 198], [1655, 199], [1656, 199], [1657, 199], [1658, 199], [1660, 199], [1661, 199], [1662, 199], [1663, 199], [1664, 199], [1654, 200], [1655, 200], [1656, 200], [1657, 200], [1658, 200], [1659, 200], [1660, 200], [1661, 200], [1662, 200], [1663, 200], [1654, 201], [1655, 201], [1656, 201], [1657, 201], [1658, 201], [1659, 201], [1660, 201], [1662, 201], [1663, 201], [1654, 202], [1655, 202], [1656, 202], [1657, 202], [1659, 202], [1660, 202], [1661, 202], [1662, 202], [1663, 202], [1654, 203], [1655, 203], [1656, 203], [1657, 203], [1658, 203], [1659, 203], [1660, 203], [1661, 203], [1662, 203], [1654, 204], [1656, 204], [1657, 204], [1658, 204], [1659, 204], [1660, 204], [1661, 204], [1662, 204], [1654, 205], [1655, 205], [1656, 205], [1657, 205], [1658, 205], [1659, 205], [1660, 205], [1661, 205], [1654, 206], [1655, 206], [1656, 206], [1657, 206], [1658, 206], [1659, 206], [1660, 206], [1475, 261], [1476, 261], [1477, 261], [1478, 261], [1479, 261], [1480, 261], [1481, 261], [1482, 261], [1473, 262], [1474, 262], [1475, 262], [1476, 262], [1477, 262], [1478, 262], [1479, 262], [1480, 262], [1481, 262], [1482, 262], [1483, 262], [1472, 263], [1473, 263], [1474, 263], [1475, 263], [1476, 263], [1477, 263], [1478, 263], [1479, 263], [1480, 263], [1482, 263], [1483, 263], [1470, 264], [1471, 264], [1472, 264], [1473, 264], [1474, 264], [1475, 264], [1476, 264], [1477, 264], [1478, 264], [1479, 264], [1480, 264], [1481, 264], [1482, 264], [1483, 264], [1468, 265], [1469, 265], [1470, 265], [1471, 265], [1472, 265], [1473, 265], [1474, 265], [1479, 265], [1480, 265], [1481, 265], [1482, 265], [1483, 265], [1484, 265], [1466, 266], [1467, 266], [1468, 266], [1469, 266], [1470, 266], [1471, 266], [1472, 266], [1473, 266], [1474, 266], [1475, 266], [1476, 266], [1477, 266], [1479, 266], [1480, 266], [1481, 266], [1482, 266], [1483, 266], [1484, 266], [1485, 266], [1486, 266], [1469, 267], [1470, 267], [1471, 267], [1472, 267], [1473, 267], [1475, 267], [1476, 267], [1477, 267], [1478, 267], [1479, 267], [1480, 267], [1481, 267], [1482, 267], [1484, 267], [1485, 267], [1486, 267], [1487, 267], [1488, 267], [1489, 267], [1471, 268], [1472, 268], [1473, 268], [1474, 268], [1475, 268], [1476, 268], [1477, 268], [1478, 268], [1479, 268], [1480, 268], [1481, 268], [1482, 268], [1483, 268], [1484, 268], [1485, 268], [1486, 268], [1487, 268], [1488, 268], [1489, 268], [1490, 268], [1491, 268], [1492, 268], [1474, 269], [1475, 269], [1476, 269], [1477, 269], [1478, 269], [1479, 269], [1481, 269], [1482, 269], [1483, 269], [1484, 269], [1485, 269], [1486, 269], [1487, 269], [1488, 269], [1489, 269], [1490, 269], [1491, 269], [1492, 269], [1493, 269], [1494, 269], [1476, 270], [1477, 270], [1478, 270], [1479, 270], [1480, 270], [1481, 270], [1483, 270], [1484, 270], [1485, 270], [1486, 270], [1487, 270], [1488, 270], [1489, 270], [1490, 270], [1492, 270], [1493, 270], [1494, 270], [1495, 270], [1496, 270], [1497, 270], [1479, 271], [1480, 271], [1481, 271], [1482, 271], [1483, 271], [1484, 271], [1485, 271], [1486, 271], [1487, 271], [1488, 271], [1490, 271], [1491, 271], [1492, 271], [1493, 271], [1494, 271], [1495, 271], [1496, 271], [1497, 271], [1498, 271], [1499, 271], [1481, 272], [1482, 272], [1483, 272], [1484, 272], [1485, 272], [1486, 272], [1487, 272], [1488, 272], [1489, 272], [1490, 272], [1491, 272], [1492, 272], [1493, 272], [1494, 272], [1495, 272], [1497, 272], [1498, 272], [1499, 272], [1500, 272], [1501, 272], [1502, 272], [1484, 273], [1485, 273], [1486, 273], [1487, 273], [1488, 273], [1489, 273], [1491, 273], [1492, 273], [1493, 273], [1495, 273], [1496, 273], [1497, 273], [1498, 273], [1499, 273], [1500, 273], [1501, 273], [1502, 273], [1503, 273], [1504, 273], [1505, 273], [1487, 274], [1488, 274], [1489, 274], [1490, 274], [1491, 274], [1492, 274], [1493, 274], [1494, 274], [1495, 274], [1496, 274], [1497, 274], [1498, 274], [1499, 274], [1500, 274], [1501, 274], [1502, 274], [1503, 274], [1504, 274], [1505, 274], [1506, 274], [1507, 274], [1490, 275], [1491, 275], [1492, 275], [1493, 275], [1494, 275], [1496, 275], [1497, 275], [1498, 275], [1499, 275], [1500, 275], [1501, 275], [1502, 275], [1503, 275], [1505, 275], [1506, 275], [1507, 275], [1508, 275], [1509, 275], [1510, 275], [1492, 276], [1493, 276], [1494, 276], [1495, 276], [1496, 276], [1497, 276], [1498, 276], [1499, 276], [1500, 276], [1501, 276], [1503, 276], [1504, 276], [1505, 276], [1506, 276], [1507, 276], [1508, 276], [1509, 276], [1510, 276], [1511, 276], [1512, 276], [1513, 276], [1495, 277], [1496, 277], [1497, 277], [1498, 277], [1499, 277], [1500, 277], [1501, 277], [1502, 277], [1503, 277], [1504, 277], [1505, 277], [1506, 277], [1507, 277], [1508, 277], [1509, 277], [1510, 277], [1511, 277], [1512, 277], [1513, 277], [1514, 277], [1515, 277], [1497, 278], [1498, 278], [1499, 278], [1500, 278], [1501, 278], [1502, 278], [1504, 278], [1505, 278], [1506, 278], [1508, 278], [1509, 278], [1510, 278], [1511, 278], [1512, 278], [1513, 278], [1514, 278], [1515, 278], [1516, 278], [1517, 278], [1500, 279], [1501, 279], [1502, 279], [1503, 279], [1504, 279], [1505, 279], [1507, 279], [1508, 279], [1509, 279], [1511, 279], [1512, 279], [1513, 279], [1514, 279], [1515, 279], [1516, 279], [1517, 279], [1518, 279], [1519, 279], [1520, 279], [1503, 280], [1504, 280], [1505, 280], [1506, 280], [1507, 280], [1509, 280], [1510, 280], [1511, 280], [1512, 280], [1514, 280], [1515, 280], [1516, 280], [1518, 280], [1519, 280], [1520, 280], [1521, 280], [1522, 280], [1506, 281], [1507, 281], [1508, 281], [1509, 281], [1510, 281], [1511, 281], [1512, 281], [1513, 281], [1514, 281], [1515, 281], [1516, 281], [1517, 281], [1518, 281], [1519, 281], [1520, 281], [1521, 281], [1522, 281], [1523, 281], [1524, 281], [1508, 282], [1509, 282], [1510, 282], [1511, 282], [1512, 282], [1513, 282], [1514, 282], [1515, 282], [1516, 282], [1517, 282], [1519, 282], [1520, 282], [1521, 282], [1523, 282], [1524, 282], [1525, 282], [1526, 282], [1527, 282], [1510, 283], [1511, 283], [1512, 283], [1513, 283], [1514, 283], [1515, 283], [1516, 283], [1517, 283], [1518, 283], [1519, 283], [1521, 283], [1522, 283], [1523, 283], [1525, 283], [1526, 283], [1527, 283], [1528, 283], [1529, 283], [1530, 283], [1513, 284], [1514, 284], [1515, 284], [1516, 284], [1517, 284], [1518, 284], [1520, 284], [1521, 284], [1522, 284], [1523, 284], [1524, 284], [1525, 284], [1526, 284], [1528, 284], [1529, 284], [1530, 284], [1531, 284], [1532, 284], [1516, 285], [1517, 285], [1518, 285], [1519, 285], [1520, 285], [1522, 285], [1523, 285], [1524, 285], [1526, 285], [1527, 285], [1528, 285], [1529, 285], [1531, 285], [1532, 285], [1533, 285], [1534, 285], [1535, 285], [1536, 285], [1519, 286], [1520, 286], [1521, 286], [1522, 286], [1524, 286], [1525, 286], [1526, 286], [1527, 286], [1529, 286], [1530, 286], [1531, 286], [1532, 286], [1534, 286], [1535, 286], [1536, 286], [1537, 286], [1521, 287], [1522, 287], [1523, 287], [1524, 287], [1525, 287], [1527, 287], [1528, 287], [1529, 287], [1530, 287], [1531, 287], [1532, 287], [1533, 287], [1534, 287], [1535, 287], [1536, 287], [1537, 287], [1538, 287], [1539, 287], [1540, 287], [1541, 287], [1523, 288], [1524, 288], [1525, 288], [1526, 288], [1527, 288], [1528, 288], [1530, 288], [1531, 288], [1532, 288], [1533, 288], [1535, 288], [1536, 288], [1537, 288], [1538, 288], [1539, 288], [1540, 288], [1541, 288], [1542, 288], [1543, 288], [1526, 289], [1527, 289], [1528, 289], [1529, 289], [1530, 289], [1532, 289], [1533, 289], [1534, 289], [1535, 289], [1536, 289], [1537, 289], [1538, 289], [1539, 289], [1540, 289], [1541, 289], [1542, 289], [1543, 289], [1544, 289], [1545, 289], [1546, 289], [1529, 290], [1530, 290], [1531, 290], [1532, 290], [1533, 290], [1535, 290], [1536, 290], [1538, 290], [1539, 290], [1540, 290], [1541, 290], [1542, 290], [1544, 290], [1545, 290], [1546, 290], [1547, 290], [1548, 290], [1531, 291], [1532, 291], [1533, 291], [1534, 291], [1535, 291], [1537, 291], [1538, 291], [1539, 291], [1540, 291], [1541, 291], [1542, 291], [1543, 291], [1544, 291], [1545, 291], [1547, 291], [1548, 291], [1549, 291], [1550, 291], [1534, 292], [1535, 292], [1536, 292], [1537, 292], [1538, 292], [1539, 292], [1540, 292], [1541, 292], [1542, 292], [1544, 292], [1545, 292], [1546, 292], [1547, 292], [1548, 292], [1549, 292], [1550, 292], [1551, 292], [1552, 292], [1553, 292], [1536, 293], [1537, 293], [1538, 293], [1539, 293], [1540, 293], [1541, 293], [1542, 293], [1543, 293], [1544, 293], [1545, 293], [1547, 293], [1548, 293], [1549, 293], [1550, 293], [1551, 293], [1552, 293], [1553, 293], [1554, 293], [1555, 293], [1556, 293], [1557, 293], [1539, 294], [1540, 294], [1541, 294], [1542, 294], [1543, 294], [1544, 294], [1545, 294], [1546, 294], [1547, 294], [1548, 294], [1550, 294], [1551, 294], [1552, 294], [1554, 294], [1555, 294], [1556, 294], [1557, 294], [1558, 294], [1559, 294], [1542, 295], [1543, 295], [1544, 295], [1545, 295], [1547, 295], [1548, 295], [1549, 295], [1550, 295], [1552, 295], [1553, 295], [1554, 295], [1555, 295], [1556, 295], [1557, 295], [1558, 295], [1559, 295], [1560, 295], [1561, 295], [1562, 295], [1544, 296], [1545, 296], [1546, 296], [1547, 296], [1548, 296], [1550, 296], [1551, 296], [1552, 296], [1554, 296], [1555, 296], [1556, 296], [1557, 296], [1558, 296], [1560, 296], [1561, 296], [1562, 296], [1563, 296], [1564, 296], [1546, 297], [1547, 297], [1548, 297], [1549, 297], [1550, 297], [1551, 297], [1552, 297], [1553, 297], [1554, 297], [1555, 297], [1556, 297], [1557, 297], [1558, 297], [1559, 297], [1560, 297], [1561, 297], [1562, 297], [1563, 297], [1564, 297], [1565, 297], [1566, 297], [1567, 297], [1549, 298], [1550, 298], [1551, 298], [1552, 298], [1553, 298], [1555, 298], [1556, 298], [1557, 298], [1558, 298], [1560, 298], [1561, 298], [1562, 298], [1563, 298], [1565, 298], [1566, 298], [1567, 298], [1568, 298], [1569, 298], [1570, 298], [1552, 299], [1553, 299], [1554, 299], [1555, 299], [1556, 299], [1558, 299], [1559, 299], [1560, 299], [1561, 299], [1563, 299], [1564, 299], [1565, 299], [1566, 299], [1568, 299], [1569, 299], [1570, 299], [1571, 299], [1572, 299], [1573, 299], [1555, 300], [1556, 300], [1557, 300], [1558, 300], [1559, 300], [1561, 300], [1562, 300], [1563, 300], [1564, 300], [1565, 300], [1566, 300], [1567, 300], [1568, 300], [1569, 300], [1571, 300], [1572, 300], [1573, 300], [1574, 300], [1575, 300], [1576, 300], [1557, 301], [1558, 301], [1559, 301], [1560, 301], [1561, 301], [1562, 301], [1564, 301], [1565, 301], [1566, 301], [1567, 301], [1568, 301], [1569, 301], [1570, 301], [1571, 301], [1572, 301], [1574, 301], [1575, 301], [1576, 301], [1577, 301], [1578, 301], [1561, 302], [1562, 302], [1563, 302], [1564, 302], [1565, 302], [1566, 302], [1567, 302], [1568, 302], [1569, 302], [1571, 302], [1572, 302], [1573, 302], [1574, 302], [1575, 302], [1577, 302], [1578, 302], [1579, 302], [1580, 302], [1563, 303], [1564, 303], [1565, 303], [1566, 303], [1567, 303], [1569, 303], [1570, 303], [1571, 303], [1572, 303], [1573, 303], [1574, 303], [1575, 303], [1576, 303], [1577, 303], [1578, 303], [1579, 303], [1580, 303], [1581, 303], [1582, 303], [1583, 303], [1566, 304], [1567, 304], [1568, 304], [1569, 304], [1571, 304], [1572, 304], [1573, 304], [1574, 304], [1575, 304], [1576, 304], [1577, 304], [1578, 304], [1579, 304], [1581, 304], [1582, 304], [1583, 304], [1584, 304], [1585, 304], [1568, 305], [1569, 305], [1570, 305], [1571, 305], [1573, 305], [1574, 305], [1575, 305], [1576, 305], [1577, 305], [1578, 305], [1579, 305], [1580, 305], [1581, 305], [1582, 305], [1583, 305], [1584, 305], [1585, 305], [1586, 305], [1587, 305], [1588, 305], [1570, 306], [1571, 306], [1572, 306], [1573, 306], [1574, 306], [1576, 306], [1577, 306], [1578, 306], [1579, 306], [1581, 306], [1582, 306], [1583, 306], [1584, 306], [1586, 306], [1587, 306], [1588, 306], [1589, 306], [1590, 306], [1572, 307], [1573, 307], [1574, 307], [1575, 307], [1576, 307], [1577, 307], [1579, 307], [1580, 307], [1581, 307], [1582, 307], [1583, 307], [1584, 307], [1585, 307], [1586, 307], [1587, 307], [1588, 307], [1589, 307], [1590, 307], [1591, 307], [1592, 307], [1575, 308], [1576, 308], [1577, 308], [1578, 308], [1579, 308], [1580, 308], [1581, 308], [1582, 308], [1583, 308], [1584, 308], [1585, 308], [1586, 308], [1587, 308], [1588, 308], [1589, 308], [1591, 308], [1592, 308], [1593, 308], [1594, 308], [1595, 308], [1578, 309], [1579, 309], [1580, 309], [1581, 309], [1582, 309], [1584, 309], [1585, 309], [1586, 309], [1587, 309], [1588, 309], [1589, 309], [1590, 309], [1591, 309], [1592, 309], [1593, 309], [1594, 309], [1595, 309], [1596, 309], [1597, 309], [1581, 310], [1582, 310], [1583, 310], [1584, 310], [1585, 310], [1587, 310], [1588, 310], [1589, 310], [1591, 310], [1592, 310], [1593, 310], [1594, 310], [1596, 310], [1597, 310], [1598, 310], [1599, 310], [1600, 310], [1583, 311], [1584, 311], [1585, 311], [1586, 311], [1587, 311], [1588, 311], [1589, 311], [1590, 311], [1591, 311], [1592, 311], [1594, 311], [1595, 311], [1596, 311], [1598, 311], [1599, 311], [1600, 311], [1601, 311], [1602, 311], [1603, 311], [1586, 312], [1587, 312], [1588, 312], [1589, 312], [1590, 312], [1591, 312], [1592, 312], [1593, 312], [1594, 312], [1595, 312], [1596, 312], [1597, 312], [1598, 312], [1599, 312], [1600, 312], [1601, 312], [1602, 312], [1603, 312], [1604, 312], [1605, 312], [1589, 313], [1590, 313], [1591, 313], [1592, 313], [1594, 313], [1595, 313], [1596, 313], [1597, 313], [1599, 313], [1600, 313], [1601, 313], [1602, 313], [1604, 313], [1605, 313], [1606, 313], [1607, 313], [1608, 313], [1591, 314], [1592, 314], [1593, 314], [1594, 314], [1595, 314], [1597, 314], [1598, 314], [1599, 314], [1600, 314], [1602, 314], [1603, 314], [1604, 314], [1606, 314], [1607, 314], [1608, 314], [1609, 314], [1610, 314], [1593, 315], [1594, 315], [1595, 315], [1596, 315], [1597, 315], [1598, 315], [1600, 315], [1601, 315], [1602, 315], [1603, 315], [1604, 315], [1605, 315], [1606, 315], [1607, 315], [1608, 315], [1609, 315], [1610, 315], [1611, 315], [1612, 315], [1613, 315], [1596, 316], [1597, 316], [1598, 316], [1599, 316], [1600, 316], [1601, 316], [1602, 316], [1603, 316], [1604, 316], [1605, 316], [1606, 316], [1607, 316], [1608, 316], [1609, 316], [1610, 316], [1611, 316], [1612, 316], [1613, 316], [1614, 316], [1615, 316], [1616, 316], [1599, 317], [1600, 317], [1601, 317], [1602, 317], [1603, 317], [1605, 317], [1606, 317], [1607, 317], [1608, 317], [1609, 317], [1610, 317], [1611, 317], [1612, 317], [1613, 317], [1614, 317], [1615, 317], [1616, 317], [1617, 317], [1618, 317], [1602, 318], [1603, 318], [1604, 318], [1605, 318], [1606, 318], [1607, 318], [1608, 318], [1609, 318], [1610, 318], [1611, 318], [1613, 318], [1614, 318], [1615, 318], [1616, 318], [1617, 318], [1618, 318], [1619, 318], [1620, 318], [1621, 318], [1604, 319], [1605, 319], [1606, 319], [1607, 319], [1608, 319], [1609, 319], [1611, 319], [1612, 319], [1613, 319], [1614, 319], [1615, 319], [1616, 319], [1617, 319], [1618, 319], [1619, 319], [1620, 319], [1621, 319], [1622, 319], [1623, 319], [1624, 319], [1607, 320], [1608, 320], [1609, 320], [1610, 320], [1611, 320], [1612, 320], [1614, 320], [1615, 320], [1616, 320], [1618, 320], [1619, 320], [1620, 320], [1621, 320], [1623, 320], [1624, 320], [1625, 320], [1626, 320], [1610, 321], [1611, 321], [1612, 321], [1613, 321], [1614, 321], [1616, 321], [1617, 321], [1618, 321], [1619, 321], [1620, 321], [1621, 321], [1622, 321], [1623, 321], [1624, 321], [1625, 321], [1626, 321], [1627, 321], [1628, 321], [1629, 321], [1613, 322], [1614, 322], [1615, 322], [1616, 322], [1617, 322], [1618, 322], [1619, 322], [1620, 322], [1621, 322], [1622, 322], [1623, 322], [1624, 322], [1625, 322], [1626, 322], [1628, 322], [1629, 322], [1630, 322], [1631, 322], [1632, 322], [1615, 323], [1616, 323], [1617, 323], [1618, 323], [1619, 323], [1621, 323], [1622, 323], [1623, 323], [1624, 323], [1626, 323], [1627, 323], [1628, 323], [1629, 323], [1630, 323], [1631, 323], [1632, 323], [1633, 323], [1634, 323], [1618, 324], [1619, 324], [1620, 324], [1621, 324], [1622, 324], [1623, 324], [1624, 324], [1625, 324], [1626, 324], [1627, 324], [1628, 324], [1629, 324], [1630, 324], [1631, 324], [1633, 324], [1634, 324], [1635, 324], [1636, 324], [1637, 324], [1620, 325], [1621, 325], [1622, 325], [1623, 325], [1624, 325], [1626, 325], [1627, 325], [1628, 325], [1630, 325], [1631, 325], [1632, 325], [1633, 325], [1634, 325], [1635, 325], [1636, 325], [1637, 325], [1638, 325], [1639, 325], [1640, 325], [1623, 326], [1624, 326], [1625, 326], [1626, 326], [1627, 326], [1628, 326], [1629, 326], [1630, 326], [1631, 326], [1633, 326], [1634, 326], [1635, 326], [1636, 326], [1637, 326], [1638, 326], [1639, 326], [1640, 326], [1641, 326], [1642, 326], [1625, 327], [1626, 327], [1627, 327], [1628, 327], [1629, 327], [1630, 327], [1631, 327], [1632, 327], [1633, 327], [1635, 327], [1636, 327], [1637, 327], [1638, 327], [1639, 327], [1641, 327], [1642, 327], [1643, 327], [1644, 327], [1645, 327], [1628, 328], [1629, 328], [1630, 328], [1631, 328], [1632, 328], [1633, 328], [1634, 328], [1635, 328], [1636, 328], [1637, 328], [1638, 328], [1639, 328], [1640, 328], [1641, 328], [1642, 328], [1644, 328], [1645, 328], [1646, 328], [1647, 328], [1648, 328], [1630, 329], [1631, 329], [1632, 329], [1633, 329], [1634, 329], [1636, 329], [1637, 329], [1638, 329], [1639, 329], [1640, 329], [1641, 329], [1642, 329], [1643, 329], [1644, 329], [1645, 329], [1646, 329], [1647, 329], [1648, 329], [1649, 329], [1650, 329], [1651, 329], [1633, 330], [1634, 330], [1635, 330], [1636, 330], [1637, 330], [1638, 330], [1639, 330], [1640, 330], [1641, 330], [1642, 330], [1643, 330], [1644, 330], [1645, 330], [1646, 330], [1647, 330], [1649, 330], [1650, 330], [1651, 330], [1652, 330], [1653, 330], [1635, 331], [1636, 331], [1637, 331], [1638, 331], [1639, 331], [1640, 331], [1642, 331], [1643, 331], [1644, 331], [1645, 331], [1647, 331], [1648, 331], [1649, 331], [1650, 331], [1651, 331], [1652, 331], [1653, 331], [1654, 331], [1655, 331], [1656, 331], [1638, 332], [1639, 332], [1640, 332], [1641, 332], [1642, 332], [1643, 332], [1644, 332], [1645, 332], [1646, 332], [1647, 332], [1648, 332], [1649, 332], [1650, 332], [1651, 332], [1652, 332], [1654, 332], [1655, 332], [1656, 332], [1657, 332], [1658, 332], [1641, 333], [1642, 333], [1643, 333], [1644, 333], [1645, 333], [1647, 333], [1648, 333], [1649, 333], [1650, 333], [1651, 333], [1652, 333], [1653, 333], [1654, 333], [1655, 333], [1657, 333], [1658, 333], [1659, 333], [1660, 333], [1661, 333], [1644, 334], [1645, 334], [1646, 334], [1647, 334], [1648, 334], [1650, 334], [1651, 334], [1652, 334], [1654, 334], [1655, 334], [1656, 334], [1657, 334], [1658, 334], [1659, 334], [1660, 334], [1661, 334], [1662, 334], [1663, 334], [1646, 335], [1647, 335], [1648, 335], [1649, 335], [1650, 335], [1652, 335], [1653, 335], [1654, 335], [1655, 335], [1656, 335], [1657, 335], [1658, 335], [1659, 335], [1660, 335], [1661, 335], [1662, 335], [1663, 335], [1664, 335], [1665, 335], [1666, 335], [1649, 336], [1650, 336], [1651, 336], [1652, 336], [1654, 336], [1655, 336], [1656, 336], [1657, 336], [1659, 336], [1660, 336], [1661, 336], [1662, 336], [1663, 336], [1664, 336], [1665, 336], [1666, 336], [1667, 336], [1668, 336], [1651, 337], [1652, 337], [1653, 337], [1654, 337], [1655, 337], [1656, 337], [1657, 337], [1658, 337], [1659, 337], [1660, 337], [1662, 337], [1663, 337], [1664, 337], [1665, 337], [1667, 337], [1668, 337], [1669, 337], [1670, 337], [1671, 337], [1653, 338], [1654, 338], [1655, 338], [1656, 338], [1657, 338], [1658, 338], [1659, 338], [1660, 338], [1661, 338], [1662, 338], [1664, 338], [1665, 338], [1666, 338], [1667, 338], [1668, 338], [1669, 338], [1670, 338], [1671, 338], [1672, 338], [1673, 338], [1656, 339], [1657, 339], [1658, 339], [1659, 339], [1661, 339], [1662, 339], [1663, 339], [1664, 339], [1665, 339], [1666, 339], [1667, 339], [1668, 339], [1669, 339], [1670, 339], [1671, 339], [1672, 339], [1673, 339], [1674, 339], [1675, 339], [1658, 340], [1659, 340], [1660, 340], [1661, 340], [1662, 340], [1663, 340], [1664, 340], [1665, 340], [1666, 340], [1667, 340], [1668, 340], [1669, 340], [1670, 340], [1671, 340], [1672, 340], [1674, 340], [1675, 340], [1676, 340], [1677, 340], [1660, 341], [1661, 341], [1662, 341], [1663, 341], [1664, 341], [1666, 341], [1667, 341], [1668, 341], [1669, 341], [1670, 341], [1671, 341], [1672, 341], [1673, 341], [1674, 341], [1676, 341], [1677, 341], [1678, 341], [1679, 341], [1680, 341], [1663, 342], [1664, 342], [1665, 342], [1666, 342], [1667, 342], [1669, 342], [1670, 342], [1671, 342], [1672, 342], [1673, 342], [1674, 342], [1675, 342], [1676, 342], [1677, 342], [1678, 342], [1679, 342], [1680, 342], [1681, 342], [1682, 342], [1665, 343], [1666, 343], [1667, 343], [1668, 343], [1669, 343], [1670, 343], [1672, 343], [1673, 343], [1674, 343], [1675, 343], [1676, 343], [1677, 343], [1678, 343], [1679, 343], [1680, 343], [1681, 343], [1682, 343], [1683, 343], [1684, 343], [1685, 343], [1668, 344], [1669, 344], [1670, 344], [1671, 344], [1672, 344], [1673, 344], [1675, 344], [1676, 344], [1677, 344], [1678, 344], [1679, 344], [1680, 344], [1681, 344], [1683, 344], [1684, 344], [1685, 344], [1686, 344], [1687, 344], [1688, 344], [1671, 345], [1672, 345], [1673, 345], [1674, 345], [1675, 345], [1676, 345], [1677, 345], [1678, 345], [1679, 345], [1680, 345], [1681, 345], [1682, 345], [1683, 345], [1684, 345], [1685, 345], [1686, 345], [1687, 345], [1688, 345], [1689, 345], [1690, 345], [1674, 346], [1675, 346], [1676, 346], [1677, 346], [1678, 346], [1679, 346], [1680, 346], [1681, 346], [1682, 346], [1684, 346], [1685, 346], [1686, 346], [1687, 346], [1688, 346], [1689, 346], [1690, 346], [1691, 346], [1692, 346], [1677, 347], [1678, 347], [1679, 347], [1680, 347], [1681, 347], [1683, 347], [1684, 347], [1685, 347], [1686, 347], [1687, 347], [1688, 347], [1689, 347], [1690, 347], [1691, 347], [1692, 347], [1693, 347], [1694, 347], [1695, 347], [1679, 348], [1680, 348], [1681, 348], [1682, 348], [1683, 348], [1685, 348], [1686, 348], [1687, 348], [1688, 348], [1689, 348], [1690, 348], [1691, 348], [1692, 348], [1693, 348], [1694, 348], [1695, 348], [1696, 348], [1697, 348], [1698, 348], [1682, 349], [1683, 349], [1684, 349], [1685, 349], [1686, 349], [1688, 349], [1689, 349], [1690, 349], [1691, 349], [1693, 349], [1694, 349], [1695, 349], [1696, 349], [1697, 349], [1698, 349], [1699, 349], [1700, 349], [1684, 350], [1685, 350], [1686, 350], [1687, 350], [1688, 350], [1689, 350], [1690, 350], [1691, 350], [1693, 350], [1695, 350], [1697, 350], [1698, 350], [1699, 350], [1700, 350], [1701, 350], [1702, 350], [1687, 351], [1688, 351], [1689, 351], [1690, 351], [1691, 351], [1692, 351], [1693, 351], [1694, 351], [1695, 351], [1699, 351], [1700, 351], [1701, 351], [1702, 351], [1703, 351], [1704, 351], [1705, 351], [1690, 352], [1691, 352], [1692, 352], [1693, 352], [1694, 352], [1695, 352], [1696, 352], [1701, 352], [1702, 352], [1703, 352], [1704, 352], [1705, 352], [1706, 352], [1707, 352], [1708, 352], [1693, 353], [1694, 353], [1695, 353], [1696, 353], [1697, 353], [1698, 353], [1699, 353], [1704, 353], [1705, 353], [1706, 353], [1707, 353], [1708, 353], [1709, 353], [1710, 353], [1711, 353], [1695, 354], [1696, 354], [1697, 354], [1698, 354], [1699, 354], [1700, 354], [1701, 354], [1707, 354], [1708, 354], [1709, 354], [1710, 354], [1711, 354], [1712, 354], [1713, 354], [1698, 355], [1699, 355], [1700, 355], [1701, 355], [1702, 355], [1703, 355], [1704, 355], [1710, 355], [1711, 355], [1712, 355], [1713, 355], [1714, 355], [1715, 355], [1716, 355], [1700, 356], [1701, 356], [1702, 356], [1703, 356], [1704, 356], [1705, 356], [1706, 356], [1707, 356], [1710, 356], [1711, 356], [1712, 356], [1713, 356], [1714, 356], [1715, 356], [1716, 356], [1717, 356], [1718, 356], [1719, 356], [1703, 357], [1704, 357], [1705, 357], [1706, 357], [1707, 357], [1708, 357], [1709, 357], [1710, 357], [1711, 357], [1712, 357], [1713, 357], [1714, 357], [1715, 357], [1716, 357], [1717, 357], [1718, 357], [1719, 357], [1720, 357], [1721, 357], [1722, 357], [1706, 358], [1707, 358], [1708, 358], [1709, 358], [1710, 358], [1711, 358], [1712, 358], [1713, 358], [1714, 358], [1715, 358], [1716, 358], [1717, 358], [1718, 358], [1719, 358], [1720, 358], [1721, 358], [1722, 358], [1723, 358], [1724, 358], [1708, 359], [1709, 359], [1710, 359], [1711, 359], [1712, 359], [1714, 359], [1715, 359], [1716, 359], [1717, 359], [1719, 359], [1720, 359], [1721, 359], [1722, 359], [1723, 359], [1724, 359], [1725, 359], [1726, 359], [1727, 359], [1710, 360], [1711, 360], [1712, 360], [1713, 360], [1714, 360], [1715, 360], [1716, 360], [1717, 360], [1718, 360], [1719, 360], [1720, 360], [1721, 360], [1722, 360], [1723, 360], [1725, 360], [1726, 360], [1727, 360], [1728, 360], [1729, 360], [1713, 361], [1714, 361], [1715, 361], [1716, 361], [1717, 361], [1718, 361], [1720, 361], [1721, 361], [1722, 361], [1723, 361], [1724, 361], [1725, 361], [1726, 361], [1727, 361], [1728, 361], [1729, 361], [1730, 361], [1731, 361], [1732, 361], [1716, 362], [1717, 362], [1718, 362], [1719, 362], [1720, 362], [1721, 362], [1722, 362], [1723, 362], [1724, 362], [1726, 362], [1727, 362], [1728, 362], [1730, 362], [1731, 362], [1732, 362], [1733, 362], [1734, 362], [1735, 362], [1719, 363], [1720, 363], [1721, 363], [1722, 363], [1723, 363], [1724, 363], [1725, 363], [1726, 363], [1728, 363], [1729, 363], [1730, 363], [1731, 363], [1732, 363], [1733, 363], [1734, 363], [1735, 363], [1736, 363], [1737, 363], [1738, 363], [1721, 364], [1722, 364], [1723, 364], [1724, 364], [1725, 364], [1727, 364], [1728, 364], [1729, 364], [1730, 364], [1731, 364], [1732, 364], [1733, 364], [1734, 364], [1735, 364], [1736, 364], [1737, 364], [1738, 364], [1739, 364], [1740, 364], [1724, 365], [1725, 365], [1726, 365], [1727, 365], [1728, 365], [1729, 365], [1730, 365], [1731, 365], [1732, 365], [1733, 365], [1734, 365], [1735, 365], [1736, 365], [1737, 365], [1738, 365], [1739, 365], [1740, 365], [1741, 365], [1742, 365], [1743, 365], [1726, 366], [1727, 366], [1728, 366], [1729, 366], [1730, 366], [1731, 366], [1732, 366], [1733, 366], [1734, 366], [1736, 366], [1737, 366], [1738, 366], [1739, 366], [1740, 366], [1741, 366], [1742, 366], [1743, 366], [1744, 366], [1745, 366], [1729, 367], [1730, 367], [1731, 367], [1732, 367], [1733, 367], [1735, 367], [1736, 367], [1737, 367], [1739, 367], [1740, 367], [1741, 367], [1742, 367], [1743, 367], [1744, 367], [1745, 367], [1746, 367], [1747, 367], [1748, 367], [1731, 368], [1732, 368], [1733, 368], [1734, 368], [1735, 368], [1736, 368], [1737, 368], [1738, 368], [1739, 368], [1740, 368], [1741, 368], [1742, 368], [1743, 368], [1745, 368], [1746, 368], [1747, 368], [1748, 368], [1749, 368], [1750, 368], [1734, 369], [1735, 369], [1736, 369], [1737, 369], [1738, 369], [1740, 369], [1741, 369], [1742, 369], [1743, 369], [1744, 369], [1747, 369], [1748, 369], [1749, 369], [1750, 369], [1751, 369], [1752, 369], [1753, 369], [1291, 370], [1292, 370], [1737, 370], [1738, 370], [1739, 370], [1740, 370], [1741, 370], [1743, 370], [1744, 370], [1749, 370], [1750, 370], [1751, 370], [1752, 370], [1753, 370], [1754, 370], [1755, 370], [1290, 371], [1291, 371], [1292, 371], [1293, 371], [1739, 371], [1740, 371], [1741, 371], [1742, 371], [1743, 371], [1744, 371], [1745, 371], [1752, 371], [1753, 371], [1754, 371], [1755, 371], [1756, 371], [1757, 371], [1289, 372], [1290, 372], [1291, 372], [1292, 372], [1293, 372], [1294, 372], [1742, 372], [1743, 372], [1744, 372], [1745, 372], [1746, 372], [1747, 372], [1748, 372], [1754, 372], [1755, 372], [1756, 372], [1757, 372], [1758, 372], [1759, 372], [1760, 372], [1290, 373], [1291, 373], [1292, 373], [1293, 373], [1294, 373], [1295, 373], [1744, 373], [1745, 373], [1746, 373], [1747, 373], [1748, 373], [1749, 373], [1750, 373], [1756, 373], [1757, 373], [1758, 373], [1759, 373], [1760, 373], [1761, 373], [1762, 373], [1763, 373], [1291, 374], [1292, 374], [1293, 374], [1294, 374], [1295, 374], [1296, 374], [1747, 374], [1748, 374], [1749, 374], [1750, 374], [1751, 374], [1752, 374], [1753, 374], [1759, 374], [1760, 374], [1761, 374], [1762, 374], [1763, 374], [1764, 374], [1765, 374], [1292, 375], [1293, 375], [1295, 375], [1296, 375], [1749, 375], [1750, 375], [1751, 375], [1752, 375], [1753, 375], [1754, 375], [1755, 375], [1756, 375], [1762, 375], [1763, 375], [1764, 375], [1765, 375], [1766, 375], [1767, 375], [1281, 376], [1292, 376], [1293, 376], [1294, 376], [1295, 376], [1296, 376], [1297, 376], [1752, 376], [1753, 376], [1754, 376], [1755, 376], [1756, 376], [1757, 376], [1758, 376], [1764, 376], [1765, 376], [1766, 376], [1767, 376], [1768, 376], [1769, 376], [1770, 376], [1279, 377], [1280, 377], [1281, 377], [1282, 377], [1293, 377], [1294, 377], [1295, 377], [1296, 377], [1297, 377], [1298, 377], [1755, 377], [1756, 377], [1757, 377], [1758, 377], [1759, 377], [1760, 377], [1761, 377], [1762, 377], [1766, 377], [1767, 377], [1768, 377], [1769, 377], [1770, 377], [1771, 377], [1772, 377], [1773, 377], [1278, 378], [1279, 378], [1280, 378], [1281, 378], [1282, 378], [1283, 378], [1294, 378], [1295, 378], [1296, 378], [1297, 378], [1298, 378], [1299, 378], [1757, 378], [1758, 378], [1759, 378], [1760, 378], [1761, 378], [1762, 378], [1763, 378], [1764, 378], [1769, 378], [1770, 378], [1771, 378], [1772, 378], [1773, 378], [1774, 378], [1775, 378], [1279, 379], [1280, 379], [1281, 379], [1282, 379], [1283, 379], [1295, 379], [1296, 379], [1297, 379], [1298, 379], [1299, 379], [1300, 379], [1761, 379], [1762, 379], [1763, 379], [1764, 379], [1765, 379], [1766, 379], [1767, 379], [1772, 379], [1773, 379], [1774, 379], [1775, 379], [1776, 379], [1777, 379], [1778, 379], [1779, 379], [1280, 380], [1281, 380], [1282, 380], [1283, 380], [1284, 380], [1296, 380], [1297, 380], [1298, 380], [1299, 380], [1300, 380], [1301, 380], [1763, 380], [1764, 380], [1765, 380], [1766, 380], [1767, 380], [1768, 380], [1769, 380], [1774, 380], [1775, 380], [1776, 380], [1777, 380], [1778, 380], [1779, 380], [1780, 380], [1781, 380], [1281, 381], [1282, 381], [1284, 381], [1285, 381], [1297, 381], [1298, 381], [1299, 381], [1300, 381], [1301, 381], [1302, 381], [1766, 381], [1767, 381], [1768, 381], [1769, 381], [1770, 381], [1771, 381], [1772, 381], [1778, 381], [1779, 381], [1780, 381], [1781, 381], [1782, 381], [1783, 381], [1784, 381], [1282, 382], [1283, 382], [1284, 382], [1285, 382], [1286, 382], [1298, 382], [1299, 382], [1300, 382], [1301, 382], [1302, 382], [1303, 382], [1768, 382], [1769, 382], [1770, 382], [1771, 382], [1772, 382], [1773, 382], [1774, 382], [1775, 382], [1780, 382], [1781, 382], [1782, 382], [1783, 382], [1784, 382], [1785, 382], [1786, 382], [1283, 383], [1284, 383], [1285, 383], [1286, 383], [1287, 383], [1299, 383], [1300, 383], [1301, 383], [1302, 383], [1303, 383], [1304, 383], [1771, 383], [1772, 383], [1773, 383], [1774, 383], [1775, 383], [1776, 383], [1777, 383], [1778, 383], [1783, 383], [1784, 383], [1785, 383], [1786, 383], [1787, 383], [1788, 383], [1789, 383], [1283, 384], [1284, 384], [1285, 384], [1286, 384], [1287, 384], [1288, 384], [1300, 384], [1301, 384], [1302, 384], [1303, 384], [1304, 384], [1305, 384], [1774, 384], [1775, 384], [1776, 384], [1777, 384], [1778, 384], [1779, 384], [1780, 384], [1785, 384], [1786, 384], [1787, 384], [1788, 384], [1789, 384], [1790, 384], [1791, 384], [1792, 384], [1284, 385], [1285, 385], [1286, 385], [1287, 385], [1288, 385], [1289, 385], [1301, 385], [1302, 385], [1303, 385], [1304, 385], [1305, 385], [1306, 385], [1777, 385], [1778, 385], [1779, 385], [1780, 385], [1781, 385], [1782, 385], [1783, 385], [1788, 385], [1789, 385], [1790, 385], [1791, 385], [1792, 385], [1793, 385], [1794, 385], [1795, 385], [1286, 386], [1287, 386], [1288, 386], [1289, 386], [1290, 386], [1302, 386], [1303, 386], [1304, 386], [1305, 386], [1306, 386], [1307, 386], [1779, 386], [1780, 386], [1781, 386], [1782, 386], [1783, 386], [1784, 386], [1785, 386], [1791, 386], [1792, 386], [1793, 386], [1794, 386], [1795, 386], [1796, 386], [1797, 386], [1286, 387], [1287, 387], [1288, 387], [1289, 387], [1290, 387], [1303, 387], [1304, 387], [1305, 387], [1306, 387], [1307, 387], [1308, 387], [1782, 387], [1783, 387], [1784, 387], [1785, 387], [1786, 387], [1787, 387], [1788, 387], [1794, 387], [1795, 387], [1796, 387], [1797, 387], [1798, 387], [1799, 387], [1287, 388], [1288, 388], [1289, 388], [1290, 388], [1291, 388], [1304, 388], [1305, 388], [1306, 388], [1307, 388], [1308, 388], [1784, 388], [1785, 388], [1786, 388], [1787, 388], [1788, 388], [1789, 388], [1790, 388], [1796, 388], [1797, 388], [1798, 388], [1799, 388], [1800, 388], [1801, 388], [1802, 388], [1288, 389], [1289, 389], [1291, 389], [1292, 389], [1305, 389], [1306, 389], [1308, 389], [1309, 389], [1787, 389], [1788, 389], [1789, 389], [1790, 389], [1791, 389], [1792, 389], [1793, 389], [1798, 389], [1799, 389], [1800, 389], [1801, 389], [1802, 389], [1803, 389], [1804, 389], [1289, 390], [1290, 390], [1292, 390], [1293, 390], [1306, 390], [1307, 390], [1308, 390], [1309, 390], [1310, 390], [1789, 390], [1790, 390], [1791, 390], [1792, 390], [1793, 390], [1794, 390], [1795, 390], [1801, 390], [1802, 390], [1803, 390], [1804, 390], [1805, 390], [1806, 390], [1290, 391], [1291, 391], [1292, 391], [1293, 391], [1294, 391], [1306, 391], [1307, 391], [1308, 391], [1309, 391], [1310, 391], [1311, 391], [1792, 391], [1793, 391], [1794, 391], [1795, 391], [1796, 391], [1797, 391], [1798, 391], [1803, 391], [1804, 391], [1805, 391], [1806, 391], [1807, 391], [1808, 391], [1809, 391], [1291, 392], [1292, 392], [1293, 392], [1294, 392], [1295, 392], [1307, 392], [1308, 392], [1309, 392], [1310, 392], [1311, 392], [1312, 392], [1794, 392], [1795, 392], [1796, 392], [1797, 392], [1798, 392], [1799, 392], [1800, 392], [1801, 392], [1805, 392], [1806, 392], [1807, 392], [1808, 392], [1809, 392], [1810, 392], [1811, 392], [1291, 393], [1292, 393], [1293, 393], [1294, 393], [1295, 393], [1296, 393], [1308, 393], [1309, 393], [1310, 393], [1311, 393], [1312, 393], [1313, 393], [1797, 393], [1798, 393], [1799, 393], [1800, 393], [1801, 393], [1802, 393], [1803, 393], [1808, 393], [1809, 393], [1810, 393], [1811, 393], [1812, 393], [1813, 393], [1814, 393], [1292, 394], [1293, 394], [1294, 394], [1295, 394], [1296, 394], [1297, 394], [1309, 394], [1310, 394], [1311, 394], [1312, 394], [1313, 394], [1314, 394], [1800, 394], [1801, 394], [1802, 394], [1803, 394], [1804, 394], [1805, 394], [1806, 394], [1810, 394], [1811, 394], [1812, 394], [1813, 394], [1814, 394], [1815, 394], [1816, 394], [1817, 394], [1293, 395], [1294, 395], [1295, 395], [1296, 395], [1297, 395], [1310, 395], [1311, 395], [1312, 395], [1313, 395], [1314, 395], [1315, 395], [1802, 395], [1803, 395], [1804, 395], [1805, 395], [1806, 395], [1807, 395], [1808, 395], [1813, 395], [1814, 395], [1815, 395], [1816, 395], [1817, 395], [1818, 395], [1819, 395], [1294, 396], [1295, 396], [1296, 396], [1297, 396], [1298, 396], [1311, 396], [1312, 396], [1313, 396], [1314, 396], [1315, 396], [1316, 396], [1805, 396], [1806, 396], [1807, 396], [1808, 396], [1809, 396], [1810, 396], [1811, 396], [1816, 396], [1817, 396], [1818, 396], [1819, 396], [1820, 396], [1821, 396], [1822, 396], [1295, 397], [1296, 397], [1298, 397], [1299, 397], [1312, 397], [1313, 397], [1314, 397], [1315, 397], [1316, 397], [1807, 397], [1808, 397], [1809, 397], [1810, 397], [1811, 397], [1812, 397], [1813, 397], [1814, 397], [1818, 397], [1819, 397], [1820, 397], [1821, 397], [1822, 397], [1823, 397], [1824, 397], [1296, 398], [1297, 398], [1299, 398], [1300, 398], [1313, 398], [1314, 398], [1315, 398], [1316, 398], [1317, 398], [1810, 398], [1811, 398], [1812, 398], [1813, 398], [1814, 398], [1815, 398], [1816, 398], [1817, 398], [1821, 398], [1822, 398], [1823, 398], [1824, 398], [1297, 399], [1298, 399], [1299, 399], [1300, 399], [1301, 399], [1314, 399], [1315, 399], [1317, 399], [1318, 399], [1813, 399], [1814, 399], [1815, 399], [1816, 399], [1817, 399], [1818, 399], [1819, 399], [1823, 399], [1824, 399], [1298, 400], [1299, 400], [1300, 400], [1301, 400], [1302, 400], [1315, 400], [1316, 400], [1318, 400], [1319, 400], [1816, 400], [1817, 400], [1818, 400], [1819, 400], [1820, 400], [1821, 400], [1822, 400], [1298, 401], [1299, 401], [1300, 401], [1301, 401], [1302, 401], [1303, 401], [1316, 401], [1317, 401], [1319, 401], [1320, 401], [1818, 401], [1819, 401], [1820, 401], [1821, 401], [1822, 401], [1823, 401], [1824, 401], [1299, 402], [1300, 402], [1301, 402], [1302, 402], [1303, 402], [1317, 402], [1318, 402], [1320, 402], [1321, 402], [1821, 402], [1822, 402], [1823, 402], [1824, 402], [1300, 403], [1301, 403], [1302, 403], [1303, 403], [1304, 403], [1318, 403], [1319, 403], [1320, 403], [1321, 403], [1322, 403], [1823, 403], [1824, 403], [1301, 404], [1302, 404], [1304, 404], [1305, 404], [1319, 404], [1320, 404], [1321, 404], [1322, 404], [1323, 404], [1302, 405], [1303, 405], [1304, 405], [1305, 405], [1306, 405], [1319, 405], [1320, 405], [1321, 405], [1322, 405], [1323, 405], [1324, 405], [1303, 406], [1304, 406], [1305, 406], [1306, 406], [1307, 406], [1320, 406], [1321, 406], [1322, 406], [1323, 406], [1324, 406], [1325, 406], [1303, 407], [1304, 407], [1305, 407], [1306, 407], [1307, 407], [1308, 407], [1321, 407], [1322, 407], [1323, 407], [1324, 407], [1325, 407], [1326, 407], [1304, 408], [1305, 408], [1306, 408], [1307, 408], [1308, 408], [1309, 408], [1322, 408], [1323, 408], [1324, 408], [1325, 408], [1326, 408], [1327, 408], [1305, 409], [1306, 409], [1307, 409], [1308, 409], [1309, 409], [1323, 409], [1324, 409], [1325, 409], [1326, 409], [1327, 409], [1306, 410], [1307, 410], [1308, 410], [1309, 410], [1310, 410], [1324, 410], [1325, 410], [1326, 410], [1327, 410], [1328, 410], [1307, 411], [1308, 411], [1310, 411], [1311, 411], [1325, 411], [1326, 411], [1327, 411], [1328, 411], [1329, 411], [1308, 412], [1309, 412], [1310, 412], [1311, 412], [1312, 412], [1326, 412], [1327, 412], [1328, 412], [1329, 412], [1330, 412], [1309, 413], [1310, 413], [1311, 413], [1312, 413], [1313, 413], [1326, 413], [1327, 413], [1328, 413], [1329, 413], [1330, 413], [1331, 413], [1309, 414], [1310, 414], [1311, 414], [1312, 414], [1313, 414], [1314, 414], [1327, 414], [1328, 414], [1329, 414], [1330, 414], [1331, 414], [1332, 414], [1310, 415], [1311, 415], [1312, 415], [1313, 415], [1314, 415], [1328, 415], [1329, 415], [1330, 415], [1331, 415], [1332, 415], [1333, 415], [1311, 416], [1312, 416], [1313, 416], [1314, 416], [1315, 416], [1329, 416], [1330, 416], [1331, 416], [1332, 416], [1333, 416], [1312, 417], [1313, 417], [1315, 417], [1316, 417], [1330, 417], [1331, 417], [1332, 417], [1333, 417], [1334, 417], [1313, 418], [1314, 418], [1316, 418], [1317, 418], [1331, 418], [1332, 418], [1334, 418], [1335, 418], [1314, 419], [1315, 419], [1316, 419], [1317, 419], [1318, 419], [1332, 419], [1333, 419], [1335, 419], [1336, 419], [1315, 420], [1316, 420], [1317, 420], [1318, 420], [1319, 420], [1333, 420], [1334, 420], [1335, 420], [1336, 420], [1337, 420], [1315, 421], [1316, 421], [1317, 421], [1318, 421], [1319, 421], [1334, 421], [1335, 421], [1336, 421], [1337, 421], [1338, 421], [1316, 422], [1317, 422], [1318, 422], [1319, 422], [1320, 422], [1334, 422], [1335, 422], [1336, 422], [1337, 422], [1338, 422], [1339, 422], [1317, 423], [1318, 423], [1320, 423], [1321, 423], [1335, 423], [1336, 423], [1337, 423], [1338, 423], [1339, 423], [1340, 423], [1318, 424], [1319, 424], [1321, 424], [1322, 424], [1336, 424], [1337, 424], [1338, 424], [1339, 424], [1340, 424], [1341, 424], [1319, 425], [1320, 425], [1321, 425], [1322, 425], [1323, 425], [1337, 425], [1338, 425], [1339, 425], [1340, 425], [1341, 425], [1342, 425], [1320, 426], [1321, 426], [1322, 426], [1323, 426], [1324, 426], [1338, 426], [1339, 426], [1340, 426], [1341, 426], [1342, 426], [1343, 426], [1320, 427], [1321, 427], [1322, 427], [1323, 427], [1324, 427], [1325, 427], [1339, 427], [1340, 427], [1341, 427], [1342, 427], [1343, 427], [1321, 428], [1322, 428], [1323, 428], [1324, 428], [1325, 428], [1326, 428], [1340, 428], [1341, 428], [1342, 428], [1343, 428], [1344, 428], [1322, 429], [1323, 429], [1324, 429], [1325, 429], [1326, 429], [1327, 429], [1341, 429], [1342, 429], [1343, 429], [1344, 429], [1345, 429], [1323, 430], [1324, 430], [1325, 430], [1326, 430], [1327, 430], [1342, 430], [1343, 430], [1344, 430], [1345, 430], [1346, 430], [1324, 431], [1325, 431], [1326, 431], [1327, 431], [1328, 431], [1342, 431], [1343, 431], [1344, 431], [1345, 431], [1346, 431], [1347, 431], [1325, 432], [1326, 432], [1328, 432], [1329, 432], [1343, 432], [1344, 432], [1345, 432], [1346, 432], [1347, 432], [1348, 432], [1326, 433], [1327, 433], [1328, 433], [1329, 433], [1330, 433], [1344, 433], [1345, 433], [1346, 433], [1347, 433], [1348, 433], [1349, 433], [1327, 434], [1328, 434], [1329, 434], [1330, 434], [1331, 434], [1345, 434], [1346, 434], [1347, 434], [1348, 434], [1349, 434], [1350, 434], [1327, 435], [1328, 435], [1329, 435], [1330, 435], [1331, 435], [1332, 435], [1346, 435], [1347, 435], [1348, 435], [1349, 435], [1350, 435], [1351, 435], [1328, 436], [1329, 436], [1330, 436], [1331, 436], [1332, 436], [1347, 436], [1348, 436], [1349, 436], [1350, 436], [1351, 436], [1352, 436], [1329, 437], [1330, 437], [1331, 437], [1332, 437], [1333, 437], [1348, 437], [1349, 437], [1350, 437], [1351, 437], [1352, 437], [1353, 437], [1330, 438], [1331, 438], [1332, 438], [1333, 438], [1334, 438], [1349, 438], [1350, 438], [1351, 438], [1352, 438], [1353, 438], [1331, 439], [1332, 439], [1333, 439], [1334, 439], [1335, 439], [1350, 439], [1351, 439], [1352, 439], [1353, 439], [1354, 439], [1331, 440], [1332, 440], [1333, 440], [1334, 440], [1335, 440], [1351, 440], [1352, 440], [1353, 440], [1354, 440], [1355, 440], [1332, 441], [1333, 441], [1334, 441], [1335, 441], [1336, 441], [1352, 441], [1353, 441], [1354, 441], [1355, 441], [1356, 441], [1333, 442], [1334, 442], [1336, 442], [1337, 442], [1338, 442], [1339, 442], [1340, 442], [1341, 442], [1345, 442], [1346, 442], [1347, 442], [1348, 442], [1352, 442], [1353, 442], [1354, 442], [1355, 442], [1356, 442], [1334, 443], [1335, 443], [1336, 443], [1337, 443], [1338, 443], [1339, 443], [1340, 443], [1341, 443], [1342, 443], [1343, 443], [1344, 443], [1345, 443], [1346, 443], [1347, 443], [1348, 443], [1349, 443], [1350, 443], [1351, 443], [1352, 443], [1353, 443], [1354, 443], [1355, 443], [1356, 443], [1335, 444], [1336, 444], [1337, 444], [1338, 444], [1339, 444], [1340, 444], [1341, 444], [1345, 444], [1346, 444], [1347, 444], [1348, 444], [1354, 444], [1355, 444], [1356, 444], [1337, 445], [1338, 445], [1339, 445], [1340, 445], [1341, 445], [1342, 445], [1343, 445], [1344, 445], [1345, 445], [1346, 445], [1347, 445], [1348, 445], [1349, 445], [1350, 445], [1351, 445], [1352, 445], [1353, 445], [1354, 445], [1355, 445], [1356, 445], [1446, 570], [1447, 570], [1448, 570], [1449, 570], [1450, 570], [1451, 570], [1452, 570], [1453, 570], [1454, 570], [1455, 570], [1456, 570], [1457, 570], [1458, 570], [1459, 570], [1460, 570], [1461, 570], [1462, 570], [1463, 570], [1464, 570], [1465, 570], [1466, 570], [1446, 571], [1447, 571], [1448, 571], [1449, 571], [1450, 571], [1451, 571], [1452, 571], [1453, 571], [1454, 571], [1455, 571], [1456, 571], [1457, 571], [1458, 571], [1459, 571], [1460, 571], [1461, 571], [1462, 571], [1463, 571], [1464, 571], [1465, 571], [1466, 571], [1467, 571], [1468, 571], [1445, 572], [1446, 572], [1447, 572], [1448, 572], [1449, 572], [1450, 572], [1451, 572], [1452, 572], [1465, 572], [1466, 572], [1467, 572], [1468, 572], [1469, 572], [1445, 573], [1446, 573], [1447, 573], [1448, 573], [1449, 573], [1450, 573], [1451, 573], [1452, 573], [1453, 573], [1454, 573], [1455, 573], [1456, 573], [1457, 573], [1458, 573], [1459, 573], [1460, 573], [1461, 573], [1462, 573], [1463, 573], [1464, 573], [1465, 573], [1466, 573], [1467, 573], [1468, 573], [1469, 573], [1470, 573], [1445, 574], [1446, 574], [1448, 574], [1449, 574], [1451, 574], [1452, 574], [1453, 574], [1454, 574], [1455, 574], [1456, 574], [1457, 574], [1458, 574], [1459, 574], [1460, 574], [1461, 574], [1462, 574], [1463, 574], [1464, 574], [1465, 574], [1466, 574], [1467, 574], [1468, 574], [1469, 574], [1470, 574], [1471, 574], [1445, 575], [1446, 575], [1447, 575], [1448, 575], [1449, 575], [1450, 575], [1467, 575], [1468, 575], [1469, 575], [1470, 575], [1471, 575], [1446, 576], [1447, 576], [1448, 576], [1449, 576], [1450, 576], [1468, 576], [1469, 576], [1471, 576], [1472, 576], [1447, 577], [1448, 577], [1449, 577], [1450, 577], [1451, 577], [1469, 577], [1470, 577], [1471, 577], [1472, 577], [1448, 578], [1449, 578], [1451, 578], [1452, 578], [1453, 578], [1454, 578], [1469, 578], [1470, 578], [1471, 578], [1472, 578], [1449, 579], [1450, 579], [1451, 579], [1453, 579], [1454, 579], [1455, 579], [1456, 579], [1457, 579], [1458, 579], [1459, 579], [1460, 579], [1461, 579], [1462, 579], [1463, 579], [1464, 579], [1465, 579], [1466, 579], [1467, 579], [1469, 579], [1470, 579], [1471, 579], [1472, 579], [1450, 580], [1451, 580], [1452, 580], [1453, 580], [1454, 580], [1455, 580], [1456, 580], [1457, 580], [1458, 580], [1459, 580], [1460, 580], [1461, 580], [1462, 580], [1463, 580], [1464, 580], [1465, 580], [1466, 580], [1467, 580], [1468, 580], [1469, 580], [1470, 580], [1471, 580], [1472, 580], [1453, 581], [1454, 581], [1455, 581], [1456, 581], [1457, 581], [1458, 581], [1459, 581], [1460, 581], [1461, 581], [1462, 581], [1463, 581], [1464, 581], [1465, 581], [1466, 581], [1467, 581], [1469, 581], [1470, 581], [1471, 581], [1472, 581], [1454, 582], [1455, 582], [1456, 582], [1457, 582], [1458, 582], [1459, 582], [1460, 582], [1461, 582], [1462, 582], [1463, 582], [1464, 582], [1465, 582], [1466, 582], [1467, 582], [1468, 582], [1469, 582], [1470, 582], [1471, 582], [1472, 582], [1675, 827], [1676, 827], [1677, 827], [1678, 827], [1679, 827], [1680, 827], [1681, 827], [1682, 827], [1683, 827], [1674, 828], [1675, 828], [1676, 828], [1677, 828], [1678, 828], [1679, 828], [1680, 828], [1681, 828], [1682, 828], [1683, 828], [1684, 828], [1685, 828], [1686, 828], [1674, 829], [1675, 829], [1676, 829], [1682, 829], [1683, 829], [1684, 829], [1685, 829], [1686, 829], [1687, 829], [1688, 829], [1689, 829], [1690, 829], [1691, 829], [1692, 829], [1693, 829], [1694, 829], [1695, 829], [1696, 829], [1697, 829], [1698, 829], [1699, 829], [1700, 829], [1701, 829], [1702, 829], [1703, 829], [1704, 829], [1705, 829], [1706, 829], [1674, 830], [1675, 830], [1685, 830], [1686, 830], [1687, 830], [1688, 830], [1689, 830], [1690, 830], [1691, 830], [1692, 830], [1693, 830], [1694, 830], [1695, 830], [1696, 830], [1697, 830], [1698, 830], [1699, 830], [1700, 830], [1701, 830], [1702, 830], [1703, 830], [1704, 830], [1705, 830], [1706, 830], [1707, 830], [1708, 830], [1709, 830], [1710, 830], [1711, 830], [1712, 830], [1674, 831], [1675, 831], [1676, 831], [1705, 831], [1706, 831], [1707, 831], [1708, 831], [1709, 831], [1710, 831], [1711, 831], [1712, 831], [1713, 831], [1714, 831], [1715, 831], [1716, 831], [1674, 832], [1675, 832], [1676, 832], [1677, 832], [1711, 832], [1712, 832], [1713, 832], [1714, 832], [1715, 832], [1716, 832], [1717, 832], [1718, 832], [1675, 833], [1676, 833], [1677, 833], [1678, 833], [1715, 833], [1716, 833], [1717, 833], [1718, 833], [1719, 833], [1720, 833], [1676, 834], [1677, 834], [1678, 834], [1717, 834], [1718, 834], [1719, 834], [1720, 834], [1721, 834], [1677, 835], [1678, 835], [1679, 835], [1719, 835], [1720, 835], [1721, 835], [1722, 835], [1677, 836], [1678, 836], [1679, 836], [1680, 836], [1720, 836], [1721, 836], [1722, 836], [1678, 837], [1679, 837], [1680, 837], [1681, 837], [1721, 837], [1722, 837], [1723, 837], [1679, 838], [1680, 838], [1681, 838], [1682, 838], [1721, 838], [1722, 838], [1723, 838], [1724, 838], [1680, 839], [1681, 839], [1682, 839], [1683, 839], [1722, 839], [1723, 839], [1724, 839], [1725, 839], [1681, 840], [1682, 840], [1683, 840], [1684, 840], [1723, 840], [1724, 840], [1725, 840], [1726, 840], [1682, 841], [1683, 841], [1684, 841], [1685, 841], [1724, 841], [1725, 841], [1726, 841], [1727, 841], [1683, 842], [1684, 842], [1685, 842], [1686, 842], [1725, 842], [1726, 842], [1727, 842], [1728, 842], [1684, 843], [1685, 843], [1686, 843], [1687, 843], [1726, 843], [1727, 843], [1728, 843], [1729, 843], [1685, 844], [1686, 844], [1687, 844], [1688, 844], [1727, 844], [1728, 844], [1729, 844], [1730, 844], [1686, 845], [1687, 845], [1688, 845], [1689, 845], [1728, 845], [1729, 845], [1730, 845], [1731, 845], [1687, 846], [1688, 846], [1689, 846], [1690, 846], [1729, 846], [1730, 846], [1731, 846], [1732, 846], [1688, 847], [1689, 847], [1690, 847], [1691, 847], [1730, 847], [1731, 847], [1732, 847], [1733, 847], [1689, 848], [1690, 848], [1691, 848], [1692, 848], [1731, 848], [1732, 848], [1733, 848], [1734, 848], [1690, 849], [1691, 849], [1692, 849], [1693, 849], [1732, 849], [1733, 849], [1734, 849], [1735, 849], [1691, 850], [1692, 850], [1693, 850], [1694, 850], [1733, 850], [1734, 850], [1735, 850], [1736, 850], [1692, 851], [1693, 851], [1694, 851], [1695, 851], [1734, 851], [1735, 851], [1736, 851], [1737, 851], [1693, 852], [1694, 852], [1695, 852], [1696, 852], [1735, 852], [1736, 852], [1737, 852], [1738, 852], [1694, 853], [1695, 853], [1696, 853], [1697, 853], [1736, 853], [1737, 853], [1738, 853], [1695, 854], [1696, 854], [1697, 854], [1737, 854], [1738, 854], [1739, 854], [1696, 855], [1697, 855], [1698, 855], [1737, 855], [1738, 855], [1739, 855], [1740, 855], [1696, 856], [1697, 856], [1698, 856], [1699, 856], [1738, 856], [1739, 856], [1740, 856], [1741, 856], [1697, 857], [1698, 857], [1699, 857], [1739, 857], [1740, 857], [1741, 857], [1742, 857], [1698, 858], [1699, 858], [1700, 858], [1740, 858], [1741, 858], [1742, 858], [1743, 858], [1698, 859], [1699, 859], [1700, 859], [1701, 859], [1741, 859], [1742, 859], [1743, 859], [1744, 859], [1699, 860], [1700, 860], [1701, 860], [1702, 860], [1742, 860], [1743, 860], [1744, 860], [1745, 860], [1700, 861], [1701, 861], [1702, 861], [1703, 861], [1743, 861], [1744, 861], [1745, 861], [1746, 861], [1701, 862], [1702, 862], [1703, 862], [1744, 862], [1745, 862], [1746, 862], [1747, 862], [1702, 863], [1703, 863], [1704, 863], [1745, 863], [1746, 863], [1747, 863], [1748, 863], [1702, 864], [1703, 864], [1704, 864], [1705, 864], [1746, 864], [1747, 864], [1748, 864], [1749, 864], [1703, 865], [1704, 865], [1705, 865], [1706, 865], [1747, 865], [1748, 865], [1749, 865], [1750, 865], [1704, 866], [1705, 866], [1706, 866], [1707, 866], [1748, 866], [1749, 866], [1750, 866], [1705, 867], [1706, 867], [1707, 867], [1708, 867], [1749, 867], [1750, 867], [1751, 867], [1706, 868], [1707, 868], [1708, 868], [1749, 868], [1750, 868], [1751, 868], [1752, 868], [1707, 869], [1708, 869], [1709, 869], [1750, 869], [1751, 869], [1752, 869], [1753, 869], [1707, 870], [1708, 870], [1709, 870], [1710, 870], [1751, 870], [1752, 870], [1753, 870], [1754, 870], [1708, 871], [1709, 871], [1710, 871], [1711, 871], [1752, 871], [1753, 871], [1754, 871], [1755, 871], [1709, 872], [1710, 872], [1711, 872], [1712, 872], [1753, 872], [1754, 872], [1755, 872], [1756, 872], [1710, 873], [1711, 873], [1712, 873], [1713, 873], [1754, 873], [1755, 873], [1756, 873], [1757, 873], [1711, 874], [1712, 874], [1713, 874], [1714, 874], [1755, 874], [1756, 874], [1757, 874], [1758, 874], [1712, 875], [1713, 875], [1714, 875], [1756, 875], [1757, 875], [1758, 875], [1759, 875], [1713, 876], [1714, 876], [1715, 876], [1757, 876], [1758, 876], [1759, 876], [1760, 876], [1713, 877], [1714, 877], [1715, 877], [1716, 877], [1758, 877], [1759, 877], [1760, 877], [1761, 877], [1714, 878], [1715, 878], [1716, 878], [1717, 878], [1759, 878], [1760, 878], [1761, 878], [1762, 878], [1715, 879], [1716, 879], [1717, 879], [1718, 879], [1760, 879], [1761, 879], [1762, 879], [1763, 879], [1716, 880], [1717, 880], [1718, 880], [1719, 880], [1761, 880], [1762, 880], [1763, 880], [1764, 880], [1717, 881], [1718, 881], [1719, 881], [1720, 881], [1762, 881], [1763, 881], [1764, 881], [1718, 882], [1719, 882], [1720, 882], [1763, 882], [1764, 882], [1765, 882], [1719, 883], [1720, 883], [1721, 883], [1763, 883], [1764, 883], [1765, 883], [1766, 883], [1719, 884], [1720, 884], [1721, 884], [1722, 884], [1764, 884], [1765, 884], [1766, 884], [1767, 884], [1720, 885], [1721, 885], [1722, 885], [1723, 885], [1765, 885], [1766, 885], [1767, 885], [1768, 885], [1721, 886], [1722, 886], [1723, 886], [1724, 886], [1766, 886], [1767, 886], [1768, 886], [1769, 886], [1722, 887], [1723, 887], [1724, 887], [1725, 887], [1767, 887], [1768, 887], [1769, 887], [1770, 887], [1723, 888], [1724, 888], [1725, 888], [1726, 888], [1768, 888], [1769, 888], [1770, 888], [1771, 888], [1724, 889], [1725, 889], [1726, 889], [1769, 889], [1770, 889], [1771, 889], [1772, 889], [1725, 890], [1726, 890], [1727, 890], [1770, 890], [1771, 890], [1772, 890], [1773, 890], [1725, 891], [1726, 891], [1727, 891], [1728, 891], [1771, 891], [1772, 891], [1773, 891], [1726, 892], [1727, 892], [1728, 892], [1729, 892], [1772, 892], [1773, 892], [1774, 892], [1727, 893], [1728, 893], [1729, 893], [1730, 893], [1772, 893], [1773, 893], [1774, 893], [1775, 893], [1728, 894], [1729, 894], [1730, 894], [1731, 894], [1773, 894], [1774, 894], [1775, 894], [1776, 894], [1729, 895], [1730, 895], [1731, 895], [1732, 895], [1774, 895], [1775, 895], [1776, 895], [1777, 895], [1730, 896], [1731, 896], [1732, 896], [1733, 896], [1775, 896], [1776, 896], [1777, 896], [1778, 896], [1731, 897], [1732, 897], [1733, 897], [1734, 897], [1776, 897], [1777, 897], [1778, 897], [1779, 897], [1732, 898], [1733, 898], [1734, 898], [1777, 898], [1778, 898], [1779, 898], [1780, 898], [1733, 899], [1734, 899], [1735, 899], [1778, 899], [1779, 899], [1780, 899], [1781, 899], [1733, 900], [1734, 900], [1735, 900], [1736, 900], [1779, 900], [1780, 900], [1781, 900], [1782, 900], [1734, 901], [1735, 901], [1736, 901], [1737, 901], [1780, 901], [1781, 901], [1782, 901], [1783, 901], [1735, 902], [1736, 902], [1737, 902], [1738, 902], [1781, 902], [1782, 902], [1783, 902], [1784, 902], [1736, 903], [1737, 903], [1738, 903], [1739, 903], [1782, 903], [1783, 903], [1784, 903], [1785, 903], [1737, 904], [1738, 904], [1739, 904], [1740, 904], [1783, 904], [1784, 904], [1785, 904], [1738, 905], [1739, 905], [1740, 905], [1741, 905], [1784, 905], [1785, 905], [1786, 905], [1739, 906], [1740, 906], [1741, 906], [1742, 906], [1784, 906], [1785, 906], [1786, 906], [1787, 906], [1740, 907], [1741, 907], [1742, 907], [1785, 907], [1786, 907], [1787, 907], [1788, 907], [1741, 908], [1742, 908], [1743, 908], [1744, 908], [1786, 908], [1787, 908], [1788, 908], [1789, 908], [1741, 909], [1742, 909], [1743, 909], [1744, 909], [1745, 909], [1787, 909], [1788, 909], [1789, 909], [1790, 909], [1743, 910], [1744, 910], [1745, 910], [1746, 910], [1788, 910], [1789, 910], [1790, 910], [1791, 910], [1744, 911], [1745, 911], [1746, 911], [1747, 911], [1789, 911], [1790, 911], [1791, 911], [1792, 911], [1745, 912], [1746, 912], [1747, 912], [1748, 912], [1790, 912], [1791, 912], [1792, 912], [1793, 912], [1746, 913], [1747, 913], [1748, 913], [1749, 913], [1791, 913], [1792, 913], [1793, 913], [1747, 914], [1748, 914], [1749, 914], [1792, 914], [1793, 914], [1794, 914], [1748, 915], [1749, 915], [1750, 915], [1792, 915], [1793, 915], [1794, 915], [1795, 915], [1796, 915], [1748, 916], [1749, 916], [1750, 916], [1751, 916], [1793, 916], [1794, 916], [1795, 916], [1796, 916], [1749, 917], [1750, 917], [1751, 917], [1752, 917], [1795, 917], [1796, 917], [1797, 917], [1750, 918], [1751, 918], [1752, 918], [1753, 918], [1795, 918], [1796, 918], [1797, 918], [1798, 918], [1751, 919], [1752, 919], [1753, 919], [1754, 919], [1796, 919], [1797, 919], [1798, 919], [1799, 919], [1752, 920], [1753, 920], [1754, 920], [1755, 920], [1797, 920], [1798, 920], [1799, 920], [1800, 920], [1753, 921], [1754, 921], [1755, 921], [1798, 921], [1799, 921], [1800, 921], [1801, 921], [1754, 922], [1755, 922], [1756, 922], [1799, 922], [1800, 922], [1801, 922], [1802, 922], [1754, 923], [1755, 923], [1756, 923], [1757, 923], [1800, 923], [1801, 923], [1802, 923], [1803, 923], [1755, 924], [1756, 924], [1757, 924], [1758, 924], [1801, 924], [1802, 924], [1803, 924], [1804, 924], [1756, 925], [1757, 925], [1758, 925], [1759, 925], [1802, 925], [1803, 925], [1804, 925], [1805, 925], [1757, 926], [1758, 926], [1759, 926], [1760, 926], [1803, 926], [1804, 926], [1805, 926], [1806, 926], [1758, 927], [1759, 927], [1760, 927], [1761, 927], [1804, 927], [1805, 927], [1806, 927], [1807, 927], [1759, 928], [1760, 928], [1761, 928], [1805, 928], [1806, 928], [1807, 928], [1808, 928], [1760, 929], [1761, 929], [1762, 929], [1806, 929], [1807, 929], [1808, 929], [1809, 929], [1760, 930], [1761, 930], [1762, 930], [1763, 930], [1807, 930], [1808, 930], [1809, 930], [1810, 930], [1761, 931], [1762, 931], [1763, 931], [1764, 931], [1808, 931], [1809, 931], [1810, 931], [1762, 932], [1763, 932], [1764, 932], [1809, 932], [1810, 932], [1811, 932], [1763, 933], [1764, 933], [1765, 933], [1809, 933], [1810, 933], [1811, 933], [1812, 933], [1763, 934], [1764, 934], [1765, 934], [1766, 934], [1810, 934], [1811, 934], [1812, 934], [1813, 934], [1764, 935], [1765, 935], [1766, 935], [1767, 935], [1811, 935], [1812, 935], [1813, 935], [1814, 935], [1765, 936], [1766, 936], [1767, 936], [1768, 936], [1812, 936], [1813, 936], [1814, 936], [1815, 936], [1766, 937], [1767, 937], [1768, 937], [1769, 937], [1813, 937], [1814, 937], [1815, 937], [1816, 937], [1767, 938], [1768, 938], [1769, 938], [1770, 938], [1814, 938], [1815, 938], [1816, 938], [1817, 938], [1768, 939], [1769, 939], [1770, 939], [1815, 939], [1816, 939], [1817, 939], [1818, 939], [1769, 940], [1770, 940], [1771, 940], [1816, 940], [1817, 940], [1818, 940], [1819, 940], [1769, 941], [1770, 941], [1771, 941], [1772, 941], [1817, 941], [1818, 941], [1819, 941], [1820, 941], [1770, 942], [1771, 942], [1772, 942], [1773, 942], [1818, 942], [1819, 942], [1820, 942], [1821, 942], [1771, 943], [1772, 943], [1773, 943], [1774, 943], [1819, 943], [1820, 943], [1821, 943], [1822, 943], [1772, 944], [1773, 944], [1774, 944], [1775, 944], [1820, 944], [1821, 944], [1822, 944], [1823, 944], [1773, 945], [1774, 945], [1775, 945], [1776, 945], [1821, 945], [1822, 945], [1823, 945], [1824, 945], [1774, 946], [1775, 946], [1776, 946], [1777, 946], [1822, 946], [1823, 946], [1824, 946], [1775, 947], [1776, 947], [1777, 947], [1823, 947], [1824, 947], [1776, 948], [1777, 948], [1778, 948], [1824, 948], [1776, 949], [1777, 949], [1778, 949], [1779, 949], [1777, 950], [1778, 950], [1779, 950], [1780, 950], [1778, 951], [1779, 951], [1780, 951], [1781, 951], [1779, 952], [1780, 952], [1781, 952], [1782, 952], [1780, 953], [1781, 953], [1782, 953], [1783, 953], [1781, 954], [1782, 954], [1783, 954], [1784, 954], [1782, 955], [1783, 955], [1784, 955], [1783, 956], [1784, 956], [1785, 956], [1783, 957], [1784, 957], [1785, 957], [1786, 957], [1784, 958], [1785, 958], [1786, 958], [1787, 958], [1785, 959], [1786, 959], [1787, 959], [1788, 959], [1786, 960], [1787, 960], [1788, 960], [1789, 960], [1787, 961], [1788, 961], [1789, 961], [1790, 961], [1788, 962], [1789, 962], [1790, 962], [1791, 962], [1789, 963], [1790, 963], [1791, 963], [1792, 963], [1790, 964], [1791, 964], [1792, 964], [1793, 964], [1791, 965], [1792, 965], [1793, 965], [1794, 965], [1792, 966], [1793, 966], [1794, 966], [1795, 966], [1793, 967], [1794, 967], [1795, 967], [1796, 967], [1794, 968], [1795, 968], [1796, 968], [1797, 968], [1795, 969], [1796, 969], [1797, 969], [1798, 969], [1796, 970], [1797, 970], [1798, 970], [1799, 970], [1797, 971], [1798, 971], [1799, 971], [1798, 972], [1799, 972], [1800, 972], [1798, 973], [1799, 973], [1800, 973], [1801, 973], [1799, 974], [1800, 974], [1801, 974], [1802, 974], [1800, 975], [1801, 975], [1802, 975], [1803, 975], [1801, 976], [1802, 976], [1803, 976], [1804, 976], [1802, 977], [1803, 977], [1804, 977], [1805, 977], [1803, 978], [1804, 978], [1805, 978], [1806, 978], [1804, 979], [1805, 979], [1806, 979], [1807, 979], [1805, 980], [1806, 980], [1807, 980], [1806, 981], [1807, 981], [1808, 981], [1806, 982], [1807, 982], [1808, 982], [1809, 982], [1807, 983], [1808, 983], [1809, 983], [1810, 983], [1808, 984], [1809, 984], [1810, 984], [1811, 984], [1809, 985], [1810, 985], [1811, 985], [1812, 985], [1810, 986], [1811, 986], [1812, 986], [1813, 986], [1811, 987], [1812, 987], [1813, 987], [1814, 987], [1812, 988], [1813, 988], [1814, 988], [1813, 989], [1814, 989], [1815, 989], [1813, 990], [1814, 990], [1815, 990], [1816, 990], [1814, 991], [1815, 991], [1816, 991], [1817, 991], [1815, 992], [1816, 992], [1817, 992], [1818, 992], [1816, 993], [1817, 993], [1818, 993], [1819, 993], [1817, 994], [1818, 994], [1819, 994], [1820, 994], [1818, 995], [1819, 995], [1820, 995], [1821, 995], [1819, 996], [1820, 996], [1821, 996], [1822, 996], [1820, 997], [1821, 997], [1822, 997], [1823, 997], [1821, 998], [1822, 998], [1823, 998], [1824, 998], [1822, 999], [1823, 999], [1824, 999], [1823, 1000], [1824, 1000], [1824, 1001]


