White line left - 




Yellow line left - [1620, 239], [1621, 239], [1622, 239], [1623, 239], [1624, 239], [1625, 239], [1626, 239], [1627, 239], [1628, 239], [1616, 240], [1617, 240], [1618, 240], [1619, 240], [1620, 240], [1621, 240], [1622, 240], [1623, 240], [1624, 240], [1625, 240], [1626, 240], [1627, 240], [1628, 240], [1614, 241], [1615, 241], [1616, 241], [1617, 241], [1618, 241], [1619, 241], [1620, 241], [1621, 241], [1626, 241], [1627, 241], [1628, 241], [1610, 242], [1611, 242], [1612, 242], [1613, 242], [1614, 242], [1615, 242], [1616, 242], [1617, 242], [1625, 242], [1626, 242], [1627, 242], [1609, 243], [1610, 243], [1611, 243], [1612, 243], [1613, 243], [1614, 243], [1615, 243], [1625, 243], [1626, 243], [1627, 243], [1609, 244], [1610, 244], [1611, 244], [1623, 244], [1624, 244], [1625, 244], [1626, 244], [1609, 245], [1610, 245], [1611, 245], [1621, 245], [1622, 245], [1623, 245], [1624, 245], [1625, 245], [1626, 245], [1609, 246], [1610, 246], [1611, 246], [1619, 246], [1620, 246], [1621, 246], [1622, 246], [1623, 246], [1624, 246], [1625, 246], [1626, 246], [1610, 247], [1611, 247], [1616, 247], [1617, 247], [1618, 247], [1619, 247], [1620, 247], [1621, 247], [1622, 247], [1610, 248], [1611, 248], [1612, 248], [1613, 248], [1614, 248], [1615, 248], [1616, 248], [1617, 248], [1618, 248], [1619, 248], [1620, 248], [1610, 249], [1611, 249], [1612, 249], [1613, 249], [1614, 249], [1615, 249], [1616, 249], [1617, 249]




Yellow line right - [1472, 263], [1470, 264], [1471, 264], [1472, 264], [1473, 264], [1474, 264], [1471, 265], [1472, 265], [1473, 265], [1474, 265], [1475, 265], [1476, 265], [1477, 265], [1478, 265], [1473, 266], [1474, 266], [1475, 266], [1476, 266], [1477, 266], [1478, 266], [1479, 266], [1480, 266], [1481, 266], [1477, 267], [1478, 267], [1479, 267], [1480, 267], [1481, 267], [1482, 267], [1483, 267], [1480, 268], [1481, 268], [1482, 268], [1483, 268], [1484, 268], [1485, 268], [1486, 268], [1487, 268], [1482, 269], [1483, 269], [1484, 269], [1485, 269], [1486, 269], [1487, 269], [1488, 269], [1486, 270], [1487, 270], [1488, 270], [1489, 270], [1490, 270], [1487, 271], [1488, 271], [1489, 271], [1490, 271], [1491, 271], [1492, 271], [1489, 272], [1490, 272], [1491, 272], [1492, 272], [1493, 272], [1494, 272], [1491, 273], [1492, 273], [1493, 273], [1494, 273], [1495, 273], [1496, 273], [1493, 274], [1494, 274], [1495, 274], [1496, 274], [1497, 274], [1498, 274], [1499, 274], [1500, 274], [1495, 275], [1496, 275], [1497, 275], [1498, 275], [1499, 275], [1500, 275], [1501, 275], [1502, 275], [1503, 275], [1504, 275], [1505, 275], [1499, 276], [1500, 276], [1501, 276], [1502, 276], [1503, 276], [1504, 276], [1505, 276], [1506, 276], [1507, 276], [1508, 276], [1504, 277], [1505, 277], [1506, 277], [1507, 277], [1508, 277], [1509, 277], [1507, 278], [1508, 278], [1509, 278], [1510, 278], [1511, 278], [1508, 279], [1509, 279], [1510, 279], [1511, 279], [1512, 279], [1513, 279], [1510, 280], [1511, 280], [1512, 280], [1513, 280], [1514, 280], [1515, 280], [1512, 281], [1513, 281], [1514, 281], [1515, 281], [1516, 281], [1517, 281], [1518, 281], [1519, 281], [1514, 282], [1515, 282], [1516, 282], [1517, 282], [1518, 282], [1519, 282], [1520, 282], [1521, 282], [1518, 283], [1519, 283], [1520, 283], [1521, 283], [1522, 283], [1523, 283], [1524, 283], [1525, 283], [1520, 284], [1521, 284], [1522, 284], [1523, 284], [1524, 284], [1525, 284], [1526, 284], [1527, 284], [1524, 285], [1525, 285], [1526, 285], [1527, 285], [1528, 285], [1526, 286], [1527, 286], [1528, 286], [1529, 286], [1530, 286], [1527, 287], [1528, 287], [1529, 287], [1530, 287], [1531, 287], [1532, 287], [1529, 288], [1530, 288], [1531, 288], [1532, 288], [1533, 288], [1534, 288], [1535, 288], [1536, 288], [1531, 289], [1532, 289], [1533, 289], [1534, 289], [1535, 289], [1536, 289], [1537, 289], [1538, 289], [1539, 289], [1540, 289], [1535, 290], [1536, 290], [1537, 290], [1538, 290], [1539, 290], [1540, 290], [1541, 290], [1542, 290], [1543, 290], [1539, 291], [1540, 291], [1541, 291], [1542, 291], [1543, 291], [1544, 291], [1545, 291], [1542, 292], [1543, 292], [1544, 292], [1545, 292], [1546, 292], [1547, 292], [1544, 293], [1545, 293], [1546, 293], [1547, 293], [1548, 293], [1549, 293], [1550, 293], [1551, 293], [1546, 294], [1547, 294], [1548, 294], [1549, 294], [1550, 294], [1551, 294], [1552, 294], [1553, 294], [1554, 294], [1555, 294], [1550, 295], [1551, 295], [1552, 295], [1553, 295], [1554, 295], [1555, 295], [1556, 295], [1557, 295], [1558, 295], [1559, 295], [1560, 295], [1554, 296], [1555, 296], [1556, 296], [1557, 296], [1558, 296], [1559, 296], [1560, 296], [1561, 296], [1559, 297], [1560, 297], [1561, 297], [1562, 297], [1563, 297], [1560, 298], [1561, 298], [1562, 298], [1563, 298], [1564, 298], [1565, 298], [1562, 299], [1563, 299], [1564, 299], [1565, 299], [1566, 299], [1567, 299], [1568, 299], [1569, 299], [1564, 300], [1565, 300], [1566, 300], [1567, 300], [1568, 300], [1569, 300], [1570, 300], [1568, 301], [1569, 301], [1570, 301], [1571, 301], [1569, 302], [1570, 302], [1571, 302], [1572, 302], [1573, 302], [1574, 302], [1570, 303], [1571, 303], [1572, 303], [1573, 303], [1574, 303], [1575, 303], [1576, 303], [1577, 303], [1573, 304], [1574, 304], [1575, 304], [1576, 304], [1577, 304], [1578, 304], [1579, 304], [1580, 304], [1576, 305], [1577, 305], [1578, 305], [1579, 305], [1580, 305], [1581, 305], [1582, 305], [1583, 305], [1584, 305], [1585, 305], [1579, 306], [1580, 306], [1581, 306], [1582, 306], [1583, 306], [1584, 306], [1585, 306], [1586, 306], [1587, 306], [1588, 306], [1589, 306], [1584, 307], [1585, 307], [1586, 307], [1587, 307], [1588, 307], [1589, 307], [1590, 307], [1591, 307], [1592, 307], [1593, 307], [1588, 308], [1589, 308], [1590, 308], [1591, 308], [1592, 308], [1593, 308], [1594, 308], [1595, 308], [1592, 309], [1593, 309], [1594, 309], [1595, 309], [1596, 309], [1594, 310], [1595, 310], [1596, 310], [1597, 310], [1598, 310], [1595, 311], [1596, 311], [1597, 311], [1598, 311], [1599, 311], [1600, 311], [1597, 312], [1598, 312], [1599, 312], [1600, 312], [1601, 312], [1602, 312], [1603, 312], [1599, 313], [1600, 313], [1601, 313], [1602, 313], [1603, 313], [1604, 313], [1605, 313], [1606, 313], [1607, 313], [1602, 314], [1603, 314], [1604, 314], [1605, 314], [1606, 314], [1607, 314], [1608, 314], [1609, 314], [1610, 314], [1606, 315], [1607, 315], [1608, 315], [1609, 315], [1610, 315], [1611, 315], [1612, 315], [1613, 315], [1614, 315], [1615, 315], [1616, 315], [1609, 316], [1610, 316], [1611, 316], [1612, 316], [1613, 316], [1614, 316], [1615, 316], [1616, 316], [1617, 316], [1615, 317], [1616, 317], [1617, 317], [1618, 317], [1616, 318], [1617, 318], [1618, 318], [1619, 318], [1620, 318], [1621, 318], [1617, 319], [1618, 319], [1619, 319], [1620, 319], [1621, 319], [1622, 319], [1623, 319], [1620, 320], [1621, 320], [1622, 320], [1623, 320], [1624, 320], [1625, 320], [1626, 320], [1622, 321], [1623, 321], [1624, 321], [1625, 321], [1626, 321], [1627, 321], [1628, 321], [1629, 321], [1625, 322], [1626, 322], [1627, 322], [1628, 322], [1629, 322], [1630, 322], [1631, 322], [1632, 322], [1633, 322], [1628, 323], [1629, 323], [1630, 323], [1631, 323], [1632, 323], [1633, 323], [1634, 323], [1635, 323], [1632, 324], [1633, 324], [1634, 324], [1635, 324], [1636, 324], [1637, 324], [1638, 324], [1634, 325], [1635, 325], [1636, 325], [1637, 325], [1638, 325], [1639, 325], [1640, 325], [1637, 326], [1638, 326], [1639, 326], [1640, 326], [1641, 326], [1642, 326], [1639, 327], [1640, 327], [1641, 327], [1642, 327], [1643, 327], [1644, 327], [1645, 327], [1646, 327], [1641, 328], [1642, 328], [1643, 328], [1644, 328], [1645, 328], [1646, 328], [1647, 328], [1648, 328], [1645, 329], [1646, 329], [1647, 329], [1648, 329], [1649, 329], [1650, 329], [1647, 330], [1648, 330], [1649, 330], [1650, 330], [1651, 330], [1652, 330], [1653, 330], [1654, 330], [1649, 331], [1650, 331], [1651, 331], [1652, 331], [1653, 331], [1654, 331], [1655, 331], [1656, 331], [1657, 331], [1653, 332], [1654, 332], [1655, 332], [1656, 332], [1657, 332], [1658, 332], [1659, 332], [1660, 332], [1656, 333], [1657, 333], [1658, 333], [1659, 333], [1660, 333], [1661, 333], [1662, 333], [1663, 333], [1664, 333], [1659, 334], [1660, 334], [1661, 334], [1662, 334], [1663, 334], [1664, 334], [1665, 334], [1666, 334], [1663, 335], [1664, 335], [1665, 335], [1666, 335], [1667, 335], [1668, 335], [1669, 335], [1665, 336], [1666, 336], [1667, 336], [1668, 336], [1669, 336], [1670, 336], [1671, 336], [1672, 336], [1673, 336], [1668, 337], [1669, 337], [1670, 337], [1671, 337], [1672, 337], [1673, 337], [1674, 337], [1675, 337], [1676, 337], [1677, 337], [1672, 338], [1673, 338], [1674, 338], [1675, 338], [1676, 338], [1677, 338], [1678, 338], [1679, 338], [1680, 338], [1681, 338], [1682, 338], [1676, 339], [1677, 339], [1678, 339], [1679, 339], [1680, 339], [1681, 339], [1682, 339], [1683, 339], [1684, 339], [1685, 339], [1681, 340], [1682, 340], [1683, 340], [1684, 340], [1685, 340], [1686, 340], [1684, 341], [1685, 341], [1686, 341], [1687, 341], [1688, 341], [1689, 341], [1685, 342], [1686, 342], [1687, 342], [1688, 342], [1689, 342], [1690, 342], [1691, 342], [1692, 342], [1693, 342], [1694, 342], [1688, 343], [1689, 343], [1690, 343], [1691, 343], [1692, 343], [1693, 343], [1694, 343], [1695, 343], [1696, 343], [1693, 344], [1694, 344], [1695, 344], [1696, 344], [1695, 345], [1696, 345], [1697, 345], [1698, 345], [1699, 345], [1695, 346], [1696, 346], [1697, 346], [1698, 346], [1699, 346], [1700, 346], [1701, 346], [1698, 347], [1699, 347], [1700, 347], [1701, 347], [1702, 347], [1703, 347], [1700, 348], [1701, 348], [1702, 348], [1703, 348], [1704, 348], [1702, 349], [1703, 349], [1704, 349], [1705, 349], [1706, 349], [1703, 350], [1704, 350], [1705, 350], [1706, 350], [1707, 350], [1708, 350], [1709, 350], [1705, 351], [1706, 351], [1707, 351], [1708, 351], [1709, 351], [1710, 351], [1711, 351], [1708, 352], [1709, 352], [1710, 352], [1711, 352], [1712, 352], [1713, 352], [1714, 352], [1715, 352], [1716, 352], [1717, 352], [1718, 352], [1719, 352], [1710, 353], [1711, 353], [1712, 353], [1713, 353], [1714, 353], [1715, 353], [1716, 353], [1717, 353], [1718, 353], [1719, 353], [1720, 353], [1721, 353], [1716, 354], [1717, 354], [1718, 354], [1719, 354], [1720, 354], [1721, 354], [1722, 354], [1723, 354], [1720, 355], [1721, 355], [1722, 355], [1723, 355], [1724, 355], [1725, 355], [1726, 355], [1727, 355], [1728, 355], [1729, 355], [1730, 355], [1731, 355], [1722, 356], [1723, 356], [1724, 356], [1725, 356], [1726, 356], [1727, 356], [1728, 356], [1729, 356], [1730, 356], [1731, 356], [1732, 356], [1733, 356], [1734, 356], [1735, 356], [1736, 356], [1728, 357], [1729, 357], [1730, 357], [1731, 357], [1732, 357], [1733, 357], [1734, 357], [1735, 357], [1736, 357], [1737, 357], [1738, 357], [1739, 357], [1740, 357], [1741, 357], [1742, 357], [1743, 357], [1744, 357], [1735, 358], [1736, 358], [1737, 358], [1738, 358], [1739, 358], [1740, 358], [1741, 358], [1742, 358], [1743, 358], [1744, 358], [1745, 358], [1746, 358], [1747, 358], [1748, 358], [1749, 358], [1743, 359], [1744, 359], [1745, 359], [1746, 359], [1747, 359], [1748, 359], [1749, 359], [1750, 359], [1748, 360], [1749, 360], [1750, 360], [1751, 360], [1749, 361], [1750, 361], [1751, 361], [1752, 361], [1750, 362], [1751, 362], [1752, 362], [1753, 362], [1751, 363], [1752, 363], [1753, 363], [1754, 363], [1755, 363], [1752, 364], [1753, 364], [1754, 364], [1755, 364], [1756, 364], [1757, 364], [1758, 364], [1754, 365], [1755, 365], [1756, 365], [1757, 365], [1758, 365], [1759, 365], [1757, 366], [1758, 366], [1759, 366], [1760, 366], [1761, 366], [1762, 366], [1758, 367], [1759, 367], [1760, 367], [1761, 367], [1762, 367], [1763, 367], [1764, 367], [1759, 368], [1760, 368], [1761, 368], [1762, 368], [1763, 368], [1764, 368], [1765, 368], [1766, 368], [1767, 368], [1763, 369], [1764, 369], [1765, 369], [1766, 369], [1767, 369], [1768, 369], [1769, 369], [1766, 370], [1767, 370], [1768, 370], [1769, 370], [1770, 370], [1768, 371], [1769, 371], [1770, 371], [1771, 371], [1769, 372], [1770, 372], [1771, 372], [1772, 372], [1773, 372], [1774, 372], [1775, 372], [1776, 372], [1777, 372], [1770, 373], [1771, 373], [1772, 373], [1773, 373], [1774, 373], [1775, 373], [1776, 373], [1777, 373], [1778, 373], [1779, 373], [1780, 373], [1776, 374], [1777, 374], [1778, 374], [1779, 374], [1780, 374], [1781, 374], [1782, 374], [1783, 374], [1779, 375], [1780, 375], [1781, 375], [1782, 375], [1783, 375], [1784, 375], [1782, 376], [1783, 376], [1784, 376], [1785, 376], [1786, 376], [1787, 376], [1783, 377], [1784, 377], [1785, 377], [1786, 377], [1787, 377], [1788, 377], [1789, 377], [1790, 377], [1786, 378], [1787, 378], [1788, 378], [1789, 378], [1790, 378], [1791, 378], [1792, 378], [1793, 378], [1794, 378], [1795, 378], [1789, 379], [1790, 379], [1791, 379], [1792, 379], [1793, 379], [1794, 379], [1795, 379], [1796, 379], [1797, 379], [1794, 380], [1795, 380], [1796, 380], [1797, 380], [1798, 380], [1794, 381], [1795, 381], [1796, 381], [1797, 381], [1798, 381], [1799, 381], [1800, 381], [1801, 381], [1797, 382], [1798, 382], [1799, 382], [1800, 382], [1801, 382], [1802, 382], [1803, 382], [1804, 382], [1800, 383], [1801, 383], [1802, 383], [1803, 383], [1804, 383], [1805, 383], [1806, 383], [1807, 383], [1808, 383], [1809, 383], [1810, 383], [1811, 383], [1812, 383], [1803, 384], [1804, 384], [1805, 384], [1806, 384], [1807, 384], [1808, 384], [1809, 384], [1810, 384], [1811, 384], [1812, 384], [1813, 384], [1814, 384], [1815, 384], [1816, 384], [1811, 385], [1812, 385], [1813, 385], [1814, 385], [1815, 385], [1816, 385], [1817, 385], [1815, 386], [1816, 386], [1817, 386], [1816, 387], [1817, 387], [1818, 387], [1819, 387], [1816, 388], [1817, 388], [1818, 388], [1819, 388], [1820, 388], [1818, 389], [1819, 389], [1820, 389], [1821, 389], [1819, 390], [1820, 390], [1821, 390], [1822, 390], [1823, 390], [1820, 391], [1821, 391], [1822, 391], [1823, 391], [1822, 392], [1823, 392], [1824, 392], [1822, 393], [1823, 393], [1824, 393], [1824, 394]




White line right - [1758, 93], [1759, 93], [1756, 94], [1757, 94], [1758, 94], [1759, 94], [1755, 95], [1756, 95], [1757, 95], [1758, 95], [1754, 96], [1755, 96], [1757, 96], [1758, 96], [1751, 97], [1752, 97], [1754, 97], [1755, 97], [1756, 97], [1757, 97], [1758, 97], [1750, 98], [1751, 98], [1752, 98], [1753, 98], [1754, 98], [1755, 98], [1756, 98], [1757, 98], [1748, 99], [1749, 99], [1750, 99], [1751, 99], [1752, 99], [1753, 99], [1754, 99], [1755, 99], [1756, 99], [1757, 99], [1747, 100], [1748, 100], [1749, 100], [1750, 100], [1751, 100], [1752, 100], [1754, 100], [1755, 100], [1756, 100], [1747, 101], [1748, 101], [1749, 101], [1750, 101], [1751, 101], [1752, 101], [1753, 101], [1754, 101], [1755, 101], [1756, 101], [1747, 102], [1748, 102], [1749, 102], [1751, 102], [1752, 102], [1753, 102], [1754, 102], [1755, 102], [1747, 103], [1748, 103], [1749, 103], [1750, 103], [1751, 103], [1752, 103], [1738, 130], [1739, 130], [1740, 130], [1741, 130], [1742, 130], [1736, 131], [1737, 131], [1738, 131], [1739, 131], [1740, 131], [1741, 131], [1742, 131], [1743, 131], [1736, 132], [1737, 132], [1739, 132], [1740, 132], [1741, 132], [1742, 132], [1743, 132], [1744, 132], [1735, 133], [1736, 133], [1737, 133], [1738, 133], [1739, 133], [1740, 133], [1741, 133], [1742, 133], [1743, 133], [1744, 133], [1734, 134], [1735, 134], [1736, 134], [1737, 134], [1738, 134], [1740, 134], [1741, 134], [1743, 134], [1744, 134], [1734, 135], [1735, 135], [1736, 135], [1737, 135], [1740, 135], [1741, 135], [1742, 135], [1743, 135], [1733, 136], [1734, 136], [1735, 136], [1736, 136], [1737, 136], [1738, 136], [1739, 136], [1740, 136], [1741, 136], [1742, 136], [1743, 136], [1733, 137], [1734, 137], [1735, 137], [1736, 137], [1737, 137], [1738, 137], [1739, 137], [1740, 137], [1741, 137], [1742, 137], [1743, 137], [1733, 138], [1734, 138], [1735, 138], [1736, 138], [1738, 138], [1739, 138], [1741, 138], [1742, 138], [1732, 139], [1733, 139], [1735, 139], [1736, 139], [1738, 139], [1739, 139], [1740, 139], [1741, 139], [1742, 139], [1732, 140], [1733, 140], [1734, 140], [1735, 140], [1738, 140], [1739, 140], [1740, 140], [1741, 140], [1742, 140], [1731, 141], [1732, 141], [1734, 141], [1735, 141], [1737, 141], [1738, 141], [1739, 141], [1740, 141], [1741, 141], [1731, 142], [1732, 142], [1733, 142], [1734, 142], [1737, 142], [1738, 142], [1739, 142], [1740, 142], [1741, 142], [1731, 143], [1732, 143], [1733, 143], [1734, 143], [1736, 143], [1737, 143], [1738, 143], [1739, 143], [1740, 143], [1730, 144], [1731, 144], [1732, 144], [1733, 144], [1734, 144], [1736, 144], [1737, 144], [1739, 144], [1740, 144], [1730, 145], [1731, 145], [1732, 145], [1733, 145], [1734, 145], [1736, 145], [1737, 145], [1738, 145], [1739, 145], [1740, 145], [1729, 146], [1730, 146], [1732, 146], [1733, 146], [1736, 146], [1737, 146], [1738, 146], [1739, 146], [1729, 147], [1730, 147], [1731, 147], [1732, 147], [1736, 147], [1737, 147], [1738, 147], [1739, 147], [1729, 148], [1730, 148], [1731, 148], [1732, 148], [1735, 148], [1736, 148], [1738, 148], [1739, 148], [1728, 149], [1729, 149], [1731, 149], [1732, 149], [1735, 149], [1736, 149], [1737, 149], [1738, 149], [1728, 150], [1729, 150], [1730, 150], [1731, 150], [1734, 150], [1735, 150], [1737, 150], [1738, 150], [1728, 151], [1729, 151], [1730, 151], [1731, 151], [1733, 151], [1734, 151], [1735, 151], [1736, 151], [1737, 151], [1727, 152], [1728, 152], [1730, 152], [1731, 152], [1733, 152], [1734, 152], [1736, 152], [1737, 152], [1727, 153], [1728, 153], [1729, 153], [1730, 153], [1732, 153], [1733, 153], [1734, 153], [1735, 153], [1736, 153], [1737, 153], [1727, 154], [1728, 154], [1729, 154], [1730, 154], [1732, 154], [1733, 154], [1734, 154], [1735, 154], [1736, 154], [1726, 155], [1727, 155], [1729, 155], [1730, 155], [1732, 155], [1733, 155], [1734, 155], [1735, 155], [1736, 155], [1726, 156], [1727, 156], [1728, 156], [1729, 156], [1732, 156], [1733, 156], [1734, 156], [1735, 156], [1736, 156], [1725, 157], [1726, 157], [1727, 157], [1728, 157], [1729, 157], [1731, 157], [1732, 157], [1733, 157], [1734, 157], [1735, 157], [1725, 158], [1726, 158], [1727, 158], [1728, 158], [1730, 158], [1731, 158], [1732, 158], [1733, 158], [1734, 158], [1735, 158], [1725, 159], [1726, 159], [1727, 159], [1728, 159], [1729, 159], [1730, 159], [1732, 159], [1733, 159], [1734, 159], [1725, 160], [1726, 160], [1727, 160], [1728, 160], [1729, 160], [1730, 160], [1731, 160], [1732, 160], [1733, 160], [1725, 161], [1726, 161], [1727, 161], [1728, 161], [1729, 161], [1730, 161], [1731, 161], [1717, 187], [1718, 187], [1719, 187], [1720, 187], [1715, 188], [1716, 188], [1717, 188], [1718, 188], [1719, 188], [1720, 188], [1721, 188], [1722, 188], [1714, 189], [1715, 189], [1716, 189], [1718, 189], [1719, 189], [1721, 189], [1722, 189], [1714, 190], [1715, 190], [1716, 190], [1717, 190], [1718, 190], [1719, 190], [1720, 190], [1721, 190], [1722, 190], [1713, 191], [1714, 191], [1716, 191], [1717, 191], [1719, 191], [1720, 191], [1721, 191], [1722, 191], [1713, 192], [1714, 192], [1715, 192], [1716, 192], [1719, 192], [1720, 192], [1721, 192], [1722, 192], [1712, 193], [1713, 193], [1715, 193], [1716, 193], [1718, 193], [1719, 193], [1721, 193], [1722, 193], [1712, 194], [1713, 194], [1714, 194], [1715, 194], [1718, 194], [1719, 194], [1720, 194], [1721, 194], [1711, 195], [1712, 195], [1713, 195], [1714, 195], [1715, 195], [1717, 195], [1718, 195], [1719, 195], [1720, 195], [1721, 195], [1711, 196], [1712, 196], [1713, 196], [1714, 196], [1715, 196], [1717, 196], [1718, 196], [1719, 196], [1720, 196], [1721, 196], [1711, 197], [1712, 197], [1713, 197], [1714, 197], [1717, 197], [1718, 197], [1719, 197], [1720, 197], [1710, 198], [1711, 198], [1713, 198], [1714, 198], [1715, 198], [1716, 198], [1717, 198], [1719, 198], [1720, 198], [1710, 199], [1711, 199], [1712, 199], [1713, 199], [1715, 199], [1716, 199], [1717, 199], [1718, 199], [1719, 199], [1710, 200], [1711, 200], [1712, 200], [1713, 200], [1715, 200], [1716, 200], [1717, 200], [1718, 200], [1719, 200], [1709, 201], [1710, 201], [1711, 201], [1712, 201], [1715, 201], [1716, 201], [1717, 201], [1718, 201], [1719, 201], [1709, 202], [1710, 202], [1711, 202], [1712, 202], [1715, 202], [1716, 202], [1717, 202], [1718, 202], [1708, 203], [1709, 203], [1711, 203], [1712, 203], [1714, 203], [1715, 203], [1716, 203], [1717, 203], [1718, 203], [1708, 204], [1709, 204], [1710, 204], [1711, 204], [1714, 204], [1715, 204], [1716, 204], [1717, 204], [1718, 204], [1708, 205], [1709, 205], [1710, 205], [1711, 205], [1714, 205], [1715, 205], [1716, 205], [1717, 205], [1707, 206], [1708, 206], [1709, 206], [1710, 206], [1711, 206], [1714, 206], [1715, 206], [1716, 206], [1717, 206], [1707, 207], [1708, 207], [1709, 207], [1710, 207], [1711, 207], [1713, 207], [1714, 207], [1716, 207], [1717, 207], [1706, 208], [1707, 208], [1708, 208], [1709, 208], [1710, 208], [1713, 208], [1714, 208], [1715, 208], [1716, 208], [1706, 209], [1707, 209], [1708, 209], [1709, 209], [1710, 209], [1711, 209], [1712, 209], [1713, 209], [1715, 209], [1716, 209], [1706, 210], [1707, 210], [1708, 210], [1710, 210], [1711, 210], [1712, 210], [1713, 210], [1714, 210], [1715, 210], [1705, 211], [1706, 211], [1708, 211], [1709, 211], [1710, 211], [1711, 211], [1712, 211], [1713, 211], [1714, 211], [1715, 211], [1705, 212], [1706, 212], [1707, 212], [1708, 212], [1709, 212], [1710, 212], [1711, 212], [1712, 212], [1713, 212], [1714, 212], [1715, 212], [1705, 213], [1706, 213], [1707, 213], [1708, 213], [1710, 213], [1711, 213], [1712, 213], [1713, 213], [1714, 213], [1705, 214], [1706, 214], [1707, 214], [1708, 214], [1709, 214], [1710, 214], [1711, 214], [1712, 214], [1713, 214], [1714, 214], [1705, 215], [1706, 215], [1707, 215], [1708, 215], [1709, 215], [1710, 215], [1711, 215], [1712, 215], [1713, 215], [1705, 216], [1706, 216], [1707, 216], [1708, 216], [1709, 216], [1710, 216], [1711, 216], [1712, 216], [1706, 217], [1707, 217], [1708, 217], [1709, 217], [1465, 267], [1466, 267], [1463, 268], [1464, 268], [1465, 268], [1466, 268], [1467, 268], [1468, 268], [1469, 268], [1461, 269], [1462, 269], [1463, 269], [1464, 269], [1466, 269], [1467, 269], [1468, 269], [1469, 269], [1470, 269], [1471, 269], [1460, 270], [1461, 270], [1462, 270], [1463, 270], [1464, 270], [1465, 270], [1466, 270], [1467, 270], [1468, 270], [1469, 270], [1470, 270], [1471, 270], [1472, 270], [1473, 270], [1474, 270], [1458, 271], [1459, 271], [1460, 271], [1462, 271], [1463, 271], [1464, 271], [1465, 271], [1466, 271], [1467, 271], [1468, 271], [1469, 271], [1471, 271], [1472, 271], [1473, 271], [1474, 271], [1475, 271], [1476, 271], [1477, 271], [1457, 272], [1458, 272], [1459, 272], [1460, 272], [1461, 272], [1462, 272], [1464, 272], [1465, 272], [1466, 272], [1467, 272], [1468, 272], [1469, 272], [1470, 272], [1471, 272], [1472, 272], [1474, 272], [1475, 272], [1476, 272], [1477, 272], [1478, 272], [1479, 272], [1460, 273], [1461, 273], [1462, 273], [1463, 273], [1464, 273], [1465, 273], [1467, 273], [1468, 273], [1469, 273], [1470, 273], [1471, 273], [1472, 273], [1473, 273], [1474, 273], [1475, 273], [1477, 273], [1478, 273], [1479, 273], [1480, 273], [1481, 273], [1482, 273], [1462, 274], [1463, 274], [1464, 274], [1465, 274], [1466, 274], [1467, 274], [1469, 274], [1470, 274], [1471, 274], [1472, 274], [1474, 274], [1475, 274], [1476, 274], [1477, 274], [1479, 274], [1480, 274], [1481, 274], [1482, 274], [1483, 274], [1484, 274], [1465, 275], [1466, 275], [1467, 275], [1468, 275], [1469, 275], [1470, 275], [1471, 275], [1472, 275], [1473, 275], [1474, 275], [1475, 275], [1476, 275], [1477, 275], [1478, 275], [1479, 275], [1480, 275], [1482, 275], [1483, 275], [1484, 275], [1485, 275], [1486, 275], [1487, 275], [1488, 275], [1467, 276], [1468, 276], [1469, 276], [1470, 276], [1471, 276], [1472, 276], [1473, 276], [1474, 276], [1475, 276], [1476, 276], [1477, 276], [1478, 276], [1479, 276], [1480, 276], [1481, 276], [1482, 276], [1484, 276], [1485, 276], [1486, 276], [1487, 276], [1488, 276], [1489, 276], [1490, 276], [1471, 277], [1472, 277], [1473, 277], [1474, 277], [1475, 277], [1476, 277], [1478, 277], [1479, 277], [1480, 277], [1481, 277], [1482, 277], [1483, 277], [1484, 277], [1485, 277], [1486, 277], [1487, 277], [1488, 277], [1489, 277], [1490, 277], [1491, 277], [1492, 277], [1493, 277], [1494, 277], [1473, 278], [1474, 278], [1475, 278], [1476, 278], [1477, 278], [1478, 278], [1480, 278], [1481, 278], [1482, 278], [1483, 278], [1484, 278], [1485, 278], [1486, 278], [1487, 278], [1488, 278], [1490, 278], [1491, 278], [1492, 278], [1493, 278], [1494, 278], [1495, 278], [1496, 278], [1476, 279], [1477, 279], [1478, 279], [1479, 279], [1480, 279], [1481, 279], [1483, 279], [1484, 279], [1485, 279], [1487, 279], [1488, 279], [1489, 279], [1490, 279], [1491, 279], [1492, 279], [1493, 279], [1494, 279], [1495, 279], [1496, 279], [1497, 279], [1498, 279], [1499, 279], [1500, 279], [1501, 279], [1502, 279], [1503, 279], [1504, 279], [1505, 279], [1506, 279], [1507, 279], [1508, 279], [1478, 280], [1479, 280], [1480, 280], [1481, 280], [1482, 280], [1483, 280], [1485, 280], [1486, 280], [1487, 280], [1488, 280], [1490, 280], [1491, 280], [1492, 280], [1493, 280], [1495, 280], [1496, 280], [1497, 280], [1498, 280], [1499, 280], [1500, 280], [1501, 280], [1502, 280], [1503, 280], [1504, 280], [1505, 280], [1506, 280], [1507, 280], [1508, 280], [1509, 280], [1510, 280], [1481, 281], [1482, 281], [1483, 281], [1484, 281], [1485, 281], [1486, 281], [1487, 281], [1488, 281], [1489, 281], [1490, 281], [1491, 281], [1492, 281], [1493, 281], [1494, 281], [1495, 281], [1500, 281], [1501, 281], [1502, 281], [1503, 281], [1504, 281], [1507, 281], [1508, 281], [1509, 281], [1510, 281], [1511, 281], [1483, 282], [1484, 282], [1485, 282], [1486, 282], [1487, 282], [1488, 282], [1490, 282], [1491, 282], [1492, 282], [1493, 282], [1495, 282], [1496, 282], [1497, 282], [1498, 282], [1499, 282], [1500, 282], [1501, 282], [1502, 282], [1503, 282], [1504, 282], [1505, 282], [1506, 282], [1507, 282], [1508, 282], [1510, 282], [1511, 282], [1486, 283], [1487, 283], [1488, 283], [1489, 283], [1490, 283], [1491, 283], [1492, 283], [1493, 283], [1494, 283], [1495, 283], [1496, 283], [1498, 283], [1499, 283], [1500, 283], [1501, 283], [1503, 283], [1504, 283], [1505, 283], [1506, 283], [1507, 283], [1508, 283], [1509, 283], [1510, 283], [1511, 283], [1488, 284], [1489, 284], [1490, 284], [1491, 284], [1492, 284], [1493, 284], [1494, 284], [1495, 284], [1496, 284], [1497, 284], [1498, 284], [1499, 284], [1500, 284], [1501, 284], [1506, 284], [1507, 284], [1508, 284], [1509, 284], [1510, 284], [1511, 284], [1512, 284], [1491, 285], [1492, 285], [1493, 285], [1494, 285], [1495, 285], [1496, 285], [1497, 285], [1498, 285], [1499, 285], [1500, 285], [1501, 285], [1502, 285], [1503, 285], [1504, 285], [1506, 285], [1507, 285], [1510, 285], [1511, 285], [1512, 285], [1513, 285], [1514, 285], [1493, 286], [1494, 286], [1495, 286], [1496, 286], [1497, 286], [1498, 286], [1499, 286], [1501, 286], [1502, 286], [1503, 286], [1504, 286], [1505, 286], [1506, 286], [1507, 286], [1508, 286], [1511, 286], [1512, 286], [1513, 286], [1514, 286], [1515, 286], [1516, 286], [1517, 286], [1496, 287], [1497, 287], [1498, 287], [1499, 287], [1500, 287], [1501, 287], [1502, 287], [1504, 287], [1505, 287], [1506, 287], [1507, 287], [1508, 287], [1509, 287], [1510, 287], [1511, 287], [1512, 287], [1513, 287], [1514, 287], [1515, 287], [1516, 287], [1517, 287], [1518, 287], [1519, 287], [1499, 288], [1500, 288], [1501, 288], [1502, 288], [1503, 288], [1504, 288], [1505, 288], [1506, 288], [1507, 288], [1508, 288], [1509, 288], [1511, 288], [1512, 288], [1513, 288], [1514, 288], [1515, 288], [1516, 288], [1517, 288], [1518, 288], [1519, 288], [1520, 288], [1521, 288], [1522, 288], [1502, 289], [1503, 289], [1504, 289], [1505, 289], [1506, 289], [1507, 289], [1509, 289], [1510, 289], [1511, 289], [1512, 289], [1514, 289], [1515, 289], [1516, 289], [1517, 289], [1519, 289], [1520, 289], [1521, 289], [1522, 289], [1523, 289], [1524, 289], [1504, 290], [1505, 290], [1506, 290], [1507, 290], [1508, 290], [1509, 290], [1510, 290], [1511, 290], [1512, 290], [1513, 290], [1514, 290], [1515, 290], [1516, 290], [1517, 290], [1518, 290], [1519, 290], [1520, 290], [1521, 290], [1522, 290], [1523, 290], [1524, 290], [1525, 290], [1526, 290], [1527, 290], [1507, 291], [1508, 291], [1509, 291], [1510, 291], [1511, 291], [1512, 291], [1513, 291], [1514, 291], [1515, 291], [1516, 291], [1517, 291], [1519, 291], [1520, 291], [1521, 291], [1522, 291], [1524, 291], [1525, 291], [1526, 291], [1527, 291], [1528, 291], [1529, 291], [1530, 291], [1509, 292], [1510, 292], [1511, 292], [1512, 292], [1513, 292], [1514, 292], [1515, 292], [1516, 292], [1517, 292], [1518, 292], [1519, 292], [1520, 292], [1521, 292], [1522, 292], [1523, 292], [1524, 292], [1525, 292], [1526, 292], [1527, 292], [1528, 292], [1529, 292], [1530, 292], [1531, 292], [1532, 292], [1512, 293], [1513, 293], [1514, 293], [1515, 293], [1516, 293], [1517, 293], [1519, 293], [1520, 293], [1521, 293], [1522, 293], [1523, 293], [1524, 293], [1525, 293], [1526, 293], [1527, 293], [1528, 293], [1529, 293], [1530, 293], [1531, 293], [1532, 293], [1533, 293], [1534, 293], [1535, 293], [1514, 294], [1515, 294], [1516, 294], [1517, 294], [1518, 294], [1519, 294], [1520, 294], [1522, 294], [1523, 294], [1524, 294], [1525, 294], [1526, 294], [1527, 294], [1528, 294], [1529, 294], [1530, 294], [1532, 294], [1533, 294], [1534, 294], [1535, 294], [1536, 294], [1537, 294], [1538, 294], [1517, 295], [1518, 295], [1519, 295], [1520, 295], [1521, 295], [1522, 295], [1523, 295], [1525, 295], [1526, 295], [1527, 295], [1528, 295], [1529, 295], [1530, 295], [1531, 295], [1532, 295], [1533, 295], [1534, 295], [1535, 295], [1536, 295], [1537, 295], [1538, 295], [1539, 295], [1540, 295], [1541, 295], [1520, 296], [1521, 296], [1522, 296], [1523, 296], [1524, 296], [1525, 296], [1527, 296], [1528, 296], [1529, 296], [1530, 296], [1532, 296], [1533, 296], [1534, 296], [1535, 296], [1536, 296], [1538, 296], [1539, 296], [1540, 296], [1541, 296], [1542, 296], [1543, 296], [1523, 297], [1524, 297], [1525, 297], [1526, 297], [1527, 297], [1528, 297], [1530, 297], [1531, 297], [1532, 297], [1533, 297], [1535, 297], [1536, 297], [1537, 297], [1538, 297], [1539, 297], [1541, 297], [1542, 297], [1543, 297], [1544, 297], [1545, 297], [1546, 297], [1525, 298], [1526, 298], [1527, 298], [1528, 298], [1529, 298], [1530, 298], [1531, 298], [1532, 298], [1533, 298], [1534, 298], [1535, 298], [1536, 298], [1538, 298], [1539, 298], [1540, 298], [1541, 298], [1543, 298], [1544, 298], [1545, 298], [1546, 298], [1547, 298], [1548, 298], [1549, 298], [1528, 299], [1529, 299], [1530, 299], [1531, 299], [1532, 299], [1533, 299], [1534, 299], [1535, 299], [1536, 299], [1537, 299], [1538, 299], [1539, 299], [1541, 299], [1542, 299], [1543, 299], [1544, 299], [1546, 299], [1547, 299], [1548, 299], [1549, 299], [1550, 299], [1551, 299], [1552, 299], [1531, 300], [1532, 300], [1533, 300], [1534, 300], [1535, 300], [1536, 300], [1538, 300], [1539, 300], [1540, 300], [1541, 300], [1543, 300], [1544, 300], [1545, 300], [1546, 300], [1547, 300], [1549, 300], [1550, 300], [1551, 300], [1552, 300], [1553, 300], [1554, 300], [1533, 301], [1534, 301], [1535, 301], [1536, 301], [1537, 301], [1538, 301], [1539, 301], [1541, 301], [1542, 301], [1543, 301], [1544, 301], [1545, 301], [1546, 301], [1547, 301], [1548, 301], [1549, 301], [1550, 301], [1551, 301], [1552, 301], [1553, 301], [1554, 301], [1555, 301], [1556, 301], [1536, 302], [1537, 302], [1538, 302], [1539, 302], [1540, 302], [1541, 302], [1542, 302], [1543, 302], [1544, 302], [1545, 302], [1546, 302], [1548, 302], [1549, 302], [1550, 302], [1551, 302], [1552, 302], [1553, 302], [1554, 302], [1555, 302], [1556, 302], [1557, 302], [1558, 302], [1539, 303], [1540, 303], [1541, 303], [1542, 303], [1543, 303], [1544, 303], [1546, 303], [1547, 303], [1548, 303], [1549, 303], [1550, 303], [1551, 303], [1552, 303], [1553, 303], [1554, 303], [1555, 303], [1556, 303], [1557, 303], [1558, 303], [1559, 303], [1560, 303], [1561, 303], [1542, 304], [1543, 304], [1544, 304], [1545, 304], [1546, 304], [1548, 304], [1549, 304], [1550, 304], [1551, 304], [1552, 304], [1553, 304], [1554, 304], [1555, 304], [1556, 304], [1557, 304], [1559, 304], [1560, 304], [1561, 304], [1562, 304], [1563, 304], [1545, 305], [1546, 305], [1547, 305], [1548, 305], [1549, 305], [1550, 305], [1551, 305], [1552, 305], [1553, 305], [1554, 305], [1556, 305], [1557, 305], [1558, 305], [1559, 305], [1560, 305], [1561, 305], [1562, 305], [1563, 305], [1564, 305], [1565, 305], [1566, 305], [1547, 306], [1548, 306], [1549, 306], [1550, 306], [1551, 306], [1553, 306], [1554, 306], [1555, 306], [1556, 306], [1557, 306], [1558, 306], [1559, 306], [1560, 306], [1561, 306], [1562, 306], [1564, 306], [1565, 306], [1566, 306], [1567, 306], [1568, 306], [1569, 306], [1549, 307], [1550, 307], [1551, 307], [1552, 307], [1553, 307], [1554, 307], [1556, 307], [1557, 307], [1558, 307], [1559, 307], [1561, 307], [1562, 307], [1563, 307], [1564, 307], [1565, 307], [1567, 307], [1568, 307], [1569, 307], [1570, 307], [1571, 307], [1572, 307], [1552, 308], [1553, 308], [1554, 308], [1555, 308], [1556, 308], [1558, 308], [1559, 308], [1560, 308], [1561, 308], [1562, 308], [1564, 308], [1565, 308], [1566, 308], [1567, 308], [1568, 308], [1570, 308], [1571, 308], [1572, 308], [1573, 308], [1574, 308], [1555, 309], [1556, 309], [1557, 309], [1558, 309], [1559, 309], [1560, 309], [1561, 309], [1562, 309], [1563, 309], [1564, 309], [1565, 309], [1566, 309], [1567, 309], [1568, 309], [1569, 309], [1570, 309], [1571, 309], [1573, 309], [1574, 309], [1575, 309], [1576, 309], [1577, 309], [1557, 310], [1558, 310], [1559, 310], [1560, 310], [1561, 310], [1562, 310], [1564, 310], [1565, 310], [1566, 310], [1567, 310], [1568, 310], [1569, 310], [1570, 310], [1571, 310], [1572, 310], [1573, 310], [1575, 310], [1576, 310], [1577, 310], [1578, 310], [1579, 310], [1580, 310], [1561, 311], [1562, 311], [1563, 311], [1564, 311], [1565, 311], [1566, 311], [1567, 311], [1568, 311], [1569, 311], [1570, 311], [1571, 311], [1572, 311], [1573, 311], [1574, 311], [1575, 311], [1576, 311], [1578, 311], [1579, 311], [1580, 311], [1581, 311], [1582, 311], [1583, 311], [1563, 312], [1564, 312], [1565, 312], [1566, 312], [1567, 312], [1569, 312], [1570, 312], [1571, 312], [1572, 312], [1573, 312], [1575, 312], [1576, 312], [1577, 312], [1578, 312], [1579, 312], [1581, 312], [1582, 312], [1583, 312], [1584, 312], [1585, 312], [1793, 312], [1794, 312], [1795, 312], [1566, 313], [1567, 313], [1568, 313], [1569, 313], [1570, 313], [1572, 313], [1573, 313], [1574, 313], [1575, 313], [1576, 313], [1578, 313], [1579, 313], [1580, 313], [1581, 313], [1582, 313], [1584, 313], [1585, 313], [1586, 313], [1587, 313], [1793, 313], [1795, 313], [1568, 314], [1569, 314], [1570, 314], [1571, 314], [1572, 314], [1573, 314], [1574, 314], [1575, 314], [1576, 314], [1577, 314], [1578, 314], [1579, 314], [1580, 314], [1581, 314], [1582, 314], [1583, 314], [1584, 314], [1586, 314], [1587, 314], [1588, 314], [1589, 314], [1590, 314], [1793, 314], [1794, 314], [1795, 314], [1571, 315], [1572, 315], [1573, 315], [1574, 315], [1575, 315], [1576, 315], [1577, 315], [1578, 315], [1579, 315], [1580, 315], [1581, 315], [1583, 315], [1584, 315], [1585, 315], [1586, 315], [1587, 315], [1588, 315], [1589, 315], [1590, 315], [1591, 315], [1592, 315], [1593, 315], [1573, 316], [1574, 316], [1575, 316], [1576, 316], [1577, 316], [1578, 316], [1580, 316], [1581, 316], [1582, 316], [1583, 316], [1584, 316], [1585, 316], [1586, 316], [1587, 316], [1588, 316], [1589, 316], [1590, 316], [1591, 316], [1592, 316], [1593, 316], [1594, 316], [1595, 316], [1596, 316], [1576, 317], [1577, 317], [1578, 317], [1579, 317], [1580, 317], [1582, 317], [1583, 317], [1584, 317], [1585, 317], [1586, 317], [1587, 317], [1588, 317], [1589, 317], [1590, 317], [1591, 317], [1592, 317], [1593, 317], [1594, 317], [1595, 317], [1596, 317], [1597, 317], [1598, 317], [1599, 317], [1579, 318], [1580, 318], [1581, 318], [1582, 318], [1583, 318], [1585, 318], [1586, 318], [1587, 318], [1588, 318], [1589, 318], [1591, 318], [1592, 318], [1593, 318], [1594, 318], [1595, 318], [1596, 318], [1597, 318], [1598, 318], [1599, 318], [1600, 318], [1601, 318], [1602, 318], [1581, 319], [1582, 319], [1583, 319], [1584, 319], [1585, 319], [1586, 319], [1588, 319], [1589, 319], [1590, 319], [1591, 319], [1592, 319], [1594, 319], [1595, 319], [1596, 319], [1597, 319], [1598, 319], [1600, 319], [1601, 319], [1602, 319], [1603, 319], [1604, 319], [1584, 320], [1585, 320], [1586, 320], [1587, 320], [1588, 320], [1590, 320], [1591, 320], [1592, 320], [1593, 320], [1594, 320], [1597, 320], [1598, 320], [1599, 320], [1600, 320], [1601, 320], [1602, 320], [1603, 320], [1604, 320], [1605, 320], [1606, 320], [1587, 321], [1588, 321], [1589, 321], [1590, 321], [1591, 321], [1592, 321], [1593, 321], [1594, 321], [1595, 321], [1596, 321], [1597, 321], [1599, 321], [1600, 321], [1601, 321], [1602, 321], [1603, 321], [1605, 321], [1606, 321], [1607, 321], [1608, 321], [1609, 321], [1589, 322], [1590, 322], [1591, 322], [1592, 322], [1593, 322], [1595, 322], [1596, 322], [1597, 322], [1598, 322], [1599, 322], [1600, 322], [1601, 322], [1602, 322], [1603, 322], [1604, 322], [1605, 322], [1606, 322], [1607, 322], [1608, 322], [1609, 322], [1610, 322], [1611, 322], [1612, 322], [1591, 323], [1592, 323], [1593, 323], [1594, 323], [1595, 323], [1596, 323], [1598, 323], [1599, 323], [1600, 323], [1601, 323], [1602, 323], [1604, 323], [1605, 323], [1606, 323], [1607, 323], [1608, 323], [1610, 323], [1611, 323], [1612, 323], [1613, 323], [1614, 323], [1615, 323], [1594, 324], [1595, 324], [1596, 324], [1597, 324], [1598, 324], [1599, 324], [1601, 324], [1602, 324], [1603, 324], [1604, 324], [1605, 324], [1607, 324], [1608, 324], [1609, 324], [1610, 324], [1611, 324], [1613, 324], [1614, 324], [1615, 324], [1616, 324], [1617, 324], [1597, 325], [1598, 325], [1599, 325], [1600, 325], [1601, 325], [1603, 325], [1604, 325], [1605, 325], [1606, 325], [1607, 325], [1608, 325], [1609, 325], [1610, 325], [1611, 325], [1612, 325], [1613, 325], [1614, 325], [1615, 325], [1616, 325], [1617, 325], [1618, 325], [1619, 325], [1620, 325], [1600, 326], [1601, 326], [1602, 326], [1603, 326], [1604, 326], [1605, 326], [1606, 326], [1607, 326], [1608, 326], [1609, 326], [1610, 326], [1612, 326], [1613, 326], [1614, 326], [1615, 326], [1616, 326], [1618, 326], [1619, 326], [1620, 326], [1621, 326], [1622, 326], [1623, 326], [1602, 327], [1603, 327], [1604, 327], [1605, 327], [1606, 327], [1607, 327], [1608, 327], [1609, 327], [1610, 327], [1611, 327], [1612, 327], [1613, 327], [1615, 327], [1616, 327], [1617, 327], [1618, 327], [1619, 327], [1621, 327], [1622, 327], [1623, 327], [1624, 327], [1625, 327], [1626, 327], [1604, 328], [1605, 328], [1606, 328], [1607, 328], [1608, 328], [1609, 328], [1611, 328], [1612, 328], [1613, 328], [1614, 328], [1615, 328], [1616, 328], [1617, 328], [1618, 328], [1619, 328], [1620, 328], [1621, 328], [1622, 328], [1623, 328], [1624, 328], [1625, 328], [1626, 328], [1627, 328], [1628, 328], [1629, 328], [1630, 328], [1607, 329], [1608, 329], [1609, 329], [1610, 329], [1611, 329], [1612, 329], [1613, 329], [1614, 329], [1615, 329], [1616, 329], [1617, 329], [1618, 329], [1619, 329], [1620, 329], [1621, 329], [1622, 329], [1623, 329], [1624, 329], [1625, 329], [1626, 329], [1627, 329], [1628, 329], [1629, 329], [1630, 329], [1631, 329], [1632, 329], [1610, 330], [1611, 330], [1612, 330], [1613, 330], [1614, 330], [1615, 330], [1617, 330], [1618, 330], [1619, 330], [1620, 330], [1621, 330], [1623, 330], [1624, 330], [1625, 330], [1626, 330], [1627, 330], [1628, 330], [1629, 330], [1630, 330], [1631, 330], [1632, 330], [1633, 330], [1634, 330], [1635, 330], [1613, 331], [1614, 331], [1615, 331], [1616, 331], [1617, 331], [1618, 331], [1620, 331], [1621, 331], [1622, 331], [1623, 331], [1624, 331], [1625, 331], [1626, 331], [1627, 331], [1628, 331], [1629, 331], [1630, 331], [1631, 331], [1632, 331], [1633, 331], [1634, 331], [1635, 331], [1636, 331], [1637, 331], [1638, 331], [1616, 332], [1617, 332], [1618, 332], [1619, 332], [1620, 332], [1621, 332], [1623, 332], [1624, 332], [1625, 332], [1626, 332], [1627, 332], [1629, 332], [1630, 332], [1631, 332], [1632, 332], [1633, 332], [1634, 332], [1635, 332], [1636, 332], [1637, 332], [1638, 332], [1639, 332], [1640, 332], [1619, 333], [1620, 333], [1621, 333], [1622, 333], [1623, 333], [1625, 333], [1626, 333], [1627, 333], [1628, 333], [1629, 333], [1630, 333], [1631, 333], [1632, 333], [1633, 333], [1634, 333], [1635, 333], [1636, 333], [1637, 333], [1638, 333], [1639, 333], [1640, 333], [1641, 333], [1642, 333], [1643, 333], [1622, 334], [1623, 334], [1624, 334], [1625, 334], [1626, 334], [1628, 334], [1629, 334], [1630, 334], [1631, 334], [1632, 334], [1634, 334], [1635, 334], [1636, 334], [1637, 334], [1638, 334], [1639, 334], [1640, 334], [1641, 334], [1642, 334], [1643, 334], [1644, 334], [1645, 334], [1624, 335], [1625, 335], [1626, 335], [1627, 335], [1628, 335], [1629, 335], [1631, 335], [1632, 335], [1633, 335], [1634, 335], [1635, 335], [1637, 335], [1638, 335], [1639, 335], [1640, 335], [1641, 335], [1642, 335], [1643, 335], [1644, 335], [1645, 335], [1646, 335], [1647, 335], [1648, 335], [1627, 336], [1628, 336], [1629, 336], [1630, 336], [1631, 336], [1633, 336], [1634, 336], [1635, 336], [1636, 336], [1637, 336], [1639, 336], [1640, 336], [1641, 336], [1642, 336], [1643, 336], [1644, 336], [1645, 336], [1646, 336], [1647, 336], [1648, 336], [1649, 336], [1650, 336], [1630, 337], [1631, 337], [1632, 337], [1633, 337], [1634, 337], [1635, 337], [1636, 337], [1637, 337], [1638, 337], [1639, 337], [1640, 337], [1642, 337], [1643, 337], [1644, 337], [1645, 337], [1646, 337], [1647, 337], [1648, 337], [1649, 337], [1650, 337], [1651, 337], [1652, 337], [1653, 337], [1632, 338], [1633, 338], [1634, 338], [1635, 338], [1636, 338], [1638, 338], [1639, 338], [1640, 338], [1641, 338], [1642, 338], [1643, 338], [1644, 338], [1645, 338], [1646, 338], [1647, 338], [1648, 338], [1649, 338], [1651, 338], [1652, 338], [1653, 338], [1654, 338], [1655, 338], [1634, 339], [1635, 339], [1636, 339], [1637, 339], [1638, 339], [1639, 339], [1640, 339], [1641, 339], [1642, 339], [1643, 339], [1644, 339], [1645, 339], [1646, 339], [1647, 339], [1648, 339], [1649, 339], [1650, 339], [1651, 339], [1652, 339], [1653, 339], [1654, 339], [1655, 339], [1656, 339], [1657, 339], [1658, 339], [1637, 340], [1638, 340], [1639, 340], [1640, 340], [1641, 340], [1642, 340], [1643, 340], [1644, 340], [1645, 340], [1646, 340], [1647, 340], [1648, 340], [1650, 340], [1651, 340], [1652, 340], [1653, 340], [1654, 340], [1656, 340], [1657, 340], [1658, 340], [1659, 340], [1660, 340], [1639, 341], [1640, 341], [1641, 341], [1642, 341], [1643, 341], [1644, 341], [1645, 341], [1646, 341], [1647, 341], [1648, 341], [1649, 341], [1650, 341], [1652, 341], [1653, 341], [1654, 341], [1655, 341], [1656, 341], [1657, 341], [1658, 341], [1659, 341], [1660, 341], [1661, 341], [1662, 341], [1642, 342], [1643, 342], [1644, 342], [1645, 342], [1646, 342], [1647, 342], [1649, 342], [1650, 342], [1651, 342], [1652, 342], [1653, 342], [1655, 342], [1656, 342], [1657, 342], [1658, 342], [1659, 342], [1661, 342], [1662, 342], [1663, 342], [1664, 342], [1665, 342], [1645, 343], [1646, 343], [1647, 343], [1648, 343], [1649, 343], [1650, 343], [1651, 343], [1652, 343], [1653, 343], [1654, 343], [1655, 343], [1656, 343], [1657, 343], [1658, 343], [1659, 343], [1660, 343], [1661, 343], [1662, 343], [1663, 343], [1664, 343], [1665, 343], [1666, 343], [1667, 343], [1648, 344], [1649, 344], [1650, 344], [1651, 344], [1652, 344], [1654, 344], [1655, 344], [1656, 344], [1657, 344], [1658, 344], [1660, 344], [1661, 344], [1662, 344], [1663, 344], [1664, 344], [1665, 344], [1666, 344], [1667, 344], [1668, 344], [1669, 344], [1670, 344], [1651, 345], [1652, 345], [1653, 345], [1654, 345], [1655, 345], [1657, 345], [1658, 345], [1659, 345], [1660, 345], [1661, 345], [1662, 345], [1663, 345], [1664, 345], [1665, 345], [1666, 345], [1667, 345], [1668, 345], [1669, 345], [1670, 345], [1671, 345], [1672, 345], [1653, 346], [1654, 346], [1655, 346], [1656, 346], [1657, 346], [1658, 346], [1659, 346], [1660, 346], [1661, 346], [1662, 346], [1663, 346], [1664, 346], [1666, 346], [1667, 346], [1668, 346], [1669, 346], [1671, 346], [1672, 346], [1673, 346], [1674, 346], [1675, 346], [1676, 346], [1656, 347], [1657, 347], [1658, 347], [1659, 347], [1660, 347], [1661, 347], [1663, 347], [1664, 347], [1665, 347], [1666, 347], [1667, 347], [1668, 347], [1669, 347], [1670, 347], [1671, 347], [1672, 347], [1674, 347], [1675, 347], [1676, 347], [1677, 347], [1678, 347], [1679, 347], [1659, 348], [1660, 348], [1661, 348], [1662, 348], [1663, 348], [1665, 348], [1666, 348], [1667, 348], [1668, 348], [1669, 348], [1670, 348], [1671, 348], [1672, 348], [1673, 348], [1674, 348], [1675, 348], [1677, 348], [1678, 348], [1679, 348], [1680, 348], [1681, 348], [1662, 349], [1663, 349], [1664, 349], [1665, 349], [1666, 349], [1668, 349], [1669, 349], [1670, 349], [1671, 349], [1672, 349], [1674, 349], [1675, 349], [1676, 349], [1677, 349], [1678, 349], [1680, 349], [1681, 349], [1682, 349], [1683, 349], [1664, 350], [1665, 350], [1666, 350], [1667, 350], [1668, 350], [1670, 350], [1671, 350], [1672, 350], [1673, 350], [1674, 350], [1676, 350], [1677, 350], [1678, 350], [1679, 350], [1680, 350], [1681, 350], [1682, 350], [1683, 350], [1684, 350], [1685, 350], [1686, 350], [1667, 351], [1668, 351], [1669, 351], [1670, 351], [1671, 351], [1673, 351], [1674, 351], [1675, 351], [1676, 351], [1677, 351], [1679, 351], [1680, 351], [1681, 351], [1682, 351], [1683, 351], [1684, 351], [1685, 351], [1686, 351], [1687, 351], [1688, 351], [1689, 351], [1669, 352], [1670, 352], [1671, 352], [1672, 352], [1673, 352], [1674, 352], [1675, 352], [1676, 352], [1677, 352], [1678, 352], [1679, 352], [1682, 352], [1683, 352], [1684, 352], [1685, 352], [1686, 352], [1687, 352], [1688, 352], [1689, 352], [1690, 352], [1691, 352], [1692, 352], [1672, 353], [1673, 353], [1674, 353], [1675, 353], [1676, 353], [1678, 353], [1679, 353], [1680, 353], [1681, 353], [1682, 353], [1684, 353], [1685, 353], [1686, 353], [1687, 353], [1688, 353], [1689, 353], [1690, 353], [1691, 353], [1692, 353], [1693, 353], [1694, 353], [1675, 354], [1676, 354], [1677, 354], [1678, 354], [1679, 354], [1680, 354], [1681, 354], [1682, 354], [1683, 354], [1684, 354], [1685, 354], [1687, 354], [1688, 354], [1689, 354], [1690, 354], [1691, 354], [1692, 354], [1693, 354], [1694, 354], [1695, 354], [1696, 354], [1697, 354], [1698, 354], [1677, 355], [1678, 355], [1679, 355], [1680, 355], [1681, 355], [1683, 355], [1684, 355], [1685, 355], [1686, 355], [1687, 355], [1688, 355], [1690, 355], [1691, 355], [1692, 355], [1693, 355], [1694, 355], [1696, 355], [1697, 355], [1698, 355], [1699, 355], [1700, 355], [1680, 356], [1681, 356], [1682, 356], [1683, 356], [1684, 356], [1686, 356], [1687, 356], [1688, 356], [1689, 356], [1690, 356], [1693, 356], [1694, 356], [1695, 356], [1696, 356], [1697, 356], [1699, 356], [1700, 356], [1701, 356], [1702, 356], [1682, 357], [1683, 357], [1684, 357], [1685, 357], [1686, 357], [1687, 357], [1689, 357], [1690, 357], [1691, 357], [1692, 357], [1693, 357], [1696, 357], [1697, 357], [1698, 357], [1699, 357], [1700, 357], [1701, 357], [1702, 357], [1703, 357], [1704, 357], [1705, 357], [1685, 358], [1686, 358], [1687, 358], [1688, 358], [1689, 358], [1690, 358], [1691, 358], [1692, 358], [1693, 358], [1694, 358], [1695, 358], [1696, 358], [1698, 358], [1699, 358], [1700, 358], [1701, 358], [1702, 358], [1704, 358], [1705, 358], [1706, 358], [1707, 358], [1708, 358], [1688, 359], [1689, 359], [1690, 359], [1691, 359], [1692, 359], [1693, 359], [1694, 359], [1695, 359], [1696, 359], [1697, 359], [1698, 359], [1701, 359], [1702, 359], [1703, 359], [1704, 359], [1705, 359], [1707, 359], [1708, 359], [1709, 359], [1710, 359], [1711, 359], [1691, 360], [1692, 360], [1693, 360], [1694, 360], [1695, 360], [1697, 360], [1698, 360], [1699, 360], [1700, 360], [1701, 360], [1704, 360], [1705, 360], [1706, 360], [1707, 360], [1708, 360], [1709, 360], [1710, 360], [1711, 360], [1712, 360], [1713, 360], [1694, 361], [1695, 361], [1696, 361], [1697, 361], [1698, 361], [1699, 361], [1700, 361], [1701, 361], [1702, 361], [1703, 361], [1704, 361], [1708, 361], [1709, 361], [1710, 361], [1711, 361], [1712, 361], [1713, 361], [1714, 361], [1715, 361], [1716, 361], [1696, 362], [1697, 362], [1698, 362], [1699, 362], [1700, 362], [1702, 362], [1703, 362], [1704, 362], [1705, 362], [1706, 362], [1707, 362], [1710, 362], [1711, 362], [1712, 362], [1713, 362], [1714, 362], [1715, 362], [1716, 362], [1717, 362], [1718, 362], [1719, 362], [1699, 363], [1700, 363], [1701, 363], [1702, 363], [1703, 363], [1705, 363], [1706, 363], [1707, 363], [1708, 363], [1709, 363], [1711, 363], [1712, 363], [1713, 363], [1714, 363], [1715, 363], [1717, 363], [1718, 363], [1719, 363], [1720, 363], [1721, 363], [1722, 363], [1701, 364], [1702, 364], [1703, 364], [1704, 364], [1705, 364], [1706, 364], [1708, 364], [1709, 364], [1710, 364], [1711, 364], [1712, 364], [1714, 364], [1715, 364], [1716, 364], [1717, 364], [1718, 364], [1719, 364], [1720, 364], [1721, 364], [1722, 364], [1723, 364], [1724, 364], [1704, 365], [1705, 365], [1706, 365], [1707, 365], [1708, 365], [1710, 365], [1711, 365], [1712, 365], [1713, 365], [1714, 365], [1715, 365], [1716, 365], [1717, 365], [1718, 365], [1719, 365], [1720, 365], [1721, 365], [1723, 365], [1724, 365], [1725, 365], [1726, 365], [1727, 365], [1707, 366], [1708, 366], [1709, 366], [1710, 366], [1711, 366], [1713, 366], [1714, 366], [1715, 366], [1716, 366], [1717, 366], [1718, 366], [1719, 366], [1720, 366], [1721, 366], [1722, 366], [1723, 366], [1724, 366], [1725, 366], [1726, 366], [1727, 366], [1728, 366], [1729, 366], [1709, 367], [1710, 367], [1711, 367], [1712, 367], [1713, 367], [1714, 367], [1716, 367], [1717, 367], [1718, 367], [1719, 367], [1720, 367], [1722, 367], [1723, 367], [1724, 367], [1725, 367], [1726, 367], [1728, 367], [1729, 367], [1730, 367], [1731, 367], [1732, 367], [1712, 368], [1713, 368], [1714, 368], [1715, 368], [1716, 368], [1718, 368], [1719, 368], [1720, 368], [1721, 368], [1722, 368], [1723, 368], [1725, 368], [1726, 368], [1727, 368], [1728, 368], [1729, 368], [1730, 368], [1731, 368], [1732, 368], [1733, 368], [1734, 368], [1735, 368], [1715, 369], [1716, 369], [1717, 369], [1718, 369], [1719, 369], [1720, 369], [1721, 369], [1722, 369], [1723, 369], [1724, 369], [1725, 369], [1727, 369], [1728, 369], [1729, 369], [1730, 369], [1731, 369], [1733, 369], [1734, 369], [1735, 369], [1736, 369], [1737, 369], [1738, 369], [1717, 370], [1718, 370], [1719, 370], [1720, 370], [1721, 370], [1722, 370], [1724, 370], [1725, 370], [1726, 370], [1727, 370], [1728, 370], [1729, 370], [1730, 370], [1731, 370], [1732, 370], [1733, 370], [1734, 370], [1736, 370], [1737, 370], [1738, 370], [1739, 370], [1740, 370], [1741, 370], [1719, 371], [1720, 371], [1721, 371], [1722, 371], [1723, 371], [1724, 371], [1726, 371], [1727, 371], [1728, 371], [1729, 371], [1730, 371], [1731, 371], [1732, 371], [1733, 371], [1734, 371], [1735, 371], [1736, 371], [1737, 371], [1738, 371], [1739, 371], [1740, 371], [1741, 371], [1742, 371], [1743, 371], [1723, 372], [1724, 372], [1725, 372], [1726, 372], [1727, 372], [1729, 372], [1730, 372], [1731, 372], [1732, 372], [1733, 372], [1735, 372], [1736, 372], [1737, 372], [1738, 372], [1739, 372], [1740, 372], [1742, 372], [1743, 372], [1744, 372], [1745, 372], [1746, 372], [1725, 373], [1726, 373], [1727, 373], [1728, 373], [1729, 373], [1730, 373], [1731, 373], [1732, 373], [1733, 373], [1734, 373], [1735, 373], [1736, 373], [1739, 373], [1740, 373], [1741, 373], [1742, 373], [1743, 373], [1745, 373], [1746, 373], [1747, 373], [1748, 373], [1727, 374], [1728, 374], [1729, 374], [1730, 374], [1731, 374], [1732, 374], [1734, 374], [1735, 374], [1736, 374], [1737, 374], [1738, 374], [1739, 374], [1741, 374], [1742, 374], [1743, 374], [1744, 374], [1745, 374], [1746, 374], [1747, 374], [1748, 374], [1749, 374], [1750, 374], [1751, 374], [1730, 375], [1731, 375], [1732, 375], [1733, 375], [1734, 375], [1735, 375], [1737, 375], [1738, 375], [1739, 375], [1740, 375], [1741, 375], [1742, 375], [1745, 375], [1746, 375], [1747, 375], [1748, 375], [1749, 375], [1750, 375], [1751, 375], [1752, 375], [1753, 375], [1733, 376], [1734, 376], [1735, 376], [1736, 376], [1737, 376], [1738, 376], [1740, 376], [1741, 376], [1742, 376], [1743, 376], [1744, 376], [1747, 376], [1748, 376], [1749, 376], [1750, 376], [1751, 376], [1752, 376], [1753, 376], [1754, 376], [1755, 376], [1756, 376], [1757, 376], [1736, 377], [1737, 377], [1738, 377], [1739, 377], [1740, 377], [1741, 377], [1743, 377], [1744, 377], [1745, 377], [1746, 377], [1747, 377], [1749, 377], [1750, 377], [1751, 377], [1752, 377], [1753, 377], [1755, 377], [1756, 377], [1757, 377], [1758, 377], [1759, 377], [1739, 378], [1740, 378], [1741, 378], [1742, 378], [1743, 378], [1744, 378], [1745, 378], [1746, 378], [1747, 378], [1748, 378], [1749, 378], [1750, 378], [1752, 378], [1753, 378], [1754, 378], [1755, 378], [1756, 378], [1758, 378], [1759, 378], [1760, 378], [1761, 378], [1762, 378], [1742, 379], [1743, 379], [1744, 379], [1745, 379], [1746, 379], [1748, 379], [1749, 379], [1750, 379], [1751, 379], [1752, 379], [1755, 379], [1756, 379], [1757, 379], [1758, 379], [1759, 379], [1760, 379], [1761, 379], [1762, 379], [1763, 379], [1764, 379], [1765, 379], [1745, 380], [1746, 380], [1747, 380], [1748, 380], [1749, 380], [1750, 380], [1751, 380], [1752, 380], [1753, 380], [1754, 380], [1757, 380], [1758, 380], [1759, 380], [1760, 380], [1761, 380], [1762, 380], [1763, 380], [1764, 380], [1765, 380], [1766, 380], [1767, 380], [1273, 381], [1274, 381], [1747, 381], [1748, 381], [1749, 381], [1750, 381], [1751, 381], [1753, 381], [1754, 381], [1755, 381], [1756, 381], [1757, 381], [1760, 381], [1761, 381], [1762, 381], [1763, 381], [1764, 381], [1765, 381], [1766, 381], [1767, 381], [1768, 381], [1769, 381], [1770, 381], [1271, 382], [1272, 382], [1273, 382], [1274, 382], [1275, 382], [1749, 382], [1750, 382], [1751, 382], [1752, 382], [1753, 382], [1755, 382], [1756, 382], [1757, 382], [1758, 382], [1759, 382], [1763, 382], [1764, 382], [1765, 382], [1766, 382], [1767, 382], [1769, 382], [1770, 382], [1771, 382], [1772, 382], [1271, 383], [1272, 383], [1273, 383], [1274, 383], [1275, 383], [1276, 383], [1752, 383], [1753, 383], [1754, 383], [1755, 383], [1756, 383], [1758, 383], [1759, 383], [1760, 383], [1761, 383], [1766, 383], [1767, 383], [1768, 383], [1769, 383], [1770, 383], [1771, 383], [1772, 383], [1773, 383], [1774, 383], [1775, 383], [1272, 384], [1273, 384], [1275, 384], [1276, 384], [1277, 384], [1754, 384], [1755, 384], [1756, 384], [1757, 384], [1758, 384], [1760, 384], [1761, 384], [1762, 384], [1763, 384], [1764, 384], [1769, 384], [1770, 384], [1771, 384], [1772, 384], [1773, 384], [1774, 384], [1775, 384], [1776, 384], [1777, 384], [1272, 385], [1273, 385], [1274, 385], [1275, 385], [1276, 385], [1277, 385], [1278, 385], [1757, 385], [1758, 385], [1759, 385], [1760, 385], [1762, 385], [1763, 385], [1764, 385], [1765, 385], [1766, 385], [1772, 385], [1773, 385], [1774, 385], [1775, 385], [1776, 385], [1777, 385], [1778, 385], [1779, 385], [1780, 385], [1273, 386], [1274, 386], [1275, 386], [1276, 386], [1277, 386], [1278, 386], [1279, 386], [1759, 386], [1760, 386], [1761, 386], [1762, 386], [1763, 386], [1765, 386], [1766, 386], [1767, 386], [1768, 386], [1769, 386], [1774, 386], [1775, 386], [1776, 386], [1777, 386], [1778, 386], [1779, 386], [1780, 386], [1781, 386], [1782, 386], [1263, 387], [1275, 387], [1276, 387], [1277, 387], [1278, 387], [1279, 387], [1280, 387], [1761, 387], [1762, 387], [1763, 387], [1764, 387], [1765, 387], [1767, 387], [1768, 387], [1769, 387], [1770, 387], [1771, 387], [1776, 387], [1777, 387], [1778, 387], [1779, 387], [1781, 387], [1782, 387], [1783, 387], [1784, 387], [1262, 388], [1263, 388], [1276, 388], [1277, 388], [1278, 388], [1279, 388], [1280, 388], [1281, 388], [1764, 388], [1765, 388], [1766, 388], [1767, 388], [1768, 388], [1770, 388], [1771, 388], [1772, 388], [1773, 388], [1778, 388], [1779, 388], [1780, 388], [1781, 388], [1783, 388], [1784, 388], [1785, 388], [1786, 388], [1787, 388], [1259, 389], [1260, 389], [1261, 389], [1262, 389], [1263, 389], [1264, 389], [1277, 389], [1278, 389], [1279, 389], [1280, 389], [1281, 389], [1282, 389], [1766, 389], [1767, 389], [1768, 389], [1769, 389], [1770, 389], [1772, 389], [1773, 389], [1774, 389], [1775, 389], [1776, 389], [1777, 389], [1780, 389], [1781, 389], [1782, 389], [1783, 389], [1784, 389], [1785, 389], [1786, 389], [1787, 389], [1788, 389], [1789, 389], [1790, 389], [1260, 390], [1261, 390], [1262, 390], [1263, 390], [1264, 390], [1265, 390], [1278, 390], [1279, 390], [1280, 390], [1281, 390], [1282, 390], [1283, 390], [1284, 390], [1769, 390], [1770, 390], [1771, 390], [1772, 390], [1773, 390], [1774, 390], [1775, 390], [1776, 390], [1777, 390], [1778, 390], [1779, 390], [1780, 390], [1782, 390], [1783, 390], [1784, 390], [1785, 390], [1786, 390], [1787, 390], [1788, 390], [1789, 390], [1790, 390], [1791, 390], [1792, 390], [1261, 391], [1262, 391], [1263, 391], [1264, 391], [1265, 391], [1266, 391], [1279, 391], [1280, 391], [1281, 391], [1282, 391], [1283, 391], [1284, 391], [1285, 391], [1771, 391], [1772, 391], [1773, 391], [1774, 391], [1775, 391], [1776, 391], [1778, 391], [1779, 391], [1780, 391], [1781, 391], [1782, 391], [1783, 391], [1785, 391], [1786, 391], [1787, 391], [1788, 391], [1789, 391], [1790, 391], [1791, 391], [1792, 391], [1793, 391], [1794, 391], [1795, 391], [1262, 392], [1263, 392], [1264, 392], [1265, 392], [1266, 392], [1267, 392], [1280, 392], [1281, 392], [1282, 392], [1284, 392], [1285, 392], [1286, 392], [1774, 392], [1775, 392], [1776, 392], [1777, 392], [1778, 392], [1779, 392], [1781, 392], [1782, 392], [1783, 392], [1784, 392], [1785, 392], [1786, 392], [1788, 392], [1789, 392], [1790, 392], [1791, 392], [1792, 392], [1794, 392], [1795, 392], [1796, 392], [1797, 392], [1263, 393], [1264, 393], [1265, 393], [1266, 393], [1267, 393], [1268, 393], [1281, 393], [1282, 393], [1283, 393], [1285, 393], [1286, 393], [1287, 393], [1777, 393], [1778, 393], [1779, 393], [1780, 393], [1781, 393], [1782, 393], [1784, 393], [1785, 393], [1786, 393], [1787, 393], [1788, 393], [1791, 393], [1792, 393], [1793, 393], [1794, 393], [1795, 393], [1796, 393], [1797, 393], [1798, 393], [1799, 393], [1800, 393], [1264, 394], [1265, 394], [1266, 394], [1267, 394], [1268, 394], [1269, 394], [1282, 394], [1283, 394], [1284, 394], [1286, 394], [1287, 394], [1288, 394], [1780, 394], [1781, 394], [1782, 394], [1783, 394], [1784, 394], [1785, 394], [1787, 394], [1788, 394], [1789, 394], [1790, 394], [1791, 394], [1792, 394], [1794, 394], [1795, 394], [1796, 394], [1797, 394], [1798, 394], [1799, 394], [1800, 394], [1801, 394], [1802, 394], [1803, 394], [1265, 395], [1266, 395], [1267, 395], [1268, 395], [1269, 395], [1270, 395], [1283, 395], [1284, 395], [1285, 395], [1287, 395], [1288, 395], [1289, 395], [1783, 395], [1784, 395], [1785, 395], [1786, 395], [1787, 395], [1788, 395], [1789, 395], [1790, 395], [1791, 395], [1792, 395], [1793, 395], [1794, 395], [1796, 395], [1797, 395], [1798, 395], [1799, 395], [1801, 395], [1802, 395], [1803, 395], [1804, 395], [1805, 395], [1806, 395], [1266, 396], [1267, 396], [1268, 396], [1269, 396], [1270, 396], [1271, 396], [1284, 396], [1285, 396], [1286, 396], [1288, 396], [1289, 396], [1290, 396], [1786, 396], [1787, 396], [1788, 396], [1789, 396], [1790, 396], [1791, 396], [1792, 396], [1793, 396], [1794, 396], [1795, 396], [1796, 396], [1797, 396], [1798, 396], [1799, 396], [1800, 396], [1801, 396], [1802, 396], [1803, 396], [1804, 396], [1805, 396], [1806, 396], [1807, 396], [1808, 396], [1267, 397], [1268, 397], [1269, 397], [1270, 397], [1271, 397], [1272, 397], [1285, 397], [1286, 397], [1287, 397], [1289, 397], [1290, 397], [1291, 397], [1789, 397], [1790, 397], [1791, 397], [1792, 397], [1793, 397], [1795, 397], [1796, 397], [1797, 397], [1798, 397], [1799, 397], [1800, 397], [1801, 397], [1802, 397], [1803, 397], [1804, 397], [1805, 397], [1806, 397], [1807, 397], [1808, 397], [1809, 397], [1810, 397], [1268, 398], [1269, 398], [1270, 398], [1271, 398], [1272, 398], [1273, 398], [1286, 398], [1287, 398], [1288, 398], [1289, 398], [1290, 398], [1291, 398], [1292, 398], [1791, 398], [1792, 398], [1793, 398], [1794, 398], [1795, 398], [1796, 398], [1797, 398], [1798, 398], [1799, 398], [1800, 398], [1801, 398], [1802, 398], [1804, 398], [1805, 398], [1806, 398], [1807, 398], [1808, 398], [1809, 398], [1810, 398], [1811, 398], [1812, 398], [1813, 398], [1269, 399], [1270, 399], [1271, 399], [1272, 399], [1273, 399], [1274, 399], [1287, 399], [1288, 399], [1289, 399], [1290, 399], [1291, 399], [1292, 399], [1293, 399], [1794, 399], [1795, 399], [1796, 399], [1797, 399], [1798, 399], [1800, 399], [1801, 399], [1802, 399], [1803, 399], [1804, 399], [1807, 399], [1808, 399], [1809, 399], [1810, 399], [1811, 399], [1812, 399], [1813, 399], [1814, 399], [1815, 399], [1270, 400], [1271, 400], [1272, 400], [1273, 400], [1274, 400], [1275, 400], [1276, 400], [1289, 400], [1290, 400], [1291, 400], [1292, 400], [1293, 400], [1294, 400], [1796, 400], [1797, 400], [1798, 400], [1799, 400], [1800, 400], [1801, 400], [1803, 400], [1804, 400], [1805, 400], [1806, 400], [1807, 400], [1809, 400], [1810, 400], [1811, 400], [1812, 400], [1813, 400], [1814, 400], [1815, 400], [1816, 400], [1817, 400], [1818, 400], [1271, 401], [1272, 401], [1273, 401], [1274, 401], [1275, 401], [1276, 401], [1277, 401], [1290, 401], [1291, 401], [1293, 401], [1294, 401], [1295, 401], [1799, 401], [1800, 401], [1801, 401], [1802, 401], [1803, 401], [1805, 401], [1806, 401], [1807, 401], [1808, 401], [1809, 401], [1810, 401], [1811, 401], [1812, 401], [1813, 401], [1814, 401], [1816, 401], [1817, 401], [1818, 401], [1819, 401], [1820, 401], [1821, 401], [1272, 402], [1273, 402], [1274, 402], [1276, 402], [1277, 402], [1278, 402], [1290, 402], [1291, 402], [1292, 402], [1294, 402], [1295, 402], [1296, 402], [1802, 402], [1803, 402], [1804, 402], [1805, 402], [1806, 402], [1808, 402], [1809, 402], [1810, 402], [1811, 402], [1812, 402], [1813, 402], [1814, 402], [1815, 402], [1816, 402], [1817, 402], [1818, 402], [1819, 402], [1820, 402], [1821, 402], [1822, 402], [1823, 402], [1273, 403], [1274, 403], [1275, 403], [1277, 403], [1278, 403], [1291, 403], [1292, 403], [1293, 403], [1294, 403], [1295, 403], [1296, 403], [1297, 403], [1804, 403], [1805, 403], [1806, 403], [1807, 403], [1808, 403], [1809, 403], [1810, 403], [1811, 403], [1812, 403], [1813, 403], [1814, 403], [1815, 403], [1817, 403], [1818, 403], [1819, 403], [1820, 403], [1821, 403], [1822, 403], [1823, 403], [1824, 403], [1274, 404], [1275, 404], [1276, 404], [1277, 404], [1278, 404], [1279, 404], [1292, 404], [1293, 404], [1294, 404], [1295, 404], [1296, 404], [1297, 404], [1298, 404], [1807, 404], [1808, 404], [1809, 404], [1810, 404], [1811, 404], [1812, 404], [1814, 404], [1815, 404], [1816, 404], [1817, 404], [1818, 404], [1819, 404], [1822, 404], [1823, 404], [1824, 404], [1275, 405], [1276, 405], [1277, 405], [1278, 405], [1279, 405], [1280, 405], [1294, 405], [1295, 405], [1296, 405], [1297, 405], [1298, 405], [1299, 405], [1810, 405], [1811, 405], [1812, 405], [1813, 405], [1814, 405], [1815, 405], [1817, 405], [1818, 405], [1819, 405], [1821, 405], [1822, 405], [1823, 405], [1824, 405], [1276, 406], [1277, 406], [1278, 406], [1279, 406], [1280, 406], [1281, 406], [1295, 406], [1296, 406], [1298, 406], [1299, 406], [1300, 406], [1812, 406], [1813, 406], [1814, 406], [1815, 406], [1816, 406], [1817, 406], [1818, 406], [1819, 406], [1821, 406], [1822, 406], [1823, 406], [1824, 406], [1277, 407], [1278, 407], [1279, 407], [1280, 407], [1281, 407], [1282, 407], [1295, 407], [1296, 407], [1297, 407], [1299, 407], [1300, 407], [1301, 407], [1815, 407], [1816, 407], [1817, 407], [1818, 407], [1819, 407], [1820, 407], [1822, 407], [1823, 407], [1824, 407], [1278, 408], [1279, 408], [1280, 408], [1281, 408], [1282, 408], [1283, 408], [1296, 408], [1297, 408], [1298, 408], [1300, 408], [1301, 408], [1302, 408], [1818, 408], [1819, 408], [1820, 408], [1821, 408], [1822, 408], [1824, 408], [1279, 409], [1280, 409], [1281, 409], [1282, 409], [1283, 409], [1284, 409], [1297, 409], [1298, 409], [1299, 409], [1301, 409], [1302, 409], [1303, 409], [1820, 409], [1821, 409], [1822, 409], [1823, 409], [1824, 409], [1280, 410], [1281, 410], [1282, 410], [1283, 410], [1284, 410], [1285, 410], [1298, 410], [1299, 410], [1300, 410], [1302, 410], [1303, 410], [1304, 410], [1823, 410], [1824, 410], [1281, 411], [1282, 411], [1283, 411], [1284, 411], [1285, 411], [1286, 411], [1299, 411], [1300, 411], [1301, 411], [1303, 411], [1304, 411], [1305, 411], [1282, 412], [1283, 412], [1284, 412], [1285, 412], [1286, 412], [1287, 412], [1300, 412], [1301, 412], [1302, 412], [1304, 412], [1305, 412], [1306, 412], [1283, 413], [1284, 413], [1286, 413], [1287, 413], [1288, 413], [1301, 413], [1302, 413], [1303, 413], [1305, 413], [1306, 413], [1307, 413], [1283, 414], [1284, 414], [1285, 414], [1287, 414], [1288, 414], [1302, 414], [1303, 414], [1304, 414], [1306, 414], [1307, 414], [1308, 414], [1284, 415], [1285, 415], [1286, 415], [1287, 415], [1288, 415], [1289, 415], [1303, 415], [1304, 415], [1305, 415], [1307, 415], [1308, 415], [1309, 415], [1285, 416], [1286, 416], [1287, 416], [1288, 416], [1289, 416], [1290, 416], [1304, 416], [1305, 416], [1306, 416], [1308, 416], [1309, 416], [1310, 416], [1286, 417], [1287, 417], [1288, 417], [1289, 417], [1290, 417], [1291, 417], [1292, 417], [1305, 417], [1306, 417], [1307, 417], [1309, 417], [1310, 417], [1311, 417], [1287, 418], [1288, 418], [1289, 418], [1290, 418], [1291, 418], [1292, 418], [1293, 418], [1306, 418], [1307, 418], [1308, 418], [1310, 418], [1311, 418], [1312, 418], [1288, 419], [1289, 419], [1290, 419], [1292, 419], [1293, 419], [1294, 419], [1307, 419], [1308, 419], [1309, 419], [1311, 419], [1312, 419], [1313, 419], [1289, 420], [1290, 420], [1291, 420], [1293, 420], [1294, 420], [1308, 420], [1309, 420], [1310, 420], [1312, 420], [1313, 420], [1290, 421], [1291, 421], [1292, 421], [1293, 421], [1294, 421], [1295, 421], [1309, 421], [1310, 421], [1311, 421], [1312, 421], [1313, 421], [1314, 421], [1291, 422], [1292, 422], [1293, 422], [1294, 422], [1295, 422], [1296, 422], [1310, 422], [1311, 422], [1312, 422], [1313, 422], [1314, 422], [1315, 422], [1292, 423], [1293, 423], [1294, 423], [1295, 423], [1296, 423], [1297, 423], [1311, 423], [1312, 423], [1313, 423], [1314, 423], [1315, 423], [1316, 423], [1293, 424], [1294, 424], [1295, 424], [1296, 424], [1297, 424], [1298, 424], [1312, 424], [1313, 424], [1314, 424], [1315, 424], [1316, 424], [1317, 424], [1294, 425], [1295, 425], [1296, 425], [1297, 425], [1298, 425], [1299, 425], [1313, 425], [1314, 425], [1315, 425], [1316, 425], [1317, 425], [1318, 425], [1295, 426], [1296, 426], [1297, 426], [1298, 426], [1299, 426], [1300, 426], [1314, 426], [1315, 426], [1316, 426], [1317, 426], [1318, 426], [1319, 426], [1296, 427], [1297, 427], [1298, 427], [1299, 427], [1300, 427], [1301, 427], [1315, 427], [1316, 427], [1317, 427], [1318, 427], [1319, 427], [1320, 427], [1321, 427], [1297, 428], [1298, 428], [1299, 428], [1300, 428], [1301, 428], [1302, 428], [1316, 428], [1317, 428], [1318, 428], [1319, 428], [1320, 428], [1321, 428], [1322, 428], [1298, 429], [1299, 429], [1300, 429], [1301, 429], [1302, 429], [1303, 429], [1317, 429], [1318, 429], [1319, 429], [1321, 429], [1322, 429], [1299, 430], [1300, 430], [1302, 430], [1303, 430], [1318, 430], [1319, 430], [1320, 430], [1321, 430], [1322, 430], [1323, 430], [1324, 430], [1299, 431], [1300, 431], [1301, 431], [1302, 431], [1303, 431], [1304, 431], [1319, 431], [1320, 431], [1321, 431], [1322, 431], [1323, 431], [1324, 431], [1325, 431], [1300, 432], [1301, 432], [1302, 432], [1303, 432], [1304, 432], [1305, 432], [1306, 432], [1320, 432], [1321, 432], [1322, 432], [1324, 432], [1325, 432], [1301, 433], [1302, 433], [1303, 433], [1304, 433], [1305, 433], [1306, 433], [1307, 433], [1321, 433], [1322, 433], [1323, 433], [1324, 433], [1325, 433], [1326, 433], [1302, 434], [1303, 434], [1304, 434], [1306, 434], [1307, 434], [1308, 434], [1322, 434], [1323, 434], [1324, 434], [1326, 434], [1327, 434], [1303, 435], [1304, 435], [1305, 435], [1307, 435], [1308, 435], [1309, 435], [1324, 435], [1325, 435], [1326, 435], [1327, 435], [1328, 435], [1304, 436], [1305, 436], [1306, 436], [1308, 436], [1309, 436], [1310, 436], [1325, 436], [1326, 436], [1327, 436], [1328, 436], [1329, 436], [1305, 437], [1306, 437], [1307, 437], [1309, 437], [1310, 437], [1311, 437], [1325, 437], [1326, 437], [1327, 437], [1328, 437], [1329, 437], [1330, 437], [1306, 438], [1307, 438], [1308, 438], [1310, 438], [1311, 438], [1326, 438], [1327, 438], [1328, 438], [1329, 438], [1330, 438], [1331, 438], [1332, 438], [1307, 439], [1308, 439], [1309, 439], [1310, 439], [1311, 439], [1312, 439], [1327, 439], [1328, 439], [1329, 439], [1330, 439], [1331, 439], [1332, 439], [1333, 439], [1308, 440], [1309, 440], [1310, 440], [1311, 440], [1312, 440], [1313, 440], [1328, 440], [1329, 440], [1330, 440], [1332, 440], [1333, 440], [1309, 441], [1310, 441], [1311, 441], [1312, 441], [1313, 441], [1314, 441], [1329, 441], [1330, 441], [1331, 441], [1332, 441], [1333, 441], [1334, 441], [1310, 442], [1311, 442], [1313, 442], [1314, 442], [1315, 442], [1330, 442], [1331, 442], [1332, 442], [1333, 442], [1334, 442], [1335, 442], [1310, 443], [1311, 443], [1312, 443], [1314, 443], [1315, 443], [1316, 443], [1331, 443], [1332, 443], [1333, 443], [1334, 443], [1335, 443], [1336, 443], [1311, 444], [1312, 444], [1313, 444], [1315, 444], [1316, 444], [1332, 444], [1333, 444], [1335, 444], [1336, 444], [1337, 444], [1312, 445], [1313, 445], [1314, 445], [1315, 445], [1316, 445], [1317, 445], [1332, 445], [1333, 445], [1334, 445], [1336, 445], [1337, 445], [1338, 445], [1313, 446], [1314, 446], [1315, 446], [1316, 446], [1317, 446], [1318, 446], [1333, 446], [1334, 446], [1335, 446], [1336, 446], [1337, 446], [1338, 446], [1339, 446], [1314, 447], [1315, 447], [1316, 447], [1317, 447], [1318, 447], [1319, 447], [1334, 447], [1335, 447], [1336, 447], [1337, 447], [1338, 447], [1339, 447], [1340, 447], [1315, 448], [1316, 448], [1317, 448], [1318, 448], [1319, 448], [1320, 448], [1336, 448], [1337, 448], [1339, 448], [1340, 448], [1341, 448], [1316, 449], [1317, 449], [1318, 449], [1319, 449], [1320, 449], [1321, 449], [1336, 449], [1337, 449], [1338, 449], [1340, 449], [1341, 449], [1342, 449], [1317, 450], [1318, 450], [1319, 450], [1320, 450], [1321, 450], [1322, 450], [1337, 450], [1338, 450], [1339, 450], [1340, 450], [1341, 450], [1342, 450], [1343, 450], [1318, 451], [1319, 451], [1320, 451], [1321, 451], [1322, 451], [1323, 451], [1338, 451], [1339, 451], [1340, 451], [1341, 451], [1342, 451], [1343, 451], [1344, 451], [1319, 452], [1320, 452], [1321, 452], [1322, 452], [1323, 452], [1324, 452], [1340, 452], [1341, 452], [1343, 452], [1344, 452], [1345, 452], [1320, 453], [1321, 453], [1322, 453], [1323, 453], [1324, 453], [1325, 453], [1340, 453], [1341, 453], [1342, 453], [1344, 453], [1345, 453], [1346, 453], [1321, 454], [1322, 454], [1324, 454], [1325, 454], [1341, 454], [1342, 454], [1343, 454], [1345, 454], [1346, 454], [1347, 454], [1321, 455], [1322, 455], [1323, 455], [1324, 455], [1325, 455], [1326, 455], [1342, 455], [1343, 455], [1344, 455], [1346, 455], [1347, 455], [1322, 456], [1323, 456], [1324, 456], [1325, 456], [1326, 456], [1327, 456], [1343, 456], [1344, 456], [1345, 456], [1346, 456], [1347, 456], [1348, 456], [1323, 457], [1324, 457], [1325, 457], [1326, 457], [1327, 457], [1328, 457], [1344, 457], [1345, 457], [1346, 457], [1347, 457], [1348, 457], [1349, 457], [1324, 458], [1325, 458], [1326, 458], [1327, 458], [1328, 458], [1329, 458], [1345, 458], [1346, 458], [1347, 458], [1348, 458], [1349, 458], [1350, 458], [1325, 459], [1326, 459], [1327, 459], [1328, 459], [1329, 459], [1330, 459], [1346, 459], [1347, 459], [1348, 459], [1349, 459], [1350, 459], [1351, 459], [1326, 460], [1327, 460], [1328, 460], [1329, 460], [1330, 460], [1331, 460], [1347, 460], [1348, 460], [1349, 460], [1350, 460], [1351, 460], [1352, 460], [1327, 461], [1328, 461], [1329, 461], [1330, 461], [1331, 461], [1332, 461], [1348, 461], [1349, 461], [1350, 461], [1351, 461], [1352, 461], [1353, 461], [1328, 462], [1329, 462], [1330, 462], [1331, 462], [1332, 462], [1333, 462], [1349, 462], [1350, 462], [1351, 462], [1352, 462], [1353, 462], [1354, 462], [1329, 463], [1330, 463], [1331, 463], [1332, 463], [1333, 463], [1334, 463], [1350, 463], [1351, 463], [1352, 463], [1353, 463], [1354, 463], [1355, 463], [1330, 464], [1331, 464], [1332, 464], [1333, 464], [1334, 464], [1335, 464], [1351, 464], [1352, 464], [1353, 464], [1354, 464], [1355, 464], [1356, 464], [1331, 465], [1332, 465], [1333, 465], [1334, 465], [1335, 465], [1336, 465], [1352, 465], [1353, 465], [1354, 465], [1355, 465], [1356, 465], [1357, 465], [1332, 466], [1333, 466], [1334, 466], [1335, 466], [1336, 466], [1353, 466], [1354, 466], [1355, 466], [1356, 466], [1357, 466], [1358, 466], [1333, 467], [1334, 467], [1335, 467], [1336, 467], [1337, 467], [1354, 467], [1355, 467], [1356, 467], [1357, 467], [1358, 467], [1359, 467], [1334, 468], [1335, 468], [1337, 468], [1338, 468], [1355, 468], [1356, 468], [1357, 468], [1358, 468], [1359, 468], [1360, 468], [1335, 469], [1336, 469], [1338, 469], [1339, 469], [1356, 469], [1357, 469], [1358, 469], [1359, 469], [1360, 469], [1361, 469], [1336, 470], [1337, 470], [1338, 470], [1339, 470], [1340, 470], [1357, 470], [1358, 470], [1359, 470], [1360, 470], [1361, 470], [1362, 470], [1337, 471], [1338, 471], [1339, 471], [1340, 471], [1341, 471], [1358, 471], [1359, 471], [1360, 471], [1361, 471], [1362, 471], [1363, 471], [1337, 472], [1338, 472], [1339, 472], [1340, 472], [1341, 472], [1342, 472], [1359, 472], [1360, 472], [1361, 472], [1362, 472], [1363, 472], [1364, 472], [1338, 473], [1339, 473], [1340, 473], [1341, 473], [1342, 473], [1343, 473], [1360, 473], [1361, 473], [1362, 473], [1363, 473], [1364, 473], [1365, 473], [1339, 474], [1340, 474], [1341, 474], [1342, 474], [1343, 474], [1344, 474], [1361, 474], [1362, 474], [1363, 474], [1364, 474], [1365, 474], [1366, 474], [1340, 475], [1341, 475], [1342, 475], [1343, 475], [1344, 475], [1345, 475], [1362, 475], [1363, 475], [1364, 475], [1365, 475], [1366, 475], [1367, 475], [1341, 476], [1342, 476], [1343, 476], [1344, 476], [1345, 476], [1346, 476], [1363, 476], [1364, 476], [1365, 476], [1366, 476], [1367, 476], [1342, 477], [1343, 477], [1344, 477], [1345, 477], [1346, 477], [1347, 477], [1364, 477], [1365, 477], [1366, 477], [1367, 477], [1368, 477], [1369, 477], [1343, 478], [1344, 478], [1345, 478], [1346, 478], [1347, 478], [1365, 478], [1366, 478], [1367, 478], [1368, 478], [1369, 478], [1344, 479], [1345, 479], [1346, 479], [1347, 479], [1348, 479], [1366, 479], [1367, 479], [1369, 479], [1370, 479], [1371, 479], [1345, 480], [1346, 480], [1347, 480], [1348, 480], [1349, 480], [1350, 480], [1367, 480], [1368, 480], [1370, 480], [1371, 480], [1372, 480], [1346, 481], [1347, 481], [1348, 481], [1349, 481], [1350, 481], [1351, 481], [1367, 481], [1368, 481], [1369, 481], [1370, 481], [1371, 481], [1372, 481], [1373, 481], [1346, 482], [1347, 482], [1348, 482], [1350, 482], [1351, 482], [1369, 482], [1370, 482], [1371, 482], [1372, 482], [1373, 482], [1347, 483], [1348, 483], [1349, 483], [1350, 483], [1351, 483], [1352, 483], [1370, 483], [1371, 483], [1373, 483], [1374, 483], [1348, 484], [1349, 484], [1350, 484], [1351, 484], [1352, 484], [1353, 484], [1371, 484], [1372, 484], [1373, 484], [1374, 484], [1375, 484], [1350, 485], [1351, 485], [1352, 485], [1353, 485], [1354, 485], [1371, 485], [1372, 485], [1373, 485], [1374, 485], [1375, 485], [1376, 485], [1350, 486], [1351, 486], [1352, 486], [1353, 486], [1354, 486], [1372, 486], [1373, 486], [1374, 486], [1375, 486], [1376, 486], [1377, 486], [1351, 487], [1352, 487], [1353, 487], [1354, 487], [1355, 487], [1373, 487], [1374, 487], [1375, 487], [1376, 487], [1377, 487], [1378, 487], [1352, 488], [1353, 488], [1355, 488], [1356, 488], [1357, 488], [1375, 488], [1376, 488], [1377, 488], [1378, 488], [1379, 488], [1353, 489], [1354, 489], [1355, 489], [1356, 489], [1357, 489], [1375, 489], [1376, 489], [1377, 489], [1378, 489], [1379, 489], [1380, 489], [1354, 490], [1355, 490], [1356, 490], [1357, 490], [1358, 490], [1376, 490], [1377, 490], [1378, 490], [1379, 490], [1380, 490], [1381, 490], [1355, 491], [1356, 491], [1358, 491], [1359, 491], [1377, 491], [1378, 491], [1379, 491], [1380, 491], [1381, 491], [1382, 491], [1356, 492], [1357, 492], [1359, 492], [1360, 492], [1378, 492], [1379, 492], [1380, 492], [1381, 492], [1382, 492], [1383, 492], [1357, 493], [1358, 493], [1359, 493], [1360, 493], [1361, 493], [1379, 493], [1380, 493], [1381, 493], [1382, 493], [1383, 493], [1384, 493], [1358, 494], [1359, 494], [1360, 494], [1361, 494], [1362, 494], [1380, 494], [1381, 494], [1382, 494], [1383, 494], [1384, 494], [1385, 494], [1358, 495], [1359, 495], [1360, 495], [1361, 495], [1362, 495], [1363, 495], [1381, 495], [1382, 495], [1383, 495], [1384, 495], [1385, 495], [1386, 495], [1359, 496], [1360, 496], [1361, 496], [1362, 496], [1363, 496], [1364, 496], [1382, 496], [1383, 496], [1384, 496], [1385, 496], [1386, 496], [1387, 496], [1360, 497], [1361, 497], [1362, 497], [1363, 497], [1364, 497], [1365, 497], [1383, 497], [1384, 497], [1385, 497], [1386, 497], [1387, 497], [1388, 497], [1361, 498], [1362, 498], [1363, 498], [1364, 498], [1365, 498], [1384, 498], [1385, 498], [1386, 498], [1387, 498], [1388, 498], [1389, 498], [1362, 499], [1363, 499], [1364, 499], [1365, 499], [1366, 499], [1367, 499], [1385, 499], [1386, 499], [1387, 499], [1388, 499], [1389, 499], [1390, 499], [1363, 500], [1364, 500], [1365, 500], [1366, 500], [1367, 500], [1385, 500], [1386, 500], [1387, 500], [1388, 500], [1389, 500], [1390, 500], [1391, 500], [1364, 501], [1365, 501], [1366, 501], [1367, 501], [1368, 501], [1387, 501], [1388, 501], [1390, 501], [1391, 501], [1365, 502], [1366, 502], [1367, 502], [1368, 502], [1369, 502], [1387, 502], [1388, 502], [1389, 502], [1390, 502], [1391, 502], [1392, 502], [1366, 503], [1367, 503], [1368, 503], [1369, 503], [1370, 503], [1388, 503], [1389, 503], [1390, 503], [1391, 503], [1392, 503], [1393, 503], [1366, 504], [1367, 504], [1368, 504], [1369, 504], [1370, 504], [1371, 504], [1389, 504], [1390, 504], [1391, 504], [1392, 504], [1393, 504], [1394, 504], [1367, 505], [1368, 505], [1369, 505], [1370, 505], [1371, 505], [1372, 505], [1373, 505], [1390, 505], [1391, 505], [1392, 505], [1393, 505], [1394, 505], [1395, 505], [1368, 506], [1369, 506], [1370, 506], [1371, 506], [1372, 506], [1373, 506], [1374, 506], [1391, 506], [1392, 506], [1393, 506], [1394, 506], [1395, 506], [1396, 506], [1369, 507], [1370, 507], [1371, 507], [1373, 507], [1374, 507], [1392, 507], [1393, 507], [1394, 507], [1395, 507], [1396, 507], [1397, 507], [1370, 508], [1371, 508], [1372, 508], [1373, 508], [1374, 508], [1375, 508], [1393, 508], [1394, 508], [1395, 508], [1396, 508], [1397, 508], [1398, 508], [1371, 509], [1372, 509], [1373, 509], [1374, 509], [1375, 509], [1376, 509], [1394, 509], [1395, 509], [1396, 509], [1397, 509], [1398, 509], [1399, 509], [1372, 510], [1373, 510], [1374, 510], [1375, 510], [1376, 510], [1395, 510], [1396, 510], [1397, 510], [1398, 510], [1399, 510], [1400, 510], [1373, 511], [1374, 511], [1375, 511], [1376, 511], [1377, 511], [1396, 511], [1397, 511], [1398, 511], [1399, 511], [1400, 511], [1401, 511], [1374, 512], [1375, 512], [1376, 512], [1377, 512], [1378, 512], [1397, 512], [1398, 512], [1399, 512], [1400, 512], [1401, 512], [1402, 512], [1375, 513], [1376, 513], [1377, 513], [1378, 513], [1379, 513], [1398, 513], [1399, 513], [1400, 513], [1401, 513], [1402, 513], [1403, 513], [1375, 514], [1376, 514], [1377, 514], [1378, 514], [1379, 514], [1380, 514], [1399, 514], [1400, 514], [1401, 514], [1402, 514], [1403, 514], [1404, 514], [1376, 515], [1377, 515], [1378, 515], [1379, 515], [1380, 515], [1381, 515], [1400, 515], [1401, 515], [1402, 515], [1403, 515], [1404, 515], [1405, 515], [1377, 516], [1378, 516], [1379, 516], [1380, 516], [1381, 516], [1382, 516], [1401, 516], [1402, 516], [1403, 516], [1404, 516], [1405, 516], [1406, 516], [1378, 517], [1379, 517], [1380, 517], [1381, 517], [1382, 517], [1383, 517], [1402, 517], [1403, 517], [1404, 517], [1405, 517], [1406, 517], [1407, 517], [1379, 518], [1380, 518], [1381, 518], [1382, 518], [1383, 518], [1384, 518], [1403, 518], [1404, 518], [1405, 518], [1406, 518], [1407, 518], [1408, 518], [1380, 519], [1381, 519], [1382, 519], [1383, 519], [1384, 519], [1385, 519], [1404, 519], [1405, 519], [1406, 519], [1407, 519], [1408, 519], [1409, 519], [1381, 520], [1382, 520], [1383, 520], [1384, 520], [1385, 520], [1405, 520], [1406, 520], [1407, 520], [1408, 520], [1409, 520], [1410, 520], [1382, 521], [1383, 521], [1384, 521], [1385, 521], [1386, 521], [1406, 521], [1407, 521], [1408, 521], [1409, 521], [1410, 521], [1411, 521], [1383, 522], [1384, 522], [1385, 522], [1386, 522], [1387, 522], [1407, 522], [1408, 522], [1409, 522], [1410, 522], [1411, 522], [1412, 522], [1384, 523], [1385, 523], [1386, 523], [1387, 523], [1388, 523], [1408, 523], [1409, 523], [1410, 523], [1411, 523], [1412, 523], [1413, 523], [1384, 524], [1385, 524], [1386, 524], [1387, 524], [1388, 524], [1389, 524], [1409, 524], [1410, 524], [1411, 524], [1412, 524], [1413, 524], [1414, 524], [1385, 525], [1386, 525], [1387, 525], [1388, 525], [1389, 525], [1390, 525], [1410, 525], [1411, 525], [1412, 525], [1413, 525], [1414, 525], [1415, 525], [1386, 526], [1387, 526], [1388, 526], [1389, 526], [1390, 526], [1391, 526], [1411, 526], [1412, 526], [1413, 526], [1414, 526], [1415, 526], [1416, 526], [1387, 527], [1388, 527], [1389, 527], [1390, 527], [1391, 527], [1392, 527], [1412, 527], [1413, 527], [1415, 527], [1416, 527], [1417, 527], [1388, 528], [1389, 528], [1390, 528], [1391, 528], [1392, 528], [1393, 528], [1412, 528], [1413, 528], [1414, 528], [1416, 528], [1417, 528], [1418, 528], [1389, 529], [1390, 529], [1391, 529], [1392, 529], [1393, 529], [1394, 529], [1413, 529], [1414, 529], [1415, 529], [1417, 529], [1418, 529], [1390, 530], [1391, 530], [1392, 530], [1393, 530], [1394, 530], [1414, 530], [1415, 530], [1416, 530], [1417, 530], [1418, 530], [1419, 530], [1391, 531], [1392, 531], [1393, 531], [1394, 531], [1395, 531], [1415, 531], [1416, 531], [1417, 531], [1418, 531], [1419, 531], [1420, 531], [1392, 532], [1393, 532], [1395, 532], [1396, 532], [1416, 532], [1417, 532], [1418, 532], [1419, 532], [1420, 532], [1421, 532], [1393, 533], [1394, 533], [1396, 533], [1397, 533], [1417, 533], [1418, 533], [1419, 533], [1420, 533], [1421, 533], [1422, 533], [1394, 534], [1395, 534], [1397, 534], [1398, 534], [1418, 534], [1419, 534], [1420, 534], [1421, 534], [1422, 534], [1423, 534], [1395, 535], [1396, 535], [1398, 535], [1399, 535], [1419, 535], [1420, 535], [1421, 535], [1422, 535], [1423, 535], [1424, 535], [1396, 536], [1397, 536], [1398, 536], [1399, 536], [1400, 536], [1420, 536], [1421, 536], [1422, 536], [1423, 536], [1424, 536], [1425, 536], [1397, 537], [1398, 537], [1399, 537], [1400, 537], [1401, 537], [1421, 537], [1422, 537], [1423, 537], [1424, 537], [1425, 537], [1426, 537], [1397, 538], [1398, 538], [1399, 538], [1400, 538], [1401, 538], [1402, 538], [1422, 538], [1423, 538], [1424, 538], [1425, 538], [1426, 538], [1427, 538], [1398, 539], [1399, 539], [1400, 539], [1401, 539], [1402, 539], [1423, 539], [1424, 539], [1425, 539], [1426, 539], [1427, 539], [1428, 539], [1399, 540], [1400, 540], [1401, 540], [1402, 540], [1403, 540], [1404, 540], [1424, 540], [1425, 540], [1426, 540], [1427, 540], [1428, 540], [1429, 540], [1400, 541], [1401, 541], [1402, 541], [1403, 541], [1404, 541], [1425, 541], [1426, 541], [1427, 541], [1428, 541], [1429, 541], [1430, 541], [1401, 542], [1402, 542], [1403, 542], [1404, 542], [1405, 542], [1426, 542], [1427, 542], [1428, 542], [1429, 542], [1430, 542], [1431, 542], [1402, 543], [1403, 543], [1405, 543], [1406, 543], [1427, 543], [1428, 543], [1429, 543], [1430, 543], [1431, 543], [1403, 544], [1404, 544], [1405, 544], [1406, 544], [1407, 544], [1428, 544], [1429, 544], [1430, 544], [1431, 544], [1432, 544], [1404, 545], [1405, 545], [1406, 545], [1407, 545], [1408, 545], [1429, 545], [1430, 545], [1431, 545], [1432, 545], [1433, 545], [1404, 546], [1405, 546], [1406, 546], [1407, 546], [1408, 546], [1409, 546], [1430, 546], [1431, 546], [1432, 546], [1433, 546], [1434, 546], [1405, 547], [1406, 547], [1407, 547], [1408, 547], [1409, 547], [1410, 547], [1430, 547], [1431, 547], [1432, 547], [1433, 547], [1434, 547], [1435, 547], [1406, 548], [1407, 548], [1408, 548], [1409, 548], [1410, 548], [1411, 548], [1431, 548], [1432, 548], [1433, 548], [1434, 548], [1435, 548], [1436, 548], [1407, 549], [1408, 549], [1409, 549], [1410, 549], [1411, 549], [1412, 549], [1432, 549], [1433, 549], [1434, 549], [1435, 549], [1436, 549], [1437, 549], [1408, 550], [1409, 550], [1410, 550], [1411, 550], [1412, 550], [1413, 550], [1433, 550], [1434, 550], [1435, 550], [1436, 550], [1437, 550], [1438, 550], [1409, 551], [1410, 551], [1411, 551], [1412, 551], [1413, 551], [1434, 551], [1435, 551], [1436, 551], [1437, 551], [1438, 551], [1439, 551], [1410, 552], [1411, 552], [1412, 552], [1413, 552], [1414, 552], [1435, 552], [1436, 552], [1437, 552], [1438, 552], [1439, 552], [1440, 552], [1411, 553], [1412, 553], [1414, 553], [1415, 553], [1436, 553], [1437, 553], [1438, 553], [1439, 553], [1440, 553], [1441, 553], [1412, 554], [1413, 554], [1414, 554], [1415, 554], [1416, 554], [1437, 554], [1438, 554], [1439, 554], [1440, 554], [1441, 554], [1442, 554], [1413, 555], [1414, 555], [1415, 555], [1416, 555], [1417, 555], [1438, 555], [1439, 555], [1440, 555], [1441, 555], [1442, 555], [1443, 555], [1413, 556], [1414, 556], [1415, 556], [1416, 556], [1417, 556], [1418, 556], [1439, 556], [1440, 556], [1441, 556], [1442, 556], [1443, 556], [1444, 556], [1414, 557], [1415, 557], [1416, 557], [1417, 557], [1418, 557], [1419, 557], [1439, 557], [1440, 557], [1441, 557], [1442, 557], [1443, 557], [1444, 557], [1445, 557], [1415, 558], [1416, 558], [1417, 558], [1418, 558], [1419, 558], [1420, 558], [1441, 558], [1442, 558], [1443, 558], [1444, 558], [1445, 558], [1446, 558], [1416, 559], [1417, 559], [1418, 559], [1419, 559], [1420, 559], [1442, 559], [1443, 559], [1444, 559], [1445, 559], [1446, 559], [1447, 559], [1417, 560], [1418, 560], [1419, 560], [1420, 560], [1421, 560], [1443, 560], [1444, 560], [1445, 560], [1446, 560], [1447, 560], [1448, 560], [1418, 561], [1419, 561], [1421, 561], [1422, 561], [1444, 561], [1445, 561], [1446, 561], [1447, 561], [1448, 561], [1449, 561], [1419, 562], [1420, 562], [1422, 562], [1423, 562], [1445, 562], [1446, 562], [1448, 562], [1449, 562], [1450, 562], [1420, 563], [1421, 563], [1422, 563], [1423, 563], [1424, 563], [1445, 563], [1446, 563], [1447, 563], [1449, 563], [1450, 563], [1451, 563], [1421, 564], [1422, 564], [1423, 564], [1424, 564], [1425, 564], [1446, 564], [1447, 564], [1448, 564], [1450, 564], [1451, 564], [1421, 565], [1422, 565], [1423, 565], [1424, 565], [1425, 565], [1426, 565], [1447, 565], [1448, 565], [1449, 565], [1450, 565], [1451, 565], [1452, 565], [1422, 566], [1423, 566], [1424, 566], [1425, 566], [1426, 566], [1427, 566], [1448, 566], [1449, 566], [1450, 566], [1451, 566], [1452, 566], [1453, 566], [1423, 567], [1424, 567], [1425, 567], [1426, 567], [1427, 567], [1428, 567], [1449, 567], [1450, 567], [1451, 567], [1452, 567], [1453, 567], [1454, 567], [1424, 568], [1425, 568], [1426, 568], [1427, 568], [1428, 568], [1429, 568], [1450, 568], [1451, 568], [1452, 568], [1453, 568], [1454, 568], [1455, 568], [1425, 569], [1426, 569], [1427, 569], [1428, 569], [1429, 569], [1430, 569], [1452, 569], [1453, 569], [1454, 569], [1455, 569], [1456, 569], [1426, 570], [1427, 570], [1428, 570], [1429, 570], [1430, 570], [1431, 570], [1452, 570], [1453, 570], [1454, 570], [1455, 570], [1456, 570], [1457, 570], [1427, 571], [1428, 571], [1429, 571], [1430, 571], [1431, 571], [1432, 571], [1453, 571], [1454, 571], [1455, 571], [1456, 571], [1457, 571], [1458, 571], [1428, 572], [1429, 572], [1430, 572], [1431, 572], [1432, 572], [1454, 572], [1455, 572], [1456, 572], [1457, 572], [1458, 572], [1459, 572], [1429, 573], [1430, 573], [1431, 573], [1432, 573], [1433, 573], [1455, 573], [1456, 573], [1457, 573], [1458, 573], [1459, 573], [1460, 573], [1430, 574], [1431, 574], [1433, 574], [1434, 574], [1456, 574], [1457, 574], [1458, 574], [1459, 574], [1460, 574], [1461, 574], [1431, 575], [1432, 575], [1433, 575], [1434, 575], [1435, 575], [1457, 575], [1458, 575], [1459, 575], [1460, 575], [1461, 575], [1462, 575], [1432, 576], [1433, 576], [1434, 576], [1435, 576], [1436, 576], [1458, 576], [1459, 576], [1460, 576], [1461, 576], [1462, 576], [1463, 576], [1432, 577], [1433, 577], [1434, 577], [1435, 577], [1436, 577], [1437, 577], [1459, 577], [1460, 577], [1461, 577], [1462, 577], [1463, 577], [1464, 577], [1433, 578], [1434, 578], [1435, 578], [1436, 578], [1437, 578], [1438, 578], [1460, 578], [1461, 578], [1462, 578], [1463, 578], [1464, 578], [1465, 578], [1434, 579], [1435, 579], [1436, 579], [1437, 579], [1438, 579], [1439, 579], [1461, 579], [1462, 579], [1464, 579], [1465, 579], [1466, 579], [1435, 580], [1436, 580], [1437, 580], [1438, 580], [1439, 580], [1440, 580], [1461, 580], [1462, 580], [1463, 580], [1464, 580], [1465, 580], [1466, 580], [1436, 581], [1437, 581], [1438, 581], [1439, 581], [1440, 581], [1441, 581], [1462, 581], [1463, 581], [1464, 581], [1466, 581], [1467, 581], [1468, 581], [1437, 582], [1438, 582], [1439, 582], [1440, 582], [1441, 582], [1464, 582], [1465, 582], [1467, 582], [1468, 582], [1438, 583], [1439, 583], [1440, 583], [1441, 583], [1442, 583], [1464, 583], [1465, 583], [1466, 583], [1468, 583], [1469, 583], [1439, 584], [1440, 584], [1442, 584], [1443, 584], [1466, 584], [1467, 584], [1468, 584], [1469, 584], [1470, 584], [1440, 585], [1441, 585], [1442, 585], [1443, 585], [1444, 585], [1466, 585], [1467, 585], [1468, 585], [1469, 585], [1470, 585], [1471, 585], [1441, 586], [1442, 586], [1443, 586], [1444, 586], [1445, 586], [1467, 586], [1468, 586], [1469, 586], [1470, 586], [1471, 586], [1472, 586], [1441, 587], [1442, 587], [1443, 587], [1444, 587], [1445, 587], [1446, 587], [1468, 587], [1469, 587], [1470, 587], [1471, 587], [1472, 587], [1473, 587], [1442, 588], [1443, 588], [1444, 588], [1445, 588], [1446, 588], [1447, 588], [1469, 588], [1470, 588], [1471, 588], [1472, 588], [1473, 588], [1474, 588], [1443, 589], [1444, 589], [1445, 589], [1446, 589], [1447, 589], [1448, 589], [1470, 589], [1471, 589], [1472, 589], [1473, 589], [1474, 589], [1475, 589], [1444, 590], [1445, 590], [1446, 590], [1447, 590], [1448, 590], [1471, 590], [1472, 590], [1473, 590], [1474, 590], [1475, 590], [1476, 590], [1445, 591], [1446, 591], [1447, 591], [1448, 591], [1449, 591], [1472, 591], [1473, 591], [1474, 591], [1475, 591], [1476, 591], [1477, 591], [1446, 592], [1447, 592], [1448, 592], [1449, 592], [1450, 592], [1473, 592], [1474, 592], [1475, 592], [1476, 592], [1477, 592], [1478, 592], [1447, 593], [1448, 593], [1449, 593], [1450, 593], [1451, 593], [1474, 593], [1475, 593], [1476, 593], [1477, 593], [1478, 593], [1479, 593], [1447, 594], [1448, 594], [1449, 594], [1450, 594], [1451, 594], [1452, 594], [1475, 594], [1476, 594], [1477, 594], [1478, 594], [1479, 594], [1480, 594], [1448, 595], [1449, 595], [1450, 595], [1451, 595], [1452, 595], [1453, 595], [1476, 595], [1477, 595], [1478, 595], [1479, 595], [1480, 595], [1481, 595], [1449, 596], [1450, 596], [1451, 596], [1452, 596], [1453, 596], [1454, 596], [1477, 596], [1478, 596], [1479, 596], [1480, 596], [1481, 596], [1450, 597], [1451, 597], [1452, 597], [1453, 597], [1454, 597], [1455, 597], [1456, 597], [1457, 597], [1467, 597], [1468, 597], [1469, 597], [1470, 597], [1471, 597], [1472, 597], [1478, 597], [1479, 597], [1480, 597], [1481, 597], [1482, 597], [1451, 598], [1452, 598], [1453, 598], [1454, 598], [1455, 598], [1456, 598], [1457, 598], [1458, 598], [1459, 598], [1460, 598], [1461, 598], [1462, 598], [1463, 598], [1464, 598], [1465, 598], [1466, 598], [1467, 598], [1468, 598], [1469, 598], [1470, 598], [1471, 598], [1472, 598], [1473, 598], [1474, 598], [1475, 598], [1476, 598], [1477, 598], [1478, 598], [1480, 598], [1481, 598], [1482, 598], [1483, 598], [1452, 599], [1453, 599], [1454, 599], [1455, 599], [1457, 599], [1458, 599], [1459, 599], [1460, 599], [1461, 599], [1462, 599], [1463, 599], [1464, 599], [1465, 599], [1466, 599], [1467, 599], [1468, 599], [1471, 599], [1472, 599], [1473, 599], [1474, 599], [1475, 599], [1476, 599], [1477, 599], [1478, 599], [1479, 599], [1480, 599], [1481, 599], [1482, 599], [1483, 599], [1453, 600], [1454, 600], [1455, 600], [1456, 600], [1457, 600], [1458, 600], [1459, 600], [1478, 600], [1479, 600], [1480, 600], [1481, 600], [1482, 600], [1483, 600], [1455, 601], [1456, 601], [1457, 601], [1458, 601], [1459, 601], [1460, 601], [1461, 601], [1462, 601], [1463, 601], [1464, 601], [1465, 601], [1466, 601], [1467, 601], [1468, 601], [1469, 601], [1470, 601], [1471, 601], [1472, 601], [1473, 601], [1474, 601], [1475, 601], [1476, 601], [1477, 601], [1478, 601], [1479, 601], [1480, 601], [1481, 601], [1482, 601], [1483, 601], [1458, 602], [1459, 602], [1460, 602], [1461, 602], [1462, 602], [1463, 602], [1464, 602], [1465, 602], [1466, 602], [1467, 602], [1468, 602], [1469, 602], [1470, 602], [1471, 602], [1472, 602], [1473, 602], [1474, 602], [1475, 602], [1476, 602], [1477, 602], [1478, 602], [1479, 602], [1480, 602], [1481, 602], [1482, 602], [1483, 602], [1758, 928], [1759, 928], [1760, 928], [1761, 928], [1762, 928], [1763, 928], [1758, 929], [1759, 929], [1760, 929], [1761, 929], [1762, 929], [1763, 929], [1764, 929], [1765, 929], [1780, 929], [1781, 929], [1782, 929], [1783, 929], [1784, 929], [1758, 930], [1759, 930], [1760, 930], [1762, 930], [1763, 930], [1764, 930], [1765, 930], [1766, 930], [1767, 930], [1768, 930], [1769, 930], [1770, 930], [1772, 930], [1773, 930], [1774, 930], [1775, 930], [1776, 930], [1777, 930], [1779, 930], [1780, 930], [1781, 930], [1782, 930], [1783, 930], [1784, 930], [1785, 930], [1786, 930], [1787, 930], [1788, 930], [1789, 930], [1790, 930], [1791, 930], [1792, 930], [1793, 930], [1794, 930], [1759, 931], [1760, 931], [1764, 931], [1765, 931], [1766, 931], [1767, 931], [1768, 931], [1769, 931], [1770, 931], [1771, 931], [1772, 931], [1773, 931], [1774, 931], [1775, 931], [1776, 931], [1777, 931], [1778, 931], [1779, 931], [1780, 931], [1781, 931], [1783, 931], [1784, 931], [1785, 931], [1786, 931], [1787, 931], [1788, 931], [1789, 931], [1790, 931], [1791, 931], [1792, 931], [1793, 931], [1794, 931], [1795, 931], [1796, 931], [1759, 932], [1760, 932], [1761, 932], [1769, 932], [1770, 932], [1771, 932], [1772, 932], [1773, 932], [1776, 932], [1777, 932], [1778, 932], [1779, 932], [1780, 932], [1793, 932], [1794, 932], [1795, 932], [1796, 932], [1797, 932], [1798, 932], [1759, 933], [1760, 933], [1761, 933], [1795, 933], [1796, 933], [1797, 933], [1798, 933], [1799, 933], [1760, 934], [1761, 934], [1762, 934], [1797, 934], [1798, 934], [1799, 934], [1800, 934], [1760, 935], [1761, 935], [1762, 935], [1763, 935], [1798, 935], [1799, 935], [1800, 935], [1801, 935], [1761, 936], [1762, 936], [1763, 936], [1764, 936], [1765, 936], [1799, 936], [1800, 936], [1801, 936], [1802, 936], [1762, 937], [1763, 937], [1764, 937], [1765, 937], [1766, 937], [1767, 937], [1800, 937], [1801, 937], [1802, 937], [1803, 937], [1764, 938], [1765, 938], [1766, 938], [1767, 938], [1768, 938], [1801, 938], [1802, 938], [1803, 938], [1766, 939], [1767, 939], [1768, 939], [1769, 939], [1802, 939], [1803, 939], [1804, 939], [1767, 940], [1768, 940], [1769, 940], [1802, 940], [1803, 940], [1804, 940], [1768, 941], [1769, 941], [1770, 941], [1803, 941], [1804, 941], [1768, 942], [1769, 942], [1770, 942], [1771, 942], [1803, 942], [1804, 942], [1769, 943], [1770, 943], [1771, 943], [1781, 943], [1782, 943], [1783, 943], [1803, 943], [1804, 943], [1770, 944], [1771, 944], [1772, 944], [1781, 944], [1782, 944], [1783, 944], [1784, 944], [1785, 944], [1786, 944], [1787, 944], [1788, 944], [1789, 944], [1790, 944], [1791, 944], [1803, 944], [1804, 944], [1770, 945], [1771, 945], [1772, 945], [1773, 945], [1781, 945], [1782, 945], [1783, 945], [1784, 945], [1785, 945], [1786, 945], [1787, 945], [1788, 945], [1789, 945], [1790, 945], [1791, 945], [1792, 945], [1793, 945], [1794, 945], [1795, 945], [1796, 945], [1803, 945], [1804, 945], [1771, 946], [1772, 946], [1773, 946], [1774, 946], [1775, 946], [1776, 946], [1777, 946], [1778, 946], [1779, 946], [1780, 946], [1781, 946], [1782, 946], [1790, 946], [1791, 946], [1792, 946], [1793, 946], [1794, 946], [1795, 946], [1796, 946], [1797, 946], [1798, 946], [1801, 946], [1802, 946], [1803, 946], [1804, 946], [1772, 947], [1773, 947], [1774, 947], [1775, 947], [1776, 947], [1777, 947], [1778, 947], [1779, 947], [1780, 947], [1781, 947], [1782, 947], [1795, 947], [1796, 947], [1797, 947], [1798, 947], [1799, 947], [1800, 947], [1801, 947], [1802, 947], [1803, 947], [1804, 947], [1797, 948], [1798, 948], [1799, 948], [1800, 948], [1801, 948], [1802, 948]


