White line left - 




Yellow line left - [1635, 166], [1633, 167], [1634, 167], [1635, 167], [1632, 168], [1633, 168], [1634, 168], [1630, 169], [1631, 169], [1632, 169], [1633, 169], [1628, 170], [1629, 170], [1630, 170], [1631, 170], [1632, 170], [1627, 171], [1628, 171], [1629, 171], [1630, 171], [1625, 172], [1626, 172], [1627, 172], [1624, 173], [1625, 173], [1626, 173]




Yellow line right - [1642, 211], [1643, 211], [1644, 211], [1641, 212], [1642, 212], [1643, 212], [1644, 212], [1645, 212], [1646, 212], [1647, 212], [1639, 213], [1640, 213], [1641, 213], [1642, 213], [1643, 213], [1644, 213], [1645, 213], [1646, 213], [1647, 213], [1648, 213], [1649, 213], [1650, 213], [1651, 213], [1652, 213], [1638, 214], [1639, 214], [1640, 214], [1641, 214], [1642, 214], [1646, 214], [1647, 214], [1648, 214], [1649, 214], [1650, 214], [1651, 214], [1652, 214], [1653, 214], [1654, 214], [1655, 214], [1656, 214], [1638, 215], [1639, 215], [1640, 215], [1651, 215], [1652, 215], [1653, 215], [1654, 215], [1655, 215], [1656, 215], [1657, 215], [1638, 216], [1639, 216], [1640, 216], [1654, 216], [1655, 216], [1656, 216], [1657, 216], [1638, 217], [1639, 217], [1640, 217], [1650, 217], [1651, 217], [1652, 217], [1653, 217], [1654, 217], [1655, 217], [1656, 217], [1657, 217], [1639, 218], [1640, 218], [1641, 218], [1642, 218], [1643, 218], [1644, 218], [1645, 218], [1646, 218], [1647, 218], [1648, 218], [1649, 218], [1650, 218], [1651, 218], [1652, 218], [1653, 218], [1654, 218], [1655, 218], [1639, 219], [1640, 219], [1641, 219], [1642, 219], [1643, 219], [1644, 219], [1645, 219], [1646, 219], [1647, 219], [1648, 219], [1649, 219], [1650, 219], [1651, 219]




White line right - [1610, 196], [1611, 196], [1612, 196], [1610, 197], [1612, 197], [1613, 197], [1614, 197], [1615, 197], [1610, 198], [1611, 198], [1612, 198], [1613, 198], [1614, 198], [1615, 198], [1616, 198], [1617, 198], [1618, 198], [1619, 198], [1612, 199], [1613, 199], [1614, 199], [1615, 199], [1616, 199], [1618, 199], [1619, 199], [1620, 199], [1621, 199], [1622, 199], [1623, 199], [1615, 200], [1616, 200], [1617, 200], [1618, 200], [1619, 200], [1621, 200], [1622, 200], [1623, 200], [1624, 200], [1625, 200], [1617, 201], [1618, 201], [1620, 201], [1621, 201], [1622, 201], [1624, 201], [1625, 201], [1617, 202], [1618, 202], [1619, 202], [1620, 202], [1621, 202], [1622, 202], [1623, 202], [1624, 202], [1625, 202], [1617, 203], [1618, 203], [1619, 203], [1620, 203], [1621, 203], [1622, 203], [1623, 203], [1624, 203], [1625, 203], [1621, 204], [1622, 204], [1623, 204], [1624, 204], [1625, 204], [1534, 226], [1535, 226], [1532, 227], [1533, 227], [1534, 227], [1535, 227], [1536, 227], [1534, 228], [1535, 228], [1536, 228], [1535, 229], [1536, 229], [1527, 230], [1528, 230], [1535, 230], [1536, 230], [1527, 231], [1528, 231], [1529, 231], [1530, 231], [1534, 231], [1535, 231], [1536, 231], [1527, 232], [1528, 232], [1529, 232], [1530, 232], [1531, 232], [1534, 232], [1535, 232], [1536, 232], [1529, 233], [1530, 233], [1531, 233], [1532, 233], [1533, 233], [1534, 233], [1535, 233], [1530, 234], [1531, 234], [1532, 234], [1533, 234], [1534, 234], [1535, 234], [1618, 238], [1619, 238], [1620, 238], [1621, 238], [1622, 238], [1568, 239], [1569, 239], [1570, 239], [1571, 239], [1572, 239], [1573, 239], [1618, 239], [1619, 239], [1621, 239], [1622, 239], [1567, 240], [1568, 240], [1569, 240], [1571, 240], [1572, 240], [1573, 240], [1574, 240], [1575, 240], [1618, 240], [1619, 240], [1620, 240], [1621, 240], [1622, 240], [1509, 241], [1510, 241], [1567, 241], [1568, 241], [1569, 241], [1570, 241], [1571, 241], [1572, 241], [1574, 241], [1575, 241], [1576, 241], [1577, 241], [1507, 242], [1508, 242], [1510, 242], [1511, 242], [1567, 242], [1568, 242], [1569, 242], [1570, 242], [1571, 242], [1572, 242], [1573, 242], [1574, 242], [1575, 242], [1576, 242], [1577, 242], [1578, 242], [1579, 242], [1580, 242], [1508, 243], [1509, 243], [1510, 243], [1511, 243], [1512, 243], [1568, 243], [1569, 243], [1570, 243], [1571, 243], [1573, 243], [1574, 243], [1576, 243], [1577, 243], [1578, 243], [1579, 243], [1580, 243], [1581, 243], [1582, 243], [1583, 243], [1509, 244], [1510, 244], [1511, 244], [1512, 244], [1513, 244], [1570, 244], [1571, 244], [1572, 244], [1573, 244], [1574, 244], [1575, 244], [1576, 244], [1579, 244], [1580, 244], [1581, 244], [1582, 244], [1583, 244], [1584, 244], [1585, 244], [1586, 244], [1509, 245], [1510, 245], [1511, 245], [1512, 245], [1513, 245], [1573, 245], [1574, 245], [1575, 245], [1576, 245], [1577, 245], [1578, 245], [1582, 245], [1583, 245], [1584, 245], [1585, 245], [1586, 245], [1587, 245], [1588, 245], [1509, 246], [1510, 246], [1511, 246], [1513, 246], [1514, 246], [1575, 246], [1576, 246], [1577, 246], [1578, 246], [1579, 246], [1580, 246], [1581, 246], [1582, 246], [1583, 246], [1584, 246], [1585, 246], [1586, 246], [1588, 246], [1511, 247], [1512, 247], [1513, 247], [1514, 247], [1577, 247], [1578, 247], [1579, 247], [1580, 247], [1581, 247], [1582, 247], [1583, 247], [1585, 247], [1586, 247], [1587, 247], [1588, 247], [1511, 248], [1512, 248], [1513, 248], [1514, 248], [1580, 248], [1581, 248], [1582, 248], [1583, 248], [1585, 248], [1586, 248], [1587, 248], [1588, 248], [1512, 249], [1514, 249], [1583, 249], [1584, 249], [1585, 249], [1586, 249], [1588, 249], [1512, 250], [1514, 250], [1586, 250], [1587, 250], [1588, 250], [1512, 251], [1514, 251], [1512, 252], [1514, 252], [1508, 253], [1509, 253], [1510, 253], [1511, 253], [1512, 253], [1513, 253], [1514, 253], [1515, 253], [1508, 254], [1509, 254], [1510, 254], [1511, 254], [1512, 254], [1513, 254], [1514, 254], [1515, 254], [1508, 255], [1509, 255], [1510, 255], [1511, 255], [1512, 255], [1513, 255], [1514, 255], [1515, 255], [1511, 256], [1512, 256], [1513, 256], [1514, 256], [1619, 263], [1620, 263], [1621, 263], [1609, 264], [1610, 264], [1611, 264], [1619, 264], [1620, 264], [1621, 264], [1622, 264], [1623, 264], [1609, 265], [1611, 265], [1619, 265], [1620, 265], [1621, 265], [1622, 265], [1623, 265], [1624, 265], [1625, 265], [1609, 266], [1610, 266], [1611, 266], [1620, 266], [1621, 266], [1622, 266], [1623, 266], [1624, 266], [1625, 266], [1626, 266], [1617, 267], [1618, 267], [1619, 267], [1620, 267], [1621, 267], [1622, 267], [1623, 267], [1624, 267], [1625, 267], [1626, 267], [1627, 267], [1617, 268], [1618, 268], [1620, 268], [1621, 268], [1622, 268], [1624, 268], [1625, 268], [1626, 268], [1627, 268], [1628, 268], [1617, 269], [1618, 269], [1619, 269], [1620, 269], [1621, 269], [1622, 269], [1623, 269], [1625, 269], [1627, 269], [1628, 269], [1621, 270], [1622, 270], [1623, 270], [1624, 270], [1625, 270], [1626, 270], [1627, 270], [1628, 270], [1624, 271], [1625, 271], [1626, 271], [1627, 271], [1177, 438], [1175, 439], [1176, 439], [1177, 439], [1178, 439], [1173, 440], [1174, 440], [1176, 440], [1177, 440], [1178, 440], [1172, 441], [1173, 441], [1174, 441], [1177, 441], [1178, 441], [1179, 441], [1172, 442], [1173, 442], [1174, 442], [1177, 442], [1178, 442], [1179, 442], [1172, 443], [1173, 443], [1174, 443], [1175, 443], [1176, 443], [1177, 443], [1178, 443], [1179, 443], [1180, 443], [1173, 444], [1174, 444], [1175, 444], [1176, 444], [1177, 444], [1178, 444], [1179, 444], [1180, 444], [1181, 444], [1174, 445], [1175, 445], [1176, 445], [1177, 445], [1178, 445], [1179, 445], [1180, 445], [1181, 445], [1163, 446], [1164, 446], [1178, 446], [1179, 446], [1181, 446], [1182, 446], [1162, 447], [1163, 447], [1164, 447], [1179, 447], [1180, 447], [1181, 447], [1182, 447], [1183, 447], [1160, 448], [1161, 448], [1162, 448], [1163, 448], [1164, 448], [1179, 448], [1180, 448], [1181, 448], [1182, 448], [1183, 448], [1160, 449], [1161, 449], [1162, 449], [1163, 449], [1164, 449], [1180, 449], [1181, 449], [1183, 449], [1184, 449], [1161, 450], [1162, 450], [1163, 450], [1164, 450], [1165, 450], [1181, 450], [1182, 450], [1183, 450], [1184, 450], [1161, 451], [1162, 451], [1163, 451], [1164, 451], [1165, 451], [1166, 451], [1167, 451], [1181, 451], [1182, 451], [1184, 451], [1185, 451], [1162, 452], [1163, 452], [1165, 452], [1166, 452], [1167, 452], [1168, 452], [1182, 452], [1183, 452], [1184, 452], [1185, 452], [1186, 452], [1163, 453], [1164, 453], [1165, 453], [1166, 453], [1167, 453], [1168, 453], [1182, 453], [1183, 453], [1184, 453], [1185, 453], [1186, 453], [1163, 454], [1164, 454], [1165, 454], [1167, 454], [1168, 454], [1169, 454], [1183, 454], [1184, 454], [1185, 454], [1186, 454], [1187, 454], [1164, 455], [1165, 455], [1166, 455], [1167, 455], [1168, 455], [1169, 455], [1170, 455], [1183, 455], [1184, 455], [1185, 455], [1186, 455], [1187, 455], [1188, 455], [1164, 456], [1165, 456], [1166, 456], [1168, 456], [1169, 456], [1170, 456], [1171, 456], [1177, 456], [1178, 456], [1179, 456], [1180, 456], [1181, 456], [1182, 456], [1183, 456], [1185, 456], [1186, 456], [1187, 456], [1188, 456], [1165, 457], [1166, 457], [1167, 457], [1169, 457], [1170, 457], [1171, 457], [1172, 457], [1173, 457], [1176, 457], [1177, 457], [1178, 457], [1179, 457], [1180, 457], [1181, 457], [1182, 457], [1183, 457], [1184, 457], [1185, 457], [1186, 457], [1187, 457], [1188, 457], [1189, 457], [1165, 458], [1166, 458], [1167, 458], [1168, 458], [1170, 458], [1171, 458], [1172, 458], [1173, 458], [1174, 458], [1175, 458], [1176, 458], [1177, 458], [1178, 458], [1179, 458], [1180, 458], [1183, 458], [1184, 458], [1185, 458], [1186, 458], [1187, 458], [1188, 458], [1189, 458], [1166, 459], [1167, 459], [1168, 459], [1172, 459], [1173, 459], [1174, 459], [1175, 459], [1176, 459], [1177, 459], [1188, 459], [1189, 459], [1190, 459], [1167, 460], [1168, 460], [1169, 460], [1187, 460], [1188, 460], [1189, 460], [1190, 460], [1191, 460], [1167, 461], [1168, 461], [1169, 461], [1170, 461], [1187, 461], [1188, 461], [1189, 461], [1190, 461], [1191, 461], [1192, 461], [1168, 462], [1169, 462], [1170, 462], [1186, 462], [1187, 462], [1188, 462], [1189, 462], [1190, 462], [1191, 462], [1192, 462], [1169, 463], [1170, 463], [1171, 463], [1184, 463], [1185, 463], [1186, 463], [1187, 463], [1188, 463], [1189, 463], [1190, 463], [1192, 463], [1193, 463], [1169, 464], [1170, 464], [1171, 464], [1179, 464], [1180, 464], [1181, 464], [1182, 464], [1183, 464], [1184, 464], [1185, 464], [1186, 464], [1187, 464], [1190, 464], [1191, 464], [1192, 464], [1193, 464], [1194, 464], [1170, 465], [1171, 465], [1172, 465], [1178, 465], [1179, 465], [1180, 465], [1181, 465], [1182, 465], [1183, 465], [1184, 465], [1185, 465], [1190, 465], [1191, 465], [1192, 465], [1193, 465], [1194, 465], [1170, 466], [1171, 466], [1172, 466], [1178, 466], [1179, 466], [1180, 466], [1191, 466], [1192, 466], [1194, 466], [1195, 466], [1171, 467], [1172, 467], [1173, 467], [1178, 467], [1179, 467], [1180, 467], [1192, 467], [1193, 467], [1194, 467], [1195, 467], [1196, 467], [1171, 468], [1172, 468], [1173, 468], [1174, 468], [1178, 468], [1179, 468], [1180, 468], [1181, 468], [1192, 468], [1193, 468], [1194, 468], [1195, 468], [1196, 468], [1172, 469], [1173, 469], [1174, 469], [1179, 469], [1180, 469], [1181, 469], [1192, 469], [1193, 469], [1194, 469], [1195, 469], [1196, 469], [1197, 469], [1173, 470], [1174, 470], [1175, 470], [1180, 470], [1181, 470], [1182, 470], [1192, 470], [1193, 470], [1194, 470], [1195, 470], [1196, 470], [1197, 470], [1173, 471], [1174, 471], [1175, 471], [1180, 471], [1181, 471], [1182, 471], [1191, 471], [1192, 471], [1193, 471], [1196, 471], [1197, 471], [1198, 471], [1174, 472], [1175, 472], [1176, 472], [1180, 472], [1181, 472], [1182, 472], [1190, 472], [1191, 472], [1192, 472], [1193, 472], [1196, 472], [1197, 472], [1198, 472], [1199, 472], [1174, 473], [1175, 473], [1176, 473], [1177, 473], [1180, 473], [1181, 473], [1182, 473], [1190, 473], [1191, 473], [1192, 473], [1197, 473], [1198, 473], [1199, 473], [1175, 474], [1176, 474], [1177, 474], [1180, 474], [1181, 474], [1182, 474], [1190, 474], [1191, 474], [1192, 474], [1198, 474], [1199, 474], [1200, 474], [1176, 475], [1177, 475], [1178, 475], [1181, 475], [1182, 475], [1190, 475], [1191, 475], [1192, 475], [1198, 475], [1199, 475], [1200, 475], [1176, 476], [1177, 476], [1178, 476], [1181, 476], [1182, 476], [1183, 476], [1191, 476], [1192, 476], [1193, 476], [1199, 476], [1200, 476], [1201, 476], [1177, 477], [1178, 477], [1179, 477], [1181, 477], [1182, 477], [1183, 477], [1184, 477], [1191, 477], [1192, 477], [1193, 477], [1194, 477], [1195, 477], [1196, 477], [1199, 477], [1200, 477], [1201, 477], [1202, 477], [1177, 478], [1178, 478], [1179, 478], [1180, 478], [1182, 478], [1183, 478], [1184, 478], [1185, 478], [1192, 478], [1193, 478], [1194, 478], [1195, 478], [1196, 478], [1198, 478], [1199, 478], [1201, 478], [1202, 478], [1203, 478], [1178, 479], [1179, 479], [1180, 479], [1183, 479], [1184, 479], [1185, 479], [1186, 479], [1187, 479], [1188, 479], [1189, 479], [1193, 479], [1194, 479], [1195, 479], [1196, 479], [1197, 479], [1198, 479], [1199, 479], [1200, 479], [1202, 479], [1203, 479], [1179, 480], [1180, 480], [1181, 480], [1184, 480], [1185, 480], [1186, 480], [1187, 480], [1188, 480], [1189, 480], [1195, 480], [1196, 480], [1197, 480], [1198, 480], [1199, 480], [1200, 480], [1201, 480], [1202, 480], [1203, 480], [1204, 480], [1179, 481], [1180, 481], [1181, 481], [1184, 481], [1185, 481], [1186, 481], [1187, 481], [1188, 481], [1189, 481], [1195, 481], [1196, 481], [1197, 481], [1198, 481], [1199, 481], [1200, 481], [1201, 481], [1202, 481], [1203, 481], [1204, 481], [1180, 482], [1181, 482], [1182, 482], [1184, 482], [1185, 482], [1186, 482], [1187, 482], [1188, 482], [1189, 482], [1195, 482], [1196, 482], [1197, 482], [1198, 482], [1199, 482], [1200, 482], [1201, 482], [1202, 482], [1203, 482], [1204, 482], [1205, 482], [1180, 483], [1181, 483], [1182, 483], [1186, 483], [1187, 483], [1195, 483], [1196, 483], [1197, 483], [1198, 483], [1199, 483], [1201, 483], [1202, 483], [1203, 483], [1204, 483], [1205, 483], [1206, 483], [1181, 484], [1182, 484], [1183, 484], [1186, 484], [1187, 484], [1198, 484], [1199, 484], [1200, 484], [1201, 484], [1202, 484], [1203, 484], [1204, 484], [1205, 484], [1206, 484], [1181, 485], [1182, 485], [1183, 485], [1184, 485], [1186, 485], [1187, 485], [1188, 485], [1199, 485], [1200, 485], [1201, 485], [1202, 485], [1203, 485], [1204, 485], [1206, 485], [1207, 485], [1182, 486], [1183, 486], [1184, 486], [1186, 486], [1187, 486], [1188, 486], [1199, 486], [1200, 486], [1201, 486], [1202, 486], [1203, 486], [1204, 486], [1205, 486], [1206, 486], [1207, 486], [1208, 486], [1183, 487], [1184, 487], [1185, 487], [1187, 487], [1188, 487], [1189, 487], [1202, 487], [1203, 487], [1204, 487], [1205, 487], [1206, 487], [1207, 487], [1208, 487], [1183, 488], [1184, 488], [1185, 488], [1186, 488], [1187, 488], [1188, 488], [1189, 488], [1202, 488], [1203, 488], [1204, 488], [1205, 488], [1206, 488], [1207, 488], [1208, 488], [1209, 488], [1184, 489], [1185, 489], [1186, 489], [1187, 489], [1188, 489], [1189, 489], [1203, 489], [1204, 489], [1205, 489], [1206, 489], [1207, 489], [1208, 489], [1209, 489], [1210, 489], [1185, 490], [1186, 490], [1188, 490], [1189, 490], [1190, 490], [1191, 490], [1205, 490], [1206, 490], [1207, 490], [1209, 490], [1210, 490], [1185, 491], [1186, 491], [1187, 491], [1188, 491], [1189, 491], [1190, 491], [1191, 491], [1204, 491], [1205, 491], [1206, 491], [1207, 491], [1208, 491], [1209, 491], [1210, 491], [1211, 491], [1186, 492], [1187, 492], [1188, 492], [1190, 492], [1191, 492], [1192, 492], [1193, 492], [1204, 492], [1205, 492], [1206, 492], [1207, 492], [1208, 492], [1209, 492], [1210, 492], [1211, 492], [1212, 492], [1186, 493], [1187, 493], [1188, 493], [1189, 493], [1190, 493], [1191, 493], [1192, 493], [1193, 493], [1194, 493], [1204, 493], [1205, 493], [1206, 493], [1207, 493], [1208, 493], [1209, 493], [1210, 493], [1211, 493], [1212, 493], [1187, 494], [1188, 494], [1189, 494], [1192, 494], [1193, 494], [1194, 494], [1206, 494], [1207, 494], [1208, 494], [1211, 494], [1212, 494], [1213, 494], [1188, 495], [1189, 495], [1190, 495], [1193, 495], [1194, 495], [1195, 495], [1205, 495], [1206, 495], [1207, 495], [1208, 495], [1211, 495], [1212, 495], [1213, 495], [1214, 495], [1188, 496], [1189, 496], [1190, 496], [1193, 496], [1194, 496], [1195, 496], [1204, 496], [1205, 496], [1206, 496], [1207, 496], [1208, 496], [1212, 496], [1213, 496], [1214, 496], [1189, 497], [1190, 497], [1191, 497], [1194, 497], [1195, 497], [1196, 497], [1197, 497], [1204, 497], [1205, 497], [1206, 497], [1213, 497], [1214, 497], [1215, 497], [1189, 498], [1190, 498], [1191, 498], [1192, 498], [1194, 498], [1195, 498], [1196, 498], [1197, 498], [1198, 498], [1204, 498], [1205, 498], [1206, 498], [1213, 498], [1214, 498], [1215, 498], [1190, 499], [1191, 499], [1192, 499], [1196, 499], [1197, 499], [1198, 499], [1199, 499], [1200, 499], [1201, 499], [1202, 499], [1204, 499], [1205, 499], [1206, 499], [1214, 499], [1215, 499], [1216, 499], [1191, 500], [1192, 500], [1193, 500], [1197, 500], [1198, 500], [1199, 500], [1200, 500], [1201, 500], [1202, 500], [1205, 500], [1206, 500], [1207, 500], [1214, 500], [1215, 500], [1216, 500], [1217, 500], [1191, 501], [1192, 501], [1193, 501], [1197, 501], [1199, 501], [1201, 501], [1202, 501], [1205, 501], [1206, 501], [1207, 501], [1208, 501], [1215, 501], [1216, 501], [1217, 501], [1218, 501], [1192, 502], [1193, 502], [1194, 502], [1197, 502], [1198, 502], [1199, 502], [1201, 502], [1202, 502], [1206, 502], [1207, 502], [1208, 502], [1216, 502], [1217, 502], [1218, 502], [1192, 503], [1193, 503], [1194, 503], [1195, 503], [1197, 503], [1198, 503], [1199, 503], [1201, 503], [1202, 503], [1203, 503], [1207, 503], [1208, 503], [1209, 503], [1217, 503], [1218, 503], [1219, 503], [1193, 504], [1194, 504], [1195, 504], [1201, 504], [1202, 504], [1203, 504], [1204, 504], [1207, 504], [1208, 504], [1209, 504], [1210, 504], [1217, 504], [1218, 504], [1219, 504], [1194, 505], [1195, 505], [1196, 505], [1202, 505], [1203, 505], [1204, 505], [1208, 505], [1209, 505], [1210, 505], [1218, 505], [1219, 505], [1220, 505], [1194, 506], [1195, 506], [1196, 506], [1203, 506], [1204, 506], [1205, 506], [1209, 506], [1210, 506], [1211, 506], [1212, 506], [1218, 506], [1219, 506], [1220, 506], [1221, 506], [1195, 507], [1196, 507], [1197, 507], [1203, 507], [1204, 507], [1205, 507], [1209, 507], [1210, 507], [1211, 507], [1212, 507], [1219, 507], [1220, 507], [1221, 507], [1195, 508], [1196, 508], [1197, 508], [1198, 508], [1202, 508], [1203, 508], [1204, 508], [1205, 508], [1211, 508], [1212, 508], [1220, 508], [1221, 508], [1222, 508], [1196, 509], [1197, 509], [1198, 509], [1202, 509], [1203, 509], [1204, 509], [1211, 509], [1212, 509], [1213, 509], [1220, 509], [1221, 509], [1222, 509], [1223, 509], [1197, 510], [1198, 510], [1199, 510], [1202, 510], [1203, 510], [1204, 510], [1211, 510], [1212, 510], [1213, 510], [1221, 510], [1222, 510], [1223, 510], [1197, 511], [1198, 511], [1199, 511], [1203, 511], [1204, 511], [1205, 511], [1212, 511], [1213, 511], [1214, 511], [1215, 511], [1216, 511], [1222, 511], [1223, 511], [1224, 511], [1198, 512], [1199, 512], [1200, 512], [1203, 512], [1204, 512], [1205, 512], [1206, 512], [1207, 512], [1208, 512], [1212, 512], [1213, 512], [1214, 512], [1215, 512], [1216, 512], [1222, 512], [1223, 512], [1224, 512], [1225, 512], [1198, 513], [1199, 513], [1200, 513], [1201, 513], [1204, 513], [1205, 513], [1206, 513], [1207, 513], [1208, 513], [1209, 513], [1210, 513], [1215, 513], [1216, 513], [1223, 513], [1224, 513], [1225, 513], [1199, 514], [1200, 514], [1201, 514], [1204, 514], [1205, 514], [1206, 514], [1207, 514], [1208, 514], [1209, 514], [1210, 514], [1215, 514], [1216, 514], [1224, 514], [1225, 514], [1226, 514], [1200, 515], [1201, 515], [1202, 515], [1209, 515], [1210, 515], [1211, 515], [1215, 515], [1216, 515], [1224, 515], [1225, 515], [1226, 515], [1200, 516], [1201, 516], [1202, 516], [1209, 516], [1210, 516], [1211, 516], [1215, 516], [1216, 516], [1225, 516], [1226, 516], [1227, 516], [1201, 517], [1202, 517], [1203, 517], [1210, 517], [1211, 517], [1212, 517], [1213, 517], [1214, 517], [1215, 517], [1216, 517], [1225, 517], [1226, 517], [1227, 517], [1228, 517], [1201, 518], [1202, 518], [1203, 518], [1204, 518], [1210, 518], [1211, 518], [1212, 518], [1213, 518], [1214, 518], [1215, 518], [1216, 518], [1226, 518], [1227, 518], [1228, 518], [1202, 519], [1203, 519], [1204, 519], [1212, 519], [1213, 519], [1214, 519], [1227, 519], [1228, 519], [1229, 519], [1203, 520], [1204, 520], [1205, 520], [1227, 520], [1228, 520], [1229, 520], [1230, 520], [1203, 521], [1204, 521], [1205, 521], [1206, 521], [1228, 521], [1229, 521], [1230, 521], [1231, 521], [1204, 522], [1205, 522], [1206, 522], [1229, 522], [1230, 522], [1231, 522], [1205, 523], [1206, 523], [1207, 523], [1230, 523], [1231, 523], [1232, 523], [1205, 524], [1206, 524], [1207, 524], [1208, 524], [1230, 524], [1231, 524], [1232, 524], [1233, 524], [1206, 525], [1207, 525], [1208, 525], [1217, 525], [1218, 525], [1219, 525], [1220, 525], [1231, 525], [1232, 525], [1233, 525], [1207, 526], [1208, 526], [1209, 526], [1216, 526], [1217, 526], [1218, 526], [1219, 526], [1220, 526], [1221, 526], [1222, 526], [1232, 526], [1233, 526], [1234, 526], [1207, 527], [1208, 527], [1209, 527], [1215, 527], [1216, 527], [1217, 527], [1218, 527], [1219, 527], [1220, 527], [1221, 527], [1222, 527], [1223, 527], [1224, 527], [1225, 527], [1226, 527], [1232, 527], [1233, 527], [1234, 527], [1235, 527], [1208, 528], [1209, 528], [1210, 528], [1215, 528], [1216, 528], [1217, 528], [1221, 528], [1222, 528], [1223, 528], [1224, 528], [1225, 528], [1226, 528], [1227, 528], [1233, 528], [1234, 528], [1235, 528], [1208, 529], [1209, 529], [1210, 529], [1215, 529], [1216, 529], [1223, 529], [1224, 529], [1225, 529], [1226, 529], [1227, 529], [1228, 529], [1234, 529], [1235, 529], [1236, 529], [1209, 530], [1210, 530], [1211, 530], [1215, 530], [1216, 530], [1226, 530], [1227, 530], [1228, 530], [1229, 530], [1234, 530], [1235, 530], [1236, 530], [1237, 530], [1209, 531], [1210, 531], [1211, 531], [1212, 531], [1215, 531], [1216, 531], [1217, 531], [1227, 531], [1228, 531], [1229, 531], [1235, 531], [1236, 531], [1237, 531], [1210, 532], [1211, 532], [1212, 532], [1215, 532], [1216, 532], [1217, 532], [1228, 532], [1229, 532], [1236, 532], [1237, 532], [1238, 532], [1211, 533], [1212, 533], [1213, 533], [1216, 533], [1217, 533], [1218, 533], [1228, 533], [1229, 533], [1230, 533], [1236, 533], [1237, 533], [1238, 533], [1239, 533], [1211, 534], [1212, 534], [1213, 534], [1216, 534], [1217, 534], [1218, 534], [1219, 534], [1228, 534], [1229, 534], [1230, 534], [1231, 534], [1237, 534], [1238, 534], [1239, 534], [1212, 535], [1213, 535], [1214, 535], [1217, 535], [1218, 535], [1219, 535], [1220, 535], [1229, 535], [1230, 535], [1231, 535], [1232, 535], [1238, 535], [1239, 535], [1240, 535], [1212, 536], [1213, 536], [1214, 536], [1215, 536], [1218, 536], [1219, 536], [1220, 536], [1230, 536], [1231, 536], [1232, 536], [1233, 536], [1234, 536], [1238, 536], [1239, 536], [1240, 536], [1241, 536], [1213, 537], [1214, 537], [1215, 537], [1219, 537], [1220, 537], [1231, 537], [1232, 537], [1233, 537], [1234, 537], [1235, 537], [1239, 537], [1240, 537], [1241, 537], [1214, 538], [1215, 538], [1216, 538], [1219, 538], [1220, 538], [1221, 538], [1222, 538], [1233, 538], [1234, 538], [1235, 538], [1236, 538], [1240, 538], [1241, 538], [1242, 538], [1214, 539], [1215, 539], [1216, 539], [1219, 539], [1220, 539], [1221, 539], [1222, 539], [1234, 539], [1235, 539], [1236, 539], [1240, 539], [1241, 539], [1242, 539], [1215, 540], [1216, 540], [1217, 540], [1220, 540], [1221, 540], [1222, 540], [1223, 540], [1235, 540], [1236, 540], [1237, 540], [1238, 540], [1241, 540], [1242, 540], [1243, 540], [1215, 541], [1216, 541], [1217, 541], [1220, 541], [1221, 541], [1222, 541], [1223, 541], [1224, 541], [1235, 541], [1236, 541], [1237, 541], [1238, 541], [1241, 541], [1242, 541], [1243, 541], [1244, 541], [1216, 542], [1217, 542], [1218, 542], [1220, 542], [1221, 542], [1222, 542], [1223, 542], [1224, 542], [1225, 542], [1237, 542], [1238, 542], [1242, 542], [1243, 542], [1244, 542], [1216, 543], [1217, 543], [1218, 543], [1219, 543], [1221, 543], [1222, 543], [1223, 543], [1224, 543], [1225, 543], [1237, 543], [1238, 543], [1243, 543], [1244, 543], [1245, 543], [1217, 544], [1218, 544], [1219, 544], [1224, 544], [1225, 544], [1237, 544], [1238, 544], [1243, 544], [1244, 544], [1245, 544], [1246, 544], [1218, 545], [1219, 545], [1220, 545], [1224, 545], [1225, 545], [1226, 545], [1237, 545], [1238, 545], [1239, 545], [1244, 545], [1245, 545], [1246, 545], [1218, 546], [1219, 546], [1220, 546], [1224, 546], [1225, 546], [1226, 546], [1237, 546], [1238, 546], [1239, 546], [1245, 546], [1246, 546], [1247, 546], [1219, 547], [1220, 547], [1221, 547], [1225, 547], [1226, 547], [1227, 547], [1228, 547], [1238, 547], [1239, 547], [1245, 547], [1246, 547], [1247, 547], [1219, 548], [1220, 548], [1221, 548], [1222, 548], [1225, 548], [1226, 548], [1227, 548], [1228, 548], [1229, 548], [1238, 548], [1239, 548], [1240, 548], [1246, 548], [1247, 548], [1248, 548], [1220, 549], [1221, 549], [1222, 549], [1227, 549], [1228, 549], [1229, 549], [1230, 549], [1238, 549], [1239, 549], [1240, 549], [1246, 549], [1247, 549], [1248, 549], [1249, 549], [1221, 550], [1222, 550], [1223, 550], [1228, 550], [1229, 550], [1230, 550], [1231, 550], [1232, 550], [1233, 550], [1234, 550], [1238, 550], [1239, 550], [1240, 550], [1247, 550], [1248, 550], [1249, 550], [1221, 551], [1222, 551], [1223, 551], [1224, 551], [1229, 551], [1230, 551], [1231, 551], [1232, 551], [1233, 551], [1234, 551], [1238, 551], [1239, 551], [1240, 551], [1248, 551], [1249, 551], [1250, 551], [1222, 552], [1223, 552], [1224, 552], [1231, 552], [1232, 552], [1233, 552], [1234, 552], [1238, 552], [1239, 552], [1240, 552], [1248, 552], [1249, 552], [1250, 552], [1223, 553], [1224, 553], [1231, 553], [1232, 553], [1233, 553], [1238, 553], [1239, 553], [1240, 553], [1249, 553], [1250, 553], [1251, 553], [1223, 554], [1224, 554], [1225, 554], [1231, 554], [1232, 554], [1233, 554], [1239, 554], [1240, 554], [1249, 554], [1250, 554], [1251, 554], [1252, 554], [1223, 555], [1224, 555], [1225, 555], [1231, 555], [1232, 555], [1233, 555], [1239, 555], [1240, 555], [1250, 555], [1251, 555], [1252, 555], [1224, 556], [1225, 556], [1226, 556], [1230, 556], [1231, 556], [1232, 556], [1239, 556], [1240, 556], [1241, 556], [1251, 556], [1252, 556], [1253, 556], [1224, 557], [1225, 557], [1226, 557], [1227, 557], [1229, 557], [1230, 557], [1231, 557], [1232, 557], [1239, 557], [1240, 557], [1241, 557], [1242, 557], [1251, 557], [1252, 557], [1253, 557], [1254, 557], [1225, 558], [1226, 558], [1227, 558], [1229, 558], [1230, 558], [1231, 558], [1240, 558], [1241, 558], [1242, 558], [1243, 558], [1252, 558], [1253, 558], [1254, 558], [1226, 559], [1227, 559], [1228, 559], [1229, 559], [1230, 559], [1241, 559], [1242, 559], [1243, 559], [1253, 559], [1254, 559], [1255, 559], [1226, 560], [1227, 560], [1228, 560], [1229, 560], [1230, 560], [1241, 560], [1242, 560], [1243, 560], [1253, 560], [1254, 560], [1255, 560], [1256, 560], [1227, 561], [1228, 561], [1229, 561], [1230, 561], [1231, 561], [1232, 561], [1233, 561], [1234, 561], [1235, 561], [1241, 561], [1242, 561], [1243, 561], [1254, 561], [1255, 561], [1256, 561], [1227, 562], [1228, 562], [1229, 562], [1230, 562], [1231, 562], [1232, 562], [1233, 562], [1234, 562], [1235, 562], [1236, 562], [1237, 562], [1241, 562], [1242, 562], [1243, 562], [1255, 562], [1256, 562], [1257, 562], [1228, 563], [1229, 563], [1230, 563], [1231, 563], [1232, 563], [1234, 563], [1235, 563], [1236, 563], [1237, 563], [1238, 563], [1242, 563], [1243, 563], [1255, 563], [1256, 563], [1257, 563], [1258, 563], [1229, 564], [1230, 564], [1231, 564], [1236, 564], [1237, 564], [1238, 564], [1239, 564], [1242, 564], [1243, 564], [1244, 564], [1256, 564], [1257, 564], [1258, 564], [1229, 565], [1230, 565], [1231, 565], [1232, 565], [1237, 565], [1238, 565], [1239, 565], [1242, 565], [1243, 565], [1244, 565], [1245, 565], [1257, 565], [1258, 565], [1259, 565], [1230, 566], [1231, 566], [1232, 566], [1238, 566], [1239, 566], [1240, 566], [1243, 566], [1244, 566], [1245, 566], [1246, 566], [1257, 566], [1258, 566], [1259, 566], [1260, 566], [1231, 567], [1232, 567], [1233, 567], [1238, 567], [1239, 567], [1240, 567], [1244, 567], [1245, 567], [1246, 567], [1247, 567], [1258, 567], [1259, 567], [1260, 567], [1231, 568], [1232, 568], [1233, 568], [1239, 568], [1240, 568], [1245, 568], [1246, 568], [1247, 568], [1248, 568], [1259, 568], [1260, 568], [1261, 568], [1232, 569], [1233, 569], [1234, 569], [1239, 569], [1240, 569], [1241, 569], [1246, 569], [1247, 569], [1248, 569], [1259, 569], [1260, 569], [1261, 569], [1262, 569], [1232, 570], [1233, 570], [1234, 570], [1235, 570], [1239, 570], [1240, 570], [1241, 570], [1247, 570], [1248, 570], [1249, 570], [1260, 570], [1261, 570], [1262, 570], [1233, 571], [1234, 571], [1235, 571], [1240, 571], [1241, 571], [1242, 571], [1247, 571], [1248, 571], [1249, 571], [1250, 571], [1261, 571], [1262, 571], [1263, 571], [1234, 572], [1235, 572], [1236, 572], [1240, 572], [1241, 572], [1242, 572], [1243, 572], [1248, 572], [1249, 572], [1250, 572], [1251, 572], [1261, 572], [1262, 572], [1263, 572], [1264, 572], [1234, 573], [1235, 573], [1236, 573], [1241, 573], [1242, 573], [1243, 573], [1249, 573], [1250, 573], [1251, 573], [1252, 573], [1262, 573], [1263, 573], [1264, 573], [1235, 574], [1236, 574], [1237, 574], [1242, 574], [1243, 574], [1244, 574], [1250, 574], [1251, 574], [1252, 574], [1263, 574], [1264, 574], [1265, 574], [1235, 575], [1236, 575], [1237, 575], [1238, 575], [1242, 575], [1243, 575], [1244, 575], [1251, 575], [1252, 575], [1253, 575], [1263, 575], [1264, 575], [1265, 575], [1266, 575], [1236, 576], [1237, 576], [1238, 576], [1243, 576], [1244, 576], [1245, 576], [1251, 576], [1252, 576], [1253, 576], [1264, 576], [1265, 576], [1266, 576], [1237, 577], [1238, 577], [1239, 577], [1243, 577], [1244, 577], [1245, 577], [1252, 577], [1253, 577], [1265, 577], [1266, 577], [1267, 577], [1237, 578], [1238, 578], [1239, 578], [1244, 578], [1245, 578], [1246, 578], [1252, 578], [1253, 578], [1254, 578], [1265, 578], [1266, 578], [1267, 578], [1238, 579], [1239, 579], [1240, 579], [1244, 579], [1245, 579], [1246, 579], [1247, 579], [1252, 579], [1253, 579], [1254, 579], [1255, 579], [1256, 579], [1257, 579], [1266, 579], [1267, 579], [1268, 579], [1238, 580], [1239, 580], [1240, 580], [1241, 580], [1245, 580], [1246, 580], [1247, 580], [1248, 580], [1253, 580], [1254, 580], [1255, 580], [1256, 580], [1257, 580], [1266, 580], [1267, 580], [1268, 580], [1269, 580], [1239, 581], [1240, 581], [1241, 581], [1246, 581], [1247, 581], [1248, 581], [1249, 581], [1254, 581], [1255, 581], [1256, 581], [1257, 581], [1267, 581], [1268, 581], [1269, 581], [1240, 582], [1241, 582], [1242, 582], [1247, 582], [1248, 582], [1249, 582], [1250, 582], [1251, 582], [1255, 582], [1256, 582], [1268, 582], [1269, 582], [1270, 582], [1240, 583], [1241, 583], [1242, 583], [1243, 583], [1248, 583], [1249, 583], [1250, 583], [1251, 583], [1252, 583], [1253, 583], [1254, 583], [1255, 583], [1256, 583], [1268, 583], [1269, 583], [1270, 583], [1271, 583], [1241, 584], [1242, 584], [1243, 584], [1250, 584], [1251, 584], [1252, 584], [1253, 584], [1254, 584], [1255, 584], [1256, 584], [1269, 584], [1270, 584], [1271, 584], [1272, 584], [1242, 585], [1243, 585], [1244, 585], [1252, 585], [1253, 585], [1254, 585], [1255, 585], [1270, 585], [1271, 585], [1272, 585], [1242, 586], [1243, 586], [1244, 586], [1271, 586], [1272, 586], [1273, 586], [1243, 587], [1244, 587], [1245, 587], [1271, 587], [1272, 587], [1273, 587], [1274, 587], [1243, 588], [1244, 588], [1245, 588], [1246, 588], [1272, 588], [1273, 588], [1274, 588], [1244, 589], [1245, 589], [1246, 589], [1247, 589], [1273, 589], [1274, 589], [1275, 589], [1245, 590], [1246, 590], [1247, 590], [1273, 590], [1274, 590], [1275, 590], [1276, 590], [1246, 591], [1247, 591], [1248, 591], [1274, 591], [1275, 591], [1276, 591], [1246, 592], [1247, 592], [1248, 592], [1275, 592], [1276, 592], [1277, 592], [1247, 593], [1248, 593], [1249, 593], [1275, 593], [1276, 593], [1277, 593], [1278, 593], [1247, 594], [1248, 594], [1249, 594], [1250, 594], [1276, 594], [1277, 594], [1278, 594], [1248, 595], [1249, 595], [1250, 595], [1277, 595], [1278, 595], [1279, 595], [1249, 596], [1250, 596], [1251, 596], [1277, 596], [1278, 596], [1279, 596], [1280, 596], [1249, 597], [1250, 597], [1251, 597], [1278, 597], [1279, 597], [1280, 597], [1250, 598], [1251, 598], [1252, 598], [1279, 598], [1280, 598], [1281, 598], [1250, 599], [1251, 599], [1252, 599], [1279, 599], [1280, 599], [1281, 599], [1282, 599], [1251, 600], [1252, 600], [1253, 600], [1280, 600], [1281, 600], [1282, 600], [1251, 601], [1252, 601], [1253, 601], [1254, 601], [1281, 601], [1282, 601], [1283, 601], [1252, 602], [1253, 602], [1254, 602], [1281, 602], [1282, 602], [1283, 602], [1284, 602], [1253, 603], [1254, 603], [1255, 603], [1282, 603], [1283, 603], [1284, 603], [1253, 604], [1254, 604], [1255, 604], [1283, 604], [1284, 604], [1285, 604], [1254, 605], [1255, 605], [1256, 605], [1283, 605], [1284, 605], [1285, 605], [1286, 605], [1254, 606], [1255, 606], [1256, 606], [1284, 606], [1285, 606], [1286, 606], [1255, 607], [1256, 607], [1257, 607], [1285, 607], [1286, 607], [1287, 607], [1255, 608], [1256, 608], [1257, 608], [1258, 608], [1285, 608], [1286, 608], [1287, 608], [1288, 608], [1256, 609], [1257, 609], [1258, 609], [1286, 609], [1287, 609], [1288, 609], [1257, 610], [1258, 610], [1259, 610], [1287, 610], [1288, 610], [1289, 610], [1257, 611], [1258, 611], [1259, 611], [1287, 611], [1288, 611], [1289, 611], [1290, 611], [1258, 612], [1259, 612], [1260, 612], [1288, 612], [1289, 612], [1290, 612], [1258, 613], [1259, 613], [1260, 613], [1261, 613], [1289, 613], [1290, 613], [1291, 613], [1259, 614], [1260, 614], [1261, 614], [1262, 614], [1289, 614], [1290, 614], [1291, 614], [1292, 614], [1260, 615], [1261, 615], [1262, 615], [1290, 615], [1291, 615], [1292, 615], [1261, 616], [1262, 616], [1263, 616], [1291, 616], [1292, 616], [1293, 616], [1261, 617], [1262, 617], [1263, 617], [1291, 617], [1292, 617], [1293, 617], [1294, 617], [1262, 618], [1263, 618], [1264, 618], [1292, 618], [1293, 618], [1294, 618], [1262, 619], [1263, 619], [1264, 619], [1293, 619], [1294, 619], [1295, 619], [1263, 620], [1264, 620], [1265, 620], [1293, 620], [1294, 620], [1295, 620], [1296, 620], [1263, 621], [1264, 621], [1265, 621], [1266, 621], [1294, 621], [1295, 621], [1296, 621], [1264, 622], [1265, 622], [1266, 622], [1295, 622], [1296, 622], [1297, 622], [1265, 623], [1266, 623], [1267, 623], [1295, 623], [1296, 623], [1297, 623], [1298, 623], [1265, 624], [1266, 624], [1267, 624], [1296, 624], [1297, 624], [1298, 624], [1266, 625], [1267, 625], [1268, 625], [1297, 625], [1298, 625], [1299, 625], [1266, 626], [1267, 626], [1268, 626], [1269, 626], [1297, 626], [1298, 626], [1299, 626], [1267, 627], [1268, 627], [1269, 627], [1298, 627], [1299, 627], [1300, 627], [1268, 628], [1269, 628], [1270, 628], [1298, 628], [1299, 628], [1300, 628], [1301, 628], [1268, 629], [1269, 629], [1270, 629], [1299, 629], [1300, 629], [1301, 629], [1269, 630], [1270, 630], [1271, 630], [1300, 630], [1301, 630], [1302, 630], [1269, 631], [1270, 631], [1271, 631], [1272, 631], [1300, 631], [1301, 631], [1302, 631], [1303, 631], [1270, 632], [1271, 632], [1272, 632], [1301, 632], [1302, 632], [1303, 632], [1271, 633], [1272, 633], [1273, 633], [1302, 633], [1303, 633], [1304, 633], [1271, 634], [1272, 634], [1273, 634], [1302, 634], [1303, 634], [1304, 634], [1305, 634], [1272, 635], [1273, 635], [1274, 635], [1303, 635], [1304, 635], [1305, 635], [1272, 636], [1273, 636], [1274, 636], [1304, 636], [1305, 636], [1306, 636], [1273, 637], [1274, 637], [1275, 637], [1304, 637], [1305, 637], [1306, 637], [1273, 638], [1274, 638], [1275, 638], [1276, 638], [1305, 638], [1306, 638], [1307, 638], [1274, 639], [1275, 639], [1276, 639], [1305, 639], [1306, 639], [1307, 639], [1308, 639], [1275, 640], [1276, 640], [1277, 640], [1306, 640], [1307, 640], [1308, 640], [1275, 641], [1276, 641], [1277, 641], [1307, 641], [1308, 641], [1309, 641], [1276, 642], [1277, 642], [1278, 642], [1307, 642], [1308, 642], [1309, 642], [1310, 642], [1276, 643], [1277, 643], [1278, 643], [1279, 643], [1308, 643], [1309, 643], [1310, 643], [1277, 644], [1278, 644], [1279, 644], [1309, 644], [1310, 644], [1311, 644], [1278, 645], [1279, 645], [1280, 645], [1309, 645], [1310, 645], [1311, 645], [1278, 646], [1279, 646], [1280, 646], [1281, 646], [1310, 646], [1311, 646], [1312, 646], [1279, 647], [1280, 647], [1281, 647], [1310, 647], [1311, 647], [1312, 647], [1313, 647], [1280, 648], [1281, 648], [1282, 648], [1311, 648], [1312, 648], [1313, 648], [1280, 649], [1281, 649], [1282, 649], [1283, 649], [1312, 649], [1313, 649], [1314, 649], [1281, 650], [1282, 650], [1283, 650], [1312, 650], [1313, 650], [1314, 650], [1315, 650], [1282, 651], [1283, 651], [1284, 651], [1313, 651], [1314, 651], [1315, 651], [1282, 652], [1283, 652], [1284, 652], [1314, 652], [1315, 652], [1316, 652], [1283, 653], [1284, 653], [1285, 653], [1314, 653], [1315, 653], [1316, 653], [1317, 653], [1283, 654], [1284, 654], [1285, 654], [1315, 654], [1316, 654], [1317, 654], [1284, 655], [1285, 655], [1286, 655], [1316, 655], [1317, 655], [1318, 655], [1284, 656], [1285, 656], [1286, 656], [1287, 656], [1316, 656], [1317, 656], [1318, 656], [1319, 656], [1285, 657], [1286, 657], [1287, 657], [1317, 657], [1318, 657], [1319, 657], [1286, 658], [1287, 658], [1288, 658], [1318, 658], [1319, 658], [1320, 658], [1286, 659], [1287, 659], [1288, 659], [1289, 659], [1318, 659], [1319, 659], [1320, 659], [1321, 659], [1287, 660], [1288, 660], [1289, 660], [1319, 660], [1320, 660], [1321, 660], [1288, 661], [1289, 661], [1290, 661], [1320, 661], [1321, 661], [1322, 661], [1288, 662], [1289, 662], [1290, 662], [1320, 662], [1321, 662], [1322, 662], [1289, 663], [1290, 663], [1291, 663], [1321, 663], [1322, 663], [1323, 663], [1289, 664], [1290, 664], [1291, 664], [1292, 664], [1321, 664], [1322, 664], [1323, 664], [1324, 664], [1290, 665], [1291, 665], [1292, 665], [1322, 665], [1323, 665], [1324, 665], [1291, 666], [1292, 666], [1293, 666], [1323, 666], [1324, 666], [1325, 666], [1291, 667], [1292, 667], [1293, 667], [1294, 667], [1323, 667], [1324, 667], [1325, 667], [1326, 667], [1292, 668], [1293, 668], [1294, 668], [1324, 668], [1325, 668], [1326, 668], [1293, 669], [1294, 669], [1295, 669], [1325, 669], [1326, 669], [1327, 669], [1293, 670], [1294, 670], [1295, 670], [1325, 670], [1326, 670], [1327, 670], [1328, 670], [1294, 671], [1295, 671], [1326, 671], [1327, 671], [1328, 671], [1294, 672], [1295, 672], [1296, 672], [1327, 672], [1328, 672], [1329, 672], [1294, 673], [1295, 673], [1296, 673], [1327, 673], [1328, 673], [1329, 673], [1330, 673], [1295, 674], [1296, 674], [1297, 674], [1328, 674], [1329, 674], [1330, 674], [1331, 674], [1295, 675], [1296, 675], [1297, 675], [1329, 675], [1330, 675], [1331, 675], [1296, 676], [1297, 676], [1298, 676], [1330, 676], [1331, 676], [1332, 676], [1296, 677], [1297, 677], [1298, 677], [1299, 677], [1330, 677], [1331, 677], [1332, 677], [1333, 677], [1297, 678], [1298, 678], [1299, 678], [1331, 678], [1332, 678], [1333, 678], [1298, 679], [1299, 679], [1300, 679], [1332, 679], [1333, 679], [1334, 679], [1298, 680], [1299, 680], [1300, 680], [1332, 680], [1333, 680], [1334, 680], [1299, 681], [1300, 681], [1301, 681], [1333, 681], [1334, 681], [1335, 681], [1299, 682], [1300, 682], [1301, 682], [1302, 682], [1333, 682], [1334, 682], [1335, 682], [1300, 683], [1301, 683], [1302, 683], [1334, 683], [1335, 683], [1336, 683], [1301, 684], [1302, 684], [1303, 684], [1334, 684], [1335, 684], [1336, 684], [1337, 684], [1301, 685], [1302, 685], [1303, 685], [1304, 685], [1335, 685], [1336, 685], [1337, 685], [1302, 686], [1303, 686], [1304, 686], [1336, 686], [1337, 686], [1338, 686], [1303, 687], [1304, 687], [1305, 687], [1336, 687], [1337, 687], [1338, 687], [1339, 687], [1303, 688], [1304, 688], [1305, 688], [1306, 688], [1337, 688], [1338, 688], [1339, 688], [1340, 688], [1304, 689], [1305, 689], [1306, 689], [1338, 689], [1339, 689], [1340, 689], [1305, 690], [1306, 690], [1307, 690], [1339, 690], [1340, 690], [1341, 690], [1305, 691], [1306, 691], [1307, 691], [1308, 691], [1339, 691], [1340, 691], [1341, 691], [1342, 691], [1306, 692], [1307, 692], [1308, 692], [1309, 692], [1340, 692], [1341, 692], [1342, 692], [1307, 693], [1308, 693], [1309, 693], [1341, 693], [1342, 693], [1343, 693], [1308, 694], [1309, 694], [1310, 694], [1341, 694], [1342, 694], [1343, 694], [1344, 694], [1308, 695], [1309, 695], [1310, 695], [1311, 695], [1342, 695], [1343, 695], [1344, 695], [1309, 696], [1310, 696], [1311, 696], [1343, 696], [1344, 696], [1345, 696], [1310, 697], [1311, 697], [1312, 697], [1343, 697], [1344, 697], [1345, 697], [1310, 698], [1311, 698], [1312, 698], [1344, 698], [1345, 698], [1346, 698], [1311, 699], [1312, 699], [1313, 699], [1344, 699], [1345, 699], [1346, 699], [1347, 699], [1311, 700], [1312, 700], [1313, 700], [1314, 700], [1345, 700], [1346, 700], [1347, 700], [1312, 701], [1313, 701], [1314, 701], [1346, 701], [1347, 701], [1348, 701], [1313, 702], [1314, 702], [1315, 702], [1346, 702], [1347, 702], [1348, 702], [1349, 702], [1313, 703], [1314, 703], [1315, 703], [1316, 703], [1347, 703], [1348, 703], [1349, 703], [1314, 704], [1315, 704], [1316, 704], [1348, 704], [1349, 704], [1350, 704], [1315, 705], [1316, 705], [1317, 705], [1348, 705], [1349, 705], [1350, 705], [1351, 705], [1315, 706], [1316, 706], [1317, 706], [1349, 706], [1350, 706], [1351, 706], [1316, 707], [1317, 707], [1318, 707], [1350, 707], [1351, 707], [1352, 707], [1316, 708], [1317, 708], [1318, 708], [1319, 708], [1350, 708], [1351, 708], [1352, 708], [1353, 708], [1317, 709], [1318, 709], [1319, 709], [1351, 709], [1352, 709], [1353, 709], [1318, 710], [1319, 710], [1320, 710], [1352, 710], [1353, 710], [1354, 710], [1318, 711], [1319, 711], [1320, 711], [1321, 711], [1352, 711], [1353, 711], [1354, 711], [1355, 711], [1319, 712], [1320, 712], [1321, 712], [1353, 712], [1354, 712], [1355, 712], [1320, 713], [1321, 713], [1322, 713], [1354, 713], [1355, 713], [1356, 713], [1320, 714], [1321, 714], [1322, 714], [1354, 714], [1355, 714], [1356, 714], [1357, 714], [1321, 715], [1322, 715], [1323, 715], [1355, 715], [1356, 715], [1357, 715], [1358, 715], [1321, 716], [1322, 716], [1323, 716], [1324, 716], [1356, 716], [1357, 716], [1358, 716], [1322, 717], [1323, 717], [1324, 717], [1357, 717], [1358, 717], [1359, 717], [1323, 718], [1324, 718], [1325, 718], [1357, 718], [1358, 718], [1359, 718], [1360, 718], [1323, 719], [1324, 719], [1325, 719], [1326, 719], [1358, 719], [1359, 719], [1360, 719], [1361, 719], [1324, 720], [1325, 720], [1326, 720], [1359, 720], [1360, 720], [1361, 720], [1325, 721], [1326, 721], [1327, 721], [1360, 721], [1361, 721], [1362, 721], [1325, 722], [1326, 722], [1327, 722], [1360, 722], [1361, 722], [1362, 722], [1363, 722], [1326, 723], [1327, 723], [1328, 723], [1361, 723], [1362, 723], [1363, 723], [1326, 724], [1327, 724], [1328, 724], [1329, 724], [1362, 724], [1363, 724], [1364, 724], [1327, 725], [1328, 725], [1329, 725], [1362, 725], [1363, 725], [1364, 725], [1365, 725], [1328, 726], [1329, 726], [1330, 726], [1363, 726], [1364, 726], [1365, 726], [1328, 727], [1329, 727], [1330, 727], [1364, 727], [1365, 727], [1366, 727], [1329, 728], [1330, 728], [1331, 728], [1364, 728], [1365, 728], [1366, 728], [1329, 729], [1330, 729], [1331, 729], [1332, 729], [1365, 729], [1366, 729], [1367, 729], [1330, 730], [1331, 730], [1332, 730], [1365, 730], [1366, 730], [1367, 730], [1368, 730], [1331, 731], [1332, 731], [1333, 731], [1366, 731], [1367, 731], [1368, 731], [1331, 732], [1332, 732], [1333, 732], [1334, 732], [1367, 732], [1368, 732], [1369, 732], [1332, 733], [1333, 733], [1334, 733], [1367, 733], [1368, 733], [1369, 733], [1370, 733], [1333, 734], [1334, 734], [1335, 734], [1368, 734], [1369, 734], [1370, 734], [1333, 735], [1334, 735], [1335, 735], [1369, 735], [1370, 735], [1371, 735], [1334, 736], [1335, 736], [1336, 736], [1369, 736], [1370, 736], [1371, 736], [1334, 737], [1335, 737], [1336, 737], [1337, 737], [1370, 737], [1371, 737], [1372, 737], [1335, 738], [1336, 738], [1337, 738], [1370, 738], [1371, 738], [1372, 738], [1373, 738], [1336, 739], [1337, 739], [1338, 739], [1371, 739], [1372, 739], [1373, 739], [1336, 740], [1337, 740], [1338, 740], [1372, 740], [1373, 740], [1374, 740], [1337, 741], [1338, 741], [1339, 741], [1372, 741], [1373, 741], [1374, 741], [1375, 741], [1337, 742], [1338, 742], [1339, 742], [1340, 742], [1373, 742], [1374, 742], [1375, 742], [1338, 743], [1339, 743], [1340, 743], [1374, 743], [1375, 743], [1376, 743], [1339, 744], [1340, 744], [1341, 744], [1374, 744], [1375, 744], [1376, 744], [1377, 744], [1339, 745], [1340, 745], [1341, 745], [1342, 745], [1375, 745], [1376, 745], [1377, 745], [1340, 746], [1341, 746], [1342, 746], [1376, 746], [1377, 746], [1378, 746], [1341, 747], [1342, 747], [1343, 747], [1376, 747], [1377, 747], [1378, 747], [1379, 747], [1341, 748], [1342, 748], [1343, 748], [1344, 748], [1377, 748], [1378, 748], [1379, 748], [1380, 748], [1342, 749], [1343, 749], [1344, 749], [1378, 749], [1379, 749], [1380, 749], [1343, 750], [1344, 750], [1345, 750], [1379, 750], [1380, 750], [1381, 750], [1343, 751], [1344, 751], [1345, 751], [1379, 751], [1380, 751], [1381, 751], [1382, 751], [1344, 752], [1345, 752], [1346, 752], [1380, 752], [1381, 752], [1382, 752], [1344, 753], [1345, 753], [1346, 753], [1381, 753], [1382, 753], [1383, 753], [1345, 754], [1346, 754], [1347, 754], [1381, 754], [1382, 754], [1383, 754], [1384, 754], [1345, 755], [1346, 755], [1347, 755], [1382, 755], [1383, 755], [1384, 755], [1346, 756], [1347, 756], [1348, 756], [1383, 756], [1384, 756], [1385, 756], [1346, 757], [1347, 757], [1348, 757], [1349, 757], [1383, 757], [1384, 757], [1385, 757], [1347, 758], [1348, 758], [1349, 758], [1384, 758], [1385, 758], [1386, 758], [1348, 759], [1349, 759], [1350, 759], [1384, 759], [1385, 759], [1386, 759], [1387, 759], [1348, 760], [1349, 760], [1350, 760], [1385, 760], [1386, 760], [1387, 760], [1349, 761], [1350, 761], [1351, 761], [1386, 761], [1387, 761], [1388, 761], [1349, 762], [1350, 762], [1351, 762], [1352, 762], [1386, 762], [1387, 762], [1388, 762], [1389, 762], [1350, 763], [1351, 763], [1352, 763], [1387, 763], [1388, 763], [1389, 763], [1351, 764], [1352, 764], [1353, 764], [1388, 764], [1389, 764], [1390, 764], [1351, 765], [1352, 765], [1353, 765], [1354, 765], [1388, 765], [1389, 765], [1390, 765], [1352, 766], [1353, 766], [1354, 766], [1389, 766], [1390, 766], [1391, 766], [1353, 767], [1354, 767], [1355, 767], [1389, 767], [1390, 767], [1391, 767], [1392, 767], [1353, 768], [1354, 768], [1355, 768], [1390, 768], [1391, 768], [1392, 768], [1354, 769], [1355, 769], [1356, 769], [1391, 769], [1392, 769], [1393, 769], [1354, 770], [1355, 770], [1356, 770], [1391, 770], [1392, 770], [1393, 770], [1394, 770], [1355, 771], [1356, 771], [1357, 771], [1392, 771], [1393, 771], [1394, 771], [1395, 771], [1355, 772], [1356, 772], [1357, 772], [1393, 772], [1394, 772], [1395, 772], [1356, 773], [1357, 773], [1358, 773], [1394, 773], [1395, 773], [1396, 773], [1356, 774], [1357, 774], [1358, 774], [1394, 774], [1395, 774], [1396, 774], [1397, 774], [1357, 775], [1358, 775], [1359, 775], [1395, 775], [1396, 775], [1397, 775], [1357, 776], [1358, 776], [1359, 776], [1360, 776], [1396, 776], [1397, 776], [1398, 776], [1358, 777], [1359, 777], [1360, 777], [1396, 777], [1397, 777], [1398, 777], [1399, 777], [1359, 778], [1360, 778], [1361, 778], [1397, 778], [1398, 778], [1399, 778], [1359, 779], [1360, 779], [1361, 779], [1362, 779], [1398, 779], [1399, 779], [1400, 779], [1360, 780], [1361, 780], [1362, 780], [1398, 780], [1399, 780], [1400, 780], [1401, 780], [1361, 781], [1362, 781], [1363, 781], [1399, 781], [1400, 781], [1401, 781], [1361, 782], [1362, 782], [1363, 782], [1364, 782], [1400, 782], [1401, 782], [1402, 782], [1362, 783], [1363, 783], [1364, 783], [1400, 783], [1401, 783], [1402, 783], [1403, 783], [1363, 784], [1364, 784], [1365, 784], [1401, 784], [1402, 784], [1403, 784], [1363, 785], [1364, 785], [1365, 785], [1402, 785], [1403, 785], [1404, 785], [1364, 786], [1365, 786], [1366, 786], [1402, 786], [1403, 786], [1404, 786], [1364, 787], [1365, 787], [1366, 787], [1403, 787], [1404, 787], [1405, 787], [1365, 788], [1366, 788], [1367, 788], [1403, 788], [1404, 788], [1405, 788], [1406, 788], [1365, 789], [1366, 789], [1367, 789], [1368, 789], [1404, 789], [1405, 789], [1406, 789], [1366, 790], [1367, 790], [1368, 790], [1405, 790], [1406, 790], [1407, 790], [1367, 791], [1368, 791], [1369, 791], [1405, 791], [1406, 791], [1407, 791], [1367, 792], [1368, 792], [1369, 792], [1406, 792], [1407, 792], [1408, 792], [1368, 793], [1369, 793], [1370, 793], [1406, 793], [1407, 793], [1408, 793], [1409, 793], [1368, 794], [1369, 794], [1370, 794], [1371, 794], [1407, 794], [1408, 794], [1409, 794], [1369, 795], [1370, 795], [1371, 795], [1408, 795], [1409, 795], [1410, 795], [1370, 796], [1371, 796], [1372, 796], [1408, 796], [1409, 796], [1410, 796], [1411, 796], [1370, 797], [1371, 797], [1372, 797], [1373, 797], [1409, 797], [1410, 797], [1411, 797], [1412, 797], [1371, 798], [1372, 798], [1373, 798], [1410, 798], [1411, 798], [1412, 798], [1372, 799], [1373, 799], [1374, 799], [1411, 799], [1412, 799], [1413, 799], [1372, 800], [1373, 800], [1374, 800], [1411, 800], [1412, 800], [1413, 800], [1414, 800], [1373, 801], [1374, 801], [1375, 801], [1412, 801], [1413, 801], [1414, 801], [1415, 801], [1373, 802], [1374, 802], [1375, 802], [1376, 802], [1413, 802], [1414, 802], [1415, 802], [1374, 803], [1375, 803], [1376, 803], [1414, 803], [1415, 803], [1416, 803], [1375, 804], [1376, 804], [1377, 804], [1414, 804], [1415, 804], [1416, 804], [1417, 804], [1375, 805], [1376, 805], [1377, 805], [1378, 805], [1415, 805], [1416, 805], [1417, 805], [1376, 806], [1377, 806], [1378, 806], [1416, 806], [1417, 806], [1418, 806], [1377, 807], [1378, 807], [1379, 807], [1416, 807], [1417, 807], [1418, 807], [1377, 808], [1378, 808], [1379, 808], [1417, 808], [1418, 808], [1419, 808], [1378, 809], [1379, 809], [1417, 809], [1418, 809], [1419, 809], [1378, 810], [1379, 810], [1380, 810], [1418, 810], [1419, 810], [1420, 810], [1378, 811], [1379, 811], [1380, 811], [1418, 811], [1419, 811], [1420, 811], [1421, 811], [1379, 812], [1380, 812], [1381, 812], [1419, 812], [1420, 812], [1421, 812], [1379, 813], [1380, 813], [1381, 813], [1382, 813], [1420, 813], [1421, 813], [1422, 813], [1380, 814], [1381, 814], [1382, 814], [1420, 814], [1421, 814], [1422, 814], [1381, 815], [1382, 815], [1383, 815], [1421, 815], [1422, 815], [1423, 815], [1381, 816], [1382, 816], [1383, 816], [1384, 816], [1421, 816], [1422, 816], [1423, 816], [1424, 816], [1382, 817], [1383, 817], [1384, 817], [1422, 817], [1423, 817], [1424, 817], [1383, 818], [1384, 818], [1385, 818], [1423, 818], [1424, 818], [1425, 818], [1383, 819], [1384, 819], [1385, 819], [1423, 819], [1424, 819], [1425, 819], [1384, 820], [1385, 820], [1386, 820], [1424, 820], [1425, 820], [1426, 820], [1384, 821], [1385, 821], [1386, 821], [1424, 821], [1425, 821], [1426, 821], [1427, 821], [1385, 822], [1386, 822], [1387, 822], [1425, 822], [1426, 822], [1427, 822], [1385, 823], [1386, 823], [1387, 823], [1388, 823], [1426, 823], [1427, 823], [1428, 823], [1386, 824], [1387, 824], [1388, 824], [1426, 824], [1427, 824], [1428, 824], [1429, 824], [1387, 825], [1388, 825], [1389, 825], [1427, 825], [1428, 825], [1429, 825], [1430, 825], [1387, 826], [1388, 826], [1389, 826], [1428, 826], [1429, 826], [1430, 826], [1388, 827], [1389, 827], [1390, 827], [1429, 827], [1430, 827], [1431, 827], [1388, 828], [1389, 828], [1390, 828], [1391, 828], [1429, 828], [1430, 828], [1431, 828], [1432, 828], [1389, 829], [1390, 829], [1391, 829], [1430, 829], [1431, 829], [1432, 829], [1390, 830], [1391, 830], [1392, 830], [1431, 830], [1432, 830], [1433, 830], [1390, 831], [1391, 831], [1392, 831], [1431, 831], [1432, 831], [1433, 831], [1434, 831], [1391, 832], [1392, 832], [1393, 832], [1432, 832], [1433, 832], [1434, 832], [1391, 833], [1392, 833], [1393, 833], [1394, 833], [1433, 833], [1434, 833], [1435, 833], [1392, 834], [1393, 834], [1394, 834], [1433, 834], [1434, 834], [1435, 834], [1436, 834], [1393, 835], [1394, 835], [1395, 835], [1434, 835], [1435, 835], [1436, 835], [1393, 836], [1394, 836], [1395, 836], [1435, 836], [1436, 836], [1437, 836], [1394, 837], [1395, 837], [1396, 837], [1435, 837], [1436, 837], [1437, 837], [1438, 837], [1394, 838], [1395, 838], [1396, 838], [1397, 838], [1436, 838], [1437, 838], [1438, 838], [1395, 839], [1396, 839], [1397, 839], [1437, 839], [1438, 839], [1439, 839], [1396, 840], [1397, 840], [1398, 840], [1437, 840], [1438, 840], [1439, 840], [1440, 840], [1396, 841], [1397, 841], [1398, 841], [1399, 841], [1438, 841], [1439, 841], [1440, 841], [1441, 841], [1397, 842], [1398, 842], [1399, 842], [1439, 842], [1440, 842], [1441, 842], [1398, 843], [1399, 843], [1400, 843], [1440, 843], [1441, 843], [1442, 843], [1398, 844], [1399, 844], [1400, 844], [1401, 844], [1440, 844], [1441, 844], [1442, 844], [1443, 844], [1399, 845], [1400, 845], [1401, 845], [1441, 845], [1442, 845], [1443, 845], [1400, 846], [1401, 846], [1402, 846], [1442, 846], [1443, 846], [1444, 846], [1400, 847], [1401, 847], [1402, 847], [1403, 847], [1442, 847], [1443, 847], [1444, 847], [1445, 847], [1401, 848], [1402, 848], [1403, 848], [1443, 848], [1444, 848], [1445, 848], [1402, 849], [1403, 849], [1404, 849], [1444, 849], [1445, 849], [1446, 849], [1402, 850], [1403, 850], [1404, 850], [1444, 850], [1445, 850], [1446, 850], [1447, 850], [1403, 851], [1404, 851], [1405, 851], [1445, 851], [1446, 851], [1447, 851], [1403, 852], [1404, 852], [1405, 852], [1406, 852], [1446, 852], [1447, 852], [1448, 852], [1404, 853], [1405, 853], [1406, 853], [1446, 853], [1447, 853], [1448, 853], [1449, 853], [1405, 854], [1406, 854], [1407, 854], [1447, 854], [1448, 854], [1449, 854], [1405, 855], [1406, 855], [1407, 855], [1448, 855], [1449, 855], [1450, 855], [1406, 856], [1407, 856], [1408, 856], [1448, 856], [1449, 856], [1450, 856], [1406, 857], [1407, 857], [1408, 857], [1449, 857], [1450, 857], [1451, 857], [1407, 858], [1408, 858], [1409, 858], [1449, 858], [1450, 858], [1451, 858], [1407, 859], [1408, 859], [1409, 859], [1450, 859], [1451, 859], [1452, 859], [1408, 860], [1409, 860], [1410, 860], [1450, 860], [1451, 860], [1452, 860], [1453, 860], [1408, 861], [1409, 861], [1410, 861], [1411, 861], [1451, 861], [1452, 861], [1453, 861], [1409, 862], [1410, 862], [1411, 862], [1452, 862], [1453, 862], [1454, 862], [1410, 863], [1411, 863], [1412, 863], [1452, 863], [1453, 863], [1454, 863], [1455, 863], [1410, 864], [1411, 864], [1412, 864], [1453, 864], [1454, 864], [1455, 864], [1411, 865], [1412, 865], [1413, 865], [1454, 865], [1455, 865], [1456, 865], [1411, 866], [1412, 866], [1413, 866], [1414, 866], [1454, 866], [1455, 866], [1456, 866], [1412, 867], [1413, 867], [1414, 867], [1455, 867], [1456, 867], [1457, 867], [1413, 868], [1414, 868], [1415, 868], [1455, 868], [1456, 868], [1457, 868], [1458, 868], [1413, 869], [1414, 869], [1415, 869], [1416, 869], [1456, 869], [1457, 869], [1458, 869], [1414, 870], [1415, 870], [1416, 870], [1457, 870], [1458, 870], [1459, 870], [1415, 871], [1416, 871], [1417, 871], [1457, 871], [1458, 871], [1459, 871], [1460, 871], [1415, 872], [1416, 872], [1417, 872], [1418, 872], [1458, 872], [1459, 872], [1460, 872], [1461, 872], [1416, 873], [1417, 873], [1418, 873], [1459, 873], [1460, 873], [1461, 873], [1417, 874], [1418, 874], [1419, 874], [1460, 874], [1461, 874], [1462, 874], [1417, 875], [1418, 875], [1419, 875], [1420, 875], [1460, 875], [1461, 875], [1462, 875], [1463, 875], [1418, 876], [1419, 876], [1420, 876], [1461, 876], [1462, 876], [1463, 876], [1419, 877], [1420, 877], [1421, 877], [1462, 877], [1463, 877], [1464, 877], [1419, 878], [1420, 878], [1421, 878], [1422, 878], [1462, 878], [1463, 878], [1464, 878], [1465, 878], [1420, 879], [1421, 879], [1422, 879], [1463, 879], [1464, 879], [1465, 879], [1421, 880], [1422, 880], [1423, 880], [1464, 880], [1465, 880], [1466, 880], [1421, 881], [1422, 881], [1423, 881], [1464, 881], [1465, 881], [1466, 881], [1467, 881], [1422, 882], [1423, 882], [1424, 882], [1465, 882], [1466, 882], [1467, 882], [1422, 883], [1423, 883], [1424, 883], [1466, 883], [1467, 883], [1468, 883], [1423, 884], [1424, 884], [1425, 884], [1466, 884], [1467, 884], [1468, 884], [1469, 884], [1423, 885], [1424, 885], [1425, 885], [1467, 885], [1468, 885], [1469, 885], [1424, 886], [1425, 886], [1426, 886], [1468, 886], [1469, 886], [1470, 886], [1424, 887], [1425, 887], [1426, 887], [1468, 887], [1469, 887], [1470, 887], [1471, 887], [1425, 888], [1426, 888], [1427, 888], [1469, 888], [1470, 888], [1471, 888], [1425, 889], [1426, 889], [1427, 889], [1470, 889], [1471, 889], [1472, 889], [1426, 890], [1427, 890], [1428, 890], [1470, 890], [1471, 890], [1472, 890], [1473, 890], [1426, 891], [1427, 891], [1428, 891], [1429, 891], [1471, 891], [1472, 891], [1473, 891], [1427, 892], [1428, 892], [1429, 892], [1472, 892], [1473, 892], [1474, 892], [1428, 893], [1429, 893], [1430, 893], [1472, 893], [1473, 893], [1474, 893], [1475, 893], [1428, 894], [1429, 894], [1430, 894], [1431, 894], [1473, 894], [1474, 894], [1475, 894], [1429, 895], [1430, 895], [1431, 895], [1474, 895], [1475, 895], [1476, 895], [1430, 896], [1431, 896], [1432, 896], [1474, 896], [1475, 896], [1476, 896], [1477, 896], [1430, 897], [1431, 897], [1432, 897], [1433, 897], [1475, 897], [1476, 897], [1477, 897], [1431, 898], [1432, 898], [1433, 898], [1476, 898], [1477, 898], [1478, 898], [1432, 899], [1433, 899], [1434, 899], [1476, 899], [1477, 899], [1478, 899], [1479, 899], [1432, 900], [1433, 900], [1434, 900], [1435, 900], [1477, 900], [1478, 900], [1479, 900], [1433, 901], [1434, 901], [1435, 901], [1436, 901], [1478, 901], [1479, 901], [1480, 901], [1434, 902], [1435, 902], [1436, 902], [1478, 902], [1479, 902], [1480, 902], [1481, 902], [1435, 903], [1436, 903], [1437, 903], [1479, 903], [1480, 903], [1481, 903], [1435, 904], [1436, 904], [1437, 904], [1438, 904], [1480, 904], [1481, 904], [1482, 904], [1436, 905], [1437, 905], [1438, 905], [1480, 905], [1481, 905], [1482, 905], [1437, 906], [1438, 906], [1439, 906], [1481, 906], [1482, 906], [1483, 906], [1437, 907], [1438, 907], [1439, 907], [1440, 907], [1481, 907], [1482, 907], [1483, 907], [1484, 907], [1438, 908], [1439, 908], [1440, 908], [1482, 908], [1483, 908], [1484, 908], [1439, 909], [1440, 909], [1441, 909], [1483, 909], [1484, 909], [1485, 909], [1439, 910], [1440, 910], [1441, 910], [1483, 910], [1484, 910], [1485, 910], [1486, 910], [1440, 911], [1441, 911], [1442, 911], [1484, 911], [1485, 911], [1486, 911], [1440, 912], [1441, 912], [1442, 912], [1485, 912], [1486, 912], [1487, 912], [1441, 913], [1442, 913], [1443, 913], [1485, 913], [1486, 913], [1487, 913], [1488, 913], [1441, 914], [1442, 914], [1443, 914], [1486, 914], [1487, 914], [1488, 914], [1442, 915], [1443, 915], [1444, 915], [1487, 915], [1488, 915], [1489, 915], [1442, 916], [1443, 916], [1444, 916], [1487, 916], [1488, 916], [1489, 916], [1443, 917], [1444, 917], [1445, 917], [1488, 917], [1489, 917], [1490, 917], [1443, 918], [1444, 918], [1445, 918], [1488, 918], [1489, 918], [1490, 918], [1491, 918], [1444, 919], [1445, 919], [1446, 919], [1489, 919], [1490, 919], [1491, 919], [1444, 920], [1445, 920], [1446, 920], [1490, 920], [1491, 920], [1492, 920], [1445, 921], [1446, 921], [1447, 921], [1490, 921], [1491, 921], [1492, 921], [1493, 921], [1445, 922], [1446, 922], [1447, 922], [1448, 922], [1491, 922], [1492, 922], [1493, 922], [1446, 923], [1447, 923], [1448, 923], [1492, 923], [1493, 923], [1494, 923], [1447, 924], [1448, 924], [1449, 924], [1492, 924], [1493, 924], [1494, 924], [1495, 924], [1447, 925], [1448, 925], [1449, 925], [1450, 925], [1493, 925], [1494, 925], [1495, 925], [1496, 925], [1448, 926], [1449, 926], [1450, 926], [1494, 926], [1495, 926], [1496, 926], [1449, 927], [1450, 927], [1451, 927], [1495, 927], [1496, 927], [1497, 927], [1449, 928], [1450, 928], [1451, 928], [1495, 928], [1496, 928], [1497, 928], [1498, 928], [1450, 929], [1451, 929], [1452, 929], [1496, 929], [1497, 929], [1498, 929], [1450, 930], [1451, 930], [1452, 930], [1453, 930], [1497, 930], [1498, 930], [1499, 930], [1451, 931], [1452, 931], [1453, 931], [1497, 931], [1498, 931], [1499, 931], [1452, 932], [1453, 932], [1454, 932], [1498, 932], [1499, 932], [1500, 932], [1452, 933], [1453, 933], [1454, 933], [1455, 933], [1498, 933], [1499, 933], [1500, 933], [1501, 933], [1453, 934], [1454, 934], [1455, 934], [1499, 934], [1500, 934], [1501, 934], [1454, 935], [1455, 935], [1456, 935], [1500, 935], [1501, 935], [1502, 935], [1454, 936], [1455, 936], [1456, 936], [1457, 936], [1500, 936], [1501, 936], [1502, 936], [1455, 937], [1456, 937], [1457, 937], [1501, 937], [1502, 937], [1503, 937], [1456, 938], [1457, 938], [1458, 938], [1501, 938], [1502, 938], [1503, 938], [1456, 939], [1457, 939], [1458, 939], [1502, 939], [1503, 939], [1504, 939], [1457, 940], [1458, 940], [1459, 940], [1502, 940], [1503, 940], [1504, 940], [1505, 940], [1457, 941], [1458, 941], [1459, 941], [1503, 941], [1504, 941], [1505, 941], [1458, 942], [1459, 942], [1460, 942], [1504, 942], [1505, 942], [1506, 942], [1458, 943], [1459, 943], [1460, 943], [1461, 943], [1504, 943], [1505, 943], [1506, 943], [1507, 943], [1459, 944], [1460, 944], [1461, 944], [1505, 944], [1506, 944], [1507, 944], [1508, 944], [1460, 945], [1461, 945], [1462, 945], [1506, 945], [1507, 945], [1508, 945], [1460, 946], [1461, 946], [1462, 946], [1507, 946], [1508, 946], [1509, 946], [1461, 947], [1462, 947], [1463, 947], [1507, 947], [1508, 947], [1509, 947], [1510, 947], [1461, 948], [1462, 948], [1463, 948], [1464, 948], [1508, 948], [1509, 948], [1510, 948], [1511, 948], [1462, 949], [1463, 949], [1464, 949], [1509, 949], [1510, 949], [1511, 949], [1463, 950], [1464, 950], [1465, 950], [1510, 950], [1511, 950], [1512, 950], [1463, 951], [1464, 951], [1465, 951], [1510, 951], [1511, 951], [1512, 951], [1513, 951], [1464, 952], [1465, 952], [1466, 952], [1511, 952], [1512, 952], [1513, 952], [1464, 953], [1465, 953], [1466, 953], [1467, 953], [1512, 953], [1513, 953], [1514, 953], [1465, 954], [1466, 954], [1467, 954], [1512, 954], [1513, 954], [1514, 954], [1515, 954], [1466, 955], [1467, 955], [1468, 955], [1513, 955], [1514, 955], [1515, 955], [1466, 956], [1467, 956], [1468, 956], [1469, 956], [1514, 956], [1515, 956], [1516, 956], [1467, 957], [1468, 957], [1469, 957], [1514, 957], [1515, 957], [1516, 957], [1517, 957], [1468, 958], [1469, 958], [1470, 958], [1515, 958], [1516, 958], [1517, 958], [1518, 958], [1468, 959], [1469, 959], [1470, 959], [1516, 959], [1517, 959], [1518, 959], [1469, 960], [1470, 960], [1471, 960], [1517, 960], [1518, 960], [1519, 960], [1469, 961], [1470, 961], [1471, 961], [1472, 961], [1517, 961], [1518, 961], [1519, 961], [1470, 962], [1471, 962], [1472, 962], [1518, 962], [1519, 962], [1520, 962], [1471, 963], [1472, 963], [1473, 963], [1518, 963], [1519, 963], [1520, 963], [1521, 963], [1471, 964], [1472, 964], [1473, 964], [1519, 964], [1520, 964], [1521, 964], [1472, 965], [1473, 965], [1474, 965], [1520, 965], [1521, 965], [1522, 965], [1472, 966], [1473, 966], [1474, 966], [1520, 966], [1521, 966], [1522, 966], [1473, 967], [1474, 967], [1475, 967], [1521, 967], [1522, 967], [1523, 967], [1473, 968], [1474, 968], [1475, 968], [1476, 968], [1521, 968], [1522, 968], [1523, 968], [1524, 968], [1474, 969], [1475, 969], [1476, 969], [1522, 969], [1523, 969], [1524, 969], [1525, 969], [1475, 970], [1476, 970], [1477, 970], [1523, 970], [1524, 970], [1525, 970], [1475, 971], [1476, 971], [1477, 971], [1478, 971], [1524, 971], [1525, 971], [1526, 971], [1476, 972], [1477, 972], [1478, 972], [1524, 972], [1525, 972], [1526, 972], [1527, 972], [1477, 973], [1478, 973], [1479, 973], [1525, 973], [1526, 973], [1527, 973], [1477, 974], [1478, 974], [1479, 974], [1480, 974], [1526, 974], [1527, 974], [1528, 974], [1478, 975], [1479, 975], [1480, 975], [1526, 975], [1527, 975], [1528, 975], [1529, 975], [1479, 976], [1480, 976], [1481, 976], [1527, 976], [1528, 976], [1529, 976], [1479, 977], [1480, 977], [1481, 977], [1528, 977], [1529, 977], [1530, 977], [1480, 978], [1481, 978], [1482, 978], [1528, 978], [1529, 978], [1530, 978], [1480, 979], [1481, 979], [1482, 979], [1483, 979], [1529, 979], [1530, 979], [1531, 979], [1481, 980], [1482, 980], [1483, 980], [1529, 980], [1530, 980], [1531, 980], [1532, 980], [1482, 981], [1483, 981], [1484, 981], [1530, 981], [1531, 981], [1532, 981], [1482, 982], [1483, 982], [1484, 982], [1485, 982], [1531, 982], [1532, 982], [1533, 982], [1483, 983], [1484, 983], [1485, 983], [1531, 983], [1532, 983], [1533, 983], [1534, 983], [1484, 984], [1485, 984], [1486, 984], [1532, 984], [1533, 984], [1534, 984], [1484, 985], [1485, 985], [1486, 985], [1487, 985], [1533, 985], [1534, 985], [1535, 985], [1485, 986], [1486, 986], [1487, 986], [1533, 986], [1534, 986], [1535, 986], [1486, 987], [1487, 987], [1488, 987], [1534, 987], [1535, 987], [1536, 987], [1486, 988], [1487, 988], [1488, 988], [1534, 988], [1535, 988], [1536, 988], [1537, 988], [1487, 989], [1488, 989], [1489, 989], [1535, 989], [1536, 989], [1537, 989], [1487, 990], [1488, 990], [1489, 990], [1536, 990], [1537, 990], [1538, 990], [1488, 991], [1489, 991], [1490, 991], [1536, 991], [1537, 991], [1538, 991], [1539, 991], [1488, 992], [1489, 992], [1490, 992], [1491, 992], [1537, 992], [1538, 992], [1539, 992], [1489, 993], [1490, 993], [1491, 993], [1538, 993], [1539, 993], [1540, 993], [1490, 994], [1491, 994], [1492, 994], [1538, 994], [1539, 994], [1540, 994], [1541, 994], [1490, 995], [1491, 995], [1492, 995], [1539, 995], [1540, 995], [1541, 995], [1542, 995], [1491, 996], [1492, 996], [1493, 996], [1540, 996], [1541, 996], [1542, 996], [1491, 997], [1492, 997], [1493, 997], [1494, 997], [1541, 997], [1542, 997], [1543, 997], [1492, 998], [1493, 998], [1494, 998], [1541, 998], [1542, 998], [1543, 998], [1544, 998], [1493, 999], [1494, 999], [1495, 999], [1542, 999], [1543, 999], [1544, 999], [1493, 1000], [1494, 1000], [1495, 1000], [1543, 1000], [1544, 1000], [1545, 1000], [1494, 1001], [1495, 1001], [1496, 1001], [1543, 1001], [1544, 1001], [1545, 1001], [1546, 1001], [1494, 1002], [1495, 1002], [1496, 1002], [1497, 1002], [1544, 1002], [1545, 1002], [1546, 1002], [1495, 1003], [1496, 1003], [1497, 1003], [1545, 1003], [1546, 1003], [1547, 1003], [1496, 1004], [1497, 1004], [1498, 1004], [1545, 1004], [1546, 1004], [1547, 1004], [1548, 1004], [1496, 1005], [1497, 1005], [1498, 1005], [1546, 1005], [1547, 1005], [1548, 1005], [1497, 1006], [1498, 1006], [1499, 1006], [1547, 1006], [1548, 1006], [1549, 1006], [1497, 1007], [1498, 1007], [1499, 1007], [1547, 1007], [1548, 1007], [1549, 1007], [1498, 1008], [1499, 1008], [1500, 1008], [1548, 1008], [1549, 1008], [1550, 1008], [1498, 1009], [1499, 1009], [1500, 1009], [1548, 1009], [1549, 1009], [1550, 1009], [1499, 1010], [1500, 1010], [1501, 1010], [1549, 1010], [1550, 1010], [1551, 1010], [1499, 1011], [1500, 1011], [1501, 1011], [1502, 1011], [1549, 1011], [1550, 1011], [1551, 1011], [1552, 1011], [1500, 1012], [1501, 1012], [1502, 1012], [1503, 1012], [1550, 1012], [1551, 1012], [1552, 1012], [1501, 1013], [1502, 1013], [1503, 1013], [1551, 1013], [1552, 1013], [1553, 1013], [1502, 1014], [1503, 1014], [1504, 1014], [1551, 1014], [1552, 1014], [1553, 1014], [1554, 1014], [1502, 1015], [1503, 1015], [1504, 1015], [1505, 1015], [1552, 1015], [1553, 1015], [1554, 1015], [1503, 1016], [1504, 1016], [1505, 1016], [1553, 1016], [1554, 1016], [1555, 1016], [1504, 1017], [1505, 1017], [1506, 1017], [1553, 1017], [1554, 1017], [1555, 1017], [1556, 1017], [1504, 1018], [1505, 1018], [1506, 1018], [1507, 1018], [1554, 1018], [1555, 1018], [1556, 1018], [1505, 1019], [1506, 1019], [1507, 1019], [1555, 1019], [1556, 1019], [1557, 1019], [1506, 1020], [1507, 1020], [1508, 1020], [1555, 1020], [1556, 1020], [1557, 1020], [1558, 1020], [1506, 1021], [1507, 1021], [1508, 1021], [1556, 1021], [1557, 1021], [1558, 1021], [1507, 1022], [1508, 1022], [1509, 1022], [1557, 1022], [1558, 1022], [1559, 1022], [1507, 1023], [1508, 1023], [1509, 1023], [1510, 1023], [1557, 1023], [1558, 1023], [1559, 1023], [1560, 1023], [1508, 1024], [1509, 1024], [1510, 1024], [1558, 1024], [1559, 1024], [1560, 1024], [1509, 1025], [1510, 1025], [1511, 1025], [1559, 1025], [1560, 1025], [1561, 1025], [1509, 1026], [1510, 1026], [1511, 1026], [1559, 1026], [1560, 1026], [1561, 1026], [1562, 1026], [1510, 1027], [1511, 1027], [1512, 1027], [1560, 1027], [1561, 1027], [1562, 1027], [1563, 1027], [1510, 1028], [1511, 1028], [1512, 1028], [1561, 1028], [1562, 1028], [1563, 1028], [1511, 1029], [1512, 1029], [1513, 1029], [1562, 1029], [1563, 1029], [1564, 1029], [1511, 1030], [1512, 1030], [1513, 1030], [1562, 1030], [1563, 1030], [1564, 1030], [1565, 1030], [1512, 1031], [1513, 1031], [1514, 1031], [1563, 1031], [1564, 1031], [1565, 1031], [1512, 1032], [1513, 1032], [1514, 1032], [1564, 1032], [1565, 1032], [1566, 1032], [1513, 1033], [1514, 1033], [1515, 1033], [1564, 1033], [1565, 1033], [1566, 1033], [1567, 1033], [1513, 1034], [1514, 1034], [1515, 1034], [1565, 1034], [1566, 1034], [1567, 1034], [1514, 1035], [1515, 1035], [1516, 1035], [1566, 1035], [1567, 1035], [1568, 1035], [1514, 1036], [1515, 1036], [1516, 1036], [1517, 1036], [1566, 1036], [1567, 1036], [1568, 1036], [1569, 1036], [1515, 1037], [1516, 1037], [1517, 1037], [1567, 1037], [1568, 1037], [1569, 1037], [1516, 1038], [1517, 1038], [1518, 1038], [1568, 1038], [1569, 1038], [1570, 1038], [1516, 1039], [1517, 1039], [1518, 1039], [1568, 1039], [1569, 1039], [1570, 1039], [1517, 1040], [1518, 1040], [1519, 1040], [1569, 1040], [1570, 1040], [1571, 1040], [1517, 1041], [1518, 1041], [1519, 1041], [1520, 1041], [1569, 1041], [1570, 1041], [1571, 1041], [1572, 1041], [1518, 1042], [1519, 1042], [1520, 1042], [1570, 1042], [1571, 1042], [1572, 1042], [1519, 1043], [1520, 1043], [1521, 1043], [1571, 1043], [1572, 1043], [1573, 1043], [1519, 1044], [1520, 1044], [1521, 1044], [1522, 1044], [1571, 1044], [1572, 1044], [1573, 1044], [1520, 1045], [1521, 1045], [1522, 1045], [1572, 1045], [1573, 1045], [1574, 1045], [1521, 1046], [1522, 1046], [1523, 1046], [1572, 1046], [1573, 1046], [1574, 1046], [1575, 1046], [1521, 1047], [1522, 1047], [1523, 1047], [1524, 1047], [1573, 1047], [1574, 1047], [1575, 1047], [1576, 1047], [1522, 1048], [1523, 1048], [1524, 1048], [1574, 1048], [1575, 1048], [1576, 1048], [1523, 1049], [1524, 1049], [1525, 1049], [1575, 1049], [1576, 1049], [1577, 1049], [1523, 1050], [1524, 1050], [1525, 1050], [1526, 1050], [1575, 1050], [1576, 1050], [1577, 1050], [1524, 1051], [1525, 1051], [1526, 1051], [1576, 1051], [1577, 1051], [1578, 1051], [1525, 1052], [1526, 1052], [1527, 1052], [1576, 1052], [1577, 1052], [1578, 1052], [1579, 1052], [1525, 1053], [1526, 1053], [1527, 1053], [1528, 1053], [1577, 1053], [1578, 1053], [1579, 1053], [1580, 1053], [1526, 1054], [1527, 1054], [1528, 1054], [1578, 1054], [1579, 1054], [1580, 1054], [1527, 1055], [1528, 1055], [1529, 1055], [1579, 1055], [1580, 1055], [1581, 1055], [1527, 1056], [1528, 1056], [1529, 1056], [1579, 1056], [1580, 1056], [1581, 1056], [1528, 1057], [1529, 1057], [1530, 1057], [1580, 1057], [1581, 1057], [1582, 1057], [1528, 1058], [1529, 1058], [1530, 1058], [1580, 1058], [1581, 1058], [1582, 1058], [1583, 1058], [1529, 1059], [1530, 1059], [1531, 1059], [1581, 1059], [1582, 1059], [1583, 1059], [1529, 1060], [1530, 1060], [1531, 1060], [1582, 1060], [1583, 1060], [1584, 1060], [1530, 1061], [1531, 1061], [1532, 1061], [1558, 1061], [1559, 1061], [1560, 1061], [1561, 1061], [1562, 1061], [1563, 1061], [1564, 1061], [1582, 1061], [1583, 1061], [1584, 1061], [1585, 1061], [1530, 1062], [1531, 1062], [1532, 1062], [1558, 1062], [1559, 1062], [1560, 1062], [1561, 1062], [1562, 1062], [1563, 1062], [1564, 1062], [1565, 1062], [1566, 1062], [1583, 1062], [1584, 1062], [1585, 1062], [1586, 1062], [1531, 1063], [1532, 1063], [1533, 1063], [1558, 1063], [1559, 1063], [1563, 1063], [1564, 1063], [1565, 1063], [1566, 1063], [1567, 1063], [1584, 1063], [1585, 1063], [1586, 1063], [1531, 1064], [1532, 1064], [1533, 1064], [1534, 1064], [1558, 1064], [1559, 1064], [1560, 1064], [1565, 1064], [1566, 1064], [1567, 1064], [1568, 1064], [1585, 1064], [1586, 1064], [1587, 1064], [1532, 1065], [1533, 1065], [1534, 1065], [1558, 1065], [1559, 1065], [1560, 1065], [1566, 1065], [1567, 1065], [1568, 1065], [1569, 1065], [1585, 1065], [1586, 1065], [1587, 1065], [1588, 1065], [1533, 1066], [1534, 1066], [1535, 1066], [1559, 1066], [1560, 1066], [1567, 1066], [1568, 1066], [1569, 1066], [1570, 1066], [1571, 1066], [1586, 1066], [1587, 1066], [1588, 1066], [1533, 1067], [1534, 1067], [1535, 1067], [1536, 1067], [1537, 1067], [1538, 1067], [1539, 1067], [1540, 1067], [1559, 1067], [1560, 1067], [1568, 1067], [1569, 1067], [1570, 1067], [1571, 1067], [1572, 1067], [1573, 1067], [1587, 1067], [1588, 1067], [1589, 1067], [1534, 1068], [1535, 1068], [1536, 1068], [1537, 1068], [1538, 1068], [1539, 1068], [1540, 1068], [1541, 1068], [1542, 1068], [1543, 1068], [1559, 1068], [1560, 1068], [1570, 1068], [1571, 1068], [1572, 1068], [1573, 1068], [1574, 1068], [1587, 1068], [1588, 1068], [1589, 1068], [1535, 1069], [1536, 1069], [1537, 1069], [1538, 1069], [1539, 1069], [1540, 1069], [1541, 1069], [1542, 1069], [1543, 1069], [1544, 1069], [1550, 1069], [1551, 1069], [1552, 1069], [1553, 1069], [1554, 1069], [1555, 1069], [1556, 1069], [1557, 1069], [1558, 1069], [1559, 1069], [1560, 1069], [1572, 1069], [1573, 1069], [1574, 1069], [1575, 1069], [1576, 1069], [1585, 1069], [1586, 1069], [1587, 1069], [1588, 1069], [1589, 1069], [1590, 1069], [1542, 1070], [1543, 1070], [1544, 1070], [1545, 1070], [1546, 1070], [1547, 1070], [1548, 1070], [1549, 1070], [1550, 1070], [1551, 1070], [1552, 1070], [1553, 1070], [1554, 1070], [1555, 1070], [1556, 1070], [1557, 1070], [1558, 1070], [1559, 1070], [1560, 1070], [1573, 1070], [1574, 1070], [1575, 1070], [1576, 1070], [1577, 1070], [1578, 1070], [1583, 1070], [1584, 1070], [1585, 1070], [1586, 1070], [1587, 1070], [1588, 1070], [1589, 1070], [1590, 1070], [1543, 1071], [1544, 1071], [1545, 1071], [1546, 1071], [1547, 1071], [1548, 1071], [1549, 1071], [1550, 1071], [1551, 1071], [1575, 1071], [1576, 1071], [1577, 1071], [1578, 1071], [1579, 1071], [1580, 1071], [1582, 1071], [1583, 1071], [1584, 1071], [1585, 1071], [1586, 1071], [1587, 1071], [1588, 1071], [1589, 1071], [1590, 1071], [1547, 1072], [1548, 1072], [1549, 1072], [1577, 1072], [1578, 1072], [1579, 1072], [1580, 1072], [1581, 1072], [1582, 1072], [1583, 1072], [1584, 1072], [1579, 1073], [1580, 1073], [1581, 1073], [1582, 1073], [1583, 1073]


