White line left - [243, 992], [242, 993], [243, 993], [240, 994], [241, 994], [242, 994], [239, 995], [240, 995], [241, 995], [242, 995], [238, 996], [239, 996], [240, 996], [241, 996], [238, 997], [239, 997], [240, 997], [238, 998], [239, 998], [237, 999], [238, 999], [239, 999], [237, 1000], [238, 1000], [239, 1000], [236, 1001], [237, 1001], [238, 1001], [236, 1002], [237, 1002], [238, 1002], [234, 1003], [235, 1003], [236, 1003], [237, 1003], [233, 1004], [234, 1004], [235, 1004], [236, 1004], [237, 1004], [233, 1005], [234, 1005], [235, 1005], [233, 1006], [234, 1006], [233, 1007], [234, 1007], [231, 1008], [232, 1008], [233, 1008], [234, 1008], [231, 1009], [232, 1009], [233, 1009], [234, 1009], [213, 1010], [231, 1010], [232, 1010], [211, 1011], [212, 1011], [213, 1011], [226, 1011], [227, 1011], [228, 1011], [229, 1011], [230, 1011], [231, 1011], [232, 1011], [210, 1012], [211, 1012], [212, 1012], [225, 1012], [226, 1012], [227, 1012], [228, 1012], [229, 1012], [230, 1012], [231, 1012], [232, 1012], [208, 1013], [209, 1013], [210, 1013], [211, 1013], [212, 1013], [213, 1013], [225, 1013], [226, 1013], [227, 1013], [206, 1014], [207, 1014], [211, 1014], [212, 1014], [213, 1014], [224, 1014], [225, 1014], [226, 1014], [204, 1015], [205, 1015], [206, 1015], [212, 1015], [213, 1015], [224, 1015], [225, 1015], [226, 1015], [203, 1016], [204, 1016], [205, 1016], [211, 1016], [212, 1016], [213, 1016], [224, 1016], [225, 1016], [202, 1017], [203, 1017], [204, 1017], [211, 1017], [212, 1017], [213, 1017], [224, 1017], [225, 1017], [226, 1017], [201, 1018], [202, 1018], [203, 1018], [210, 1018], [211, 1018], [212, 1018], [224, 1018], [225, 1018], [226, 1018], [200, 1019], [201, 1019], [202, 1019], [203, 1019], [209, 1019], [210, 1019], [211, 1019], [212, 1019], [223, 1019], [224, 1019], [225, 1019], [226, 1019], [199, 1020], [200, 1020], [201, 1020], [202, 1020], [208, 1020], [209, 1020], [210, 1020], [211, 1020], [221, 1020], [222, 1020], [223, 1020], [224, 1020], [225, 1020], [195, 1021], [196, 1021], [197, 1021], [198, 1021], [199, 1021], [200, 1021], [201, 1021], [208, 1021], [209, 1021], [210, 1021], [219, 1021], [220, 1021], [221, 1021], [222, 1021], [223, 1021], [224, 1021], [193, 1022], [194, 1022], [195, 1022], [196, 1022], [197, 1022], [198, 1022], [199, 1022], [200, 1022], [208, 1022], [209, 1022], [218, 1022], [219, 1022], [220, 1022], [221, 1022], [222, 1022], [191, 1023], [192, 1023], [193, 1023], [194, 1023], [195, 1023], [196, 1023], [197, 1023], [198, 1023], [199, 1023], [200, 1023], [208, 1023], [209, 1023], [218, 1023], [219, 1023], [220, 1023], [192, 1024], [193, 1024], [194, 1024], [195, 1024], [208, 1024], [209, 1024], [218, 1024], [219, 1024], [220, 1024], [207, 1025], [208, 1025], [209, 1025], [219, 1025], [220, 1025], [186, 1026], [206, 1026], [207, 1026], [208, 1026], [209, 1026], [219, 1026], [220, 1026], [184, 1027], [185, 1027], [204, 1027], [205, 1027], [206, 1027], [207, 1027], [208, 1027], [219, 1027], [220, 1027], [183, 1028], [184, 1028], [185, 1028], [204, 1028], [205, 1028], [206, 1028], [207, 1028], [218, 1028], [219, 1028], [220, 1028], [202, 1029], [203, 1029], [204, 1029], [205, 1029], [217, 1029], [218, 1029], [219, 1029], [220, 1029], [201, 1030], [202, 1030], [203, 1030], [204, 1030], [205, 1030], [216, 1030], [217, 1030], [218, 1030], [219, 1030], [201, 1031], [202, 1031], [203, 1031], [216, 1031], [217, 1031], [218, 1031], [201, 1032], [202, 1032], [216, 1032], [217, 1032], [200, 1033], [201, 1033], [202, 1033], [215, 1033], [216, 1033], [217, 1033], [198, 1034], [199, 1034], [200, 1034], [201, 1034], [202, 1034], [215, 1034], [216, 1034], [217, 1034], [197, 1035], [198, 1035], [199, 1035], [200, 1035], [201, 1035], [214, 1035], [215, 1035], [216, 1035], [196, 1036], [197, 1036], [198, 1036], [199, 1036], [213, 1036], [214, 1036], [215, 1036], [216, 1036], [196, 1037], [197, 1037], [198, 1037], [213, 1037], [214, 1037], [215, 1037], [195, 1038], [196, 1038], [197, 1038], [212, 1038], [213, 1038], [214, 1038], [195, 1039], [196, 1039], [197, 1039], [212, 1039], [213, 1039], [214, 1039], [194, 1040], [195, 1040], [196, 1040], [211, 1040], [212, 1040], [213, 1040], [193, 1041], [194, 1041], [195, 1041], [196, 1041], [209, 1041], [210, 1041], [211, 1041], [212, 1041], [213, 1041], [193, 1042], [194, 1042], [195, 1042], [209, 1042], [210, 1042], [211, 1042], [212, 1042], [192, 1043], [193, 1043], [194, 1043], [208, 1043], [209, 1043], [210, 1043], [191, 1044], [192, 1044], [193, 1044], [194, 1044], [207, 1044], [208, 1044], [209, 1044], [210, 1044], [190, 1045], [191, 1045], [192, 1045], [193, 1045], [207, 1045], [208, 1045], [209, 1045], [189, 1046], [190, 1046], [191, 1046], [192, 1046], [206, 1046], [207, 1046], [208, 1046], [188, 1047], [189, 1047], [190, 1047], [191, 1047], [206, 1047], [207, 1047], [208, 1047], [188, 1048], [189, 1048], [190, 1048], [205, 1048], [206, 1048], [207, 1048], [187, 1049], [188, 1049], [189, 1049], [204, 1049], [205, 1049], [206, 1049], [207, 1049], [187, 1050], [188, 1050], [189, 1050], [203, 1050], [204, 1050], [205, 1050], [206, 1050], [186, 1051], [187, 1051], [188, 1051], [203, 1051], [204, 1051], [205, 1051], [186, 1052], [187, 1052], [188, 1052], [202, 1052], [203, 1052], [204, 1052], [184, 1053], [185, 1053], [186, 1053], [187, 1053], [202, 1053], [203, 1053], [204, 1053], [183, 1054], [184, 1054], [185, 1054], [186, 1054], [187, 1054], [201, 1054], [202, 1054], [203, 1054], [183, 1055], [184, 1055], [185, 1055], [200, 1055], [201, 1055], [202, 1055], [203, 1055], [182, 1056], [183, 1056], [184, 1056], [199, 1056], [200, 1056], [201, 1056], [202, 1056], [181, 1057], [182, 1057], [183, 1057], [184, 1057], [198, 1057], [199, 1057], [200, 1057], [201, 1057], [181, 1058], [182, 1058], [183, 1058], [197, 1058], [198, 1058], [199, 1058], [200, 1058], [181, 1059], [182, 1059], [196, 1059], [197, 1059], [198, 1059], [199, 1059], [181, 1060], [182, 1060], [195, 1060], [196, 1060], [197, 1060], [198, 1060], [180, 1061], [181, 1061], [182, 1061], [195, 1061], [196, 1061], [197, 1061], [179, 1062], [180, 1062], [181, 1062], [182, 1062], [195, 1062], [196, 1062], [178, 1063], [179, 1063], [180, 1063], [181, 1063], [193, 1063], [194, 1063], [195, 1063], [196, 1063], [178, 1064], [179, 1064], [180, 1064], [192, 1064], [193, 1064], [194, 1064], [195, 1064], [196, 1064], [178, 1065], [179, 1065], [192, 1065], [193, 1065], [194, 1065], [177, 1066], [178, 1066], [179, 1066], [191, 1066], [192, 1066], [193, 1066], [176, 1067], [177, 1067], [178, 1067], [179, 1067], [190, 1067], [191, 1067], [192, 1067], [193, 1067], [176, 1068], [177, 1068], [178, 1068], [189, 1068], [190, 1068], [191, 1068], [192, 1068], [175, 1069], [176, 1069], [177, 1069], [189, 1069], [190, 1069], [191, 1069], [175, 1070], [176, 1070], [177, 1070], [187, 1070], [188, 1070], [189, 1070], [190, 1070], [175, 1071], [176, 1071], [177, 1071], [186, 1071], [187, 1071], [188, 1071], [189, 1071], [190, 1071], [173, 1072], [174, 1072], [175, 1072], [176, 1072], [177, 1072], [178, 1072], [186, 1072], [187, 1072], [188, 1072], [172, 1073], [173, 1073], [174, 1073], [175, 1073], [176, 1073], [177, 1073], [178, 1073], [186, 1073], [187, 1073], [171, 1074], [172, 1074], [173, 1074], [175, 1074], [177, 1074], [178, 1074], [185, 1074], [186, 1074], [187, 1074], [170, 1075], [171, 1075], [172, 1075], [174, 1075], [175, 1075], [176, 1075], [177, 1075], [181, 1075], [182, 1075], [183, 1075], [184, 1075], [185, 1075], [186, 1075], [187, 1075], [170, 1076], [171, 1076], [173, 1076], [174, 1076], [175, 1076], [176, 1076], [177, 1076], [181, 1076], [182, 1076], [183, 1076], [184, 1076], [185, 1076], [186, 1076], [169, 1077], [170, 1077], [171, 1077], [172, 1077], [173, 1077], [174, 1077], [175, 1077], [176, 1077], [177, 1077], [180, 1077], [181, 1077], [182, 1077], [168, 1078], [169, 1078], [170, 1078], [171, 1078], [172, 1078], [173, 1078], [174, 1078], [175, 1078], [176, 1078], [177, 1078], [180, 1078], [181, 1078], [182, 1078], [168, 1079], [169, 1079], [171, 1079], [172, 1079], [174, 1079], [175, 1079], [176, 1079], [180, 1079], [181, 1079]




Yellow line left - [1539, 223], [1540, 223], [1537, 224], [1538, 224], [1539, 224], [1540, 224], [1536, 225], [1537, 225], [1538, 225], [1539, 225]




Yellow line right - [1674, 152], [1675, 152], [1676, 152], [1677, 152], [1678, 152], [1679, 152], [1680, 152], [1681, 152], [1682, 152], [1671, 153], [1672, 153], [1673, 153], [1674, 153], [1675, 153], [1676, 153], [1677, 153], [1678, 153], [1679, 153], [1680, 153], [1681, 153], [1682, 153], [1667, 154], [1668, 154], [1669, 154], [1670, 154], [1671, 154], [1672, 154], [1673, 154], [1674, 154], [1675, 154], [1681, 154], [1682, 154], [1665, 155], [1666, 155], [1667, 155], [1668, 155], [1669, 155], [1670, 155], [1671, 155], [1672, 155], [1680, 155], [1681, 155], [1682, 155], [1664, 156], [1665, 156], [1666, 156], [1667, 156], [1668, 156], [1680, 156], [1681, 156], [1682, 156], [1664, 157], [1665, 157], [1666, 157], [1679, 157], [1680, 157], [1681, 157], [1664, 158], [1665, 158], [1676, 158], [1677, 158], [1678, 158], [1679, 158], [1680, 158], [1681, 158], [1664, 159], [1665, 159], [1666, 159], [1674, 159], [1675, 159], [1676, 159], [1677, 159], [1678, 159], [1679, 159], [1680, 159], [1664, 160], [1665, 160], [1666, 160], [1667, 160], [1668, 160], [1669, 160], [1671, 160], [1672, 160], [1673, 160], [1674, 160], [1675, 160], [1676, 160], [1677, 160], [1665, 161], [1666, 161], [1667, 161], [1668, 161], [1669, 161], [1670, 161], [1671, 161], [1672, 161], [1673, 161], [1674, 161], [1675, 161], [1665, 162], [1666, 162], [1667, 162], [1668, 162], [1669, 162], [1670, 162], [1671, 162], [1672, 162], [1639, 165], [1640, 165], [1641, 165], [1642, 165], [1643, 165], [1644, 165], [1645, 165], [1646, 165], [1647, 165], [1648, 165], [1649, 165], [1650, 165], [1635, 166], [1636, 166], [1637, 166], [1638, 166], [1639, 166], [1640, 166], [1641, 166], [1642, 166], [1643, 166], [1644, 166], [1645, 166], [1646, 166], [1647, 166], [1648, 166], [1649, 166], [1650, 166], [1651, 166], [1652, 166], [1633, 167], [1634, 167], [1635, 167], [1636, 167], [1637, 167], [1638, 167], [1639, 167], [1640, 167], [1649, 167], [1650, 167], [1651, 167], [1652, 167], [1653, 167], [1632, 168], [1633, 168], [1634, 168], [1635, 168], [1651, 168], [1652, 168], [1653, 168], [1630, 169], [1631, 169], [1632, 169], [1651, 169], [1652, 169], [1653, 169], [1628, 170], [1629, 170], [1630, 170], [1631, 170], [1650, 170], [1651, 170], [1652, 170], [1653, 170], [1627, 171], [1647, 171], [1648, 171], [1649, 171], [1650, 171], [1651, 171], [1652, 171], [1625, 172], [1642, 172], [1643, 172], [1644, 172], [1645, 172], [1646, 172], [1647, 172], [1648, 172], [1649, 172], [1650, 172], [1651, 172], [1623, 173], [1624, 173], [1625, 173], [1636, 173], [1637, 173], [1638, 173], [1639, 173], [1640, 173], [1641, 173], [1642, 173], [1643, 173], [1644, 173], [1645, 173], [1646, 173], [1647, 173], [1648, 173], [1621, 174], [1622, 174], [1623, 174], [1624, 174], [1625, 174], [1626, 174], [1631, 174], [1632, 174], [1633, 174], [1634, 174], [1635, 174], [1636, 174], [1637, 174], [1638, 174], [1639, 174], [1640, 174], [1641, 174], [1642, 174], [1643, 174], [1620, 175], [1624, 175], [1625, 175], [1626, 175], [1627, 175], [1628, 175], [1629, 175], [1630, 175], [1631, 175], [1632, 175], [1633, 175], [1634, 175], [1635, 175], [1636, 175], [1637, 175], [1618, 176], [1619, 176], [1620, 176], [1625, 176], [1626, 176], [1627, 176], [1628, 176], [1629, 176], [1630, 176], [1631, 176], [1632, 176], [1616, 177], [1617, 177], [1618, 177], [1619, 177], [1615, 178], [1616, 178], [1617, 178], [1613, 179], [1614, 179], [1611, 180], [1612, 180], [1610, 181], [1608, 182], [1609, 182], [1606, 183]




White line right - [1822, 149], [1823, 149], [1824, 149], [1816, 150], [1817, 150], [1818, 150], [1819, 150], [1820, 150], [1821, 150], [1822, 150], [1823, 150], [1824, 150], [1813, 151], [1814, 151], [1815, 151], [1816, 151], [1817, 151], [1818, 151], [1819, 151], [1820, 151], [1821, 151], [1822, 151], [1823, 151], [1809, 152], [1810, 152], [1811, 152], [1812, 152], [1813, 152], [1814, 152], [1815, 152], [1816, 152], [1817, 152], [1807, 153], [1808, 153], [1809, 153], [1810, 153], [1811, 153], [1812, 153], [1813, 153], [1814, 153], [1805, 154], [1806, 154], [1807, 154], [1808, 154], [1809, 154], [1810, 154], [1805, 155], [1806, 155], [1807, 155], [1808, 155], [1824, 155], [1805, 156], [1806, 156], [1807, 156], [1808, 156], [1820, 156], [1821, 156], [1822, 156], [1823, 156], [1824, 156], [1806, 157], [1807, 157], [1808, 157], [1809, 157], [1810, 157], [1811, 157], [1812, 157], [1813, 157], [1814, 157], [1815, 157], [1816, 157], [1817, 157], [1818, 157], [1819, 157], [1820, 157], [1821, 157], [1822, 157], [1823, 157], [1824, 157], [1807, 158], [1808, 158], [1809, 158], [1810, 158], [1811, 158], [1812, 158], [1813, 158], [1814, 158], [1815, 158], [1816, 158], [1817, 158], [1818, 158], [1819, 158], [1820, 158], [1821, 158], [1815, 159], [1816, 159], [1817, 159], [1818, 159], [1809, 169], [1810, 169], [1811, 169], [1812, 169], [1809, 170], [1810, 170], [1811, 170], [1812, 170], [1809, 171], [1810, 171], [1811, 171], [1812, 171], [1817, 180], [1818, 180], [1819, 180], [1820, 180], [1821, 180], [1822, 180], [1823, 180], [1824, 180], [1811, 181], [1812, 181], [1813, 181], [1814, 181], [1815, 181], [1816, 181], [1817, 181], [1818, 181], [1819, 181], [1820, 181], [1821, 181], [1822, 181], [1823, 181], [1824, 181], [1809, 182], [1810, 182], [1811, 182], [1812, 182], [1813, 182], [1814, 182], [1815, 182], [1816, 182], [1817, 182], [1818, 182], [1822, 182], [1823, 182], [1824, 182], [1809, 183], [1810, 183], [1811, 183], [1813, 183], [1814, 183], [1815, 183], [1816, 183], [1817, 183], [1818, 183], [1819, 183], [1820, 183], [1821, 183], [1822, 183], [1823, 183], [1824, 183], [1809, 184], [1810, 184], [1811, 184], [1812, 184], [1813, 184], [1814, 184], [1815, 184], [1816, 184], [1817, 184], [1818, 184], [1819, 184], [1820, 184], [1821, 184], [1822, 184], [1823, 184], [1809, 185], [1810, 185], [1811, 185], [1812, 185], [1813, 185], [1719, 186], [1720, 186], [1721, 186], [1714, 187], [1715, 187], [1716, 187], [1719, 187], [1721, 187], [1708, 188], [1709, 188], [1710, 188], [1714, 188], [1716, 188], [1719, 188], [1720, 188], [1721, 188], [1703, 189], [1704, 189], [1705, 189], [1708, 189], [1710, 189], [1714, 189], [1715, 189], [1716, 189], [1699, 190], [1700, 190], [1701, 190], [1703, 190], [1705, 190], [1708, 190], [1709, 190], [1710, 190], [1695, 191], [1696, 191], [1697, 191], [1699, 191], [1701, 191], [1703, 191], [1704, 191], [1705, 191], [1690, 192], [1691, 192], [1692, 192], [1693, 192], [1694, 192], [1695, 192], [1697, 192], [1699, 192], [1700, 192], [1701, 192], [1686, 193], [1687, 193], [1688, 193], [1689, 193], [1690, 193], [1691, 193], [1693, 193], [1694, 193], [1695, 193], [1696, 193], [1697, 193], [1808, 193], [1809, 193], [1810, 193], [1811, 193], [1812, 193], [1813, 193], [1814, 193], [1815, 193], [1816, 193], [1822, 193], [1823, 193], [1824, 193], [1680, 194], [1681, 194], [1682, 194], [1683, 194], [1684, 194], [1685, 194], [1686, 194], [1687, 194], [1688, 194], [1689, 194], [1690, 194], [1691, 194], [1692, 194], [1693, 194], [1694, 194], [1808, 194], [1809, 194], [1810, 194], [1811, 194], [1812, 194], [1813, 194], [1814, 194], [1815, 194], [1816, 194], [1817, 194], [1818, 194], [1819, 194], [1820, 194], [1821, 194], [1822, 194], [1823, 194], [1824, 194], [1676, 195], [1677, 195], [1678, 195], [1679, 195], [1680, 195], [1681, 195], [1684, 195], [1685, 195], [1686, 195], [1687, 195], [1688, 195], [1689, 195], [1808, 195], [1809, 195], [1810, 195], [1811, 195], [1812, 195], [1813, 195], [1814, 195], [1815, 195], [1816, 195], [1817, 195], [1818, 195], [1819, 195], [1820, 195], [1821, 195], [1822, 195], [1824, 195], [1673, 196], [1674, 196], [1675, 196], [1676, 196], [1677, 196], [1678, 196], [1679, 196], [1680, 196], [1681, 196], [1682, 196], [1683, 196], [1684, 196], [1685, 196], [1808, 196], [1809, 196], [1810, 196], [1811, 196], [1812, 196], [1813, 196], [1814, 196], [1815, 196], [1816, 196], [1817, 196], [1822, 196], [1823, 196], [1824, 196], [1670, 197], [1671, 197], [1672, 197], [1673, 197], [1674, 197], [1675, 197], [1676, 197], [1677, 197], [1678, 197], [1679, 197], [1722, 197], [1723, 197], [1724, 197], [1725, 197], [1726, 197], [1727, 197], [1815, 197], [1816, 197], [1817, 197], [1818, 197], [1819, 197], [1820, 197], [1821, 197], [1822, 197], [1823, 197], [1824, 197], [1666, 198], [1667, 198], [1668, 198], [1669, 198], [1670, 198], [1672, 198], [1673, 198], [1674, 198], [1675, 198], [1676, 198], [1715, 198], [1716, 198], [1717, 198], [1718, 198], [1721, 198], [1722, 198], [1723, 198], [1724, 198], [1725, 198], [1726, 198], [1727, 198], [1816, 198], [1817, 198], [1818, 198], [1819, 198], [1820, 198], [1821, 198], [1822, 198], [1823, 198], [1661, 199], [1662, 199], [1663, 199], [1664, 199], [1665, 199], [1666, 199], [1667, 199], [1669, 199], [1670, 199], [1671, 199], [1672, 199], [1715, 199], [1716, 199], [1717, 199], [1718, 199], [1721, 199], [1722, 199], [1723, 199], [1724, 199], [1725, 199], [1726, 199], [1727, 199], [1812, 199], [1813, 199], [1814, 199], [1815, 199], [1816, 199], [1817, 199], [1818, 199], [1819, 199], [1820, 199], [1821, 199], [1822, 199], [1823, 199], [1658, 200], [1659, 200], [1660, 200], [1661, 200], [1662, 200], [1664, 200], [1665, 200], [1666, 200], [1667, 200], [1668, 200], [1669, 200], [1670, 200], [1709, 200], [1710, 200], [1711, 200], [1715, 200], [1716, 200], [1717, 200], [1718, 200], [1721, 200], [1722, 200], [1723, 200], [1724, 200], [1725, 200], [1726, 200], [1727, 200], [1812, 200], [1813, 200], [1815, 200], [1816, 200], [1817, 200], [1818, 200], [1819, 200], [1820, 200], [1822, 200], [1823, 200], [1658, 201], [1660, 201], [1661, 201], [1662, 201], [1663, 201], [1664, 201], [1665, 201], [1709, 201], [1711, 201], [1715, 201], [1716, 201], [1717, 201], [1718, 201], [1787, 201], [1788, 201], [1789, 201], [1790, 201], [1791, 201], [1812, 201], [1813, 201], [1814, 201], [1815, 201], [1816, 201], [1817, 201], [1818, 201], [1819, 201], [1820, 201], [1821, 201], [1822, 201], [1823, 201], [1658, 202], [1659, 202], [1660, 202], [1709, 202], [1710, 202], [1711, 202], [1780, 202], [1781, 202], [1782, 202], [1783, 202], [1787, 202], [1788, 202], [1789, 202], [1790, 202], [1791, 202], [1815, 202], [1816, 202], [1817, 202], [1818, 202], [1819, 202], [1820, 202], [1779, 203], [1780, 203], [1781, 203], [1782, 203], [1783, 203], [1787, 203], [1788, 203], [1789, 203], [1790, 203], [1791, 203], [1779, 204], [1780, 204], [1781, 204], [1782, 204], [1783, 204], [1787, 204], [1788, 204], [1789, 204], [1790, 204], [1791, 204], [1639, 205], [1640, 205], [1641, 205], [1712, 205], [1713, 205], [1714, 205], [1715, 205], [1719, 205], [1720, 205], [1721, 205], [1722, 205], [1725, 205], [1726, 205], [1727, 205], [1779, 205], [1780, 205], [1781, 205], [1634, 206], [1635, 206], [1636, 206], [1637, 206], [1639, 206], [1641, 206], [1712, 206], [1713, 206], [1714, 206], [1715, 206], [1718, 206], [1719, 206], [1720, 206], [1721, 206], [1722, 206], [1725, 206], [1727, 206], [1732, 206], [1733, 206], [1734, 206], [1742, 206], [1743, 206], [1744, 206], [1745, 206], [1630, 207], [1631, 207], [1632, 207], [1633, 207], [1634, 207], [1635, 207], [1636, 207], [1637, 207], [1639, 207], [1640, 207], [1641, 207], [1712, 207], [1713, 207], [1714, 207], [1715, 207], [1718, 207], [1719, 207], [1720, 207], [1721, 207], [1722, 207], [1725, 207], [1726, 207], [1728, 207], [1729, 207], [1730, 207], [1732, 207], [1734, 207], [1742, 207], [1743, 207], [1744, 207], [1745, 207], [1627, 208], [1628, 208], [1629, 208], [1630, 208], [1631, 208], [1632, 208], [1633, 208], [1634, 208], [1635, 208], [1636, 208], [1637, 208], [1712, 208], [1713, 208], [1714, 208], [1715, 208], [1716, 208], [1717, 208], [1718, 208], [1719, 208], [1720, 208], [1721, 208], [1722, 208], [1727, 208], [1728, 208], [1729, 208], [1730, 208], [1732, 208], [1733, 208], [1734, 208], [1742, 208], [1743, 208], [1744, 208], [1745, 208], [1624, 209], [1625, 209], [1626, 209], [1627, 209], [1628, 209], [1629, 209], [1630, 209], [1631, 209], [1632, 209], [1633, 209], [1696, 209], [1697, 209], [1698, 209], [1699, 209], [1700, 209], [1701, 209], [1702, 209], [1703, 209], [1708, 209], [1709, 209], [1710, 209], [1711, 209], [1712, 209], [1714, 209], [1715, 209], [1717, 209], [1727, 209], [1728, 209], [1729, 209], [1730, 209], [1620, 210], [1621, 210], [1622, 210], [1623, 210], [1624, 210], [1625, 210], [1626, 210], [1627, 210], [1628, 210], [1629, 210], [1630, 210], [1696, 210], [1697, 210], [1702, 210], [1703, 210], [1708, 210], [1710, 210], [1711, 210], [1712, 210], [1713, 210], [1714, 210], [1715, 210], [1716, 210], [1717, 210], [1616, 211], [1617, 211], [1618, 211], [1619, 211], [1620, 211], [1621, 211], [1622, 211], [1623, 211], [1624, 211], [1625, 211], [1626, 211], [1627, 211], [1696, 211], [1697, 211], [1698, 211], [1699, 211], [1700, 211], [1701, 211], [1702, 211], [1703, 211], [1708, 211], [1709, 211], [1710, 211], [1711, 211], [1712, 211], [1613, 212], [1614, 212], [1615, 212], [1616, 212], [1617, 212], [1618, 212], [1619, 212], [1620, 212], [1621, 212], [1622, 212], [1623, 212], [1710, 212], [1711, 212], [1712, 212], [1610, 213], [1611, 213], [1612, 213], [1613, 213], [1615, 213], [1616, 213], [1617, 213], [1618, 213], [1619, 213], [1607, 214], [1608, 214], [1609, 214], [1610, 214], [1612, 214], [1613, 214], [1614, 214], [1615, 214], [1607, 215], [1609, 215], [1610, 215], [1611, 215], [1612, 215], [1607, 216], [1608, 216], [1609, 216], [1597, 217], [1598, 217], [1599, 217], [1594, 218], [1595, 218], [1596, 218], [1597, 218], [1599, 218], [1591, 219], [1592, 219], [1593, 219], [1594, 219], [1596, 219], [1597, 219], [1598, 219], [1599, 219], [1587, 220], [1588, 220], [1589, 220], [1590, 220], [1591, 220], [1593, 220], [1594, 220], [1595, 220], [1596, 220], [1583, 221], [1584, 221], [1585, 221], [1586, 221], [1587, 221], [1588, 221], [1589, 221], [1590, 221], [1591, 221], [1592, 221], [1593, 221], [1578, 222], [1579, 222], [1580, 222], [1581, 222], [1582, 222], [1583, 222], [1584, 222], [1586, 222], [1587, 222], [1588, 222], [1589, 222], [1590, 222], [1576, 223], [1577, 223], [1578, 223], [1579, 223], [1583, 223], [1584, 223], [1585, 223], [1586, 223], [1587, 223], [1574, 224], [1575, 224], [1576, 224], [1577, 224], [1578, 224], [1579, 224], [1580, 224], [1581, 224], [1582, 224], [1583, 224], [1584, 224], [1573, 225], [1574, 225], [1575, 225], [1576, 225], [1577, 225], [1578, 225], [1579, 225], [1570, 226], [1571, 226], [1572, 226], [1573, 226], [1574, 226], [1575, 226], [1576, 226], [1577, 226], [1569, 227], [1570, 227], [1571, 227], [1572, 227], [1573, 227], [1574, 227], [1575, 227], [1568, 228], [1569, 228], [1571, 228], [1572, 228], [1573, 228], [1567, 229], [1568, 229], [1570, 229], [1571, 229], [1567, 230], [1568, 230], [1569, 230], [1570, 230], [1567, 231], [1568, 231], [1569, 231], [1550, 236], [1551, 236], [1552, 236], [1535, 237], [1536, 237], [1537, 237], [1538, 237], [1539, 237], [1547, 237], [1548, 237], [1549, 237], [1550, 237], [1552, 237], [1533, 238], [1534, 238], [1535, 238], [1536, 238], [1537, 238], [1538, 238], [1539, 238], [1540, 238], [1544, 238], [1545, 238], [1546, 238], [1547, 238], [1549, 238], [1550, 238], [1551, 238], [1552, 238], [1529, 239], [1530, 239], [1531, 239], [1532, 239], [1533, 239], [1534, 239], [1535, 239], [1536, 239], [1538, 239], [1539, 239], [1540, 239], [1541, 239], [1542, 239], [1543, 239], [1544, 239], [1546, 239], [1547, 239], [1548, 239], [1549, 239], [1522, 240], [1523, 240], [1524, 240], [1525, 240], [1526, 240], [1527, 240], [1528, 240], [1529, 240], [1530, 240], [1531, 240], [1532, 240], [1533, 240], [1534, 240], [1537, 240], [1538, 240], [1540, 240], [1541, 240], [1543, 240], [1544, 240], [1545, 240], [1546, 240], [1517, 241], [1518, 241], [1519, 241], [1520, 241], [1521, 241], [1522, 241], [1523, 241], [1524, 241], [1525, 241], [1526, 241], [1527, 241], [1528, 241], [1529, 241], [1530, 241], [1533, 241], [1534, 241], [1535, 241], [1536, 241], [1537, 241], [1538, 241], [1539, 241], [1540, 241], [1541, 241], [1542, 241], [1543, 241], [1544, 241], [1515, 242], [1516, 242], [1517, 242], [1518, 242], [1519, 242], [1520, 242], [1521, 242], [1522, 242], [1523, 242], [1529, 242], [1530, 242], [1531, 242], [1532, 242], [1533, 242], [1534, 242], [1535, 242], [1536, 242], [1537, 242], [1538, 242], [1539, 242], [1540, 242], [1541, 242], [1511, 243], [1512, 243], [1513, 243], [1514, 243], [1515, 243], [1516, 243], [1517, 243], [1518, 243], [1527, 243], [1528, 243], [1529, 243], [1530, 243], [1531, 243], [1532, 243], [1533, 243], [1534, 243], [1507, 244], [1508, 244], [1509, 244], [1510, 244], [1511, 244], [1512, 244], [1513, 244], [1514, 244], [1515, 244], [1516, 244], [1526, 244], [1527, 244], [1528, 244], [1529, 244], [1530, 244], [1505, 245], [1506, 245], [1507, 245], [1508, 245], [1509, 245], [1510, 245], [1511, 245], [1512, 245], [1526, 245], [1527, 245], [1528, 245], [1505, 246], [1506, 246], [1507, 246], [1508, 246], [1524, 246], [1525, 246], [1526, 246], [1527, 246], [1504, 247], [1505, 247], [1506, 247], [1517, 247], [1518, 247], [1519, 247], [1520, 247], [1521, 247], [1522, 247], [1523, 247], [1524, 247], [1525, 247], [1526, 247], [1527, 247], [1504, 248], [1505, 248], [1506, 248], [1514, 248], [1515, 248], [1516, 248], [1517, 248], [1518, 248], [1519, 248], [1520, 248], [1521, 248], [1522, 248], [1523, 248], [1524, 248], [1525, 248], [1495, 249], [1496, 249], [1497, 249], [1498, 249], [1502, 249], [1503, 249], [1504, 249], [1505, 249], [1513, 249], [1514, 249], [1515, 249], [1516, 249], [1517, 249], [1518, 249], [1494, 250], [1495, 250], [1496, 250], [1497, 250], [1498, 250], [1499, 250], [1500, 250], [1501, 250], [1502, 250], [1503, 250], [1504, 250], [1505, 250], [1511, 250], [1512, 250], [1513, 250], [1514, 250], [1515, 250], [1492, 251], [1493, 251], [1494, 251], [1495, 251], [1496, 251], [1497, 251], [1498, 251], [1499, 251], [1500, 251], [1501, 251], [1502, 251], [1503, 251], [1510, 251], [1511, 251], [1512, 251], [1513, 251], [1514, 251], [1490, 252], [1491, 252], [1492, 252], [1493, 252], [1494, 252], [1495, 252], [1507, 252], [1508, 252], [1509, 252], [1510, 252], [1511, 252], [1512, 252], [1488, 253], [1489, 253], [1490, 253], [1491, 253], [1492, 253], [1493, 253], [1504, 253], [1505, 253], [1506, 253], [1507, 253], [1508, 253], [1509, 253], [1510, 253], [1511, 253], [1487, 254], [1488, 254], [1489, 254], [1501, 254], [1502, 254], [1503, 254], [1504, 254], [1505, 254], [1506, 254], [1507, 254], [1508, 254], [1485, 255], [1497, 255], [1498, 255], [1499, 255], [1500, 255], [1501, 255], [1502, 255], [1503, 255], [1504, 255], [1505, 255], [1496, 256], [1497, 256], [1498, 256], [1499, 256], [1500, 256], [1501, 256], [1502, 256], [1495, 257], [1496, 257], [1497, 257], [1498, 257], [1480, 258], [1481, 258], [1492, 258], [1493, 258], [1494, 258], [1495, 258], [1496, 258], [1497, 258], [1488, 259], [1489, 259], [1490, 259], [1491, 259], [1492, 259], [1493, 259], [1494, 259], [1495, 259], [1496, 259], [1484, 260], [1485, 260], [1486, 260], [1487, 260], [1488, 260], [1489, 260], [1490, 260], [1491, 260], [1492, 260], [1493, 260], [1483, 261], [1484, 261], [1485, 261], [1486, 261], [1487, 261], [1488, 261], [1489, 261], [1490, 261], [1491, 261], [1477, 262], [1478, 262], [1479, 262], [1480, 262], [1481, 262], [1482, 262], [1483, 262], [1484, 262], [1485, 262], [1475, 263], [1476, 263], [1477, 263], [1478, 263], [1479, 263], [1480, 263], [1481, 263], [1482, 263], [1483, 263], [1484, 263], [1474, 264], [1475, 264], [1476, 264], [1477, 264], [1478, 264], [1473, 265], [1474, 265], [1475, 265], [1476, 265], [1473, 266], [1474, 266], [1475, 266], [1469, 267], [1470, 267], [1471, 267], [1472, 267], [1473, 267], [1474, 267], [1468, 268], [1469, 268], [1470, 268], [1471, 268], [1472, 268], [1473, 268], [1474, 268], [1465, 269], [1466, 269], [1467, 269], [1468, 269], [1469, 269], [1470, 269], [1462, 270], [1463, 270], [1464, 270], [1465, 270], [1466, 270], [1467, 270], [1468, 270], [1469, 270], [1459, 271], [1460, 271], [1461, 271], [1462, 271], [1463, 271], [1464, 271], [1465, 271], [1466, 271], [1456, 272], [1457, 272], [1458, 272], [1459, 272], [1460, 272], [1461, 272], [1462, 272], [1463, 272], [1464, 272], [1465, 272], [1455, 273], [1456, 273], [1457, 273], [1458, 273], [1459, 273], [1460, 273], [1453, 274], [1454, 274], [1455, 274], [1456, 274], [1457, 274], [1451, 275], [1452, 275], [1453, 275], [1454, 275], [1455, 275], [1450, 276], [1451, 276], [1452, 276], [1453, 276], [1454, 276], [1448, 277], [1449, 277], [1450, 277], [1451, 277], [1452, 277], [1393, 337], [1394, 337], [1395, 337], [1398, 337], [1399, 337], [1400, 337], [1393, 338], [1394, 338], [1395, 338], [1396, 338], [1397, 338], [1398, 338], [1399, 338], [1400, 338], [1393, 339], [1394, 339], [1395, 339], [1398, 339], [1399, 339], [1400, 339], [1394, 340], [1395, 340], [1396, 340], [1397, 340], [1398, 340], [1399, 340], [1415, 340], [1416, 340], [1417, 340], [1418, 340], [1415, 341], [1416, 341], [1417, 341], [1418, 341], [1415, 342], [1416, 342], [1417, 342], [1418, 342], [1419, 348], [1420, 348], [1421, 348], [1422, 348], [1398, 349], [1399, 349], [1400, 349], [1401, 349], [1402, 349], [1403, 349], [1419, 349], [1420, 349], [1421, 349], [1422, 349], [1398, 350], [1399, 350], [1400, 350], [1401, 350], [1402, 350], [1403, 350], [1404, 350], [1419, 350], [1420, 350], [1421, 350], [1422, 350], [1390, 351], [1391, 351], [1392, 351], [1393, 351], [1398, 351], [1399, 351], [1400, 351], [1401, 351], [1402, 351], [1403, 351], [1404, 351], [1390, 352], [1391, 352], [1392, 352], [1393, 352], [1398, 352], [1399, 352], [1400, 352], [1401, 352], [1402, 352], [1403, 352], [1404, 352], [1390, 353], [1391, 353], [1392, 353], [1393, 353], [1399, 353], [1400, 353], [1401, 353], [1402, 353], [1384, 355], [1385, 355], [1386, 355], [1387, 355], [1388, 355], [1389, 355], [1384, 356], [1385, 356], [1388, 356], [1389, 356], [1390, 356], [1391, 356], [1392, 356], [1393, 356], [1384, 357], [1385, 357], [1386, 357], [1387, 357], [1388, 357], [1389, 357], [1390, 357], [1391, 357], [1392, 357], [1393, 357], [1394, 357], [1395, 357], [1396, 357], [1388, 358], [1389, 358], [1390, 358], [1391, 358], [1392, 358], [1393, 358], [1394, 358], [1395, 358], [1396, 358], [1397, 358], [1390, 359], [1391, 359], [1392, 359], [1393, 359], [1394, 359], [1395, 359], [1396, 359], [1397, 359], [1398, 359], [1399, 359], [1400, 359], [1401, 359], [1394, 360], [1395, 360], [1396, 360], [1397, 360], [1399, 360], [1400, 360], [1401, 360], [1402, 360], [1403, 360], [1306, 361], [1307, 361], [1308, 361], [1396, 361], [1397, 361], [1398, 361], [1399, 361], [1400, 361], [1401, 361], [1402, 361], [1403, 361], [1404, 361], [1405, 361], [1305, 362], [1307, 362], [1308, 362], [1309, 362], [1310, 362], [1311, 362], [1399, 362], [1400, 362], [1401, 362], [1402, 362], [1403, 362], [1404, 362], [1405, 362], [1406, 362], [1407, 362], [1408, 362], [1304, 363], [1305, 363], [1306, 363], [1307, 363], [1308, 363], [1309, 363], [1310, 363], [1311, 363], [1312, 363], [1313, 363], [1402, 363], [1403, 363], [1404, 363], [1405, 363], [1406, 363], [1407, 363], [1408, 363], [1409, 363], [1410, 363], [1411, 363], [1412, 363], [1308, 364], [1309, 364], [1310, 364], [1311, 364], [1313, 364], [1314, 364], [1315, 364], [1405, 364], [1406, 364], [1407, 364], [1408, 364], [1409, 364], [1411, 364], [1412, 364], [1414, 364], [1415, 364], [1416, 364], [1417, 364], [1311, 365], [1312, 365], [1313, 365], [1315, 365], [1408, 365], [1409, 365], [1410, 365], [1411, 365], [1412, 365], [1414, 365], [1415, 365], [1416, 365], [1417, 365], [1313, 366], [1314, 366], [1315, 366], [1414, 366], [1415, 366], [1416, 366], [1417, 366], [1393, 377], [1394, 377], [1395, 377], [1393, 378], [1395, 378], [1393, 379], [1394, 379], [1395, 379], [1457, 393], [1458, 393], [1459, 393], [1457, 394], [1459, 394], [1460, 394], [1461, 394], [1462, 394], [1455, 395], [1456, 395], [1457, 395], [1458, 395], [1459, 395], [1460, 395], [1461, 395], [1462, 395], [1463, 395], [1464, 395], [1465, 395], [1455, 396], [1456, 396], [1457, 396], [1458, 396], [1459, 396], [1460, 396], [1461, 396], [1462, 396], [1463, 396], [1464, 396], [1465, 396], [1466, 396], [1467, 396], [1468, 396], [1455, 397], [1456, 397], [1457, 397], [1458, 397], [1459, 397], [1460, 397], [1461, 397], [1463, 397], [1464, 397], [1465, 397], [1466, 397], [1467, 397], [1468, 397], [1469, 397], [1470, 397], [1471, 397], [1457, 398], [1458, 398], [1459, 398], [1460, 398], [1461, 398], [1462, 398], [1463, 398], [1464, 398], [1465, 398], [1466, 398], [1467, 398], [1468, 398], [1469, 398], [1470, 398], [1471, 398], [1459, 399], [1460, 399], [1461, 399], [1462, 399], [1463, 399], [1464, 399], [1465, 399], [1468, 399], [1469, 399], [1470, 399], [1471, 399], [1475, 399], [1476, 399], [1477, 399], [1478, 399], [1461, 400], [1462, 400], [1463, 400], [1464, 400], [1465, 400], [1475, 400], [1476, 400], [1477, 400], [1478, 400], [1479, 400], [1480, 400], [1481, 400], [1463, 401], [1464, 401], [1465, 401], [1475, 401], [1476, 401], [1477, 401], [1478, 401], [1479, 401], [1481, 401], [1482, 401], [1483, 401], [1484, 401], [1479, 402], [1480, 402], [1481, 402], [1482, 402], [1483, 402], [1484, 402], [1485, 402], [1486, 402], [1487, 402], [1481, 403], [1482, 403], [1483, 403], [1484, 403], [1485, 403], [1486, 403], [1487, 403], [1488, 403], [1489, 403], [1490, 403], [1484, 404], [1485, 404], [1486, 404], [1487, 404], [1488, 404], [1489, 404], [1490, 404], [1491, 404], [1492, 404], [1493, 404], [1494, 404], [1487, 405], [1488, 405], [1489, 405], [1490, 405], [1491, 405], [1492, 405], [1493, 405], [1494, 405], [1495, 405], [1496, 405], [1497, 405], [1491, 406], [1492, 406], [1493, 406], [1494, 406], [1495, 406], [1497, 406], [1499, 406], [1500, 406], [1501, 406], [1495, 407], [1496, 407], [1497, 407], [1499, 407], [1501, 407], [1502, 407], [1503, 407], [1504, 407], [1499, 408], [1500, 408], [1501, 408], [1502, 408], [1504, 408], [1505, 408], [1506, 408], [1507, 408], [1508, 408], [1502, 409], [1503, 409], [1504, 409], [1505, 409], [1506, 409], [1507, 409], [1508, 409], [1509, 409], [1510, 409], [1511, 409], [1505, 410], [1506, 410], [1507, 410], [1508, 410], [1509, 410], [1511, 410], [1513, 410], [1514, 410], [1515, 410], [1509, 411], [1510, 411], [1511, 411], [1513, 411], [1515, 411], [1516, 411], [1517, 411], [1518, 411], [1513, 412], [1514, 412], [1515, 412], [1516, 412], [1518, 412], [1516, 413], [1517, 413], [1518, 413], [1523, 413], [1524, 413], [1525, 413], [1523, 414], [1525, 414], [1523, 415], [1524, 415], [1525, 415], [1530, 415], [1531, 415], [1532, 415], [1530, 416], [1532, 416], [1534, 416], [1535, 416], [1536, 416], [1212, 417], [1213, 417], [1530, 417], [1531, 417], [1532, 417], [1534, 417], [1536, 417], [1537, 417], [1538, 417], [1539, 417], [1211, 418], [1212, 418], [1213, 418], [1214, 418], [1534, 418], [1535, 418], [1536, 418], [1537, 418], [1539, 418], [1212, 419], [1213, 419], [1214, 419], [1215, 419], [1537, 419], [1538, 419], [1539, 419], [1544, 419], [1545, 419], [1546, 419], [1213, 420], [1214, 420], [1215, 420], [1216, 420], [1544, 420], [1546, 420], [1214, 421], [1215, 421], [1216, 421], [1217, 421], [1218, 421], [1544, 421], [1545, 421], [1546, 421], [1551, 421], [1552, 421], [1553, 421], [1215, 422], [1216, 422], [1217, 422], [1218, 422], [1219, 422], [1551, 422], [1553, 422], [1217, 423], [1218, 423], [1219, 423], [1220, 423], [1551, 423], [1552, 423], [1553, 423], [1558, 423], [1559, 423], [1560, 423], [1200, 424], [1201, 424], [1218, 424], [1219, 424], [1220, 424], [1221, 424], [1558, 424], [1560, 424], [1199, 425], [1200, 425], [1201, 425], [1202, 425], [1219, 425], [1220, 425], [1221, 425], [1222, 425], [1558, 425], [1559, 425], [1560, 425], [1200, 426], [1201, 426], [1202, 426], [1203, 426], [1220, 426], [1221, 426], [1222, 426], [1223, 426], [1224, 426], [1568, 426], [1569, 426], [1570, 426], [1201, 427], [1202, 427], [1203, 427], [1204, 427], [1205, 427], [1221, 427], [1222, 427], [1223, 427], [1224, 427], [1225, 427], [1568, 427], [1570, 427], [1202, 428], [1203, 428], [1204, 428], [1205, 428], [1206, 428], [1223, 428], [1224, 428], [1225, 428], [1568, 428], [1569, 428], [1570, 428], [1575, 428], [1576, 428], [1577, 428], [1204, 429], [1205, 429], [1206, 429], [1207, 429], [1224, 429], [1225, 429], [1226, 429], [1575, 429], [1577, 429], [1205, 430], [1206, 430], [1207, 430], [1208, 430], [1224, 430], [1225, 430], [1226, 430], [1575, 430], [1576, 430], [1577, 430], [1188, 431], [1206, 431], [1207, 431], [1208, 431], [1209, 431], [1225, 431], [1226, 431], [1187, 432], [1188, 432], [1189, 432], [1207, 432], [1208, 432], [1209, 432], [1210, 432], [1224, 432], [1225, 432], [1226, 432], [1187, 433], [1188, 433], [1189, 433], [1190, 433], [1191, 433], [1208, 433], [1209, 433], [1210, 433], [1211, 433], [1212, 433], [1224, 433], [1225, 433], [1226, 433], [1188, 434], [1189, 434], [1190, 434], [1191, 434], [1192, 434], [1209, 434], [1210, 434], [1211, 434], [1212, 434], [1213, 434], [1224, 434], [1225, 434], [1190, 435], [1191, 435], [1192, 435], [1193, 435], [1211, 435], [1212, 435], [1213, 435], [1214, 435], [1224, 435], [1225, 435], [1191, 436], [1192, 436], [1193, 436], [1194, 436], [1212, 436], [1213, 436], [1214, 436], [1215, 436], [1224, 436], [1225, 436], [1603, 436], [1604, 436], [1605, 436], [1192, 437], [1193, 437], [1194, 437], [1195, 437], [1213, 437], [1214, 437], [1215, 437], [1216, 437], [1224, 437], [1225, 437], [1226, 437], [1603, 437], [1605, 437], [1606, 437], [1607, 437], [1608, 437], [1193, 438], [1194, 438], [1195, 438], [1196, 438], [1214, 438], [1215, 438], [1216, 438], [1217, 438], [1224, 438], [1225, 438], [1226, 438], [1603, 438], [1604, 438], [1605, 438], [1606, 438], [1608, 438], [1175, 439], [1194, 439], [1195, 439], [1196, 439], [1197, 439], [1215, 439], [1216, 439], [1217, 439], [1218, 439], [1219, 439], [1224, 439], [1225, 439], [1226, 439], [1606, 439], [1607, 439], [1608, 439], [1173, 440], [1174, 440], [1175, 440], [1176, 440], [1195, 440], [1196, 440], [1197, 440], [1198, 440], [1216, 440], [1217, 440], [1218, 440], [1219, 440], [1220, 440], [1224, 440], [1225, 440], [1226, 440], [1174, 441], [1175, 441], [1176, 441], [1177, 441], [1196, 441], [1197, 441], [1198, 441], [1199, 441], [1218, 441], [1219, 441], [1220, 441], [1221, 441], [1224, 441], [1225, 441], [1226, 441], [1621, 441], [1622, 441], [1623, 441], [1175, 442], [1176, 442], [1177, 442], [1178, 442], [1197, 442], [1198, 442], [1199, 442], [1200, 442], [1219, 442], [1220, 442], [1221, 442], [1222, 442], [1225, 442], [1226, 442], [1621, 442], [1623, 442], [1176, 443], [1177, 443], [1178, 443], [1179, 443], [1198, 443], [1199, 443], [1200, 443], [1201, 443], [1220, 443], [1221, 443], [1222, 443], [1223, 443], [1225, 443], [1226, 443], [1621, 443], [1622, 443], [1623, 443], [1628, 443], [1629, 443], [1630, 443], [1177, 444], [1178, 444], [1179, 444], [1180, 444], [1183, 444], [1184, 444], [1185, 444], [1199, 444], [1200, 444], [1201, 444], [1202, 444], [1221, 444], [1222, 444], [1223, 444], [1224, 444], [1225, 444], [1226, 444], [1628, 444], [1630, 444], [1632, 444], [1633, 444], [1634, 444], [1178, 445], [1179, 445], [1180, 445], [1181, 445], [1183, 445], [1184, 445], [1185, 445], [1186, 445], [1200, 445], [1201, 445], [1202, 445], [1203, 445], [1222, 445], [1223, 445], [1224, 445], [1225, 445], [1226, 445], [1628, 445], [1629, 445], [1630, 445], [1632, 445], [1634, 445], [1635, 445], [1636, 445], [1637, 445], [1179, 446], [1180, 446], [1181, 446], [1182, 446], [1183, 446], [1184, 446], [1185, 446], [1186, 446], [1201, 446], [1202, 446], [1203, 446], [1204, 446], [1632, 446], [1633, 446], [1634, 446], [1635, 446], [1637, 446], [1639, 446], [1640, 446], [1641, 446], [1180, 447], [1181, 447], [1182, 447], [1184, 447], [1185, 447], [1186, 447], [1202, 447], [1203, 447], [1204, 447], [1205, 447], [1635, 447], [1636, 447], [1637, 447], [1639, 447], [1641, 447], [1642, 447], [1643, 447], [1644, 447], [1181, 448], [1182, 448], [1183, 448], [1184, 448], [1203, 448], [1204, 448], [1205, 448], [1206, 448], [1639, 448], [1640, 448], [1641, 448], [1642, 448], [1644, 448], [1646, 448], [1647, 448], [1648, 448], [1182, 449], [1183, 449], [1184, 449], [1185, 449], [1204, 449], [1205, 449], [1206, 449], [1207, 449], [1208, 449], [1642, 449], [1643, 449], [1644, 449], [1646, 449], [1648, 449], [1649, 449], [1650, 449], [1651, 449], [1183, 450], [1184, 450], [1185, 450], [1186, 450], [1205, 450], [1206, 450], [1207, 450], [1208, 450], [1209, 450], [1646, 450], [1647, 450], [1648, 450], [1649, 450], [1651, 450], [1184, 451], [1185, 451], [1186, 451], [1187, 451], [1188, 451], [1207, 451], [1208, 451], [1209, 451], [1649, 451], [1650, 451], [1651, 451], [1656, 451], [1657, 451], [1658, 451], [1185, 452], [1186, 452], [1187, 452], [1188, 452], [1189, 452], [1208, 452], [1209, 452], [1210, 452], [1211, 452], [1627, 452], [1628, 452], [1629, 452], [1656, 452], [1658, 452], [1187, 453], [1188, 453], [1189, 453], [1190, 453], [1192, 453], [1193, 453], [1194, 453], [1199, 453], [1200, 453], [1201, 453], [1208, 453], [1209, 453], [1210, 453], [1211, 453], [1212, 453], [1627, 453], [1629, 453], [1656, 453], [1657, 453], [1658, 453], [1664, 453], [1665, 453], [1666, 453], [1188, 454], [1189, 454], [1190, 454], [1191, 454], [1192, 454], [1193, 454], [1194, 454], [1195, 454], [1196, 454], [1197, 454], [1198, 454], [1199, 454], [1200, 454], [1201, 454], [1202, 454], [1203, 454], [1204, 454], [1210, 454], [1211, 454], [1212, 454], [1213, 454], [1627, 454], [1628, 454], [1629, 454], [1664, 454], [1666, 454], [1189, 455], [1190, 455], [1191, 455], [1192, 455], [1193, 455], [1194, 455], [1195, 455], [1196, 455], [1197, 455], [1198, 455], [1199, 455], [1200, 455], [1201, 455], [1202, 455], [1203, 455], [1204, 455], [1205, 455], [1211, 455], [1212, 455], [1213, 455], [1214, 455], [1664, 455], [1665, 455], [1666, 455], [1671, 455], [1672, 455], [1673, 455], [1190, 456], [1191, 456], [1192, 456], [1193, 456], [1194, 456], [1195, 456], [1203, 456], [1204, 456], [1205, 456], [1212, 456], [1213, 456], [1214, 456], [1215, 456], [1671, 456], [1673, 456], [1674, 456], [1675, 456], [1676, 456], [1677, 456], [1191, 457], [1192, 457], [1193, 457], [1194, 457], [1195, 457], [1196, 457], [1203, 457], [1204, 457], [1205, 457], [1213, 457], [1214, 457], [1215, 457], [1216, 457], [1671, 457], [1672, 457], [1673, 457], [1674, 457], [1676, 457], [1677, 457], [1678, 457], [1679, 457], [1680, 457], [1192, 458], [1193, 458], [1194, 458], [1195, 458], [1196, 458], [1197, 458], [1203, 458], [1204, 458], [1205, 458], [1214, 458], [1215, 458], [1216, 458], [1217, 458], [1673, 458], [1674, 458], [1675, 458], [1676, 458], [1677, 458], [1678, 458], [1679, 458], [1680, 458], [1682, 458], [1683, 458], [1684, 458], [1193, 459], [1194, 459], [1195, 459], [1196, 459], [1197, 459], [1198, 459], [1202, 459], [1203, 459], [1204, 459], [1215, 459], [1216, 459], [1217, 459], [1218, 459], [1219, 459], [1677, 459], [1678, 459], [1679, 459], [1680, 459], [1682, 459], [1684, 459], [1685, 459], [1686, 459], [1687, 459], [1194, 460], [1195, 460], [1196, 460], [1197, 460], [1198, 460], [1199, 460], [1200, 460], [1202, 460], [1203, 460], [1204, 460], [1216, 460], [1217, 460], [1218, 460], [1219, 460], [1667, 460], [1668, 460], [1669, 460], [1682, 460], [1683, 460], [1684, 460], [1685, 460], [1687, 460], [1689, 460], [1690, 460], [1691, 460], [1195, 461], [1196, 461], [1197, 461], [1198, 461], [1199, 461], [1200, 461], [1201, 461], [1202, 461], [1203, 461], [1218, 461], [1219, 461], [1220, 461], [1662, 461], [1663, 461], [1664, 461], [1667, 461], [1669, 461], [1685, 461], [1686, 461], [1687, 461], [1689, 461], [1691, 461], [1692, 461], [1693, 461], [1694, 461], [1695, 461], [1196, 462], [1197, 462], [1198, 462], [1200, 462], [1201, 462], [1202, 462], [1203, 462], [1218, 462], [1219, 462], [1220, 462], [1221, 462], [1662, 462], [1663, 462], [1664, 462], [1667, 462], [1668, 462], [1669, 462], [1689, 462], [1690, 462], [1691, 462], [1692, 462], [1693, 462], [1694, 462], [1695, 462], [1197, 463], [1198, 463], [1199, 463], [1200, 463], [1219, 463], [1220, 463], [1221, 463], [1222, 463], [1662, 463], [1664, 463], [1692, 463], [1693, 463], [1694, 463], [1695, 463], [1699, 463], [1700, 463], [1701, 463], [1702, 463], [1198, 464], [1199, 464], [1200, 464], [1201, 464], [1220, 464], [1221, 464], [1222, 464], [1662, 464], [1663, 464], [1664, 464], [1699, 464], [1700, 464], [1701, 464], [1702, 464], [1703, 464], [1704, 464], [1705, 464], [1199, 465], [1200, 465], [1201, 465], [1202, 465], [1221, 465], [1222, 465], [1662, 465], [1663, 465], [1664, 465], [1699, 465], [1700, 465], [1701, 465], [1702, 465], [1703, 465], [1705, 465], [1706, 465], [1707, 465], [1708, 465], [1709, 465], [1200, 466], [1201, 466], [1202, 466], [1203, 466], [1220, 466], [1221, 466], [1222, 466], [1703, 466], [1704, 466], [1705, 466], [1706, 466], [1708, 466], [1709, 466], [1710, 466], [1711, 466], [1712, 466], [1713, 466], [1201, 467], [1202, 467], [1203, 467], [1204, 467], [1220, 467], [1221, 467], [1222, 467], [1705, 467], [1706, 467], [1707, 467], [1708, 467], [1709, 467], [1710, 467], [1711, 467], [1712, 467], [1713, 467], [1714, 467], [1715, 467], [1716, 467], [1202, 468], [1203, 468], [1204, 468], [1205, 468], [1220, 468], [1221, 468], [1687, 468], [1688, 468], [1689, 468], [1708, 468], [1709, 468], [1710, 468], [1711, 468], [1712, 468], [1713, 468], [1714, 468], [1715, 468], [1716, 468], [1717, 468], [1718, 468], [1719, 468], [1720, 468], [1203, 469], [1204, 469], [1205, 469], [1206, 469], [1220, 469], [1221, 469], [1686, 469], [1687, 469], [1688, 469], [1689, 469], [1708, 469], [1709, 469], [1710, 469], [1711, 469], [1713, 469], [1714, 469], [1715, 469], [1716, 469], [1719, 469], [1720, 469], [1721, 469], [1722, 469], [1723, 469], [1204, 470], [1205, 470], [1206, 470], [1207, 470], [1220, 470], [1221, 470], [1685, 470], [1686, 470], [1687, 470], [1688, 470], [1689, 470], [1708, 470], [1709, 470], [1710, 470], [1711, 470], [1715, 470], [1716, 470], [1717, 470], [1718, 470], [1719, 470], [1720, 470], [1721, 470], [1723, 470], [1725, 470], [1726, 470], [1727, 470], [1205, 471], [1206, 471], [1207, 471], [1208, 471], [1220, 471], [1221, 471], [1685, 471], [1686, 471], [1687, 471], [1688, 471], [1689, 471], [1721, 471], [1722, 471], [1723, 471], [1725, 471], [1727, 471], [1728, 471], [1729, 471], [1730, 471], [1206, 472], [1207, 472], [1208, 472], [1209, 472], [1220, 472], [1221, 472], [1685, 472], [1686, 472], [1687, 472], [1725, 472], [1726, 472], [1727, 472], [1728, 472], [1730, 472], [1731, 472], [1732, 472], [1733, 472], [1734, 472], [1207, 473], [1208, 473], [1209, 473], [1210, 473], [1211, 473], [1220, 473], [1221, 473], [1728, 473], [1729, 473], [1730, 473], [1731, 473], [1732, 473], [1733, 473], [1734, 473], [1735, 473], [1736, 473], [1737, 473], [1208, 474], [1209, 474], [1210, 474], [1211, 474], [1212, 474], [1220, 474], [1221, 474], [1730, 474], [1731, 474], [1732, 474], [1733, 474], [1734, 474], [1736, 474], [1737, 474], [1739, 474], [1740, 474], [1741, 474], [1210, 475], [1211, 475], [1212, 475], [1213, 475], [1220, 475], [1221, 475], [1730, 475], [1732, 475], [1733, 475], [1734, 475], [1735, 475], [1736, 475], [1737, 475], [1739, 475], [1741, 475], [1742, 475], [1743, 475], [1744, 475], [1211, 476], [1212, 476], [1213, 476], [1214, 476], [1220, 476], [1221, 476], [1730, 476], [1731, 476], [1732, 476], [1739, 476], [1740, 476], [1741, 476], [1742, 476], [1744, 476], [1745, 476], [1746, 476], [1747, 476], [1748, 476], [1212, 477], [1213, 477], [1214, 477], [1215, 477], [1220, 477], [1221, 477], [1742, 477], [1743, 477], [1744, 477], [1745, 477], [1746, 477], [1747, 477], [1748, 477], [1749, 477], [1750, 477], [1751, 477], [1213, 478], [1214, 478], [1215, 478], [1216, 478], [1220, 478], [1221, 478], [1716, 478], [1717, 478], [1718, 478], [1745, 478], [1746, 478], [1747, 478], [1748, 478], [1749, 478], [1750, 478], [1751, 478], [1752, 478], [1753, 478], [1754, 478], [1755, 478], [1214, 479], [1215, 479], [1216, 479], [1217, 479], [1219, 479], [1220, 479], [1221, 479], [1716, 479], [1718, 479], [1748, 479], [1749, 479], [1750, 479], [1751, 479], [1755, 479], [1756, 479], [1757, 479], [1758, 479], [1215, 480], [1216, 480], [1217, 480], [1218, 480], [1219, 480], [1220, 480], [1221, 480], [1716, 480], [1717, 480], [1718, 480], [1751, 480], [1752, 480], [1753, 480], [1754, 480], [1755, 480], [1756, 480], [1758, 480], [1759, 480], [1760, 480], [1761, 480], [1216, 481], [1217, 481], [1218, 481], [1219, 481], [1220, 481], [1756, 481], [1757, 481], [1758, 481], [1759, 481], [1761, 481], [1762, 481], [1763, 481], [1764, 481], [1759, 482], [1760, 482], [1761, 482], [1762, 482], [1763, 482], [1764, 482], [1765, 482], [1766, 482], [1767, 482], [1768, 482], [1746, 483], [1747, 483], [1748, 483], [1749, 483], [1761, 483], [1762, 483], [1763, 483], [1764, 483], [1767, 483], [1768, 483], [1769, 483], [1770, 483], [1771, 483], [1745, 484], [1746, 484], [1747, 484], [1748, 484], [1749, 484], [1763, 484], [1764, 484], [1765, 484], [1766, 484], [1767, 484], [1768, 484], [1769, 484], [1770, 484], [1771, 484], [1773, 484], [1774, 484], [1775, 484], [1745, 485], [1746, 485], [1747, 485], [1748, 485], [1749, 485], [1768, 485], [1769, 485], [1770, 485], [1771, 485], [1773, 485], [1775, 485], [1776, 485], [1777, 485], [1778, 485], [1745, 486], [1746, 486], [1747, 486], [1748, 486], [1749, 486], [1750, 486], [1773, 486], [1774, 486], [1775, 486], [1776, 486], [1778, 486], [1779, 486], [1780, 486], [1781, 486], [1782, 486], [1747, 487], [1748, 487], [1749, 487], [1750, 487], [1776, 487], [1777, 487], [1778, 487], [1779, 487], [1780, 487], [1781, 487], [1782, 487], [1783, 487], [1784, 487], [1785, 487], [1748, 488], [1749, 488], [1750, 488], [1779, 488], [1780, 488], [1781, 488], [1782, 488], [1783, 488], [1784, 488], [1785, 488], [1786, 488], [1787, 488], [1788, 488], [1782, 489], [1783, 489], [1784, 489], [1785, 489], [1787, 489], [1788, 489], [1789, 489], [1790, 489], [1791, 489], [1792, 489], [1784, 490], [1785, 490], [1786, 490], [1787, 490], [1788, 490], [1789, 490], [1790, 490], [1791, 490], [1792, 490], [1793, 490], [1794, 490], [1795, 490], [1789, 491], [1790, 491], [1791, 491], [1792, 491], [1794, 491], [1795, 491], [1796, 491], [1797, 491], [1798, 491], [1799, 491], [1791, 492], [1792, 492], [1793, 492], [1794, 492], [1795, 492], [1796, 492], [1797, 492], [1798, 492], [1799, 492], [1800, 492], [1801, 492], [1802, 492], [1795, 493], [1796, 493], [1797, 493], [1798, 493], [1799, 493], [1801, 493], [1802, 493], [1804, 493], [1805, 493], [1806, 493], [1797, 494], [1798, 494], [1799, 494], [1800, 494], [1801, 494], [1802, 494], [1804, 494], [1806, 494], [1773, 495], [1774, 495], [1775, 495], [1804, 495], [1805, 495], [1806, 495], [1810, 495], [1811, 495], [1812, 495], [1813, 495], [1773, 496], [1775, 496], [1810, 496], [1811, 496], [1812, 496], [1813, 496], [1814, 496], [1815, 496], [1816, 496], [1817, 496], [1773, 497], [1774, 497], [1775, 497], [1810, 497], [1811, 497], [1812, 497], [1813, 497], [1816, 497], [1817, 497], [1818, 497], [1819, 497], [1820, 497], [1812, 498], [1813, 498], [1814, 498], [1815, 498], [1816, 498], [1817, 498], [1818, 498], [1819, 498], [1820, 498], [1821, 498], [1822, 498], [1823, 498], [1824, 498], [1817, 499], [1818, 499], [1819, 499], [1820, 499], [1821, 499], [1823, 499], [1824, 499], [1820, 500], [1821, 500], [1822, 500], [1823, 500], [1824, 500], [1824, 501], [1804, 504], [1805, 504], [1806, 504], [1807, 504], [1583, 505], [1584, 505], [1585, 505], [1804, 505], [1805, 505], [1806, 505], [1807, 505], [1583, 506], [1585, 506], [1586, 506], [1587, 506], [1804, 506], [1805, 506], [1806, 506], [1807, 506], [1583, 507], [1584, 507], [1585, 507], [1587, 507], [1588, 507], [1589, 507], [1590, 507], [1804, 507], [1805, 507], [1806, 507], [1807, 507], [1585, 508], [1586, 508], [1587, 508], [1588, 508], [1590, 508], [1591, 508], [1592, 508], [1593, 508], [1588, 509], [1589, 509], [1590, 509], [1591, 509], [1592, 509], [1593, 509], [1594, 509], [1595, 509], [1823, 509], [1824, 509], [1590, 510], [1591, 510], [1592, 510], [1593, 510], [1595, 510], [1596, 510], [1597, 510], [1598, 510], [1823, 510], [1824, 510], [1593, 511], [1594, 511], [1595, 511], [1596, 511], [1597, 511], [1598, 511], [1599, 511], [1600, 511], [1823, 511], [1824, 511], [1595, 512], [1596, 512], [1597, 512], [1598, 512], [1600, 512], [1601, 512], [1602, 512], [1603, 512], [1598, 513], [1599, 513], [1600, 513], [1601, 513], [1602, 513], [1603, 513], [1604, 513], [1605, 513], [1600, 514], [1601, 514], [1602, 514], [1603, 514], [1604, 514], [1605, 514], [1606, 514], [1607, 514], [1602, 515], [1603, 515], [1604, 515], [1605, 515], [1606, 515], [1607, 515], [1608, 515], [1604, 516], [1605, 516], [1606, 516], [1607, 516], [1608, 516], [1609, 516], [1610, 516], [1611, 516], [1606, 517], [1607, 517], [1608, 517], [1609, 517], [1610, 517], [1611, 517], [1612, 517], [1613, 517], [1608, 518], [1609, 518], [1610, 518], [1611, 518], [1613, 518], [1614, 518], [1615, 518], [1616, 518], [1611, 519], [1612, 519], [1613, 519], [1614, 519], [1616, 519], [1617, 519], [1618, 519], [1619, 519], [1614, 520], [1615, 520], [1616, 520], [1617, 520], [1619, 520], [1620, 520], [1621, 520], [1622, 520], [1623, 520], [1617, 521], [1618, 521], [1619, 521], [1620, 521], [1621, 521], [1622, 521], [1623, 521], [1624, 521], [1625, 521], [1626, 521], [1627, 521], [1620, 522], [1621, 522], [1622, 522], [1623, 522], [1624, 522], [1625, 522], [1626, 522], [1627, 522], [1628, 522], [1629, 522], [1630, 522], [1624, 523], [1625, 523], [1626, 523], [1627, 523], [1628, 523], [1629, 523], [1630, 523], [1631, 523], [1632, 523], [1633, 523], [1627, 524], [1628, 524], [1629, 524], [1630, 524], [1631, 524], [1632, 524], [1633, 524], [1634, 524], [1635, 524], [1636, 524], [1630, 525], [1631, 525], [1632, 525], [1633, 525], [1634, 525], [1636, 525], [1637, 525], [1638, 525], [1639, 525], [1640, 525], [1634, 526], [1635, 526], [1636, 526], [1637, 526], [1638, 526], [1639, 526], [1640, 526], [1641, 526], [1642, 526], [1643, 526], [1637, 527], [1638, 527], [1639, 527], [1640, 527], [1641, 527], [1642, 527], [1643, 527], [1644, 527], [1645, 527], [1640, 528], [1641, 528], [1642, 528], [1643, 528], [1645, 528], [1647, 528], [1648, 528], [1649, 528], [1643, 529], [1644, 529], [1645, 529], [1647, 529], [1649, 529], [1650, 529], [1651, 529], [1652, 529], [1647, 530], [1648, 530], [1649, 530], [1650, 530], [1652, 530], [1653, 530], [1654, 530], [1655, 530], [1656, 530], [1650, 531], [1651, 531], [1652, 531], [1653, 531], [1654, 531], [1655, 531], [1656, 531], [1657, 531], [1658, 531], [1659, 531], [1660, 531], [1653, 532], [1654, 532], [1655, 532], [1656, 532], [1657, 532], [1658, 532], [1659, 532], [1660, 532], [1661, 532], [1662, 532], [1663, 532], [1657, 533], [1658, 533], [1659, 533], [1660, 533], [1661, 533], [1662, 533], [1663, 533], [1664, 533], [1665, 533], [1666, 533], [1660, 534], [1661, 534], [1662, 534], [1663, 534], [1665, 534], [1666, 534], [1667, 534], [1668, 534], [1669, 534], [1662, 535], [1663, 535], [1664, 535], [1665, 535], [1666, 535], [1667, 535], [1668, 535], [1669, 535], [1670, 535], [1671, 535], [1672, 535], [1673, 535], [1666, 536], [1667, 536], [1668, 536], [1669, 536], [1671, 536], [1672, 536], [1673, 536], [1674, 536], [1675, 536], [1668, 537], [1669, 537], [1670, 537], [1671, 537], [1672, 537], [1674, 537], [1675, 537], [1676, 537], [1677, 537], [1671, 538], [1672, 538], [1673, 538], [1674, 538], [1675, 538], [1676, 538], [1677, 538], [1678, 538], [1679, 538], [1673, 539], [1674, 539], [1675, 539], [1676, 539], [1677, 539], [1678, 539], [1679, 539], [1680, 539], [1681, 539], [1682, 539], [1676, 540], [1677, 540], [1678, 540], [1679, 540], [1680, 540], [1681, 540], [1682, 540], [1683, 540], [1684, 540], [1685, 540], [1679, 541], [1680, 541], [1681, 541], [1682, 541], [1684, 541], [1685, 541], [1686, 541], [1687, 541], [1688, 541], [1681, 542], [1682, 542], [1683, 542], [1684, 542], [1685, 542], [1687, 542], [1688, 542], [1689, 542], [1690, 542], [1684, 543], [1685, 543], [1686, 543], [1687, 543], [1688, 543], [1689, 543], [1690, 543], [1691, 543], [1692, 543], [1687, 544], [1688, 544], [1689, 544], [1690, 544], [1691, 544], [1692, 544], [1693, 544], [1694, 544], [1695, 544], [1689, 545], [1690, 545], [1691, 545], [1692, 545], [1693, 545], [1694, 545], [1695, 545], [1696, 545], [1697, 545], [1692, 546], [1693, 546], [1694, 546], [1695, 546], [1696, 546], [1697, 546], [1698, 546], [1699, 546], [1694, 547], [1695, 547], [1696, 547], [1697, 547], [1698, 547], [1699, 547], [1700, 547], [1701, 547], [1702, 547], [1696, 548], [1697, 548], [1698, 548], [1699, 548], [1700, 548], [1701, 548], [1702, 548], [1703, 548], [1699, 549], [1700, 549], [1701, 549], [1702, 549], [1703, 549], [1704, 549], [1705, 549], [1701, 550], [1702, 550], [1703, 550], [1705, 550], [1703, 551], [1704, 551], [1705, 551], [1708, 551], [1709, 551], [1710, 551], [1708, 552], [1710, 552], [1708, 553], [1709, 553], [1710, 553], [1767, 614], [1768, 614], [1769, 614], [1767, 615], [1769, 615], [1767, 616], [1768, 616], [1769, 616], [1824, 618], [1824, 619], [1824, 620], [1789, 623], [1790, 623], [1791, 623], [1789, 624], [1791, 624], [1789, 625], [1790, 625], [1791, 625], [1794, 625], [1795, 625], [1796, 625], [1794, 626], [1796, 626], [1797, 626], [1798, 626], [1799, 626], [1794, 627], [1795, 627], [1796, 627], [1797, 627], [1799, 627], [1800, 627], [1801, 627], [1797, 628], [1798, 628], [1799, 628], [1801, 628], [1802, 628], [1803, 628], [1799, 629], [1800, 629], [1801, 629], [1803, 629], [1801, 630], [1802, 630], [1803, 630], [1806, 630], [1807, 630], [1808, 630], [1809, 630], [1806, 631], [1807, 631], [1808, 631], [1809, 631], [1810, 631], [1811, 631], [1806, 632], [1807, 632], [1808, 632], [1809, 632], [1811, 632], [1812, 632], [1813, 632], [1814, 632], [1809, 633], [1810, 633], [1811, 633], [1812, 633], [1813, 633], [1814, 633], [1815, 633], [1816, 633], [1811, 634], [1812, 634], [1813, 634], [1814, 634], [1816, 634], [1817, 634], [1818, 634], [1819, 634], [1814, 635], [1815, 635], [1816, 635], [1817, 635], [1818, 635], [1819, 635], [1820, 635], [1821, 635], [1816, 636], [1817, 636], [1818, 636], [1819, 636], [1820, 636], [1821, 636], [1822, 636], [1823, 636], [1818, 637], [1819, 637], [1820, 637], [1821, 637], [1823, 637], [1824, 637], [1821, 638], [1822, 638], [1823, 638], [1824, 638], [1824, 639]


