White line left - [322, 945], [321, 946], [320, 947], [321, 947], [319, 948], [320, 948], [321, 948], [318, 949], [319, 949], [320, 949], [321, 949], [318, 950], [319, 950], [320, 950], [317, 951], [318, 951], [319, 951], [317, 952], [318, 952], [319, 952], [316, 953], [317, 953], [318, 953], [316, 954], [317, 954], [318, 954], [315, 955], [316, 955], [317, 955], [314, 956], [315, 956], [316, 956], [317, 956], [313, 957], [314, 957], [315, 957], [316, 957], [312, 958], [313, 958], [314, 958], [315, 958], [312, 959], [313, 959], [314, 959], [311, 960], [312, 960], [313, 960], [310, 961], [311, 961], [312, 961], [313, 961], [309, 962], [310, 962], [311, 962], [312, 962], [308, 963], [309, 963], [310, 963], [311, 963], [307, 964], [308, 964], [309, 964], [310, 964], [307, 965], [308, 965], [309, 965], [306, 966], [307, 966], [308, 966], [306, 967], [307, 967], [308, 967], [305, 968], [306, 968], [307, 968], [304, 969], [305, 969], [306, 969], [307, 969], [303, 970], [304, 970], [305, 970], [306, 970], [302, 971], [303, 971], [304, 971], [305, 971], [302, 972], [303, 972], [304, 972], [301, 973], [302, 973], [303, 973], [300, 974], [301, 974], [302, 974], [303, 974], [300, 975], [301, 975], [302, 975], [299, 976], [300, 976], [301, 976], [298, 977], [299, 977], [300, 977], [301, 977], [297, 978], [298, 978], [299, 978], [300, 978], [297, 979], [298, 979], [299, 979], [296, 980], [297, 980], [298, 980], [295, 981], [296, 981], [297, 981], [298, 981], [294, 982], [295, 982], [296, 982], [297, 982], [293, 983], [294, 983], [295, 983], [296, 983], [291, 984], [292, 984], [293, 984], [294, 984], [295, 984], [290, 985], [291, 985], [292, 985], [293, 985], [294, 985], [290, 986], [291, 986], [292, 986], [290, 987], [291, 987], [250, 988], [289, 988], [290, 988], [291, 988], [248, 989], [249, 989], [289, 989], [290, 989], [291, 989], [247, 990], [248, 990], [249, 990], [288, 990], [289, 990], [290, 990], [245, 991], [246, 991], [247, 991], [248, 991], [287, 991], [288, 991], [289, 991], [290, 991], [245, 992], [246, 992], [247, 992], [287, 992], [288, 992], [289, 992], [244, 993], [245, 993], [246, 993], [286, 993], [287, 993], [288, 993], [243, 994], [244, 994], [245, 994], [246, 994], [285, 994], [286, 994], [287, 994], [288, 994], [242, 995], [243, 995], [244, 995], [245, 995], [284, 995], [285, 995], [286, 995], [287, 995], [242, 996], [243, 996], [244, 996], [283, 996], [284, 996], [285, 996], [286, 996], [241, 997], [242, 997], [243, 997], [282, 997], [283, 997], [284, 997], [285, 997], [240, 998], [241, 998], [242, 998], [243, 998], [281, 998], [282, 998], [283, 998], [284, 998], [239, 999], [240, 999], [241, 999], [242, 999], [281, 999], [282, 999], [283, 999], [239, 1000], [240, 1000], [241, 1000], [281, 1000], [282, 1000], [238, 1001], [239, 1001], [240, 1001], [281, 1001], [282, 1001], [237, 1002], [238, 1002], [239, 1002], [240, 1002], [280, 1002], [281, 1002], [282, 1002], [236, 1003], [237, 1003], [238, 1003], [239, 1003], [279, 1003], [280, 1003], [281, 1003], [282, 1003], [236, 1004], [237, 1004], [238, 1004], [278, 1004], [279, 1004], [280, 1004], [281, 1004], [235, 1005], [236, 1005], [237, 1005], [277, 1005], [278, 1005], [279, 1005], [280, 1005], [234, 1006], [235, 1006], [236, 1006], [237, 1006], [276, 1006], [277, 1006], [278, 1006], [279, 1006], [234, 1007], [235, 1007], [236, 1007], [276, 1007], [277, 1007], [278, 1007], [233, 1008], [234, 1008], [235, 1008], [276, 1008], [277, 1008], [232, 1009], [233, 1009], [234, 1009], [235, 1009], [275, 1009], [276, 1009], [277, 1009], [232, 1010], [233, 1010], [234, 1010], [274, 1010], [275, 1010], [276, 1010], [277, 1010], [231, 1011], [232, 1011], [233, 1011], [274, 1011], [275, 1011], [276, 1011], [230, 1012], [231, 1012], [232, 1012], [233, 1012], [273, 1012], [274, 1012], [275, 1012], [230, 1013], [231, 1013], [232, 1013], [272, 1013], [273, 1013], [274, 1013], [275, 1013], [229, 1014], [230, 1014], [231, 1014], [271, 1014], [272, 1014], [273, 1014], [274, 1014], [228, 1015], [229, 1015], [230, 1015], [231, 1015], [271, 1015], [272, 1015], [273, 1015], [227, 1016], [228, 1016], [229, 1016], [230, 1016], [271, 1016], [272, 1016], [227, 1017], [228, 1017], [229, 1017], [270, 1017], [271, 1017], [272, 1017], [226, 1018], [227, 1018], [228, 1018], [270, 1018], [271, 1018], [272, 1018], [225, 1019], [226, 1019], [227, 1019], [228, 1019], [269, 1019], [270, 1019], [271, 1019], [225, 1020], [226, 1020], [227, 1020], [269, 1020], [270, 1020], [271, 1020], [224, 1021], [225, 1021], [226, 1021], [268, 1021], [269, 1021], [270, 1021], [223, 1022], [224, 1022], [225, 1022], [226, 1022], [266, 1022], [267, 1022], [268, 1022], [269, 1022], [270, 1022], [222, 1023], [223, 1023], [224, 1023], [225, 1023], [266, 1023], [267, 1023], [268, 1023], [269, 1023], [221, 1024], [222, 1024], [223, 1024], [224, 1024], [265, 1024], [266, 1024], [267, 1024], [220, 1025], [221, 1025], [222, 1025], [223, 1025], [264, 1025], [265, 1025], [266, 1025], [267, 1025], [220, 1026], [221, 1026], [222, 1026], [263, 1026], [264, 1026], [265, 1026], [266, 1026], [219, 1027], [220, 1027], [221, 1027], [263, 1027], [264, 1027], [265, 1027], [218, 1028], [219, 1028], [220, 1028], [221, 1028], [262, 1028], [263, 1028], [264, 1028], [218, 1029], [219, 1029], [220, 1029], [261, 1029], [262, 1029], [263, 1029], [264, 1029], [217, 1030], [218, 1030], [219, 1030], [260, 1030], [261, 1030], [262, 1030], [263, 1030], [216, 1031], [217, 1031], [218, 1031], [219, 1031], [258, 1031], [259, 1031], [260, 1031], [261, 1031], [262, 1031], [215, 1032], [216, 1032], [217, 1032], [218, 1032], [257, 1032], [258, 1032], [259, 1032], [260, 1032], [261, 1032], [214, 1033], [215, 1033], [216, 1033], [217, 1033], [257, 1033], [258, 1033], [259, 1033], [214, 1034], [215, 1034], [216, 1034], [252, 1034], [253, 1034], [254, 1034], [255, 1034], [256, 1034], [257, 1034], [258, 1034], [213, 1035], [214, 1035], [215, 1035], [250, 1035], [251, 1035], [252, 1035], [253, 1035], [254, 1035], [255, 1035], [256, 1035], [257, 1035], [258, 1035], [212, 1036], [213, 1036], [214, 1036], [215, 1036], [249, 1036], [250, 1036], [251, 1036], [252, 1036], [253, 1036], [255, 1036], [256, 1036], [257, 1036], [258, 1036], [211, 1037], [212, 1037], [213, 1037], [214, 1037], [247, 1037], [248, 1037], [249, 1037], [250, 1037], [251, 1037], [211, 1038], [212, 1038], [213, 1038], [246, 1038], [247, 1038], [248, 1038], [249, 1038], [250, 1038], [210, 1039], [211, 1039], [212, 1039], [245, 1039], [246, 1039], [247, 1039], [248, 1039], [209, 1040], [210, 1040], [211, 1040], [212, 1040], [245, 1040], [246, 1040], [247, 1040], [208, 1041], [209, 1041], [210, 1041], [211, 1041], [245, 1041], [246, 1041], [247, 1041], [208, 1042], [209, 1042], [210, 1042], [243, 1042], [244, 1042], [245, 1042], [246, 1042], [247, 1042], [207, 1043], [208, 1043], [209, 1043], [243, 1043], [244, 1043], [245, 1043], [246, 1043], [247, 1043], [206, 1044], [207, 1044], [208, 1044], [209, 1044], [242, 1044], [243, 1044], [244, 1044], [206, 1045], [207, 1045], [208, 1045], [242, 1045], [243, 1045], [244, 1045], [205, 1046], [206, 1046], [207, 1046], [242, 1046], [243, 1046], [204, 1047], [205, 1047], [206, 1047], [207, 1047], [241, 1047], [242, 1047], [243, 1047], [203, 1048], [204, 1048], [205, 1048], [206, 1048], [241, 1048], [242, 1048], [243, 1048], [202, 1049], [203, 1049], [204, 1049], [205, 1049], [241, 1049], [242, 1049], [202, 1050], [203, 1050], [204, 1050], [239, 1050], [240, 1050], [241, 1050], [242, 1050], [201, 1051], [202, 1051], [203, 1051], [239, 1051], [240, 1051], [241, 1051], [242, 1051], [201, 1052], [202, 1052], [203, 1052], [238, 1052], [239, 1052], [240, 1052], [200, 1053], [201, 1053], [202, 1053], [237, 1053], [238, 1053], [239, 1053], [240, 1053], [199, 1054], [200, 1054], [201, 1054], [202, 1054], [237, 1054], [238, 1054], [239, 1054], [199, 1055], [200, 1055], [201, 1055], [202, 1055], [203, 1055], [204, 1055], [205, 1055], [206, 1055], [207, 1055], [237, 1055], [238, 1055], [199, 1056], [200, 1056], [201, 1056], [202, 1056], [203, 1056], [204, 1056], [205, 1056], [206, 1056], [207, 1056], [236, 1056], [237, 1056], [238, 1056], [199, 1057], [200, 1057], [202, 1057], [203, 1057], [204, 1057], [205, 1057], [206, 1057], [207, 1057], [235, 1057], [236, 1057], [237, 1057], [238, 1057], [199, 1058], [200, 1058], [201, 1058], [202, 1058], [203, 1058], [204, 1058], [205, 1058], [206, 1058], [234, 1058], [235, 1058], [236, 1058], [237, 1058], [200, 1059], [201, 1059], [202, 1059], [203, 1059], [204, 1059], [234, 1059], [235, 1059], [236, 1059], [201, 1060], [202, 1060], [233, 1060], [234, 1060], [235, 1060], [198, 1061], [199, 1061], [200, 1061], [201, 1061], [202, 1061], [232, 1061], [233, 1061], [234, 1061], [235, 1061], [198, 1062], [199, 1062], [200, 1062], [201, 1062], [202, 1062], [231, 1062], [232, 1062], [233, 1062], [234, 1062], [198, 1063], [199, 1063], [200, 1063], [201, 1063], [202, 1063], [231, 1063], [232, 1063], [233, 1063], [198, 1064], [199, 1064], [200, 1064], [201, 1064], [202, 1064], [230, 1064], [231, 1064], [232, 1064], [198, 1065], [199, 1065], [200, 1065], [201, 1065], [202, 1065], [229, 1065], [230, 1065], [231, 1065], [232, 1065], [197, 1066], [198, 1066], [199, 1066], [229, 1066], [230, 1066], [231, 1066], [195, 1067], [196, 1067], [197, 1067], [198, 1067], [199, 1067], [228, 1067], [229, 1067], [230, 1067], [194, 1068], [195, 1068], [196, 1068], [197, 1068], [198, 1068], [228, 1068], [229, 1068], [230, 1068], [194, 1069], [195, 1069], [196, 1069], [227, 1069], [228, 1069], [229, 1069], [194, 1070], [195, 1070], [227, 1070], [228, 1070], [229, 1070], [194, 1071], [195, 1071], [196, 1071], [197, 1071], [226, 1071], [227, 1071], [228, 1071], [194, 1072], [195, 1072], [196, 1072], [197, 1072], [225, 1072], [226, 1072], [227, 1072], [228, 1072], [193, 1073], [194, 1073], [195, 1073], [196, 1073], [197, 1073], [225, 1073], [226, 1073], [227, 1073], [190, 1074], [191, 1074], [192, 1074], [193, 1074], [194, 1074], [195, 1074], [196, 1074], [224, 1074], [225, 1074], [226, 1074], [190, 1075], [191, 1075], [192, 1075], [193, 1075], [194, 1075], [223, 1075], [224, 1075], [225, 1075], [226, 1075], [189, 1076], [190, 1076], [191, 1076], [192, 1076], [193, 1076], [222, 1076], [223, 1076], [224, 1076], [225, 1076], [188, 1077], [189, 1077], [190, 1077], [191, 1077], [221, 1077], [222, 1077], [223, 1077], [224, 1077], [187, 1078], [188, 1078], [189, 1078], [190, 1078], [221, 1078], [222, 1078], [223, 1078], [187, 1079], [188, 1079], [189, 1079], [221, 1079], [222, 1079]




Yellow line left - [1559, 759], [1560, 759], [1561, 759], [1562, 759], [1563, 759], [1559, 760], [1560, 760], [1561, 760], [1562, 760], [1563, 760], [1559, 761], [1560, 761], [1561, 761], [1562, 761], [1563, 761], [1559, 762], [1560, 762], [1561, 762], [1562, 762], [1563, 762], [1561, 763], [1562, 763], [1563, 763], [1561, 764], [1562, 764], [1563, 764]




Yellow line right - [1560, 783], [1561, 783], [1562, 783], [1575, 783], [1576, 783], [1577, 783], [1585, 783], [1586, 783], [1587, 783], [1560, 784], [1562, 784], [1574, 784], [1575, 784], [1576, 784], [1577, 784], [1578, 784], [1579, 784], [1580, 784], [1581, 784], [1582, 784], [1584, 784], [1585, 784], [1586, 784], [1587, 784], [1588, 784], [1560, 785], [1561, 785], [1562, 785], [1573, 785], [1574, 785], [1575, 785], [1576, 785], [1577, 785], [1578, 785], [1579, 785], [1580, 785], [1581, 785], [1582, 785], [1583, 785], [1584, 785], [1585, 785], [1586, 785], [1587, 785], [1588, 785], [1589, 785], [1590, 785], [1573, 786], [1574, 786], [1575, 786], [1579, 786], [1582, 786], [1583, 786], [1584, 786], [1585, 786], [1587, 786], [1588, 786], [1589, 786], [1590, 786], [1591, 786], [1573, 787], [1574, 787], [1575, 787], [1576, 787], [1577, 787], [1579, 787], [1580, 787], [1581, 787], [1582, 787], [1583, 787], [1589, 787], [1590, 787], [1591, 787], [1592, 787], [1574, 788], [1575, 788], [1576, 788], [1577, 788], [1578, 788], [1579, 788], [1580, 788], [1581, 788], [1582, 788], [1583, 788], [1584, 788], [1590, 788], [1591, 788], [1592, 788], [1574, 789], [1575, 789], [1576, 789], [1577, 789], [1578, 789], [1579, 789], [1580, 789], [1582, 789], [1583, 789], [1584, 789], [1585, 789], [1591, 789], [1592, 789], [1593, 789], [1577, 790], [1578, 790], [1579, 790], [1583, 790], [1584, 790], [1585, 790], [1586, 790], [1587, 790], [1588, 790], [1591, 790], [1592, 790], [1593, 790], [1594, 790], [1584, 791], [1585, 791], [1586, 791], [1587, 791], [1588, 791], [1589, 791], [1592, 791], [1593, 791], [1594, 791], [1585, 792], [1586, 792], [1587, 792], [1588, 792], [1589, 792], [1590, 792], [1591, 792], [1592, 792], [1593, 792], [1594, 792], [1588, 793], [1589, 793], [1590, 793], [1591, 793], [1592, 793], [1593, 793], [1594, 793], [1589, 794], [1590, 794], [1591, 794], [1592, 794]




White line right - [1465, 268], [1466, 268], [1467, 268], [1468, 268], [1469, 268], [1470, 268], [1471, 268], [1472, 268], [1473, 268], [1474, 268], [1465, 269], [1466, 269], [1467, 269], [1468, 269], [1469, 269], [1470, 269], [1471, 269], [1472, 269], [1473, 269], [1474, 269], [1475, 269], [1476, 269], [1477, 269], [1465, 270], [1466, 270], [1467, 270], [1473, 270], [1474, 270], [1475, 270], [1476, 270], [1477, 270], [1478, 270], [1479, 270], [1480, 270], [1465, 271], [1466, 271], [1467, 271], [1468, 271], [1469, 271], [1470, 271], [1476, 271], [1477, 271], [1478, 271], [1479, 271], [1480, 271], [1481, 271], [1482, 271], [1466, 272], [1467, 272], [1468, 272], [1469, 272], [1470, 272], [1471, 272], [1472, 272], [1473, 272], [1474, 272], [1475, 272], [1476, 272], [1479, 272], [1480, 272], [1481, 272], [1482, 272], [1483, 272], [1484, 272], [1485, 272], [1469, 273], [1470, 273], [1471, 273], [1472, 273], [1473, 273], [1474, 273], [1475, 273], [1476, 273], [1477, 273], [1478, 273], [1481, 273], [1482, 273], [1483, 273], [1484, 273], [1485, 273], [1486, 273], [1487, 273], [1488, 273], [1475, 274], [1476, 274], [1477, 274], [1478, 274], [1479, 274], [1480, 274], [1481, 274], [1484, 274], [1485, 274], [1486, 274], [1487, 274], [1488, 274], [1489, 274], [1490, 274], [1491, 274], [1492, 274], [1477, 275], [1478, 275], [1479, 275], [1480, 275], [1481, 275], [1482, 275], [1483, 275], [1487, 275], [1488, 275], [1489, 275], [1490, 275], [1491, 275], [1492, 275], [1493, 275], [1494, 275], [1480, 276], [1481, 276], [1482, 276], [1483, 276], [1484, 276], [1485, 276], [1486, 276], [1491, 276], [1492, 276], [1493, 276], [1494, 276], [1495, 276], [1496, 276], [1482, 277], [1483, 277], [1484, 277], [1485, 277], [1486, 277], [1487, 277], [1488, 277], [1489, 277], [1493, 277], [1494, 277], [1495, 277], [1496, 277], [1497, 277], [1498, 277], [1499, 277], [1485, 278], [1486, 278], [1487, 278], [1488, 278], [1489, 278], [1490, 278], [1491, 278], [1492, 278], [1493, 278], [1495, 278], [1496, 278], [1497, 278], [1498, 278], [1499, 278], [1500, 278], [1501, 278], [1502, 278], [1488, 279], [1489, 279], [1490, 279], [1491, 279], [1492, 279], [1493, 279], [1494, 279], [1495, 279], [1496, 279], [1497, 279], [1498, 279], [1499, 279], [1500, 279], [1501, 279], [1502, 279], [1503, 279], [1492, 280], [1493, 280], [1494, 280], [1495, 280], [1496, 280], [1497, 280], [1498, 280], [1499, 280], [1500, 280], [1501, 280], [1502, 280], [1503, 280], [1500, 281], [1501, 281], [1502, 281], [1503, 281], [1514, 284], [1515, 284], [1516, 284], [1517, 284], [1518, 284], [1519, 284], [1520, 284], [1521, 284], [1522, 284], [1512, 285], [1513, 285], [1514, 285], [1515, 285], [1516, 285], [1517, 285], [1518, 285], [1519, 285], [1520, 285], [1521, 285], [1522, 285], [1523, 285], [1524, 285], [1525, 285], [1512, 286], [1513, 286], [1514, 286], [1515, 286], [1521, 286], [1522, 286], [1523, 286], [1524, 286], [1525, 286], [1526, 286], [1527, 286], [1528, 286], [1512, 287], [1513, 287], [1514, 287], [1515, 287], [1516, 287], [1524, 287], [1525, 287], [1526, 287], [1527, 287], [1528, 287], [1529, 287], [1530, 287], [1531, 287], [1532, 287], [1513, 288], [1514, 288], [1515, 288], [1516, 288], [1517, 288], [1518, 288], [1519, 288], [1527, 288], [1528, 288], [1529, 288], [1530, 288], [1531, 288], [1532, 288], [1533, 288], [1534, 288], [1535, 288], [1536, 288], [1515, 289], [1516, 289], [1517, 289], [1518, 289], [1519, 289], [1520, 289], [1521, 289], [1528, 289], [1529, 289], [1530, 289], [1531, 289], [1532, 289], [1533, 289], [1534, 289], [1535, 289], [1536, 289], [1537, 289], [1538, 289], [1518, 290], [1519, 290], [1520, 290], [1521, 290], [1522, 290], [1523, 290], [1524, 290], [1528, 290], [1530, 290], [1531, 290], [1532, 290], [1533, 290], [1534, 290], [1535, 290], [1536, 290], [1537, 290], [1538, 290], [1539, 290], [1540, 290], [1541, 290], [1520, 291], [1521, 291], [1522, 291], [1523, 291], [1524, 291], [1525, 291], [1526, 291], [1527, 291], [1528, 291], [1529, 291], [1530, 291], [1531, 291], [1533, 291], [1534, 291], [1535, 291], [1537, 291], [1538, 291], [1539, 291], [1540, 291], [1541, 291], [1542, 291], [1543, 291], [1544, 291], [1523, 292], [1524, 292], [1525, 292], [1526, 292], [1527, 292], [1528, 292], [1529, 292], [1531, 292], [1532, 292], [1533, 292], [1534, 292], [1535, 292], [1537, 292], [1538, 292], [1539, 292], [1540, 292], [1541, 292], [1542, 292], [1543, 292], [1544, 292], [1545, 292], [1546, 292], [1547, 292], [1526, 293], [1527, 293], [1528, 293], [1529, 293], [1530, 293], [1531, 293], [1532, 293], [1534, 293], [1535, 293], [1537, 293], [1539, 293], [1540, 293], [1541, 293], [1542, 293], [1544, 293], [1545, 293], [1546, 293], [1547, 293], [1548, 293], [1549, 293], [1550, 293], [1529, 294], [1530, 294], [1531, 294], [1532, 294], [1533, 294], [1534, 294], [1535, 294], [1536, 294], [1537, 294], [1538, 294], [1539, 294], [1540, 294], [1541, 294], [1542, 294], [1543, 294], [1544, 294], [1546, 294], [1547, 294], [1548, 294], [1549, 294], [1550, 294], [1551, 294], [1552, 294], [1553, 294], [1532, 295], [1533, 295], [1534, 295], [1535, 295], [1536, 295], [1537, 295], [1538, 295], [1539, 295], [1540, 295], [1541, 295], [1542, 295], [1543, 295], [1544, 295], [1549, 295], [1550, 295], [1551, 295], [1552, 295], [1553, 295], [1554, 295], [1555, 295], [1556, 295], [1535, 296], [1536, 296], [1537, 296], [1538, 296], [1539, 296], [1540, 296], [1542, 296], [1543, 296], [1544, 296], [1552, 296], [1553, 296], [1554, 296], [1555, 296], [1556, 296], [1557, 296], [1537, 297], [1538, 297], [1539, 297], [1540, 297], [1541, 297], [1542, 297], [1543, 297], [1544, 297], [1545, 297], [1546, 297], [1555, 297], [1556, 297], [1557, 297], [1540, 298], [1541, 298], [1542, 298], [1543, 298], [1544, 298], [1545, 298], [1546, 298], [1547, 298], [1548, 298], [1549, 298], [1550, 298], [1551, 298], [1552, 298], [1553, 298], [1554, 298], [1555, 298], [1556, 298], [1557, 298], [1545, 299], [1546, 299], [1547, 299], [1548, 299], [1549, 299], [1550, 299], [1551, 299], [1552, 299], [1553, 299], [1554, 299], [1555, 299], [1556, 299], [1557, 299], [1566, 303], [1567, 303], [1568, 303], [1569, 303], [1570, 303], [1571, 303], [1572, 303], [1573, 303], [1574, 303], [1575, 303], [1576, 303], [1577, 303], [1566, 304], [1567, 304], [1568, 304], [1569, 304], [1570, 304], [1571, 304], [1572, 304], [1573, 304], [1574, 304], [1575, 304], [1576, 304], [1577, 304], [1578, 304], [1579, 304], [1566, 305], [1567, 305], [1568, 305], [1569, 305], [1570, 305], [1571, 305], [1572, 305], [1576, 305], [1577, 305], [1578, 305], [1579, 305], [1580, 305], [1568, 306], [1569, 306], [1570, 306], [1571, 306], [1572, 306], [1573, 306], [1574, 306], [1575, 306], [1576, 306], [1578, 306], [1579, 306], [1580, 306], [1581, 306], [1582, 306], [1597, 306], [1598, 306], [1599, 306], [1600, 306], [1601, 306], [1602, 306], [1603, 306], [1604, 306], [1571, 307], [1572, 307], [1573, 307], [1574, 307], [1575, 307], [1576, 307], [1577, 307], [1578, 307], [1580, 307], [1581, 307], [1582, 307], [1583, 307], [1584, 307], [1585, 307], [1586, 307], [1587, 307], [1588, 307], [1589, 307], [1590, 307], [1597, 307], [1598, 307], [1599, 307], [1600, 307], [1601, 307], [1602, 307], [1603, 307], [1604, 307], [1605, 307], [1575, 308], [1576, 308], [1577, 308], [1578, 308], [1579, 308], [1580, 308], [1581, 308], [1582, 308], [1583, 308], [1584, 308], [1585, 308], [1586, 308], [1587, 308], [1588, 308], [1589, 308], [1590, 308], [1591, 308], [1592, 308], [1597, 308], [1598, 308], [1599, 308], [1603, 308], [1604, 308], [1605, 308], [1578, 309], [1579, 309], [1580, 309], [1581, 309], [1582, 309], [1583, 309], [1584, 309], [1585, 309], [1586, 309], [1589, 309], [1590, 309], [1591, 309], [1592, 309], [1593, 309], [1594, 309], [1595, 309], [1596, 309], [1597, 309], [1598, 309], [1599, 309], [1600, 309], [1601, 309], [1602, 309], [1603, 309], [1604, 309], [1605, 309], [1581, 310], [1582, 310], [1583, 310], [1584, 310], [1585, 310], [1586, 310], [1587, 310], [1591, 310], [1592, 310], [1593, 310], [1594, 310], [1595, 310], [1596, 310], [1597, 310], [1598, 310], [1599, 310], [1600, 310], [1601, 310], [1602, 310], [1603, 310], [1604, 310], [1585, 311], [1586, 311], [1587, 311], [1588, 311], [1589, 311], [1595, 311], [1596, 311], [1597, 311], [1598, 311], [1599, 311], [1600, 311], [1601, 311], [1602, 311], [1586, 312], [1587, 312], [1588, 312], [1589, 312], [1590, 312], [1591, 312], [1592, 312], [1598, 312], [1599, 312], [1600, 312], [1601, 312], [1602, 312], [1603, 312], [1604, 312], [1605, 312], [1588, 313], [1589, 313], [1590, 313], [1591, 313], [1592, 313], [1593, 313], [1594, 313], [1595, 313], [1601, 313], [1602, 313], [1603, 313], [1604, 313], [1605, 313], [1606, 313], [1607, 313], [1608, 313], [1609, 313], [1610, 313], [1591, 314], [1592, 314], [1593, 314], [1594, 314], [1595, 314], [1596, 314], [1597, 314], [1598, 314], [1599, 314], [1600, 314], [1601, 314], [1604, 314], [1605, 314], [1606, 314], [1607, 314], [1608, 314], [1609, 314], [1610, 314], [1611, 314], [1612, 314], [1594, 315], [1595, 315], [1596, 315], [1597, 315], [1598, 315], [1599, 315], [1600, 315], [1601, 315], [1602, 315], [1603, 315], [1604, 315], [1605, 315], [1609, 315], [1610, 315], [1611, 315], [1612, 315], [1613, 315], [1614, 315], [1600, 316], [1601, 316], [1602, 316], [1603, 316], [1604, 316], [1605, 316], [1606, 316], [1607, 316], [1608, 316], [1611, 316], [1612, 316], [1613, 316], [1614, 316], [1604, 317], [1605, 317], [1606, 317], [1607, 317], [1608, 317], [1609, 317], [1610, 317], [1611, 317], [1612, 317], [1613, 317], [1614, 317], [1607, 318], [1608, 318], [1609, 318], [1610, 318], [1611, 318], [1612, 318], [1613, 318], [1614, 318], [1631, 324], [1632, 324], [1633, 324], [1634, 324], [1635, 324], [1636, 324], [1637, 324], [1638, 324], [1639, 324], [1640, 324], [1641, 324], [1631, 325], [1632, 325], [1633, 325], [1634, 325], [1635, 325], [1636, 325], [1637, 325], [1638, 325], [1639, 325], [1640, 325], [1641, 325], [1642, 325], [1643, 325], [1644, 325], [1645, 325], [1646, 325], [1631, 326], [1632, 326], [1633, 326], [1634, 326], [1635, 326], [1636, 326], [1638, 326], [1639, 326], [1640, 326], [1641, 326], [1642, 326], [1643, 326], [1644, 326], [1645, 326], [1646, 326], [1647, 326], [1648, 326], [1649, 326], [1650, 326], [1633, 327], [1634, 327], [1635, 327], [1636, 327], [1637, 327], [1638, 327], [1639, 327], [1645, 327], [1646, 327], [1647, 327], [1648, 327], [1649, 327], [1650, 327], [1651, 327], [1652, 327], [1653, 327], [1637, 328], [1638, 328], [1639, 328], [1640, 328], [1649, 328], [1650, 328], [1651, 328], [1652, 328], [1653, 328], [1654, 328], [1655, 328], [1656, 328], [1638, 329], [1639, 329], [1640, 329], [1641, 329], [1642, 329], [1643, 329], [1652, 329], [1653, 329], [1654, 329], [1655, 329], [1656, 329], [1657, 329], [1658, 329], [1639, 330], [1640, 330], [1641, 330], [1642, 330], [1643, 330], [1644, 330], [1645, 330], [1646, 330], [1655, 330], [1656, 330], [1657, 330], [1658, 330], [1659, 330], [1660, 330], [1642, 331], [1643, 331], [1644, 331], [1645, 331], [1646, 331], [1647, 331], [1648, 331], [1649, 331], [1657, 331], [1658, 331], [1659, 331], [1660, 331], [1661, 331], [1662, 331], [1645, 332], [1646, 332], [1647, 332], [1648, 332], [1649, 332], [1650, 332], [1651, 332], [1652, 332], [1653, 332], [1659, 332], [1660, 332], [1661, 332], [1662, 332], [1663, 332], [1648, 333], [1649, 333], [1650, 333], [1651, 333], [1652, 333], [1653, 333], [1654, 333], [1655, 333], [1656, 333], [1657, 333], [1661, 333], [1662, 333], [1663, 333], [1664, 333], [1652, 334], [1653, 334], [1654, 334], [1655, 334], [1656, 334], [1657, 334], [1658, 334], [1659, 334], [1660, 334], [1661, 334], [1662, 334], [1663, 334], [1664, 334], [1665, 334], [1666, 334], [1667, 334], [1668, 334], [1669, 334], [1656, 335], [1657, 335], [1658, 335], [1659, 335], [1660, 335], [1661, 335], [1662, 335], [1663, 335], [1664, 335], [1665, 335], [1666, 335], [1667, 335], [1668, 335], [1669, 335], [1670, 335], [1671, 335], [1672, 335], [1664, 336], [1665, 336], [1666, 336], [1667, 336], [1669, 336], [1670, 336], [1671, 336], [1672, 336], [1673, 336], [1674, 336], [1675, 336], [1676, 336], [1665, 337], [1666, 337], [1667, 337], [1668, 337], [1669, 337], [1670, 337], [1671, 337], [1672, 337], [1673, 337], [1674, 337], [1675, 337], [1676, 337], [1677, 337], [1678, 337], [1679, 337], [1667, 338], [1668, 338], [1669, 338], [1670, 338], [1671, 338], [1672, 338], [1675, 338], [1676, 338], [1677, 338], [1678, 338], [1679, 338], [1680, 338], [1681, 338], [1669, 339], [1670, 339], [1671, 339], [1672, 339], [1673, 339], [1674, 339], [1675, 339], [1676, 339], [1678, 339], [1679, 339], [1680, 339], [1681, 339], [1682, 339], [1683, 339], [1671, 340], [1672, 340], [1673, 340], [1674, 340], [1675, 340], [1676, 340], [1677, 340], [1678, 340], [1679, 340], [1680, 340], [1681, 340], [1682, 340], [1683, 340], [1675, 341], [1676, 341], [1677, 341], [1678, 341], [1679, 341], [1680, 341], [1681, 341], [1682, 341], [1683, 341], [1570, 342], [1571, 342], [1572, 342], [1573, 342], [1574, 342], [1575, 342], [1570, 343], [1571, 343], [1572, 343], [1573, 343], [1574, 343], [1575, 343], [1576, 343], [1577, 343], [1570, 344], [1571, 344], [1572, 344], [1574, 344], [1575, 344], [1576, 344], [1577, 344], [1570, 345], [1571, 345], [1572, 345], [1573, 345], [1574, 345], [1575, 345], [1576, 345], [1577, 345], [1571, 346], [1572, 346], [1573, 346], [1574, 346], [1575, 346], [1576, 346], [1577, 346], [1717, 353], [1718, 353], [1719, 353], [1720, 353], [1721, 353], [1722, 353], [1723, 353], [1724, 353], [1725, 353], [1717, 354], [1718, 354], [1720, 354], [1721, 354], [1722, 354], [1723, 354], [1724, 354], [1725, 354], [1717, 355], [1718, 355], [1719, 355], [1720, 355], [1721, 355], [1722, 355], [1723, 355], [1724, 355], [1725, 355], [1721, 356], [1722, 356], [1723, 356], [1724, 356], [1725, 356], [1734, 358], [1735, 358], [1736, 358], [1737, 358], [1738, 358], [1739, 358], [1740, 358], [1741, 358], [1734, 359], [1735, 359], [1736, 359], [1737, 359], [1738, 359], [1739, 359], [1740, 359], [1741, 359], [1742, 359], [1743, 359], [1744, 359], [1745, 359], [1734, 360], [1735, 360], [1736, 360], [1737, 360], [1738, 360], [1739, 360], [1740, 360], [1741, 360], [1742, 360], [1743, 360], [1744, 360], [1745, 360], [1746, 360], [1747, 360], [1748, 360], [1749, 360], [1735, 361], [1736, 361], [1737, 361], [1738, 361], [1739, 361], [1740, 361], [1741, 361], [1742, 361], [1744, 361], [1745, 361], [1746, 361], [1747, 361], [1748, 361], [1749, 361], [1750, 361], [1751, 361], [1752, 361], [1753, 361], [1738, 362], [1739, 362], [1740, 362], [1741, 362], [1742, 362], [1743, 362], [1744, 362], [1748, 362], [1749, 362], [1750, 362], [1751, 362], [1752, 362], [1753, 362], [1754, 362], [1755, 362], [1756, 362], [1741, 363], [1742, 363], [1743, 363], [1744, 363], [1745, 363], [1746, 363], [1752, 363], [1753, 363], [1754, 363], [1755, 363], [1756, 363], [1757, 363], [1758, 363], [1743, 364], [1744, 364], [1745, 364], [1746, 364], [1747, 364], [1748, 364], [1755, 364], [1756, 364], [1757, 364], [1758, 364], [1759, 364], [1760, 364], [1761, 364], [1745, 365], [1746, 365], [1747, 365], [1748, 365], [1749, 365], [1750, 365], [1751, 365], [1757, 365], [1758, 365], [1759, 365], [1760, 365], [1761, 365], [1762, 365], [1763, 365], [1747, 366], [1748, 366], [1749, 366], [1750, 366], [1751, 366], [1752, 366], [1753, 366], [1754, 366], [1760, 366], [1761, 366], [1762, 366], [1763, 366], [1764, 366], [1750, 367], [1751, 367], [1752, 367], [1753, 367], [1754, 367], [1755, 367], [1756, 367], [1757, 367], [1758, 367], [1762, 367], [1763, 367], [1764, 367], [1765, 367], [1753, 368], [1754, 368], [1755, 368], [1756, 368], [1757, 368], [1758, 368], [1759, 368], [1760, 368], [1761, 368], [1762, 368], [1763, 368], [1764, 368], [1765, 368], [1766, 368], [1757, 369], [1758, 369], [1759, 369], [1760, 369], [1761, 369], [1762, 369], [1763, 369], [1764, 369], [1765, 369], [1766, 369], [1767, 369], [1768, 369], [1769, 369], [1770, 369], [1771, 369], [1761, 370], [1762, 370], [1763, 370], [1764, 370], [1765, 370], [1767, 370], [1768, 370], [1769, 370], [1770, 370], [1771, 370], [1772, 370], [1773, 370], [1774, 370], [1775, 370], [1764, 371], [1765, 371], [1766, 371], [1767, 371], [1768, 371], [1769, 371], [1770, 371], [1771, 371], [1772, 371], [1773, 371], [1774, 371], [1775, 371], [1776, 371], [1777, 371], [1766, 372], [1767, 372], [1768, 372], [1769, 372], [1770, 372], [1771, 372], [1772, 372], [1773, 372], [1774, 372], [1775, 372], [1776, 372], [1777, 372], [1770, 373], [1771, 373], [1772, 373], [1773, 373], [1774, 373], [1775, 373], [1776, 373], [1777, 373], [1778, 373], [1779, 373], [1780, 373], [1772, 374], [1773, 374], [1774, 374], [1775, 374], [1776, 374], [1777, 374], [1779, 374], [1780, 374], [1776, 375], [1777, 375], [1778, 375], [1779, 375], [1780, 375], [1818, 387], [1819, 387], [1820, 387], [1821, 387], [1817, 388], [1818, 388], [1819, 388], [1820, 388], [1821, 388], [1822, 388], [1823, 388], [1824, 388], [1817, 389], [1818, 389], [1819, 389], [1820, 389], [1821, 389], [1822, 389], [1823, 389], [1824, 389], [1817, 390], [1818, 390], [1819, 390], [1820, 390], [1821, 390], [1818, 391], [1819, 391], [1820, 391], [1821, 391], [1822, 391], [1823, 391], [1824, 391], [1254, 392], [1255, 392], [1820, 392], [1821, 392], [1822, 392], [1823, 392], [1824, 392], [1253, 393], [1254, 393], [1255, 393], [1256, 393], [1823, 393], [1824, 393], [1254, 394], [1255, 394], [1256, 394], [1257, 394], [1258, 394], [1255, 395], [1256, 395], [1257, 395], [1258, 395], [1259, 395], [1257, 396], [1258, 396], [1259, 396], [1260, 396], [1258, 397], [1259, 397], [1260, 397], [1261, 397], [1259, 398], [1260, 398], [1261, 398], [1262, 398], [1242, 399], [1243, 399], [1244, 399], [1260, 399], [1261, 399], [1262, 399], [1263, 399], [1242, 400], [1243, 400], [1244, 400], [1245, 400], [1261, 400], [1262, 400], [1263, 400], [1264, 400], [1243, 401], [1244, 401], [1245, 401], [1246, 401], [1262, 401], [1263, 401], [1264, 401], [1265, 401], [1244, 402], [1245, 402], [1246, 402], [1247, 402], [1263, 402], [1264, 402], [1265, 402], [1266, 402], [1267, 402], [1245, 403], [1246, 403], [1247, 403], [1248, 403], [1264, 403], [1265, 403], [1266, 403], [1267, 403], [1268, 403], [1246, 404], [1247, 404], [1248, 404], [1249, 404], [1266, 404], [1267, 404], [1268, 404], [1269, 404], [1232, 405], [1247, 405], [1248, 405], [1249, 405], [1250, 405], [1267, 405], [1268, 405], [1269, 405], [1270, 405], [1231, 406], [1232, 406], [1233, 406], [1248, 406], [1249, 406], [1250, 406], [1251, 406], [1268, 406], [1269, 406], [1270, 406], [1271, 406], [1231, 407], [1232, 407], [1233, 407], [1249, 407], [1250, 407], [1251, 407], [1252, 407], [1269, 407], [1270, 407], [1271, 407], [1272, 407], [1232, 408], [1233, 408], [1234, 408], [1250, 408], [1251, 408], [1252, 408], [1270, 408], [1271, 408], [1272, 408], [1232, 409], [1233, 409], [1234, 409], [1235, 409], [1251, 409], [1252, 409], [1253, 409], [1254, 409], [1271, 409], [1272, 409], [1273, 409], [1274, 409], [1233, 410], [1234, 410], [1235, 410], [1236, 410], [1251, 410], [1252, 410], [1253, 410], [1254, 410], [1255, 410], [1271, 410], [1272, 410], [1273, 410], [1274, 410], [1275, 410], [1234, 411], [1235, 411], [1236, 411], [1237, 411], [1253, 411], [1254, 411], [1255, 411], [1256, 411], [1273, 411], [1274, 411], [1275, 411], [1276, 411], [1235, 412], [1236, 412], [1237, 412], [1238, 412], [1254, 412], [1255, 412], [1256, 412], [1257, 412], [1274, 412], [1275, 412], [1276, 412], [1277, 412], [1219, 413], [1220, 413], [1236, 413], [1237, 413], [1238, 413], [1239, 413], [1255, 413], [1256, 413], [1257, 413], [1258, 413], [1275, 413], [1276, 413], [1277, 413], [1278, 413], [1218, 414], [1219, 414], [1220, 414], [1221, 414], [1222, 414], [1237, 414], [1238, 414], [1239, 414], [1240, 414], [1256, 414], [1257, 414], [1258, 414], [1259, 414], [1276, 414], [1277, 414], [1278, 414], [1279, 414], [1219, 415], [1220, 415], [1221, 415], [1222, 415], [1223, 415], [1238, 415], [1239, 415], [1240, 415], [1241, 415], [1242, 415], [1257, 415], [1258, 415], [1259, 415], [1260, 415], [1277, 415], [1278, 415], [1279, 415], [1280, 415], [1221, 416], [1222, 416], [1223, 416], [1224, 416], [1239, 416], [1240, 416], [1241, 416], [1242, 416], [1258, 416], [1259, 416], [1260, 416], [1261, 416], [1278, 416], [1279, 416], [1280, 416], [1281, 416], [1222, 417], [1223, 417], [1224, 417], [1225, 417], [1241, 417], [1242, 417], [1243, 417], [1259, 417], [1260, 417], [1261, 417], [1262, 417], [1279, 417], [1280, 417], [1281, 417], [1282, 417], [1223, 418], [1224, 418], [1225, 418], [1241, 418], [1242, 418], [1243, 418], [1244, 418], [1260, 418], [1261, 418], [1262, 418], [1263, 418], [1264, 418], [1280, 418], [1281, 418], [1282, 418], [1283, 418], [1284, 418], [1224, 419], [1225, 419], [1226, 419], [1242, 419], [1243, 419], [1244, 419], [1245, 419], [1261, 419], [1262, 419], [1263, 419], [1264, 419], [1265, 419], [1281, 419], [1282, 419], [1283, 419], [1284, 419], [1224, 420], [1225, 420], [1226, 420], [1227, 420], [1243, 420], [1244, 420], [1245, 420], [1246, 420], [1263, 420], [1264, 420], [1265, 420], [1266, 420], [1283, 420], [1284, 420], [1285, 420], [1286, 420], [1225, 421], [1226, 421], [1227, 421], [1228, 421], [1244, 421], [1245, 421], [1246, 421], [1247, 421], [1264, 421], [1265, 421], [1266, 421], [1267, 421], [1283, 421], [1284, 421], [1285, 421], [1286, 421], [1287, 421], [1226, 422], [1227, 422], [1228, 422], [1229, 422], [1245, 422], [1246, 422], [1247, 422], [1248, 422], [1265, 422], [1266, 422], [1267, 422], [1268, 422], [1285, 422], [1286, 422], [1287, 422], [1288, 422], [1227, 423], [1228, 423], [1229, 423], [1230, 423], [1246, 423], [1247, 423], [1248, 423], [1249, 423], [1266, 423], [1267, 423], [1268, 423], [1269, 423], [1286, 423], [1287, 423], [1288, 423], [1289, 423], [1228, 424], [1229, 424], [1230, 424], [1247, 424], [1248, 424], [1249, 424], [1250, 424], [1267, 424], [1268, 424], [1269, 424], [1270, 424], [1287, 424], [1288, 424], [1289, 424], [1290, 424], [1229, 425], [1230, 425], [1231, 425], [1248, 425], [1249, 425], [1250, 425], [1268, 425], [1269, 425], [1270, 425], [1271, 425], [1288, 425], [1289, 425], [1290, 425], [1291, 425], [1229, 426], [1230, 426], [1231, 426], [1232, 426], [1249, 426], [1250, 426], [1251, 426], [1269, 426], [1270, 426], [1271, 426], [1272, 426], [1289, 426], [1290, 426], [1291, 426], [1292, 426], [1293, 426], [1230, 427], [1231, 427], [1232, 427], [1233, 427], [1249, 427], [1250, 427], [1251, 427], [1252, 427], [1270, 427], [1271, 427], [1272, 427], [1273, 427], [1290, 427], [1291, 427], [1292, 427], [1293, 427], [1294, 427], [1231, 428], [1232, 428], [1233, 428], [1234, 428], [1250, 428], [1251, 428], [1252, 428], [1253, 428], [1271, 428], [1272, 428], [1273, 428], [1274, 428], [1292, 428], [1293, 428], [1294, 428], [1295, 428], [1232, 429], [1233, 429], [1234, 429], [1235, 429], [1251, 429], [1252, 429], [1253, 429], [1254, 429], [1272, 429], [1273, 429], [1274, 429], [1275, 429], [1293, 429], [1294, 429], [1295, 429], [1296, 429], [1233, 430], [1234, 430], [1235, 430], [1252, 430], [1253, 430], [1254, 430], [1255, 430], [1273, 430], [1274, 430], [1275, 430], [1276, 430], [1294, 430], [1295, 430], [1296, 430], [1297, 430], [1234, 431], [1235, 431], [1236, 431], [1253, 431], [1254, 431], [1255, 431], [1256, 431], [1274, 431], [1275, 431], [1276, 431], [1277, 431], [1295, 431], [1296, 431], [1297, 431], [1298, 431], [1234, 432], [1235, 432], [1236, 432], [1237, 432], [1254, 432], [1255, 432], [1256, 432], [1257, 432], [1275, 432], [1276, 432], [1277, 432], [1278, 432], [1296, 432], [1297, 432], [1298, 432], [1299, 432], [1300, 432], [1235, 433], [1236, 433], [1237, 433], [1238, 433], [1255, 433], [1256, 433], [1257, 433], [1258, 433], [1276, 433], [1277, 433], [1278, 433], [1279, 433], [1297, 433], [1298, 433], [1299, 433], [1300, 433], [1236, 434], [1237, 434], [1238, 434], [1256, 434], [1257, 434], [1258, 434], [1259, 434], [1277, 434], [1278, 434], [1279, 434], [1280, 434], [1299, 434], [1300, 434], [1301, 434], [1237, 435], [1238, 435], [1239, 435], [1240, 435], [1257, 435], [1258, 435], [1259, 435], [1260, 435], [1261, 435], [1278, 435], [1279, 435], [1280, 435], [1281, 435], [1299, 435], [1300, 435], [1301, 435], [1302, 435], [1237, 436], [1238, 436], [1239, 436], [1240, 436], [1241, 436], [1258, 436], [1259, 436], [1260, 436], [1261, 436], [1262, 436], [1279, 436], [1280, 436], [1281, 436], [1282, 436], [1300, 436], [1301, 436], [1302, 436], [1303, 436], [1304, 436], [1239, 437], [1240, 437], [1241, 437], [1242, 437], [1260, 437], [1261, 437], [1262, 437], [1280, 437], [1281, 437], [1282, 437], [1283, 437], [1301, 437], [1302, 437], [1303, 437], [1304, 437], [1305, 437], [1240, 438], [1241, 438], [1242, 438], [1243, 438], [1261, 438], [1262, 438], [1263, 438], [1281, 438], [1282, 438], [1283, 438], [1284, 438], [1303, 438], [1304, 438], [1305, 438], [1306, 438], [1241, 439], [1242, 439], [1243, 439], [1244, 439], [1261, 439], [1262, 439], [1263, 439], [1264, 439], [1282, 439], [1283, 439], [1284, 439], [1285, 439], [1304, 439], [1305, 439], [1306, 439], [1307, 439], [1242, 440], [1243, 440], [1244, 440], [1245, 440], [1262, 440], [1263, 440], [1264, 440], [1265, 440], [1283, 440], [1284, 440], [1285, 440], [1286, 440], [1305, 440], [1306, 440], [1307, 440], [1308, 440], [1243, 441], [1244, 441], [1245, 441], [1246, 441], [1263, 441], [1264, 441], [1265, 441], [1266, 441], [1284, 441], [1285, 441], [1286, 441], [1287, 441], [1306, 441], [1307, 441], [1308, 441], [1309, 441], [1244, 442], [1245, 442], [1246, 442], [1264, 442], [1265, 442], [1266, 442], [1267, 442], [1285, 442], [1286, 442], [1287, 442], [1288, 442], [1307, 442], [1308, 442], [1309, 442], [1310, 442], [1245, 443], [1246, 443], [1247, 443], [1265, 443], [1266, 443], [1267, 443], [1286, 443], [1287, 443], [1288, 443], [1289, 443], [1308, 443], [1309, 443], [1310, 443], [1245, 444], [1246, 444], [1247, 444], [1248, 444], [1266, 444], [1267, 444], [1268, 444], [1287, 444], [1288, 444], [1289, 444], [1290, 444], [1309, 444], [1310, 444], [1311, 444], [1312, 444], [1246, 445], [1247, 445], [1248, 445], [1249, 445], [1266, 445], [1267, 445], [1268, 445], [1269, 445], [1288, 445], [1289, 445], [1290, 445], [1291, 445], [1309, 445], [1310, 445], [1311, 445], [1312, 445], [1313, 445], [1247, 446], [1248, 446], [1249, 446], [1250, 446], [1267, 446], [1268, 446], [1269, 446], [1270, 446], [1289, 446], [1290, 446], [1291, 446], [1292, 446], [1311, 446], [1312, 446], [1313, 446], [1314, 446], [1248, 447], [1249, 447], [1250, 447], [1251, 447], [1268, 447], [1269, 447], [1270, 447], [1271, 447], [1272, 447], [1290, 447], [1291, 447], [1292, 447], [1293, 447], [1312, 447], [1313, 447], [1314, 447], [1315, 447], [1249, 448], [1250, 448], [1251, 448], [1252, 448], [1269, 448], [1270, 448], [1271, 448], [1272, 448], [1291, 448], [1292, 448], [1293, 448], [1294, 448], [1313, 448], [1314, 448], [1315, 448], [1316, 448], [1250, 449], [1251, 449], [1252, 449], [1253, 449], [1271, 449], [1272, 449], [1273, 449], [1292, 449], [1293, 449], [1294, 449], [1295, 449], [1314, 449], [1315, 449], [1316, 449], [1317, 449], [1251, 450], [1252, 450], [1253, 450], [1254, 450], [1271, 450], [1272, 450], [1273, 450], [1274, 450], [1293, 450], [1294, 450], [1295, 450], [1296, 450], [1315, 450], [1316, 450], [1317, 450], [1318, 450], [1252, 451], [1253, 451], [1254, 451], [1255, 451], [1272, 451], [1273, 451], [1274, 451], [1275, 451], [1294, 451], [1295, 451], [1296, 451], [1297, 451], [1316, 451], [1317, 451], [1318, 451], [1319, 451], [1253, 452], [1254, 452], [1255, 452], [1273, 452], [1274, 452], [1275, 452], [1276, 452], [1295, 452], [1296, 452], [1297, 452], [1298, 452], [1317, 452], [1318, 452], [1319, 452], [1320, 452], [1321, 452], [1254, 453], [1255, 453], [1256, 453], [1257, 453], [1274, 453], [1275, 453], [1276, 453], [1277, 453], [1296, 453], [1297, 453], [1298, 453], [1299, 453], [1318, 453], [1319, 453], [1320, 453], [1321, 453], [1322, 453], [1254, 454], [1255, 454], [1256, 454], [1257, 454], [1275, 454], [1276, 454], [1277, 454], [1278, 454], [1297, 454], [1298, 454], [1299, 454], [1300, 454], [1320, 454], [1321, 454], [1322, 454], [1323, 454], [1256, 455], [1257, 455], [1258, 455], [1276, 455], [1277, 455], [1278, 455], [1279, 455], [1298, 455], [1299, 455], [1300, 455], [1301, 455], [1321, 455], [1322, 455], [1323, 455], [1324, 455], [1256, 456], [1257, 456], [1258, 456], [1259, 456], [1277, 456], [1278, 456], [1279, 456], [1280, 456], [1299, 456], [1300, 456], [1301, 456], [1302, 456], [1322, 456], [1323, 456], [1324, 456], [1325, 456], [1257, 457], [1258, 457], [1259, 457], [1260, 457], [1278, 457], [1279, 457], [1280, 457], [1281, 457], [1300, 457], [1301, 457], [1302, 457], [1303, 457], [1323, 457], [1324, 457], [1325, 457], [1326, 457], [1258, 458], [1259, 458], [1260, 458], [1261, 458], [1279, 458], [1280, 458], [1281, 458], [1282, 458], [1301, 458], [1302, 458], [1303, 458], [1304, 458], [1324, 458], [1325, 458], [1326, 458], [1327, 458], [1259, 459], [1260, 459], [1261, 459], [1262, 459], [1280, 459], [1281, 459], [1282, 459], [1283, 459], [1302, 459], [1303, 459], [1304, 459], [1305, 459], [1325, 459], [1326, 459], [1327, 459], [1328, 459], [1260, 460], [1261, 460], [1262, 460], [1263, 460], [1281, 460], [1282, 460], [1283, 460], [1284, 460], [1303, 460], [1304, 460], [1305, 460], [1306, 460], [1307, 460], [1326, 460], [1327, 460], [1328, 460], [1329, 460], [1261, 461], [1262, 461], [1263, 461], [1264, 461], [1282, 461], [1283, 461], [1284, 461], [1285, 461], [1304, 461], [1305, 461], [1306, 461], [1307, 461], [1308, 461], [1327, 461], [1328, 461], [1329, 461], [1330, 461], [1262, 462], [1263, 462], [1264, 462], [1265, 462], [1283, 462], [1284, 462], [1285, 462], [1306, 462], [1307, 462], [1308, 462], [1309, 462], [1328, 462], [1329, 462], [1330, 462], [1331, 462], [1263, 463], [1264, 463], [1265, 463], [1266, 463], [1284, 463], [1285, 463], [1286, 463], [1307, 463], [1308, 463], [1309, 463], [1310, 463], [1329, 463], [1330, 463], [1331, 463], [1332, 463], [1264, 464], [1265, 464], [1266, 464], [1267, 464], [1284, 464], [1285, 464], [1286, 464], [1287, 464], [1308, 464], [1309, 464], [1310, 464], [1330, 464], [1331, 464], [1332, 464], [1333, 464], [1265, 465], [1266, 465], [1267, 465], [1285, 465], [1286, 465], [1287, 465], [1288, 465], [1309, 465], [1310, 465], [1311, 465], [1331, 465], [1332, 465], [1333, 465], [1334, 465], [1266, 466], [1267, 466], [1268, 466], [1286, 466], [1287, 466], [1288, 466], [1289, 466], [1309, 466], [1310, 466], [1311, 466], [1312, 466], [1313, 466], [1332, 466], [1333, 466], [1334, 466], [1266, 467], [1267, 467], [1268, 467], [1287, 467], [1288, 467], [1289, 467], [1290, 467], [1310, 467], [1311, 467], [1312, 467], [1313, 467], [1314, 467], [1333, 467], [1334, 467], [1335, 467], [1267, 468], [1268, 468], [1269, 468], [1270, 468], [1288, 468], [1289, 468], [1290, 468], [1291, 468], [1312, 468], [1313, 468], [1314, 468], [1333, 468], [1334, 468], [1335, 468], [1336, 468], [1267, 469], [1268, 469], [1269, 469], [1270, 469], [1271, 469], [1289, 469], [1290, 469], [1291, 469], [1292, 469], [1313, 469], [1314, 469], [1315, 469], [1334, 469], [1335, 469], [1336, 469], [1337, 469], [1338, 469], [1269, 470], [1270, 470], [1271, 470], [1290, 470], [1291, 470], [1292, 470], [1293, 470], [1313, 470], [1314, 470], [1315, 470], [1316, 470], [1317, 470], [1335, 470], [1336, 470], [1337, 470], [1338, 470], [1339, 470], [1270, 471], [1271, 471], [1272, 471], [1291, 471], [1292, 471], [1293, 471], [1294, 471], [1314, 471], [1315, 471], [1316, 471], [1317, 471], [1318, 471], [1337, 471], [1338, 471], [1339, 471], [1340, 471], [1270, 472], [1271, 472], [1272, 472], [1273, 472], [1292, 472], [1293, 472], [1294, 472], [1295, 472], [1316, 472], [1317, 472], [1318, 472], [1319, 472], [1338, 472], [1339, 472], [1340, 472], [1341, 472], [1271, 473], [1272, 473], [1273, 473], [1274, 473], [1293, 473], [1294, 473], [1295, 473], [1296, 473], [1317, 473], [1318, 473], [1319, 473], [1320, 473], [1339, 473], [1340, 473], [1341, 473], [1342, 473], [1272, 474], [1273, 474], [1274, 474], [1275, 474], [1294, 474], [1295, 474], [1296, 474], [1297, 474], [1318, 474], [1319, 474], [1320, 474], [1321, 474], [1340, 474], [1341, 474], [1342, 474], [1343, 474], [1273, 475], [1274, 475], [1275, 475], [1276, 475], [1295, 475], [1296, 475], [1297, 475], [1298, 475], [1319, 475], [1320, 475], [1321, 475], [1322, 475], [1341, 475], [1342, 475], [1343, 475], [1344, 475], [1274, 476], [1275, 476], [1276, 476], [1277, 476], [1296, 476], [1297, 476], [1298, 476], [1299, 476], [1320, 476], [1321, 476], [1322, 476], [1323, 476], [1342, 476], [1343, 476], [1344, 476], [1345, 476], [1275, 477], [1276, 477], [1277, 477], [1278, 477], [1297, 477], [1298, 477], [1299, 477], [1300, 477], [1321, 477], [1322, 477], [1323, 477], [1324, 477], [1343, 477], [1344, 477], [1345, 477], [1346, 477], [1276, 478], [1277, 478], [1278, 478], [1279, 478], [1298, 478], [1299, 478], [1300, 478], [1322, 478], [1323, 478], [1324, 478], [1325, 478], [1344, 478], [1345, 478], [1346, 478], [1347, 478], [1277, 479], [1278, 479], [1279, 479], [1299, 479], [1300, 479], [1301, 479], [1323, 479], [1324, 479], [1325, 479], [1326, 479], [1345, 479], [1346, 479], [1347, 479], [1348, 479], [1278, 480], [1279, 480], [1280, 480], [1299, 480], [1300, 480], [1301, 480], [1302, 480], [1324, 480], [1325, 480], [1326, 480], [1327, 480], [1346, 480], [1347, 480], [1348, 480], [1349, 480], [1278, 481], [1279, 481], [1280, 481], [1281, 481], [1300, 481], [1301, 481], [1302, 481], [1303, 481], [1325, 481], [1326, 481], [1327, 481], [1328, 481], [1347, 481], [1348, 481], [1349, 481], [1350, 481], [1279, 482], [1280, 482], [1281, 482], [1282, 482], [1301, 482], [1302, 482], [1303, 482], [1304, 482], [1326, 482], [1327, 482], [1328, 482], [1329, 482], [1348, 482], [1349, 482], [1350, 482], [1351, 482], [1280, 483], [1281, 483], [1282, 483], [1283, 483], [1302, 483], [1303, 483], [1304, 483], [1305, 483], [1327, 483], [1328, 483], [1329, 483], [1330, 483], [1349, 483], [1350, 483], [1351, 483], [1352, 483], [1353, 483], [1281, 484], [1282, 484], [1283, 484], [1284, 484], [1303, 484], [1304, 484], [1305, 484], [1306, 484], [1328, 484], [1329, 484], [1330, 484], [1331, 484], [1350, 484], [1351, 484], [1352, 484], [1353, 484], [1354, 484], [1282, 485], [1283, 485], [1284, 485], [1285, 485], [1304, 485], [1305, 485], [1306, 485], [1307, 485], [1329, 485], [1330, 485], [1331, 485], [1332, 485], [1352, 485], [1353, 485], [1354, 485], [1355, 485], [1283, 486], [1284, 486], [1285, 486], [1286, 486], [1305, 486], [1306, 486], [1307, 486], [1308, 486], [1330, 486], [1331, 486], [1332, 486], [1333, 486], [1353, 486], [1354, 486], [1355, 486], [1356, 486], [1284, 487], [1285, 487], [1286, 487], [1287, 487], [1306, 487], [1307, 487], [1308, 487], [1309, 487], [1331, 487], [1332, 487], [1333, 487], [1334, 487], [1354, 487], [1355, 487], [1356, 487], [1357, 487], [1285, 488], [1286, 488], [1287, 488], [1288, 488], [1307, 488], [1308, 488], [1309, 488], [1310, 488], [1332, 488], [1333, 488], [1334, 488], [1335, 488], [1336, 488], [1355, 488], [1356, 488], [1357, 488], [1358, 488], [1286, 489], [1287, 489], [1288, 489], [1289, 489], [1308, 489], [1309, 489], [1310, 489], [1311, 489], [1333, 489], [1334, 489], [1335, 489], [1336, 489], [1337, 489], [1356, 489], [1357, 489], [1358, 489], [1359, 489], [1287, 490], [1288, 490], [1289, 490], [1309, 490], [1310, 490], [1311, 490], [1312, 490], [1335, 490], [1336, 490], [1337, 490], [1338, 490], [1357, 490], [1358, 490], [1359, 490], [1360, 490], [1288, 491], [1289, 491], [1290, 491], [1310, 491], [1311, 491], [1312, 491], [1313, 491], [1336, 491], [1337, 491], [1338, 491], [1339, 491], [1358, 491], [1359, 491], [1360, 491], [1361, 491], [1288, 492], [1289, 492], [1290, 492], [1291, 492], [1311, 492], [1312, 492], [1313, 492], [1314, 492], [1337, 492], [1338, 492], [1339, 492], [1359, 492], [1360, 492], [1361, 492], [1362, 492], [1289, 493], [1290, 493], [1291, 493], [1292, 493], [1312, 493], [1313, 493], [1314, 493], [1315, 493], [1338, 493], [1339, 493], [1340, 493], [1360, 493], [1361, 493], [1362, 493], [1290, 494], [1291, 494], [1292, 494], [1293, 494], [1313, 494], [1314, 494], [1315, 494], [1316, 494], [1338, 494], [1339, 494], [1340, 494], [1341, 494], [1361, 494], [1362, 494], [1363, 494], [1364, 494], [1291, 495], [1292, 495], [1293, 495], [1294, 495], [1314, 495], [1315, 495], [1316, 495], [1317, 495], [1339, 495], [1340, 495], [1341, 495], [1342, 495], [1353, 495], [1354, 495], [1355, 495], [1356, 495], [1357, 495], [1358, 495], [1361, 495], [1362, 495], [1363, 495], [1364, 495], [1365, 495], [1292, 496], [1293, 496], [1294, 496], [1295, 496], [1315, 496], [1316, 496], [1317, 496], [1318, 496], [1340, 496], [1341, 496], [1342, 496], [1343, 496], [1344, 496], [1351, 496], [1352, 496], [1353, 496], [1354, 496], [1355, 496], [1356, 496], [1357, 496], [1358, 496], [1363, 496], [1364, 496], [1365, 496], [1366, 496], [1293, 497], [1294, 497], [1295, 497], [1316, 497], [1317, 497], [1318, 497], [1319, 497], [1341, 497], [1342, 497], [1343, 497], [1344, 497], [1345, 497], [1351, 497], [1352, 497], [1353, 497], [1354, 497], [1355, 497], [1356, 497], [1357, 497], [1358, 497], [1359, 497], [1364, 497], [1365, 497], [1366, 497], [1367, 497], [1294, 498], [1295, 498], [1296, 498], [1297, 498], [1317, 498], [1318, 498], [1319, 498], [1320, 498], [1343, 498], [1344, 498], [1345, 498], [1351, 498], [1352, 498], [1353, 498], [1357, 498], [1358, 498], [1359, 498], [1360, 498], [1365, 498], [1366, 498], [1367, 498], [1368, 498], [1294, 499], [1295, 499], [1296, 499], [1297, 499], [1298, 499], [1318, 499], [1319, 499], [1320, 499], [1321, 499], [1344, 499], [1345, 499], [1346, 499], [1347, 499], [1351, 499], [1352, 499], [1353, 499], [1354, 499], [1355, 499], [1356, 499], [1357, 499], [1358, 499], [1359, 499], [1360, 499], [1361, 499], [1366, 499], [1367, 499], [1368, 499], [1369, 499], [1296, 500], [1297, 500], [1298, 500], [1319, 500], [1320, 500], [1321, 500], [1322, 500], [1344, 500], [1345, 500], [1346, 500], [1347, 500], [1348, 500], [1352, 500], [1353, 500], [1354, 500], [1355, 500], [1356, 500], [1357, 500], [1359, 500], [1360, 500], [1361, 500], [1362, 500], [1363, 500], [1364, 500], [1367, 500], [1368, 500], [1369, 500], [1370, 500], [1297, 501], [1298, 501], [1299, 501], [1320, 501], [1321, 501], [1322, 501], [1346, 501], [1347, 501], [1348, 501], [1356, 501], [1357, 501], [1360, 501], [1361, 501], [1362, 501], [1363, 501], [1364, 501], [1365, 501], [1368, 501], [1369, 501], [1370, 501], [1371, 501], [1372, 501], [1297, 502], [1298, 502], [1299, 502], [1300, 502], [1321, 502], [1322, 502], [1323, 502], [1347, 502], [1348, 502], [1349, 502], [1356, 502], [1357, 502], [1358, 502], [1363, 502], [1364, 502], [1365, 502], [1369, 502], [1370, 502], [1371, 502], [1372, 502], [1373, 502], [1298, 503], [1299, 503], [1300, 503], [1301, 503], [1321, 503], [1322, 503], [1323, 503], [1324, 503], [1347, 503], [1348, 503], [1349, 503], [1350, 503], [1351, 503], [1356, 503], [1357, 503], [1358, 503], [1364, 503], [1365, 503], [1366, 503], [1371, 503], [1372, 503], [1373, 503], [1299, 504], [1300, 504], [1301, 504], [1302, 504], [1322, 504], [1323, 504], [1324, 504], [1325, 504], [1348, 504], [1349, 504], [1350, 504], [1351, 504], [1357, 504], [1358, 504], [1359, 504], [1360, 504], [1364, 504], [1365, 504], [1366, 504], [1372, 504], [1373, 504], [1374, 504], [1300, 505], [1301, 505], [1302, 505], [1303, 505], [1323, 505], [1324, 505], [1325, 505], [1326, 505], [1350, 505], [1351, 505], [1352, 505], [1357, 505], [1358, 505], [1359, 505], [1360, 505], [1361, 505], [1362, 505], [1365, 505], [1366, 505], [1372, 505], [1373, 505], [1374, 505], [1375, 505], [1376, 505], [1301, 506], [1302, 506], [1303, 506], [1324, 506], [1325, 506], [1326, 506], [1327, 506], [1350, 506], [1351, 506], [1352, 506], [1353, 506], [1359, 506], [1360, 506], [1361, 506], [1362, 506], [1365, 506], [1366, 506], [1367, 506], [1368, 506], [1373, 506], [1374, 506], [1375, 506], [1376, 506], [1377, 506], [1302, 507], [1303, 507], [1304, 507], [1325, 507], [1326, 507], [1327, 507], [1328, 507], [1351, 507], [1352, 507], [1353, 507], [1354, 507], [1361, 507], [1362, 507], [1363, 507], [1365, 507], [1366, 507], [1367, 507], [1368, 507], [1369, 507], [1375, 507], [1376, 507], [1377, 507], [1378, 507], [1302, 508], [1303, 508], [1304, 508], [1305, 508], [1326, 508], [1327, 508], [1328, 508], [1352, 508], [1353, 508], [1354, 508], [1355, 508], [1361, 508], [1362, 508], [1363, 508], [1364, 508], [1365, 508], [1366, 508], [1367, 508], [1368, 508], [1369, 508], [1376, 508], [1377, 508], [1378, 508], [1379, 508], [1303, 509], [1304, 509], [1305, 509], [1306, 509], [1327, 509], [1328, 509], [1329, 509], [1353, 509], [1354, 509], [1355, 509], [1356, 509], [1362, 509], [1363, 509], [1364, 509], [1365, 509], [1366, 509], [1367, 509], [1368, 509], [1369, 509], [1370, 509], [1371, 509], [1372, 509], [1377, 509], [1378, 509], [1379, 509], [1380, 509], [1304, 510], [1305, 510], [1306, 510], [1307, 510], [1327, 510], [1328, 510], [1329, 510], [1330, 510], [1354, 510], [1355, 510], [1356, 510], [1357, 510], [1365, 510], [1366, 510], [1367, 510], [1368, 510], [1369, 510], [1370, 510], [1371, 510], [1372, 510], [1373, 510], [1378, 510], [1379, 510], [1380, 510], [1381, 510], [1305, 511], [1306, 511], [1307, 511], [1308, 511], [1328, 511], [1329, 511], [1330, 511], [1331, 511], [1355, 511], [1356, 511], [1357, 511], [1358, 511], [1366, 511], [1367, 511], [1369, 511], [1370, 511], [1371, 511], [1372, 511], [1373, 511], [1374, 511], [1375, 511], [1379, 511], [1380, 511], [1381, 511], [1382, 511], [1306, 512], [1307, 512], [1308, 512], [1309, 512], [1329, 512], [1330, 512], [1331, 512], [1332, 512], [1356, 512], [1357, 512], [1358, 512], [1359, 512], [1360, 512], [1367, 512], [1368, 512], [1369, 512], [1370, 512], [1371, 512], [1373, 512], [1374, 512], [1375, 512], [1380, 512], [1381, 512], [1382, 512], [1383, 512], [1384, 512], [1307, 513], [1308, 513], [1309, 513], [1310, 513], [1330, 513], [1331, 513], [1332, 513], [1333, 513], [1357, 513], [1358, 513], [1359, 513], [1360, 513], [1368, 513], [1369, 513], [1370, 513], [1371, 513], [1372, 513], [1373, 513], [1374, 513], [1376, 513], [1377, 513], [1381, 513], [1382, 513], [1383, 513], [1384, 513], [1385, 513], [1308, 514], [1309, 514], [1310, 514], [1311, 514], [1331, 514], [1332, 514], [1333, 514], [1334, 514], [1359, 514], [1360, 514], [1361, 514], [1362, 514], [1371, 514], [1372, 514], [1373, 514], [1375, 514], [1376, 514], [1377, 514], [1378, 514], [1383, 514], [1384, 514], [1385, 514], [1386, 514], [1309, 515], [1310, 515], [1311, 515], [1312, 515], [1322, 515], [1323, 515], [1324, 515], [1325, 515], [1326, 515], [1327, 515], [1328, 515], [1329, 515], [1332, 515], [1333, 515], [1334, 515], [1335, 515], [1336, 515], [1359, 515], [1360, 515], [1361, 515], [1362, 515], [1363, 515], [1371, 515], [1372, 515], [1374, 515], [1375, 515], [1376, 515], [1377, 515], [1378, 515], [1379, 515], [1384, 515], [1385, 515], [1386, 515], [1387, 515], [1310, 516], [1311, 516], [1312, 516], [1313, 516], [1315, 516], [1316, 516], [1317, 516], [1318, 516], [1319, 516], [1322, 516], [1323, 516], [1324, 516], [1325, 516], [1326, 516], [1327, 516], [1328, 516], [1329, 516], [1330, 516], [1333, 516], [1334, 516], [1335, 516], [1336, 516], [1361, 516], [1362, 516], [1363, 516], [1364, 516], [1372, 516], [1373, 516], [1374, 516], [1375, 516], [1377, 516], [1378, 516], [1379, 516], [1380, 516], [1381, 516], [1385, 516], [1386, 516], [1387, 516], [1388, 516], [1311, 517], [1312, 517], [1313, 517], [1314, 517], [1315, 517], [1316, 517], [1317, 517], [1318, 517], [1319, 517], [1320, 517], [1321, 517], [1322, 517], [1323, 517], [1324, 517], [1328, 517], [1329, 517], [1330, 517], [1331, 517], [1335, 517], [1336, 517], [1337, 517], [1362, 517], [1363, 517], [1364, 517], [1365, 517], [1372, 517], [1373, 517], [1374, 517], [1378, 517], [1379, 517], [1380, 517], [1381, 517], [1382, 517], [1383, 517], [1384, 517], [1386, 517], [1387, 517], [1388, 517], [1389, 517], [1312, 518], [1313, 518], [1314, 518], [1315, 518], [1316, 518], [1317, 518], [1318, 518], [1319, 518], [1320, 518], [1321, 518], [1322, 518], [1323, 518], [1324, 518], [1325, 518], [1329, 518], [1330, 518], [1331, 518], [1332, 518], [1335, 518], [1336, 518], [1337, 518], [1338, 518], [1363, 518], [1364, 518], [1365, 518], [1366, 518], [1371, 518], [1372, 518], [1373, 518], [1380, 518], [1381, 518], [1382, 518], [1383, 518], [1384, 518], [1385, 518], [1387, 518], [1388, 518], [1389, 518], [1313, 519], [1314, 519], [1315, 519], [1316, 519], [1317, 519], [1318, 519], [1319, 519], [1321, 519], [1322, 519], [1323, 519], [1324, 519], [1325, 519], [1326, 519], [1327, 519], [1328, 519], [1330, 519], [1331, 519], [1332, 519], [1336, 519], [1337, 519], [1338, 519], [1339, 519], [1364, 519], [1365, 519], [1366, 519], [1367, 519], [1371, 519], [1372, 519], [1373, 519], [1383, 519], [1384, 519], [1385, 519], [1386, 519], [1388, 519], [1389, 519], [1390, 519], [1391, 519], [1314, 520], [1315, 520], [1316, 520], [1317, 520], [1318, 520], [1319, 520], [1320, 520], [1321, 520], [1322, 520], [1323, 520], [1325, 520], [1326, 520], [1327, 520], [1328, 520], [1329, 520], [1330, 520], [1331, 520], [1332, 520], [1337, 520], [1338, 520], [1339, 520], [1340, 520], [1365, 520], [1366, 520], [1367, 520], [1368, 520], [1371, 520], [1372, 520], [1384, 520], [1385, 520], [1386, 520], [1388, 520], [1389, 520], [1390, 520], [1391, 520], [1392, 520], [1315, 521], [1316, 521], [1317, 521], [1319, 521], [1320, 521], [1321, 521], [1322, 521], [1323, 521], [1324, 521], [1325, 521], [1326, 521], [1328, 521], [1329, 521], [1330, 521], [1331, 521], [1338, 521], [1339, 521], [1340, 521], [1341, 521], [1366, 521], [1367, 521], [1368, 521], [1369, 521], [1371, 521], [1372, 521], [1373, 521], [1374, 521], [1375, 521], [1376, 521], [1377, 521], [1378, 521], [1379, 521], [1385, 521], [1386, 521], [1387, 521], [1388, 521], [1390, 521], [1391, 521], [1392, 521], [1393, 521], [1316, 522], [1317, 522], [1318, 522], [1319, 522], [1321, 522], [1322, 522], [1323, 522], [1324, 522], [1325, 522], [1326, 522], [1327, 522], [1328, 522], [1329, 522], [1330, 522], [1331, 522], [1339, 522], [1340, 522], [1341, 522], [1342, 522], [1367, 522], [1368, 522], [1369, 522], [1370, 522], [1372, 522], [1373, 522], [1374, 522], [1375, 522], [1376, 522], [1377, 522], [1378, 522], [1379, 522], [1380, 522], [1385, 522], [1386, 522], [1387, 522], [1388, 522], [1389, 522], [1391, 522], [1392, 522], [1393, 522], [1394, 522], [1317, 523], [1318, 523], [1319, 523], [1322, 523], [1323, 523], [1324, 523], [1325, 523], [1326, 523], [1327, 523], [1328, 523], [1329, 523], [1330, 523], [1331, 523], [1340, 523], [1341, 523], [1342, 523], [1343, 523], [1368, 523], [1369, 523], [1370, 523], [1371, 523], [1372, 523], [1373, 523], [1374, 523], [1375, 523], [1378, 523], [1379, 523], [1380, 523], [1381, 523], [1387, 523], [1388, 523], [1389, 523], [1390, 523], [1391, 523], [1392, 523], [1393, 523], [1394, 523], [1318, 524], [1319, 524], [1320, 524], [1323, 524], [1324, 524], [1325, 524], [1326, 524], [1327, 524], [1328, 524], [1329, 524], [1330, 524], [1331, 524], [1332, 524], [1333, 524], [1334, 524], [1335, 524], [1341, 524], [1342, 524], [1343, 524], [1344, 524], [1370, 524], [1371, 524], [1372, 524], [1379, 524], [1380, 524], [1381, 524], [1388, 524], [1389, 524], [1390, 524], [1391, 524], [1392, 524], [1393, 524], [1394, 524], [1395, 524], [1396, 524], [1318, 525], [1319, 525], [1320, 525], [1321, 525], [1324, 525], [1325, 525], [1326, 525], [1329, 525], [1330, 525], [1331, 525], [1332, 525], [1333, 525], [1334, 525], [1335, 525], [1336, 525], [1342, 525], [1343, 525], [1344, 525], [1345, 525], [1370, 525], [1371, 525], [1372, 525], [1373, 525], [1380, 525], [1381, 525], [1382, 525], [1383, 525], [1390, 525], [1391, 525], [1392, 525], [1394, 525], [1395, 525], [1396, 525], [1397, 525], [1319, 526], [1320, 526], [1321, 526], [1322, 526], [1325, 526], [1326, 526], [1334, 526], [1335, 526], [1336, 526], [1343, 526], [1344, 526], [1345, 526], [1346, 526], [1371, 526], [1372, 526], [1373, 526], [1374, 526], [1380, 526], [1381, 526], [1382, 526], [1383, 526], [1384, 526], [1391, 526], [1392, 526], [1393, 526], [1394, 526], [1395, 526], [1396, 526], [1397, 526], [1398, 526], [1320, 527], [1321, 527], [1322, 527], [1323, 527], [1325, 527], [1326, 527], [1327, 527], [1328, 527], [1329, 527], [1330, 527], [1331, 527], [1332, 527], [1334, 527], [1335, 527], [1336, 527], [1344, 527], [1345, 527], [1346, 527], [1347, 527], [1372, 527], [1373, 527], [1374, 527], [1375, 527], [1382, 527], [1383, 527], [1384, 527], [1392, 527], [1393, 527], [1394, 527], [1395, 527], [1396, 527], [1397, 527], [1398, 527], [1399, 527], [1321, 528], [1322, 528], [1323, 528], [1324, 528], [1325, 528], [1326, 528], [1327, 528], [1328, 528], [1329, 528], [1330, 528], [1331, 528], [1332, 528], [1333, 528], [1334, 528], [1335, 528], [1345, 528], [1346, 528], [1347, 528], [1348, 528], [1373, 528], [1374, 528], [1375, 528], [1376, 528], [1383, 528], [1384, 528], [1385, 528], [1393, 528], [1394, 528], [1395, 528], [1396, 528], [1397, 528], [1398, 528], [1399, 528], [1400, 528], [1322, 529], [1323, 529], [1324, 529], [1325, 529], [1331, 529], [1332, 529], [1333, 529], [1334, 529], [1335, 529], [1340, 529], [1341, 529], [1342, 529], [1343, 529], [1344, 529], [1345, 529], [1346, 529], [1347, 529], [1348, 529], [1374, 529], [1375, 529], [1376, 529], [1377, 529], [1383, 529], [1384, 529], [1385, 529], [1394, 529], [1395, 529], [1396, 529], [1397, 529], [1398, 529], [1399, 529], [1400, 529], [1323, 530], [1324, 530], [1325, 530], [1326, 530], [1332, 530], [1333, 530], [1334, 530], [1340, 530], [1341, 530], [1342, 530], [1343, 530], [1344, 530], [1345, 530], [1346, 530], [1347, 530], [1348, 530], [1349, 530], [1375, 530], [1376, 530], [1377, 530], [1378, 530], [1384, 530], [1385, 530], [1386, 530], [1395, 530], [1396, 530], [1397, 530], [1398, 530], [1399, 530], [1400, 530], [1401, 530], [1402, 530], [1403, 530], [1324, 531], [1325, 531], [1326, 531], [1327, 531], [1340, 531], [1341, 531], [1344, 531], [1345, 531], [1346, 531], [1348, 531], [1349, 531], [1350, 531], [1376, 531], [1377, 531], [1378, 531], [1379, 531], [1384, 531], [1385, 531], [1386, 531], [1399, 531], [1400, 531], [1401, 531], [1402, 531], [1403, 531], [1404, 531], [1325, 532], [1326, 532], [1327, 532], [1331, 532], [1332, 532], [1333, 532], [1334, 532], [1340, 532], [1341, 532], [1342, 532], [1345, 532], [1346, 532], [1347, 532], [1349, 532], [1350, 532], [1351, 532], [1377, 532], [1378, 532], [1379, 532], [1380, 532], [1385, 532], [1386, 532], [1387, 532], [1399, 532], [1400, 532], [1401, 532], [1402, 532], [1403, 532], [1404, 532], [1326, 533], [1327, 533], [1328, 533], [1330, 533], [1331, 533], [1332, 533], [1333, 533], [1334, 533], [1335, 533], [1336, 533], [1340, 533], [1341, 533], [1342, 533], [1346, 533], [1347, 533], [1348, 533], [1350, 533], [1351, 533], [1352, 533], [1378, 533], [1379, 533], [1380, 533], [1385, 533], [1386, 533], [1387, 533], [1388, 533], [1399, 533], [1400, 533], [1401, 533], [1402, 533], [1403, 533], [1404, 533], [1405, 533], [1326, 534], [1327, 534], [1328, 534], [1329, 534], [1330, 534], [1331, 534], [1332, 534], [1333, 534], [1334, 534], [1335, 534], [1336, 534], [1337, 534], [1338, 534], [1339, 534], [1340, 534], [1341, 534], [1342, 534], [1347, 534], [1348, 534], [1349, 534], [1351, 534], [1352, 534], [1353, 534], [1379, 534], [1380, 534], [1381, 534], [1382, 534], [1386, 534], [1387, 534], [1388, 534], [1400, 534], [1401, 534], [1402, 534], [1403, 534], [1404, 534], [1405, 534], [1406, 534], [1327, 535], [1328, 535], [1329, 535], [1330, 535], [1331, 535], [1335, 535], [1336, 535], [1337, 535], [1338, 535], [1339, 535], [1340, 535], [1341, 535], [1348, 535], [1349, 535], [1350, 535], [1352, 535], [1353, 535], [1354, 535], [1379, 535], [1380, 535], [1381, 535], [1382, 535], [1383, 535], [1387, 535], [1388, 535], [1401, 535], [1402, 535], [1403, 535], [1404, 535], [1405, 535], [1406, 535], [1349, 536], [1350, 536], [1351, 536], [1353, 536], [1354, 536], [1355, 536], [1381, 536], [1382, 536], [1383, 536], [1384, 536], [1387, 536], [1388, 536], [1403, 536], [1404, 536], [1406, 536], [1407, 536], [1408, 536], [1409, 536], [1350, 537], [1351, 537], [1352, 537], [1354, 537], [1355, 537], [1382, 537], [1383, 537], [1384, 537], [1385, 537], [1387, 537], [1388, 537], [1389, 537], [1404, 537], [1405, 537], [1406, 537], [1407, 537], [1408, 537], [1409, 537], [1410, 537], [1351, 538], [1352, 538], [1353, 538], [1354, 538], [1355, 538], [1356, 538], [1383, 538], [1384, 538], [1385, 538], [1386, 538], [1388, 538], [1389, 538], [1390, 538], [1391, 538], [1404, 538], [1405, 538], [1408, 538], [1409, 538], [1410, 538], [1411, 538], [1352, 539], [1353, 539], [1354, 539], [1355, 539], [1356, 539], [1357, 539], [1358, 539], [1384, 539], [1385, 539], [1386, 539], [1387, 539], [1389, 539], [1390, 539], [1391, 539], [1404, 539], [1405, 539], [1406, 539], [1407, 539], [1408, 539], [1409, 539], [1410, 539], [1411, 539], [1412, 539], [1353, 540], [1354, 540], [1356, 540], [1357, 540], [1358, 540], [1386, 540], [1387, 540], [1388, 540], [1389, 540], [1390, 540], [1391, 540], [1392, 540], [1404, 540], [1405, 540], [1406, 540], [1407, 540], [1408, 540], [1409, 540], [1411, 540], [1412, 540], [1413, 540], [1353, 541], [1354, 541], [1355, 541], [1356, 541], [1357, 541], [1358, 541], [1359, 541], [1387, 541], [1388, 541], [1389, 541], [1390, 541], [1391, 541], [1392, 541], [1393, 541], [1407, 541], [1408, 541], [1409, 541], [1410, 541], [1412, 541], [1413, 541], [1414, 541], [1336, 542], [1337, 542], [1338, 542], [1354, 542], [1355, 542], [1356, 542], [1357, 542], [1358, 542], [1359, 542], [1360, 542], [1388, 542], [1389, 542], [1390, 542], [1392, 542], [1393, 542], [1394, 542], [1409, 542], [1410, 542], [1411, 542], [1413, 542], [1414, 542], [1415, 542], [1336, 543], [1337, 543], [1338, 543], [1339, 543], [1340, 543], [1355, 543], [1356, 543], [1358, 543], [1359, 543], [1360, 543], [1361, 543], [1388, 543], [1389, 543], [1390, 543], [1391, 543], [1393, 543], [1394, 543], [1395, 543], [1396, 543], [1410, 543], [1411, 543], [1412, 543], [1413, 543], [1414, 543], [1415, 543], [1416, 543], [1336, 544], [1337, 544], [1338, 544], [1339, 544], [1340, 544], [1341, 544], [1342, 544], [1355, 544], [1356, 544], [1359, 544], [1360, 544], [1361, 544], [1362, 544], [1390, 544], [1391, 544], [1392, 544], [1393, 544], [1394, 544], [1395, 544], [1396, 544], [1397, 544], [1398, 544], [1399, 544], [1411, 544], [1412, 544], [1413, 544], [1414, 544], [1415, 544], [1416, 544], [1417, 544], [1336, 545], [1337, 545], [1338, 545], [1340, 545], [1341, 545], [1342, 545], [1343, 545], [1344, 545], [1345, 545], [1346, 545], [1347, 545], [1355, 545], [1356, 545], [1357, 545], [1358, 545], [1360, 545], [1361, 545], [1362, 545], [1363, 545], [1364, 545], [1391, 545], [1392, 545], [1393, 545], [1395, 545], [1396, 545], [1397, 545], [1398, 545], [1399, 545], [1400, 545], [1413, 545], [1414, 545], [1415, 545], [1416, 545], [1417, 545], [1337, 546], [1338, 546], [1339, 546], [1340, 546], [1341, 546], [1342, 546], [1343, 546], [1344, 546], [1345, 546], [1346, 546], [1347, 546], [1355, 546], [1356, 546], [1357, 546], [1358, 546], [1359, 546], [1360, 546], [1361, 546], [1362, 546], [1363, 546], [1364, 546], [1365, 546], [1391, 546], [1392, 546], [1393, 546], [1394, 546], [1398, 546], [1399, 546], [1400, 546], [1401, 546], [1415, 546], [1416, 546], [1417, 546], [1338, 547], [1339, 547], [1340, 547], [1341, 547], [1342, 547], [1343, 547], [1344, 547], [1345, 547], [1346, 547], [1347, 547], [1357, 547], [1358, 547], [1359, 547], [1360, 547], [1361, 547], [1362, 547], [1363, 547], [1364, 547], [1365, 547], [1366, 547], [1392, 547], [1393, 547], [1394, 547], [1395, 547], [1399, 547], [1400, 547], [1401, 547], [1402, 547], [1403, 547], [1404, 547], [1339, 548], [1340, 548], [1341, 548], [1342, 548], [1344, 548], [1345, 548], [1346, 548], [1359, 548], [1360, 548], [1361, 548], [1362, 548], [1363, 548], [1364, 548], [1365, 548], [1366, 548], [1393, 548], [1394, 548], [1395, 548], [1396, 548], [1400, 548], [1401, 548], [1402, 548], [1403, 548], [1404, 548], [1340, 549], [1341, 549], [1342, 549], [1343, 549], [1344, 549], [1345, 549], [1346, 549], [1361, 549], [1362, 549], [1363, 549], [1364, 549], [1365, 549], [1366, 549], [1367, 549], [1394, 549], [1395, 549], [1396, 549], [1397, 549], [1402, 549], [1403, 549], [1404, 549], [1341, 550], [1342, 550], [1343, 550], [1344, 550], [1345, 550], [1346, 550], [1362, 550], [1363, 550], [1364, 550], [1366, 550], [1367, 550], [1368, 550], [1395, 550], [1396, 550], [1397, 550], [1398, 550], [1402, 550], [1403, 550], [1404, 550], [1343, 551], [1344, 551], [1345, 551], [1346, 551], [1347, 551], [1363, 551], [1364, 551], [1365, 551], [1367, 551], [1368, 551], [1369, 551], [1396, 551], [1397, 551], [1398, 551], [1399, 551], [1402, 551], [1403, 551], [1404, 551], [1344, 552], [1345, 552], [1346, 552], [1347, 552], [1364, 552], [1365, 552], [1366, 552], [1368, 552], [1369, 552], [1370, 552], [1397, 552], [1398, 552], [1399, 552], [1400, 552], [1401, 552], [1403, 552], [1404, 552], [1344, 553], [1345, 553], [1346, 553], [1347, 553], [1365, 553], [1366, 553], [1367, 553], [1369, 553], [1370, 553], [1371, 553], [1398, 553], [1399, 553], [1400, 553], [1401, 553], [1402, 553], [1403, 553], [1404, 553], [1345, 554], [1346, 554], [1347, 554], [1366, 554], [1367, 554], [1368, 554], [1370, 554], [1371, 554], [1372, 554], [1400, 554], [1401, 554], [1402, 554], [1403, 554], [1404, 554], [1405, 554], [1406, 554], [1352, 555], [1353, 555], [1354, 555], [1355, 555], [1367, 555], [1368, 555], [1369, 555], [1371, 555], [1372, 555], [1401, 555], [1402, 555], [1403, 555], [1404, 555], [1405, 555], [1406, 555], [1407, 555], [1350, 556], [1351, 556], [1352, 556], [1353, 556], [1354, 556], [1355, 556], [1368, 556], [1369, 556], [1370, 556], [1371, 556], [1372, 556], [1402, 556], [1403, 556], [1404, 556], [1405, 556], [1406, 556], [1407, 556], [1408, 556], [1350, 557], [1351, 557], [1352, 557], [1354, 557], [1355, 557], [1369, 557], [1370, 557], [1371, 557], [1372, 557], [1403, 557], [1404, 557], [1405, 557], [1407, 557], [1408, 557], [1409, 557], [1411, 557], [1412, 557], [1413, 557], [1414, 557], [1350, 558], [1351, 558], [1352, 558], [1353, 558], [1354, 558], [1355, 558], [1370, 558], [1371, 558], [1372, 558], [1403, 558], [1404, 558], [1405, 558], [1406, 558], [1408, 558], [1409, 558], [1410, 558], [1411, 558], [1412, 558], [1413, 558], [1414, 558], [1350, 559], [1351, 559], [1352, 559], [1353, 559], [1354, 559], [1405, 559], [1406, 559], [1407, 559], [1409, 559], [1410, 559], [1411, 559], [1412, 559], [1413, 559], [1414, 559], [1352, 560], [1353, 560], [1354, 560], [1355, 560], [1406, 560], [1407, 560], [1408, 560], [1409, 560], [1410, 560], [1413, 560], [1414, 560], [1415, 560], [1416, 560], [1353, 561], [1355, 561], [1407, 561], [1408, 561], [1409, 561], [1410, 561], [1411, 561], [1413, 561], [1414, 561], [1415, 561], [1416, 561], [1353, 562], [1354, 562], [1355, 562], [1409, 562], [1410, 562], [1411, 562], [1415, 562], [1416, 562], [1417, 562], [1355, 563], [1356, 563], [1357, 563], [1410, 563], [1411, 563], [1412, 563], [1415, 563], [1416, 563], [1417, 563], [1355, 564], [1357, 564], [1410, 564], [1411, 564], [1412, 564], [1413, 564], [1416, 564], [1417, 564], [1418, 564], [1355, 565], [1356, 565], [1357, 565], [1411, 565], [1412, 565], [1413, 565], [1414, 565], [1416, 565], [1417, 565], [1418, 565], [1412, 566], [1413, 566], [1414, 566], [1415, 566], [1417, 566], [1418, 566], [1419, 566], [1413, 567], [1414, 567], [1415, 567], [1416, 567], [1417, 567], [1418, 567], [1419, 567], [1414, 568], [1415, 568], [1416, 568], [1417, 568], [1418, 568], [1419, 568], [1420, 568], [1415, 569], [1416, 569], [1417, 569], [1418, 569], [1419, 569], [1420, 569], [1417, 570], [1418, 570], [1419, 570], [1420, 570], [1421, 570], [1418, 571], [1419, 571], [1421, 571], [1422, 571], [1423, 571], [1419, 572], [1420, 572], [1421, 572], [1422, 572], [1423, 572], [1424, 572], [1420, 573], [1421, 573], [1422, 573], [1423, 573], [1424, 573], [1421, 574], [1422, 574], [1423, 574], [1424, 574], [1421, 575], [1422, 575], [1423, 575], [1424, 575], [1427, 579], [1428, 579], [1429, 579], [1430, 579], [1427, 580], [1428, 580], [1429, 580], [1430, 580], [1431, 580], [1432, 580], [1433, 580], [1427, 581], [1428, 581], [1429, 581], [1430, 581], [1431, 581], [1432, 581], [1433, 581], [1429, 582], [1430, 582], [1431, 582], [1432, 582], [1433, 582], [1430, 583], [1431, 583], [1433, 583], [1434, 583], [1432, 584], [1433, 584], [1434, 584], [1435, 584], [1432, 585], [1433, 585], [1435, 585], [1436, 585], [1437, 585], [1433, 586], [1434, 586], [1435, 586], [1436, 586], [1437, 586], [1438, 586], [1434, 587], [1435, 587], [1437, 587], [1438, 587], [1434, 588], [1435, 588], [1436, 588], [1437, 588], [1438, 588], [1435, 589], [1436, 589], [1437, 589], [1438, 589]


