White line left - 




Yellow line left - [1194, 708], [1195, 708], [1196, 708], [1197, 708], [1198, 708], [1199, 708], [1193, 709], [1194, 709], [1195, 709], [1196, 709], [1197, 709], [1198, 709], [1199, 709], [1200, 709], [1192, 710], [1193, 710], [1194, 710], [1195, 710], [1198, 710], [1199, 710], [1200, 710], [1192, 711], [1193, 711], [1194, 711], [1198, 711], [1199, 711], [1200, 711], [1192, 712], [1193, 712], [1194, 712], [1198, 712], [1199, 712], [1192, 713], [1193, 713], [1194, 713], [1197, 713], [1198, 713], [1199, 713], [1192, 714], [1193, 714], [1194, 714], [1197, 714], [1198, 714], [1199, 714], [1192, 715], [1193, 715], [1194, 715], [1197, 715], [1198, 715], [1199, 715], [1193, 716], [1194, 716], [1195, 716], [1196, 716], [1197, 716], [1198, 716], [1199, 716], [1193, 717], [1194, 717], [1195, 717], [1196, 717], [1198, 717], [1199, 717], [1200, 717], [1194, 718], [1195, 718], [1196, 718], [1197, 718], [1198, 718], [1199, 718], [1200, 718], [1201, 718], [1202, 718], [1203, 718], [1195, 719], [1196, 719], [1197, 719], [1199, 719], [1200, 719], [1201, 719], [1202, 719], [1203, 719], [1204, 719], [1205, 719], [1195, 720], [1196, 720], [1197, 720], [1202, 720], [1203, 720], [1204, 720], [1205, 720], [1195, 721], [1196, 721], [1197, 721], [1204, 721], [1205, 721], [1206, 721], [1195, 722], [1196, 722], [1197, 722], [1204, 722], [1205, 722], [1206, 722], [1196, 723], [1197, 723], [1204, 723], [1205, 723], [1206, 723], [1207, 723], [1196, 724], [1197, 724], [1198, 724], [1204, 724], [1205, 724], [1206, 724], [1207, 724], [1196, 725], [1197, 725], [1198, 725], [1205, 725], [1206, 725], [1207, 725], [1197, 726], [1198, 726], [1199, 726], [1200, 726], [1205, 726], [1206, 726], [1207, 726], [1197, 727], [1198, 727], [1199, 727], [1200, 727], [1201, 727], [1202, 727], [1205, 727], [1206, 727], [1207, 727], [1199, 728], [1200, 728], [1201, 728], [1202, 728], [1203, 728], [1204, 728], [1205, 728], [1206, 728], [1207, 728], [1201, 729], [1202, 729], [1203, 729], [1204, 729], [1205, 729], [1206, 729], [1202, 730], [1203, 730], [1204, 730]




Yellow line right - [1229, 768], [1230, 768], [1231, 768], [1232, 768], [1229, 769], [1230, 769], [1231, 769], [1232, 769], [1229, 770], [1230, 770], [1231, 770], [1232, 770], [1229, 771], [1230, 771], [1231, 771], [1232, 771], [1233, 771], [1230, 772], [1231, 772], [1232, 772], [1233, 772], [1245, 772], [1246, 772], [1247, 772], [1231, 773], [1232, 773], [1233, 773], [1245, 773], [1246, 773], [1247, 773], [1248, 773], [1245, 774], [1246, 774], [1247, 774], [1248, 774], [1246, 775], [1247, 775], [1248, 775], [1249, 775], [1245, 776], [1246, 776], [1247, 776], [1248, 776], [1249, 776], [1250, 776], [1243, 777], [1244, 777], [1245, 777], [1246, 777], [1247, 777], [1248, 777], [1249, 777], [1250, 777], [1251, 777], [1243, 778], [1244, 778], [1245, 778], [1246, 778], [1249, 778], [1250, 778], [1251, 778], [1243, 779], [1244, 779], [1250, 779], [1251, 779], [1243, 780], [1244, 780], [1250, 780], [1251, 780], [1252, 780], [1240, 781], [1241, 781], [1242, 781], [1243, 781], [1244, 781], [1245, 781], [1250, 781], [1251, 781], [1252, 781], [1239, 782], [1240, 782], [1241, 782], [1242, 782], [1243, 782], [1244, 782], [1245, 782], [1246, 782], [1251, 782], [1252, 782], [1253, 782], [1239, 783], [1240, 783], [1241, 783], [1242, 783], [1243, 783], [1244, 783], [1245, 783], [1246, 783], [1251, 783], [1252, 783], [1253, 783], [1254, 783], [1255, 783], [1256, 783], [1239, 784], [1240, 784], [1243, 784], [1244, 784], [1245, 784], [1246, 784], [1251, 784], [1252, 784], [1253, 784], [1254, 784], [1255, 784], [1256, 784], [1257, 784], [1258, 784], [1259, 784], [1260, 784], [1239, 785], [1240, 785], [1241, 785], [1242, 785], [1251, 785], [1252, 785], [1253, 785], [1254, 785], [1256, 785], [1257, 785], [1258, 785], [1259, 785], [1260, 785], [1239, 786], [1240, 786], [1241, 786], [1242, 786], [1243, 786], [1251, 786], [1252, 786], [1253, 786], [1254, 786], [1255, 786], [1256, 786], [1257, 786], [1258, 786], [1259, 786], [1260, 786], [1239, 787], [1240, 787], [1241, 787], [1242, 787], [1243, 787], [1244, 787], [1251, 787], [1252, 787], [1253, 787], [1254, 787], [1256, 787], [1257, 787], [1258, 787], [1259, 787], [1260, 787], [1242, 788], [1243, 788], [1244, 788], [1251, 788], [1252, 788], [1253, 788], [1254, 788], [1255, 788], [1256, 788], [1257, 788], [1258, 788], [1259, 788], [1260, 788], [1169, 789], [1170, 789], [1171, 789], [1243, 789], [1244, 789], [1245, 789], [1246, 789], [1250, 789], [1251, 789], [1252, 789], [1253, 789], [1254, 789], [1255, 789], [1256, 789], [1257, 789], [1259, 789], [1260, 789], [1167, 790], [1168, 790], [1169, 790], [1170, 790], [1171, 790], [1172, 790], [1173, 790], [1174, 790], [1175, 790], [1243, 790], [1244, 790], [1245, 790], [1246, 790], [1247, 790], [1248, 790], [1249, 790], [1250, 790], [1251, 790], [1252, 790], [1255, 790], [1256, 790], [1257, 790], [1258, 790], [1259, 790], [1260, 790], [1261, 790], [1262, 790], [1263, 790], [1167, 791], [1168, 791], [1169, 791], [1171, 791], [1172, 791], [1173, 791], [1174, 791], [1175, 791], [1176, 791], [1177, 791], [1178, 791], [1179, 791], [1181, 791], [1182, 791], [1183, 791], [1243, 791], [1244, 791], [1245, 791], [1246, 791], [1247, 791], [1248, 791], [1249, 791], [1250, 791], [1251, 791], [1257, 791], [1258, 791], [1259, 791], [1260, 791], [1261, 791], [1262, 791], [1263, 791], [1167, 792], [1168, 792], [1169, 792], [1170, 792], [1171, 792], [1172, 792], [1173, 792], [1175, 792], [1176, 792], [1177, 792], [1178, 792], [1179, 792], [1180, 792], [1181, 792], [1182, 792], [1183, 792], [1184, 792], [1245, 792], [1246, 792], [1247, 792], [1248, 792], [1249, 792], [1250, 792], [1251, 792], [1257, 792], [1258, 792], [1259, 792], [1260, 792], [1261, 792], [1262, 792], [1263, 792], [1264, 792], [1167, 793], [1168, 793], [1169, 793], [1170, 793], [1171, 793], [1172, 793], [1173, 793], [1174, 793], [1175, 793], [1176, 793], [1177, 793], [1178, 793], [1179, 793], [1180, 793], [1181, 793], [1182, 793], [1183, 793], [1184, 793], [1245, 793], [1246, 793], [1247, 793], [1248, 793], [1257, 793], [1258, 793], [1259, 793], [1260, 793], [1261, 793], [1262, 793], [1263, 793], [1264, 793], [1173, 794], [1174, 794], [1175, 794], [1176, 794], [1177, 794], [1178, 794], [1179, 794], [1183, 794], [1184, 794], [1246, 794], [1247, 794], [1248, 794], [1249, 794], [1250, 794], [1251, 794], [1252, 794], [1257, 794], [1258, 794], [1259, 794], [1260, 794], [1261, 794], [1262, 794], [1263, 794], [1264, 794], [1173, 795], [1174, 795], [1175, 795], [1176, 795], [1177, 795], [1178, 795], [1179, 795], [1182, 795], [1183, 795], [1184, 795], [1245, 795], [1246, 795], [1247, 795], [1249, 795], [1251, 795], [1252, 795], [1176, 796], [1177, 796], [1178, 796], [1179, 796], [1182, 796], [1183, 796], [1184, 796], [1185, 796], [1245, 796], [1246, 796], [1247, 796], [1248, 796], [1249, 796], [1250, 796], [1251, 796], [1252, 796], [1263, 796], [1264, 796], [1265, 796], [1178, 797], [1179, 797], [1181, 797], [1182, 797], [1184, 797], [1185, 797], [1191, 797], [1192, 797], [1193, 797], [1194, 797], [1195, 797], [1245, 797], [1246, 797], [1247, 797], [1248, 797], [1262, 797], [1263, 797], [1264, 797], [1265, 797], [1266, 797], [1177, 798], [1178, 798], [1179, 798], [1181, 798], [1182, 798], [1183, 798], [1184, 798], [1185, 798], [1186, 798], [1187, 798], [1188, 798], [1189, 798], [1190, 798], [1191, 798], [1192, 798], [1193, 798], [1194, 798], [1195, 798], [1246, 798], [1248, 798], [1262, 798], [1263, 798], [1264, 798], [1265, 798], [1266, 798], [1267, 798], [1169, 799], [1170, 799], [1171, 799], [1177, 799], [1178, 799], [1179, 799], [1181, 799], [1182, 799], [1183, 799], [1184, 799], [1185, 799], [1186, 799], [1187, 799], [1188, 799], [1189, 799], [1190, 799], [1191, 799], [1192, 799], [1194, 799], [1195, 799], [1246, 799], [1247, 799], [1248, 799], [1262, 799], [1263, 799], [1264, 799], [1265, 799], [1266, 799], [1267, 799], [1268, 799], [1169, 800], [1170, 800], [1171, 800], [1172, 800], [1177, 800], [1178, 800], [1179, 800], [1180, 800], [1181, 800], [1182, 800], [1185, 800], [1186, 800], [1187, 800], [1188, 800], [1189, 800], [1190, 800], [1191, 800], [1194, 800], [1195, 800], [1196, 800], [1197, 800], [1249, 800], [1250, 800], [1251, 800], [1263, 800], [1264, 800], [1266, 800], [1267, 800], [1268, 800], [1168, 801], [1169, 801], [1170, 801], [1171, 801], [1172, 801], [1178, 801], [1179, 801], [1180, 801], [1181, 801], [1182, 801], [1183, 801], [1189, 801], [1190, 801], [1191, 801], [1194, 801], [1195, 801], [1196, 801], [1197, 801], [1198, 801], [1249, 801], [1250, 801], [1251, 801], [1262, 801], [1263, 801], [1264, 801], [1267, 801], [1268, 801], [1269, 801], [1270, 801], [1168, 802], [1169, 802], [1170, 802], [1171, 802], [1172, 802], [1178, 802], [1179, 802], [1180, 802], [1181, 802], [1182, 802], [1183, 802], [1184, 802], [1185, 802], [1186, 802], [1187, 802], [1194, 802], [1195, 802], [1196, 802], [1197, 802], [1198, 802], [1249, 802], [1250, 802], [1251, 802], [1260, 802], [1261, 802], [1262, 802], [1263, 802], [1264, 802], [1267, 802], [1268, 802], [1269, 802], [1270, 802], [1271, 802], [1168, 803], [1172, 803], [1180, 803], [1181, 803], [1182, 803], [1183, 803], [1184, 803], [1185, 803], [1186, 803], [1187, 803], [1188, 803], [1189, 803], [1190, 803], [1195, 803], [1196, 803], [1197, 803], [1198, 803], [1199, 803], [1249, 803], [1250, 803], [1252, 803], [1253, 803], [1254, 803], [1255, 803], [1258, 803], [1259, 803], [1260, 803], [1261, 803], [1262, 803], [1263, 803], [1267, 803], [1268, 803], [1269, 803], [1270, 803], [1271, 803], [1168, 804], [1170, 804], [1171, 804], [1172, 804], [1181, 804], [1182, 804], [1183, 804], [1184, 804], [1186, 804], [1187, 804], [1188, 804], [1189, 804], [1190, 804], [1197, 804], [1198, 804], [1199, 804], [1200, 804], [1251, 804], [1252, 804], [1253, 804], [1254, 804], [1255, 804], [1257, 804], [1258, 804], [1259, 804], [1260, 804], [1261, 804], [1262, 804], [1263, 804], [1267, 804], [1268, 804], [1269, 804], [1270, 804], [1271, 804], [1168, 805], [1169, 805], [1170, 805], [1187, 805], [1188, 805], [1189, 805], [1190, 805], [1198, 805], [1199, 805], [1200, 805], [1251, 805], [1252, 805], [1253, 805], [1254, 805], [1255, 805], [1256, 805], [1257, 805], [1258, 805], [1259, 805], [1267, 805], [1268, 805], [1269, 805], [1270, 805], [1271, 805], [1272, 805], [1188, 806], [1189, 806], [1190, 806], [1199, 806], [1200, 806], [1201, 806], [1252, 806], [1253, 806], [1254, 806], [1255, 806], [1256, 806], [1257, 806], [1258, 806], [1268, 806], [1269, 806], [1270, 806], [1271, 806], [1272, 806], [1273, 806], [1186, 807], [1187, 807], [1188, 807], [1189, 807], [1190, 807], [1199, 807], [1200, 807], [1201, 807], [1253, 807], [1254, 807], [1255, 807], [1256, 807], [1257, 807], [1268, 807], [1269, 807], [1270, 807], [1271, 807], [1272, 807], [1273, 807], [1184, 808], [1185, 808], [1186, 808], [1187, 808], [1188, 808], [1189, 808], [1200, 808], [1201, 808], [1253, 808], [1254, 808], [1256, 808], [1257, 808], [1268, 808], [1269, 808], [1270, 808], [1271, 808], [1272, 808], [1273, 808], [1184, 809], [1185, 809], [1186, 809], [1187, 809], [1200, 809], [1201, 809], [1202, 809], [1252, 809], [1253, 809], [1254, 809], [1255, 809], [1271, 809], [1272, 809], [1273, 809], [1274, 809], [1184, 810], [1185, 810], [1186, 810], [1200, 810], [1201, 810], [1202, 810], [1252, 810], [1253, 810], [1254, 810], [1255, 810], [1271, 810], [1272, 810], [1273, 810], [1274, 810], [1180, 811], [1181, 811], [1182, 811], [1183, 811], [1184, 811], [1185, 811], [1186, 811], [1201, 811], [1202, 811], [1203, 811], [1252, 811], [1253, 811], [1254, 811], [1255, 811], [1269, 811], [1270, 811], [1271, 811], [1272, 811], [1274, 811], [1180, 812], [1181, 812], [1182, 812], [1183, 812], [1184, 812], [1185, 812], [1201, 812], [1202, 812], [1203, 812], [1252, 812], [1253, 812], [1254, 812], [1255, 812], [1269, 812], [1270, 812], [1271, 812], [1272, 812], [1273, 812], [1274, 812], [1179, 813], [1180, 813], [1181, 813], [1182, 813], [1183, 813], [1202, 813], [1203, 813], [1204, 813], [1253, 813], [1254, 813], [1255, 813], [1269, 813], [1270, 813], [1271, 813], [1272, 813], [1273, 813], [1274, 813], [1178, 814], [1179, 814], [1180, 814], [1181, 814], [1202, 814], [1203, 814], [1204, 814], [1205, 814], [1253, 814], [1254, 814], [1255, 814], [1270, 814], [1271, 814], [1175, 815], [1176, 815], [1177, 815], [1178, 815], [1179, 815], [1181, 815], [1182, 815], [1203, 815], [1204, 815], [1205, 815], [1242, 815], [1243, 815], [1244, 815], [1245, 815], [1246, 815], [1247, 815], [1248, 815], [1249, 815], [1250, 815], [1251, 815], [1252, 815], [1253, 815], [1254, 815], [1255, 815], [1270, 815], [1271, 815], [1272, 815], [1175, 816], [1176, 816], [1177, 816], [1178, 816], [1179, 816], [1180, 816], [1181, 816], [1182, 816], [1183, 816], [1204, 816], [1205, 816], [1206, 816], [1238, 816], [1239, 816], [1240, 816], [1241, 816], [1242, 816], [1243, 816], [1244, 816], [1245, 816], [1246, 816], [1247, 816], [1248, 816], [1249, 816], [1250, 816], [1251, 816], [1252, 816], [1253, 816], [1254, 816], [1255, 816], [1270, 816], [1271, 816], [1272, 816], [1174, 817], [1175, 817], [1176, 817], [1180, 817], [1181, 817], [1182, 817], [1183, 817], [1204, 817], [1205, 817], [1206, 817], [1207, 817], [1233, 817], [1234, 817], [1235, 817], [1236, 817], [1237, 817], [1238, 817], [1239, 817], [1240, 817], [1241, 817], [1242, 817], [1243, 817], [1244, 817], [1245, 817], [1252, 817], [1253, 817], [1254, 817], [1271, 817], [1272, 817], [1174, 818], [1175, 818], [1176, 818], [1181, 818], [1182, 818], [1183, 818], [1205, 818], [1206, 818], [1207, 818], [1229, 818], [1230, 818], [1231, 818], [1232, 818], [1233, 818], [1234, 818], [1235, 818], [1236, 818], [1237, 818], [1238, 818], [1239, 818], [1271, 818], [1272, 818], [1273, 818], [1274, 818], [1174, 819], [1175, 819], [1176, 819], [1181, 819], [1182, 819], [1183, 819], [1206, 819], [1207, 819], [1208, 819], [1228, 819], [1229, 819], [1230, 819], [1231, 819], [1232, 819], [1233, 819], [1234, 819], [1271, 819], [1272, 819], [1273, 819], [1274, 819], [1275, 819], [1276, 819], [1277, 819], [1174, 820], [1175, 820], [1176, 820], [1177, 820], [1206, 820], [1207, 820], [1208, 820], [1227, 820], [1228, 820], [1229, 820], [1230, 820], [1273, 820], [1274, 820], [1275, 820], [1276, 820], [1277, 820], [1278, 820], [1279, 820], [1175, 821], [1176, 821], [1177, 821], [1207, 821], [1208, 821], [1209, 821], [1210, 821], [1226, 821], [1227, 821], [1228, 821], [1229, 821], [1273, 821], [1274, 821], [1275, 821], [1276, 821], [1277, 821], [1278, 821], [1279, 821], [1280, 821], [1281, 821], [1282, 821], [1283, 821], [1176, 822], [1177, 822], [1207, 822], [1208, 822], [1209, 822], [1210, 822], [1211, 822], [1225, 822], [1226, 822], [1227, 822], [1228, 822], [1274, 822], [1275, 822], [1276, 822], [1278, 822], [1279, 822], [1280, 822], [1281, 822], [1282, 822], [1283, 822], [1284, 822], [1176, 823], [1177, 823], [1178, 823], [1209, 823], [1210, 823], [1211, 823], [1224, 823], [1225, 823], [1226, 823], [1227, 823], [1279, 823], [1280, 823], [1281, 823], [1282, 823], [1283, 823], [1284, 823], [1285, 823], [1176, 824], [1177, 824], [1178, 824], [1179, 824], [1210, 824], [1211, 824], [1212, 824], [1223, 824], [1224, 824], [1225, 824], [1226, 824], [1283, 824], [1284, 824], [1285, 824], [1286, 824], [1287, 824], [1288, 824], [1177, 825], [1178, 825], [1179, 825], [1180, 825], [1210, 825], [1211, 825], [1212, 825], [1223, 825], [1224, 825], [1225, 825], [1284, 825], [1285, 825], [1286, 825], [1287, 825], [1288, 825], [1289, 825], [1290, 825], [1291, 825], [1178, 826], [1179, 826], [1180, 826], [1181, 826], [1211, 826], [1212, 826], [1221, 826], [1222, 826], [1223, 826], [1224, 826], [1284, 826], [1285, 826], [1286, 826], [1287, 826], [1288, 826], [1289, 826], [1290, 826], [1291, 826], [1179, 827], [1180, 827], [1181, 827], [1182, 827], [1183, 827], [1211, 827], [1212, 827], [1220, 827], [1221, 827], [1222, 827], [1223, 827], [1224, 827], [1287, 827], [1288, 827], [1289, 827], [1290, 827], [1291, 827], [1180, 828], [1181, 828], [1182, 828], [1183, 828], [1211, 828], [1212, 828], [1219, 828], [1220, 828], [1221, 828], [1222, 828], [1223, 828], [1287, 828], [1289, 828], [1290, 828], [1291, 828], [1292, 828], [1293, 828], [1294, 828], [1182, 829], [1183, 829], [1210, 829], [1211, 829], [1212, 829], [1219, 829], [1220, 829], [1221, 829], [1222, 829], [1223, 829], [1287, 829], [1288, 829], [1289, 829], [1290, 829], [1291, 829], [1292, 829], [1293, 829], [1294, 829], [1182, 830], [1183, 830], [1184, 830], [1210, 830], [1211, 830], [1212, 830], [1219, 830], [1220, 830], [1221, 830], [1222, 830], [1223, 830], [1292, 830], [1293, 830], [1294, 830], [1295, 830], [1296, 830], [1297, 830], [1182, 831], [1183, 831], [1184, 831], [1210, 831], [1211, 831], [1212, 831], [1213, 831], [1221, 831], [1222, 831], [1223, 831], [1292, 831], [1293, 831], [1294, 831], [1295, 831], [1296, 831], [1297, 831], [1182, 832], [1183, 832], [1184, 832], [1211, 832], [1212, 832], [1213, 832], [1214, 832], [1215, 832], [1216, 832], [1221, 832], [1222, 832], [1223, 832], [1292, 832], [1293, 832], [1294, 832], [1295, 832], [1296, 832], [1297, 832], [1182, 833], [1183, 833], [1184, 833], [1211, 833], [1212, 833], [1213, 833], [1214, 833], [1215, 833], [1216, 833], [1217, 833], [1218, 833], [1219, 833], [1220, 833], [1221, 833], [1222, 833], [1294, 833], [1295, 833], [1296, 833], [1183, 834], [1184, 834], [1185, 834], [1211, 834], [1212, 834], [1213, 834], [1214, 834], [1215, 834], [1216, 834], [1217, 834], [1218, 834], [1219, 834], [1220, 834], [1221, 834], [1222, 834], [1263, 834], [1264, 834], [1265, 834], [1266, 834], [1267, 834], [1268, 834], [1293, 834], [1294, 834], [1295, 834], [1296, 834], [1297, 834], [1183, 835], [1184, 835], [1185, 835], [1219, 835], [1220, 835], [1221, 835], [1222, 835], [1263, 835], [1264, 835], [1265, 835], [1266, 835], [1267, 835], [1268, 835], [1293, 835], [1294, 835], [1295, 835], [1296, 835], [1297, 835], [1184, 836], [1185, 836], [1186, 836], [1187, 836], [1188, 836], [1262, 836], [1263, 836], [1264, 836], [1265, 836], [1266, 836], [1267, 836], [1268, 836], [1269, 836], [1293, 836], [1294, 836], [1295, 836], [1296, 836], [1297, 836], [1184, 837], [1185, 837], [1186, 837], [1187, 837], [1188, 837], [1189, 837], [1261, 837], [1262, 837], [1263, 837], [1264, 837], [1267, 837], [1268, 837], [1269, 837], [1270, 837], [1293, 837], [1294, 837], [1295, 837], [1296, 837], [1297, 837], [1298, 837], [1299, 837], [1300, 837], [1187, 838], [1188, 838], [1189, 838], [1190, 838], [1260, 838], [1261, 838], [1262, 838], [1263, 838], [1268, 838], [1269, 838], [1270, 838], [1271, 838], [1272, 838], [1273, 838], [1274, 838], [1293, 838], [1294, 838], [1295, 838], [1296, 838], [1298, 838], [1299, 838], [1300, 838], [1188, 839], [1189, 839], [1190, 839], [1259, 839], [1260, 839], [1261, 839], [1262, 839], [1269, 839], [1270, 839], [1271, 839], [1272, 839], [1273, 839], [1274, 839], [1295, 839], [1296, 839], [1297, 839], [1298, 839], [1299, 839], [1300, 839], [1301, 839], [1189, 840], [1190, 840], [1191, 840], [1257, 840], [1258, 840], [1259, 840], [1260, 840], [1261, 840], [1271, 840], [1272, 840], [1273, 840], [1274, 840], [1295, 840], [1296, 840], [1297, 840], [1298, 840], [1300, 840], [1301, 840], [1302, 840], [1189, 841], [1190, 841], [1191, 841], [1254, 841], [1255, 841], [1256, 841], [1257, 841], [1258, 841], [1259, 841], [1260, 841], [1271, 841], [1272, 841], [1273, 841], [1274, 841], [1275, 841], [1297, 841], [1298, 841], [1299, 841], [1300, 841], [1301, 841], [1302, 841], [1303, 841], [1190, 842], [1191, 842], [1192, 842], [1248, 842], [1249, 842], [1250, 842], [1251, 842], [1252, 842], [1253, 842], [1254, 842], [1255, 842], [1256, 842], [1257, 842], [1258, 842], [1272, 842], [1273, 842], [1274, 842], [1275, 842], [1276, 842], [1299, 842], [1300, 842], [1301, 842], [1302, 842], [1303, 842], [1304, 842], [1190, 843], [1191, 843], [1192, 843], [1193, 843], [1233, 843], [1234, 843], [1235, 843], [1236, 843], [1237, 843], [1238, 843], [1239, 843], [1240, 843], [1241, 843], [1242, 843], [1243, 843], [1244, 843], [1245, 843], [1246, 843], [1247, 843], [1248, 843], [1249, 843], [1250, 843], [1251, 843], [1252, 843], [1253, 843], [1254, 843], [1255, 843], [1274, 843], [1275, 843], [1276, 843], [1277, 843], [1301, 843], [1302, 843], [1303, 843], [1304, 843], [1191, 844], [1192, 844], [1193, 844], [1231, 844], [1232, 844], [1233, 844], [1234, 844], [1235, 844], [1236, 844], [1237, 844], [1238, 844], [1239, 844], [1240, 844], [1241, 844], [1242, 844], [1243, 844], [1244, 844], [1245, 844], [1246, 844], [1247, 844], [1248, 844], [1249, 844], [1275, 844], [1276, 844], [1277, 844], [1301, 844], [1302, 844], [1303, 844], [1304, 844], [1192, 845], [1193, 845], [1229, 845], [1230, 845], [1231, 845], [1232, 845], [1233, 845], [1234, 845], [1276, 845], [1277, 845], [1278, 845], [1279, 845], [1301, 845], [1302, 845], [1192, 846], [1193, 846], [1228, 846], [1229, 846], [1230, 846], [1231, 846], [1232, 846], [1276, 846], [1277, 846], [1278, 846], [1279, 846], [1280, 846], [1301, 846], [1302, 846], [1303, 846], [1304, 846], [1192, 847], [1193, 847], [1227, 847], [1228, 847], [1229, 847], [1230, 847], [1278, 847], [1279, 847], [1280, 847], [1281, 847], [1301, 847], [1302, 847], [1303, 847], [1304, 847], [1305, 847], [1306, 847], [1192, 848], [1193, 848], [1194, 848], [1227, 848], [1228, 848], [1229, 848], [1279, 848], [1280, 848], [1281, 848], [1282, 848], [1303, 848], [1304, 848], [1305, 848], [1306, 848], [1192, 849], [1193, 849], [1194, 849], [1227, 849], [1228, 849], [1280, 849], [1281, 849], [1282, 849], [1283, 849], [1305, 849], [1306, 849], [1193, 850], [1194, 850], [1226, 850], [1227, 850], [1228, 850], [1281, 850], [1282, 850], [1283, 850], [1304, 850], [1305, 850], [1306, 850], [1309, 850], [1310, 850], [1311, 850], [1312, 850], [1313, 850], [1193, 851], [1194, 851], [1195, 851], [1226, 851], [1227, 851], [1228, 851], [1281, 851], [1282, 851], [1283, 851], [1303, 851], [1304, 851], [1305, 851], [1306, 851], [1309, 851], [1311, 851], [1312, 851], [1313, 851], [1193, 852], [1194, 852], [1195, 852], [1196, 852], [1226, 852], [1227, 852], [1281, 852], [1282, 852], [1283, 852], [1303, 852], [1304, 852], [1305, 852], [1306, 852], [1307, 852], [1309, 852], [1310, 852], [1311, 852], [1312, 852], [1313, 852], [1314, 852], [1194, 853], [1195, 853], [1196, 853], [1226, 853], [1227, 853], [1281, 853], [1282, 853], [1283, 853], [1284, 853], [1303, 853], [1304, 853], [1305, 853], [1306, 853], [1307, 853], [1308, 853], [1309, 853], [1310, 853], [1311, 853], [1312, 853], [1313, 853], [1314, 853], [1315, 853], [1195, 854], [1196, 854], [1197, 854], [1226, 854], [1227, 854], [1282, 854], [1283, 854], [1284, 854], [1285, 854], [1304, 854], [1305, 854], [1306, 854], [1307, 854], [1308, 854], [1309, 854], [1310, 854], [1311, 854], [1312, 854], [1313, 854], [1314, 854], [1315, 854], [1195, 855], [1196, 855], [1197, 855], [1226, 855], [1227, 855], [1283, 855], [1284, 855], [1285, 855], [1310, 855], [1311, 855], [1312, 855], [1314, 855], [1315, 855], [1196, 856], [1197, 856], [1198, 856], [1226, 856], [1227, 856], [1284, 856], [1285, 856], [1286, 856], [1314, 856], [1315, 856], [1316, 856], [1196, 857], [1197, 857], [1198, 857], [1226, 857], [1227, 857], [1284, 857], [1285, 857], [1286, 857], [1287, 857], [1314, 857], [1315, 857], [1316, 857], [1317, 857], [1197, 858], [1198, 858], [1226, 858], [1227, 858], [1285, 858], [1286, 858], [1287, 858], [1315, 858], [1316, 858], [1317, 858], [1318, 858], [1197, 859], [1198, 859], [1199, 859], [1226, 859], [1227, 859], [1229, 859], [1230, 859], [1231, 859], [1286, 859], [1287, 859], [1316, 859], [1317, 859], [1318, 859], [1319, 859], [1197, 860], [1198, 860], [1199, 860], [1226, 860], [1227, 860], [1228, 860], [1229, 860], [1230, 860], [1231, 860], [1232, 860], [1233, 860], [1286, 860], [1287, 860], [1288, 860], [1316, 860], [1317, 860], [1318, 860], [1319, 860], [1320, 860], [1198, 861], [1199, 861], [1226, 861], [1227, 861], [1228, 861], [1229, 861], [1230, 861], [1231, 861], [1232, 861], [1233, 861], [1234, 861], [1286, 861], [1287, 861], [1288, 861], [1289, 861], [1316, 861], [1317, 861], [1318, 861], [1319, 861], [1320, 861], [1321, 861], [1322, 861], [1198, 862], [1199, 862], [1200, 862], [1232, 862], [1233, 862], [1234, 862], [1287, 862], [1288, 862], [1289, 862], [1290, 862], [1316, 862], [1317, 862], [1318, 862], [1319, 862], [1320, 862], [1321, 862], [1322, 862], [1198, 863], [1199, 863], [1200, 863], [1201, 863], [1233, 863], [1234, 863], [1235, 863], [1288, 863], [1289, 863], [1290, 863], [1320, 863], [1321, 863], [1322, 863], [1199, 864], [1200, 864], [1201, 864], [1202, 864], [1203, 864], [1204, 864], [1205, 864], [1233, 864], [1234, 864], [1235, 864], [1289, 864], [1290, 864], [1291, 864], [1320, 864], [1321, 864], [1322, 864], [1200, 865], [1201, 865], [1202, 865], [1203, 865], [1204, 865], [1205, 865], [1206, 865], [1234, 865], [1235, 865], [1289, 865], [1290, 865], [1291, 865], [1292, 865], [1320, 865], [1321, 865], [1204, 866], [1205, 866], [1206, 866], [1234, 866], [1235, 866], [1290, 866], [1291, 866], [1292, 866], [1320, 866], [1321, 866], [1322, 866], [1205, 867], [1206, 867], [1234, 867], [1235, 867], [1291, 867], [1292, 867], [1293, 867], [1320, 867], [1321, 867], [1322, 867], [1323, 867], [1205, 868], [1206, 868], [1207, 868], [1234, 868], [1235, 868], [1291, 868], [1292, 868], [1293, 868], [1321, 868], [1322, 868], [1323, 868], [1324, 868], [1325, 868], [1205, 869], [1206, 869], [1207, 869], [1208, 869], [1233, 869], [1234, 869], [1235, 869], [1292, 869], [1293, 869], [1322, 869], [1323, 869], [1324, 869], [1325, 869], [1326, 869], [1327, 869], [1328, 869], [1329, 869], [1206, 870], [1207, 870], [1208, 870], [1233, 870], [1234, 870], [1235, 870], [1292, 870], [1293, 870], [1294, 870], [1324, 870], [1325, 870], [1326, 870], [1327, 870], [1328, 870], [1329, 870], [1207, 871], [1208, 871], [1233, 871], [1234, 871], [1292, 871], [1293, 871], [1294, 871], [1325, 871], [1326, 871], [1327, 871], [1328, 871], [1329, 871], [1330, 871], [1207, 872], [1208, 872], [1233, 872], [1234, 872], [1235, 872], [1293, 872], [1294, 872], [1295, 872], [1328, 872], [1329, 872], [1330, 872], [1331, 872], [1207, 873], [1208, 873], [1209, 873], [1233, 873], [1234, 873], [1235, 873], [1293, 873], [1294, 873], [1295, 873], [1296, 873], [1329, 873], [1330, 873], [1331, 873], [1332, 873], [1333, 873], [1334, 873], [1207, 874], [1208, 874], [1209, 874], [1234, 874], [1235, 874], [1294, 874], [1295, 874], [1296, 874], [1330, 874], [1331, 874], [1332, 874], [1333, 874], [1334, 874], [1208, 875], [1209, 875], [1234, 875], [1235, 875], [1236, 875], [1237, 875], [1238, 875], [1239, 875], [1295, 875], [1296, 875], [1297, 875], [1333, 875], [1334, 875], [1208, 876], [1209, 876], [1210, 876], [1234, 876], [1235, 876], [1236, 876], [1237, 876], [1238, 876], [1239, 876], [1295, 876], [1296, 876], [1297, 876], [1333, 876], [1334, 876], [1335, 876], [1208, 877], [1209, 877], [1210, 877], [1211, 877], [1212, 877], [1213, 877], [1237, 877], [1238, 877], [1239, 877], [1296, 877], [1297, 877], [1333, 877], [1334, 877], [1335, 877], [1209, 878], [1210, 878], [1211, 878], [1213, 878], [1237, 878], [1238, 878], [1239, 878], [1296, 878], [1297, 878], [1298, 878], [1334, 878], [1335, 878], [1336, 878], [1210, 879], [1211, 879], [1212, 879], [1213, 879], [1237, 879], [1238, 879], [1296, 879], [1297, 879], [1298, 879], [1299, 879], [1300, 879], [1301, 879], [1302, 879], [1334, 879], [1335, 879], [1336, 879], [1210, 880], [1211, 880], [1237, 880], [1238, 880], [1239, 880], [1297, 880], [1298, 880], [1299, 880], [1300, 880], [1301, 880], [1302, 880], [1303, 880], [1335, 880], [1336, 880], [1210, 881], [1211, 881], [1237, 881], [1238, 881], [1239, 881], [1240, 881], [1241, 881], [1242, 881], [1301, 881], [1302, 881], [1303, 881], [1335, 881], [1336, 881], [1337, 881], [1210, 882], [1211, 882], [1238, 882], [1239, 882], [1240, 882], [1241, 882], [1242, 882], [1302, 882], [1303, 882], [1335, 882], [1336, 882], [1337, 882], [1210, 883], [1211, 883], [1212, 883], [1239, 883], [1240, 883], [1241, 883], [1242, 883], [1302, 883], [1303, 883], [1336, 883], [1337, 883], [1338, 883], [1210, 884], [1211, 884], [1212, 884], [1240, 884], [1241, 884], [1242, 884], [1302, 884], [1303, 884], [1336, 884], [1337, 884], [1338, 884], [1339, 884], [1211, 885], [1212, 885], [1240, 885], [1241, 885], [1242, 885], [1243, 885], [1302, 885], [1303, 885], [1304, 885], [1337, 885], [1338, 885], [1339, 885], [1340, 885], [1341, 885], [1342, 885], [1343, 885], [1211, 886], [1212, 886], [1213, 886], [1239, 886], [1240, 886], [1241, 886], [1242, 886], [1243, 886], [1302, 886], [1303, 886], [1304, 886], [1338, 886], [1339, 886], [1340, 886], [1341, 886], [1342, 886], [1343, 886], [1211, 887], [1212, 887], [1213, 887], [1214, 887], [1239, 887], [1240, 887], [1241, 887], [1242, 887], [1243, 887], [1244, 887], [1245, 887], [1246, 887], [1303, 887], [1304, 887], [1305, 887], [1342, 887], [1343, 887], [1344, 887], [1212, 888], [1213, 888], [1214, 888], [1239, 888], [1240, 888], [1241, 888], [1242, 888], [1243, 888], [1244, 888], [1245, 888], [1246, 888], [1247, 888], [1303, 888], [1304, 888], [1305, 888], [1342, 888], [1343, 888], [1344, 888], [1345, 888], [1346, 888], [1213, 889], [1214, 889], [1215, 889], [1240, 889], [1241, 889], [1242, 889], [1243, 889], [1245, 889], [1246, 889], [1247, 889], [1248, 889], [1304, 889], [1305, 889], [1306, 889], [1343, 889], [1344, 889], [1345, 889], [1346, 889], [1347, 889], [1213, 890], [1214, 890], [1215, 890], [1246, 890], [1247, 890], [1248, 890], [1304, 890], [1305, 890], [1306, 890], [1307, 890], [1345, 890], [1346, 890], [1347, 890], [1348, 890], [1214, 891], [1215, 891], [1247, 891], [1248, 891], [1305, 891], [1306, 891], [1307, 891], [1308, 891], [1346, 891], [1347, 891], [1348, 891], [1349, 891], [1214, 892], [1215, 892], [1244, 892], [1245, 892], [1246, 892], [1247, 892], [1248, 892], [1306, 892], [1307, 892], [1308, 892], [1347, 892], [1348, 892], [1349, 892], [1350, 892], [1351, 892], [1214, 893], [1215, 893], [1216, 893], [1244, 893], [1247, 893], [1248, 893], [1307, 893], [1308, 893], [1309, 893], [1348, 893], [1349, 893], [1350, 893], [1351, 893], [1214, 894], [1215, 894], [1216, 894], [1244, 894], [1245, 894], [1246, 894], [1247, 894], [1248, 894], [1307, 894], [1308, 894], [1309, 894], [1350, 894], [1351, 894], [1352, 894], [1215, 895], [1216, 895], [1217, 895], [1247, 895], [1248, 895], [1249, 895], [1250, 895], [1308, 895], [1309, 895], [1310, 895], [1350, 895], [1351, 895], [1352, 895], [1215, 896], [1216, 896], [1217, 896], [1218, 896], [1247, 896], [1248, 896], [1249, 896], [1250, 896], [1251, 896], [1252, 896], [1308, 896], [1309, 896], [1310, 896], [1311, 896], [1351, 896], [1352, 896], [1353, 896], [1216, 897], [1217, 897], [1218, 897], [1249, 897], [1250, 897], [1251, 897], [1252, 897], [1309, 897], [1310, 897], [1311, 897], [1312, 897], [1351, 897], [1352, 897], [1353, 897], [1217, 898], [1218, 898], [1250, 898], [1251, 898], [1252, 898], [1310, 898], [1311, 898], [1312, 898], [1313, 898], [1352, 898], [1353, 898], [1217, 899], [1218, 899], [1219, 899], [1220, 899], [1250, 899], [1251, 899], [1252, 899], [1311, 899], [1312, 899], [1313, 899], [1352, 899], [1353, 899], [1217, 900], [1218, 900], [1219, 900], [1220, 900], [1250, 900], [1251, 900], [1252, 900], [1253, 900], [1312, 900], [1313, 900], [1314, 900], [1352, 900], [1353, 900], [1219, 901], [1220, 901], [1221, 901], [1250, 901], [1251, 901], [1252, 901], [1253, 901], [1312, 901], [1313, 901], [1314, 901], [1315, 901], [1352, 901], [1353, 901], [1219, 902], [1220, 902], [1221, 902], [1222, 902], [1250, 902], [1251, 902], [1252, 902], [1253, 902], [1313, 902], [1314, 902], [1315, 902], [1316, 902], [1352, 902], [1353, 902], [1354, 902], [1220, 903], [1221, 903], [1222, 903], [1223, 903], [1249, 903], [1250, 903], [1251, 903], [1252, 903], [1253, 903], [1314, 903], [1315, 903], [1316, 903], [1317, 903], [1352, 903], [1353, 903], [1354, 903], [1221, 904], [1222, 904], [1223, 904], [1249, 904], [1250, 904], [1251, 904], [1252, 904], [1315, 904], [1316, 904], [1317, 904], [1353, 904], [1354, 904], [1222, 905], [1223, 905], [1224, 905], [1249, 905], [1250, 905], [1251, 905], [1316, 905], [1317, 905], [1318, 905], [1353, 905], [1354, 905], [1355, 905], [1222, 906], [1223, 906], [1224, 906], [1249, 906], [1250, 906], [1251, 906], [1252, 906], [1253, 906], [1316, 906], [1317, 906], [1318, 906], [1319, 906], [1353, 906], [1354, 906], [1355, 906], [1356, 906], [1223, 907], [1224, 907], [1225, 907], [1250, 907], [1251, 907], [1252, 907], [1253, 907], [1254, 907], [1255, 907], [1256, 907], [1257, 907], [1317, 907], [1318, 907], [1319, 907], [1320, 907], [1354, 907], [1355, 907], [1356, 907], [1357, 907], [1223, 908], [1224, 908], [1225, 908], [1252, 908], [1253, 908], [1254, 908], [1255, 908], [1256, 908], [1257, 908], [1318, 908], [1319, 908], [1320, 908], [1321, 908], [1355, 908], [1356, 908], [1357, 908], [1224, 909], [1225, 909], [1226, 909], [1255, 909], [1256, 909], [1257, 909], [1319, 909], [1320, 909], [1321, 909], [1322, 909], [1355, 909], [1356, 909], [1357, 909], [1224, 910], [1225, 910], [1226, 910], [1227, 910], [1255, 910], [1256, 910], [1257, 910], [1258, 910], [1259, 910], [1320, 910], [1321, 910], [1322, 910], [1355, 910], [1356, 910], [1357, 910], [1358, 910], [1225, 911], [1226, 911], [1227, 911], [1255, 911], [1256, 911], [1257, 911], [1258, 911], [1259, 911], [1260, 911], [1261, 911], [1321, 911], [1322, 911], [1323, 911], [1356, 911], [1357, 911], [1358, 911], [1359, 911], [1360, 911], [1361, 911], [1226, 912], [1227, 912], [1228, 912], [1258, 912], [1259, 912], [1260, 912], [1261, 912], [1262, 912], [1321, 912], [1322, 912], [1323, 912], [1324, 912], [1357, 912], [1358, 912], [1359, 912], [1360, 912], [1361, 912], [1362, 912], [1226, 913], [1227, 913], [1228, 913], [1257, 913], [1258, 913], [1259, 913], [1260, 913], [1261, 913], [1262, 913], [1263, 913], [1264, 913], [1322, 913], [1323, 913], [1324, 913], [1360, 913], [1361, 913], [1362, 913], [1363, 913], [1227, 914], [1228, 914], [1257, 914], [1259, 914], [1261, 914], [1262, 914], [1263, 914], [1264, 914], [1265, 914], [1266, 914], [1323, 914], [1324, 914], [1361, 914], [1362, 914], [1363, 914], [1364, 914], [1227, 915], [1228, 915], [1257, 915], [1258, 915], [1259, 915], [1260, 915], [1261, 915], [1262, 915], [1264, 915], [1265, 915], [1266, 915], [1323, 915], [1324, 915], [1362, 915], [1363, 915], [1364, 915], [1227, 916], [1228, 916], [1258, 916], [1259, 916], [1260, 916], [1261, 916], [1262, 916], [1263, 916], [1264, 916], [1265, 916], [1266, 916], [1323, 916], [1324, 916], [1362, 916], [1363, 916], [1364, 916], [1227, 917], [1228, 917], [1229, 917], [1258, 917], [1259, 917], [1260, 917], [1261, 917], [1263, 917], [1264, 917], [1265, 917], [1266, 917], [1323, 917], [1324, 917], [1325, 917], [1362, 917], [1363, 917], [1227, 918], [1228, 918], [1229, 918], [1260, 918], [1261, 918], [1262, 918], [1263, 918], [1264, 918], [1265, 918], [1323, 918], [1324, 918], [1325, 918], [1326, 918], [1362, 918], [1363, 918], [1364, 918], [1228, 919], [1229, 919], [1230, 919], [1261, 919], [1262, 919], [1263, 919], [1264, 919], [1265, 919], [1324, 919], [1325, 919], [1326, 919], [1362, 919], [1363, 919], [1364, 919], [1228, 920], [1229, 920], [1230, 920], [1231, 920], [1262, 920], [1263, 920], [1264, 920], [1265, 920], [1325, 920], [1326, 920], [1327, 920], [1328, 920], [1363, 920], [1364, 920], [1365, 920], [1366, 920], [1229, 921], [1230, 921], [1231, 921], [1262, 921], [1264, 921], [1265, 921], [1325, 921], [1326, 921], [1327, 921], [1328, 921], [1329, 921], [1363, 921], [1364, 921], [1365, 921], [1366, 921], [1230, 922], [1231, 922], [1232, 922], [1262, 922], [1263, 922], [1264, 922], [1265, 922], [1266, 922], [1267, 922], [1327, 922], [1328, 922], [1329, 922], [1330, 922], [1364, 922], [1365, 922], [1366, 922], [1367, 922], [1230, 923], [1231, 923], [1232, 923], [1233, 923], [1264, 923], [1265, 923], [1266, 923], [1267, 923], [1328, 923], [1329, 923], [1330, 923], [1331, 923], [1364, 923], [1365, 923], [1366, 923], [1367, 923], [1368, 923], [1369, 923], [1231, 924], [1232, 924], [1233, 924], [1265, 924], [1266, 924], [1267, 924], [1268, 924], [1329, 924], [1330, 924], [1331, 924], [1332, 924], [1366, 924], [1367, 924], [1368, 924], [1369, 924], [1232, 925], [1233, 925], [1234, 925], [1235, 925], [1265, 925], [1266, 925], [1267, 925], [1268, 925], [1269, 925], [1330, 925], [1331, 925], [1332, 925], [1368, 925], [1369, 925], [1370, 925], [1232, 926], [1233, 926], [1234, 926], [1235, 926], [1236, 926], [1265, 926], [1266, 926], [1267, 926], [1268, 926], [1269, 926], [1270, 926], [1271, 926], [1272, 926], [1331, 926], [1332, 926], [1333, 926], [1368, 926], [1369, 926], [1370, 926], [1371, 926], [1234, 927], [1235, 927], [1236, 927], [1237, 927], [1268, 927], [1269, 927], [1270, 927], [1271, 927], [1272, 927], [1273, 927], [1331, 927], [1332, 927], [1333, 927], [1369, 927], [1370, 927], [1371, 927], [1235, 928], [1236, 928], [1237, 928], [1238, 928], [1271, 928], [1272, 928], [1273, 928], [1332, 928], [1333, 928], [1334, 928], [1369, 928], [1370, 928], [1371, 928], [1236, 929], [1237, 929], [1238, 929], [1272, 929], [1273, 929], [1274, 929], [1332, 929], [1333, 929], [1334, 929], [1369, 929], [1370, 929], [1371, 929], [1237, 930], [1238, 930], [1272, 930], [1273, 930], [1274, 930], [1333, 930], [1334, 930], [1335, 930], [1369, 930], [1370, 930], [1371, 930], [1372, 930], [1373, 930], [1237, 931], [1238, 931], [1272, 931], [1273, 931], [1274, 931], [1275, 931], [1333, 931], [1334, 931], [1335, 931], [1370, 931], [1371, 931], [1372, 931], [1373, 931], [1237, 932], [1238, 932], [1272, 932], [1273, 932], [1274, 932], [1275, 932], [1334, 932], [1335, 932], [1370, 932], [1371, 932], [1372, 932], [1373, 932], [1375, 932], [1376, 932], [1377, 932], [1237, 933], [1238, 933], [1239, 933], [1274, 933], [1275, 933], [1276, 933], [1277, 933], [1334, 933], [1335, 933], [1336, 933], [1371, 933], [1372, 933], [1373, 933], [1374, 933], [1375, 933], [1376, 933], [1377, 933], [1237, 934], [1238, 934], [1239, 934], [1274, 934], [1275, 934], [1276, 934], [1277, 934], [1278, 934], [1334, 934], [1335, 934], [1336, 934], [1337, 934], [1372, 934], [1373, 934], [1374, 934], [1375, 934], [1376, 934], [1377, 934], [1378, 934], [1238, 935], [1239, 935], [1276, 935], [1277, 935], [1278, 935], [1279, 935], [1335, 935], [1336, 935], [1337, 935], [1376, 935], [1377, 935], [1378, 935], [1379, 935], [1238, 936], [1239, 936], [1240, 936], [1277, 936], [1278, 936], [1279, 936], [1280, 936], [1336, 936], [1337, 936], [1338, 936], [1377, 936], [1378, 936], [1379, 936], [1380, 936], [1238, 937], [1239, 937], [1240, 937], [1278, 937], [1279, 937], [1280, 937], [1281, 937], [1336, 937], [1337, 937], [1338, 937], [1339, 937], [1378, 937], [1379, 937], [1380, 937], [1381, 937], [1239, 938], [1240, 938], [1241, 938], [1279, 938], [1280, 938], [1281, 938], [1337, 938], [1338, 938], [1339, 938], [1340, 938], [1379, 938], [1380, 938], [1381, 938], [1382, 938], [1239, 939], [1240, 939], [1241, 939], [1280, 939], [1281, 939], [1338, 939], [1339, 939], [1340, 939], [1341, 939], [1380, 939], [1381, 939], [1382, 939], [1240, 940], [1241, 940], [1280, 940], [1281, 940], [1282, 940], [1339, 940], [1340, 940], [1341, 940], [1342, 940], [1381, 940], [1382, 940], [1240, 941], [1241, 941], [1242, 941], [1280, 941], [1281, 941], [1282, 941], [1340, 941], [1341, 941], [1342, 941], [1381, 941], [1382, 941], [1240, 942], [1241, 942], [1242, 942], [1281, 942], [1282, 942], [1341, 942], [1342, 942], [1343, 942], [1381, 942], [1382, 942], [1383, 942], [1384, 942], [1241, 943], [1242, 943], [1243, 943], [1244, 943], [1277, 943], [1278, 943], [1279, 943], [1280, 943], [1281, 943], [1282, 943], [1341, 943], [1342, 943], [1343, 943], [1381, 943], [1382, 943], [1383, 943], [1384, 943], [1241, 944], [1242, 944], [1243, 944], [1244, 944], [1245, 944], [1277, 944], [1278, 944], [1279, 944], [1280, 944], [1281, 944], [1282, 944], [1342, 944], [1343, 944], [1344, 944], [1383, 944], [1384, 944], [1385, 944], [1243, 945], [1244, 945], [1245, 945], [1277, 945], [1278, 945], [1279, 945], [1281, 945], [1282, 945], [1342, 945], [1343, 945], [1344, 945], [1383, 945], [1384, 945], [1385, 945], [1244, 946], [1245, 946], [1278, 946], [1279, 946], [1280, 946], [1281, 946], [1282, 946], [1343, 946], [1344, 946], [1384, 946], [1385, 946], [1244, 947], [1245, 947], [1280, 947], [1281, 947], [1282, 947], [1283, 947], [1343, 947], [1344, 947], [1345, 947], [1384, 947], [1385, 947], [1386, 947], [1244, 948], [1245, 948], [1280, 948], [1281, 948], [1282, 948], [1283, 948], [1343, 948], [1344, 948], [1345, 948], [1384, 948], [1385, 948], [1386, 948], [1244, 949], [1245, 949], [1282, 949], [1283, 949], [1344, 949], [1345, 949], [1385, 949], [1386, 949], [1387, 949], [1388, 949], [1244, 950], [1245, 950], [1246, 950], [1282, 950], [1283, 950], [1284, 950], [1285, 950], [1344, 950], [1345, 950], [1346, 950], [1347, 950], [1385, 950], [1386, 950], [1387, 950], [1388, 950], [1389, 950], [1244, 951], [1245, 951], [1246, 951], [1282, 951], [1283, 951], [1284, 951], [1285, 951], [1344, 951], [1345, 951], [1346, 951], [1347, 951], [1348, 951], [1387, 951], [1388, 951], [1389, 951], [1390, 951], [1391, 951], [1245, 952], [1246, 952], [1247, 952], [1282, 952], [1284, 952], [1285, 952], [1346, 952], [1347, 952], [1348, 952], [1349, 952], [1350, 952], [1388, 952], [1389, 952], [1390, 952], [1391, 952], [1245, 953], [1246, 953], [1247, 953], [1248, 953], [1282, 953], [1283, 953], [1284, 953], [1285, 953], [1286, 953], [1347, 953], [1348, 953], [1349, 953], [1350, 953], [1351, 953], [1390, 953], [1391, 953], [1392, 953], [1246, 954], [1247, 954], [1248, 954], [1249, 954], [1250, 954], [1282, 954], [1283, 954], [1284, 954], [1285, 954], [1286, 954], [1287, 954], [1288, 954], [1289, 954], [1349, 954], [1350, 954], [1351, 954], [1352, 954], [1390, 954], [1391, 954], [1392, 954], [1393, 954], [1247, 955], [1248, 955], [1249, 955], [1250, 955], [1251, 955], [1282, 955], [1283, 955], [1284, 955], [1285, 955], [1286, 955], [1287, 955], [1288, 955], [1289, 955], [1350, 955], [1351, 955], [1352, 955], [1353, 955], [1391, 955], [1392, 955], [1393, 955], [1249, 956], [1250, 956], [1251, 956], [1252, 956], [1253, 956], [1282, 956], [1284, 956], [1286, 956], [1288, 956], [1289, 956], [1290, 956], [1351, 956], [1352, 956], [1353, 956], [1392, 956], [1393, 956], [1394, 956], [1250, 957], [1251, 957], [1252, 957], [1253, 957], [1282, 957], [1283, 957], [1284, 957], [1286, 957], [1287, 957], [1288, 957], [1289, 957], [1290, 957], [1352, 957], [1353, 957], [1354, 957], [1392, 957], [1393, 957], [1394, 957], [1395, 957], [1252, 958], [1253, 958], [1254, 958], [1282, 958], [1283, 958], [1284, 958], [1289, 958], [1290, 958], [1291, 958], [1352, 958], [1353, 958], [1354, 958], [1393, 958], [1394, 958], [1395, 958], [1396, 958], [1397, 958], [1252, 959], [1253, 959], [1254, 959], [1282, 959], [1283, 959], [1284, 959], [1288, 959], [1289, 959], [1290, 959], [1291, 959], [1353, 959], [1354, 959], [1394, 959], [1395, 959], [1396, 959], [1397, 959], [1253, 960], [1254, 960], [1286, 960], [1287, 960], [1288, 960], [1289, 960], [1290, 960], [1291, 960], [1353, 960], [1354, 960], [1396, 960], [1397, 960], [1253, 961], [1254, 961], [1285, 961], [1286, 961], [1287, 961], [1288, 961], [1289, 961], [1353, 961], [1354, 961], [1355, 961], [1396, 961], [1397, 961], [1253, 962], [1254, 962], [1255, 962], [1285, 962], [1286, 962], [1288, 962], [1289, 962], [1353, 962], [1354, 962], [1355, 962], [1396, 962], [1397, 962], [1398, 962], [1253, 963], [1254, 963], [1255, 963], [1285, 963], [1286, 963], [1287, 963], [1289, 963], [1354, 963], [1355, 963], [1356, 963], [1396, 963], [1397, 963], [1398, 963], [1399, 963], [1254, 964], [1255, 964], [1256, 964], [1285, 964], [1286, 964], [1287, 964], [1288, 964], [1289, 964], [1354, 964], [1355, 964], [1356, 964], [1397, 964], [1398, 964], [1399, 964], [1254, 965], [1255, 965], [1256, 965], [1285, 965], [1286, 965], [1287, 965], [1355, 965], [1356, 965], [1357, 965], [1398, 965], [1399, 965], [1255, 966], [1256, 966], [1257, 966], [1285, 966], [1286, 966], [1287, 966], [1288, 966], [1355, 966], [1356, 966], [1357, 966], [1398, 966], [1399, 966], [1400, 966], [1401, 966], [1255, 967], [1256, 967], [1257, 967], [1258, 967], [1286, 967], [1287, 967], [1288, 967], [1356, 967], [1357, 967], [1358, 967], [1398, 967], [1399, 967], [1400, 967], [1401, 967], [1402, 967], [1256, 968], [1257, 968], [1258, 968], [1259, 968], [1287, 968], [1288, 968], [1289, 968], [1356, 968], [1357, 968], [1358, 968], [1359, 968], [1400, 968], [1401, 968], [1402, 968], [1403, 968], [1257, 969], [1258, 969], [1259, 969], [1287, 969], [1288, 969], [1289, 969], [1290, 969], [1291, 969], [1292, 969], [1293, 969], [1294, 969], [1295, 969], [1296, 969], [1297, 969], [1357, 969], [1358, 969], [1359, 969], [1360, 969], [1401, 969], [1402, 969], [1403, 969], [1258, 970], [1259, 970], [1260, 970], [1288, 970], [1289, 970], [1290, 970], [1291, 970], [1292, 970], [1293, 970], [1294, 970], [1295, 970], [1296, 970], [1297, 970], [1298, 970], [1358, 970], [1359, 970], [1360, 970], [1361, 970], [1402, 970], [1403, 970], [1258, 971], [1259, 971], [1260, 971], [1292, 971], [1293, 971], [1294, 971], [1295, 971], [1296, 971], [1297, 971], [1298, 971], [1299, 971], [1359, 971], [1360, 971], [1361, 971], [1362, 971], [1402, 971], [1403, 971], [1404, 971], [1259, 972], [1260, 972], [1297, 972], [1298, 972], [1299, 972], [1360, 972], [1361, 972], [1362, 972], [1402, 972], [1403, 972], [1404, 972], [1259, 973], [1260, 973], [1298, 973], [1299, 973], [1300, 973], [1361, 973], [1362, 973], [1363, 973], [1364, 973], [1403, 973], [1404, 973], [1405, 973], [1259, 974], [1260, 974], [1261, 974], [1298, 974], [1299, 974], [1300, 974], [1361, 974], [1362, 974], [1363, 974], [1364, 974], [1403, 974], [1404, 974], [1405, 974], [1259, 975], [1260, 975], [1261, 975], [1262, 975], [1299, 975], [1300, 975], [1301, 975], [1363, 975], [1364, 975], [1365, 975], [1404, 975], [1405, 975], [1406, 975], [1407, 975], [1260, 976], [1261, 976], [1262, 976], [1263, 976], [1299, 976], [1300, 976], [1301, 976], [1363, 976], [1364, 976], [1365, 976], [1366, 976], [1404, 976], [1405, 976], [1406, 976], [1407, 976], [1408, 976], [1261, 977], [1262, 977], [1263, 977], [1300, 977], [1301, 977], [1302, 977], [1303, 977], [1364, 977], [1365, 977], [1366, 977], [1406, 977], [1407, 977], [1408, 977], [1409, 977], [1262, 978], [1263, 978], [1264, 978], [1300, 978], [1301, 978], [1302, 978], [1303, 978], [1365, 978], [1366, 978], [1367, 978], [1407, 978], [1408, 978], [1409, 978], [1262, 979], [1263, 979], [1264, 979], [1300, 979], [1301, 979], [1302, 979], [1303, 979], [1304, 979], [1305, 979], [1365, 979], [1366, 979], [1367, 979], [1368, 979], [1408, 979], [1409, 979], [1263, 980], [1264, 980], [1265, 980], [1300, 980], [1301, 980], [1302, 980], [1303, 980], [1304, 980], [1305, 980], [1366, 980], [1367, 980], [1368, 980], [1369, 980], [1408, 980], [1409, 980], [1410, 980], [1263, 981], [1264, 981], [1265, 981], [1266, 981], [1300, 981], [1301, 981], [1302, 981], [1303, 981], [1304, 981], [1305, 981], [1367, 981], [1368, 981], [1369, 981], [1408, 981], [1409, 981], [1410, 981], [1264, 982], [1265, 982], [1266, 982], [1267, 982], [1300, 982], [1301, 982], [1302, 982], [1304, 982], [1305, 982], [1306, 982], [1368, 982], [1369, 982], [1370, 982], [1409, 982], [1410, 982], [1411, 982], [1412, 982], [1413, 982], [1265, 983], [1266, 983], [1267, 983], [1268, 983], [1300, 983], [1301, 983], [1302, 983], [1303, 983], [1304, 983], [1305, 983], [1306, 983], [1307, 983], [1368, 983], [1369, 983], [1370, 983], [1409, 983], [1410, 983], [1411, 983], [1412, 983], [1413, 983], [1266, 984], [1267, 984], [1268, 984], [1269, 984], [1270, 984], [1301, 984], [1303, 984], [1305, 984], [1306, 984], [1307, 984], [1369, 984], [1370, 984], [1371, 984], [1408, 984], [1409, 984], [1410, 984], [1411, 984], [1412, 984], [1413, 984], [1267, 985], [1268, 985], [1269, 985], [1270, 985], [1271, 985], [1301, 985], [1302, 985], [1303, 985], [1306, 985], [1307, 985], [1308, 985], [1369, 985], [1370, 985], [1371, 985], [1408, 985], [1409, 985], [1410, 985], [1411, 985], [1412, 985], [1413, 985], [1414, 985], [1415, 985], [1269, 986], [1270, 986], [1271, 986], [1306, 986], [1307, 986], [1308, 986], [1370, 986], [1371, 986], [1372, 986], [1408, 986], [1409, 986], [1410, 986], [1412, 986], [1413, 986], [1414, 986], [1415, 986], [1270, 987], [1271, 987], [1306, 987], [1307, 987], [1308, 987], [1370, 987], [1371, 987], [1372, 987], [1373, 987], [1410, 987], [1411, 987], [1412, 987], [1414, 987], [1415, 987], [1416, 987], [1270, 988], [1271, 988], [1306, 988], [1307, 988], [1308, 988], [1371, 988], [1372, 988], [1373, 988], [1374, 988], [1414, 988], [1415, 988], [1416, 988], [1417, 988], [1270, 989], [1271, 989], [1306, 989], [1307, 989], [1308, 989], [1372, 989], [1373, 989], [1374, 989], [1415, 989], [1416, 989], [1417, 989], [1418, 989], [1270, 990], [1271, 990], [1272, 990], [1304, 990], [1305, 990], [1306, 990], [1307, 990], [1308, 990], [1373, 990], [1374, 990], [1375, 990], [1416, 990], [1417, 990], [1418, 990], [1270, 991], [1271, 991], [1272, 991], [1273, 991], [1304, 991], [1305, 991], [1306, 991], [1307, 991], [1373, 991], [1374, 991], [1375, 991], [1417, 991], [1418, 991], [1271, 992], [1272, 992], [1273, 992], [1274, 992], [1304, 992], [1305, 992], [1306, 992], [1374, 992], [1375, 992], [1417, 992], [1418, 992], [1419, 992], [1272, 993], [1273, 993], [1274, 993], [1305, 993], [1306, 993], [1374, 993], [1375, 993], [1376, 993], [1417, 993], [1418, 993], [1419, 993], [1273, 994], [1274, 994], [1275, 994], [1305, 994], [1306, 994], [1307, 994], [1374, 994], [1375, 994], [1376, 994], [1417, 994], [1418, 994], [1419, 994], [1273, 995], [1274, 995], [1275, 995], [1276, 995], [1305, 995], [1306, 995], [1307, 995], [1375, 995], [1376, 995], [1377, 995], [1417, 995], [1418, 995], [1419, 995], [1274, 996], [1275, 996], [1276, 996], [1306, 996], [1307, 996], [1310, 996], [1311, 996], [1312, 996], [1375, 996], [1376, 996], [1377, 996], [1378, 996], [1418, 996], [1419, 996], [1420, 996], [1421, 996], [1422, 996], [1423, 996], [1275, 997], [1276, 997], [1306, 997], [1307, 997], [1308, 997], [1309, 997], [1310, 997], [1311, 997], [1312, 997], [1313, 997], [1376, 997], [1377, 997], [1378, 997], [1379, 997], [1418, 997], [1419, 997], [1420, 997], [1421, 997], [1423, 997], [1275, 998], [1276, 998], [1277, 998], [1306, 998], [1307, 998], [1308, 998], [1309, 998], [1310, 998], [1311, 998], [1312, 998], [1313, 998], [1314, 998], [1377, 998], [1378, 998], [1379, 998], [1380, 998], [1419, 998], [1420, 998], [1421, 998], [1422, 998], [1423, 998], [1275, 999], [1276, 999], [1277, 999], [1307, 999], [1308, 999], [1309, 999], [1310, 999], [1311, 999], [1312, 999], [1313, 999], [1314, 999], [1315, 999], [1378, 999], [1379, 999], [1380, 999], [1420, 999], [1421, 999], [1422, 999], [1423, 999], [1424, 999], [1425, 999], [1276, 1000], [1277, 1000], [1313, 1000], [1314, 1000], [1315, 1000], [1316, 1000], [1379, 1000], [1380, 1000], [1381, 1000], [1420, 1000], [1421, 1000], [1422, 1000], [1423, 1000], [1424, 1000], [1425, 1000], [1426, 1000], [1427, 1000], [1276, 1001], [1277, 1001], [1314, 1001], [1315, 1001], [1316, 1001], [1379, 1001], [1380, 1001], [1381, 1001], [1382, 1001], [1424, 1001], [1425, 1001], [1426, 1001], [1427, 1001], [1428, 1001], [1276, 1002], [1277, 1002], [1278, 1002], [1315, 1002], [1316, 1002], [1317, 1002], [1380, 1002], [1381, 1002], [1382, 1002], [1426, 1002], [1427, 1002], [1428, 1002], [1276, 1003], [1277, 1003], [1278, 1003], [1279, 1003], [1315, 1003], [1316, 1003], [1317, 1003], [1381, 1003], [1382, 1003], [1383, 1003], [1384, 1003], [1427, 1003], [1428, 1003], [1429, 1003], [1277, 1004], [1278, 1004], [1279, 1004], [1280, 1004], [1314, 1004], [1315, 1004], [1316, 1004], [1317, 1004], [1381, 1004], [1382, 1004], [1383, 1004], [1384, 1004], [1385, 1004], [1427, 1004], [1428, 1004], [1429, 1004], [1430, 1004], [1278, 1005], [1279, 1005], [1280, 1005], [1281, 1005], [1314, 1005], [1315, 1005], [1316, 1005], [1317, 1005], [1318, 1005], [1319, 1005], [1383, 1005], [1384, 1005], [1385, 1005], [1386, 1005], [1428, 1005], [1429, 1005], [1430, 1005], [1279, 1006], [1280, 1006], [1281, 1006], [1282, 1006], [1314, 1006], [1315, 1006], [1316, 1006], [1317, 1006], [1318, 1006], [1319, 1006], [1320, 1006], [1321, 1006], [1384, 1006], [1385, 1006], [1386, 1006], [1387, 1006], [1429, 1006], [1430, 1006], [1431, 1006], [1280, 1007], [1281, 1007], [1282, 1007], [1283, 1007], [1315, 1007], [1316, 1007], [1317, 1007], [1319, 1007], [1320, 1007], [1321, 1007], [1385, 1007], [1386, 1007], [1387, 1007], [1429, 1007], [1430, 1007], [1431, 1007], [1432, 1007], [1281, 1008], [1282, 1008], [1283, 1008], [1311, 1008], [1312, 1008], [1313, 1008], [1314, 1008], [1315, 1008], [1316, 1008], [1317, 1008], [1320, 1008], [1321, 1008], [1386, 1008], [1387, 1008], [1388, 1008], [1430, 1008], [1431, 1008], [1432, 1008], [1433, 1008], [1282, 1009], [1283, 1009], [1311, 1009], [1312, 1009], [1313, 1009], [1314, 1009], [1316, 1009], [1317, 1009], [1318, 1009], [1319, 1009], [1320, 1009], [1321, 1009], [1386, 1009], [1387, 1009], [1388, 1009], [1431, 1009], [1432, 1009], [1433, 1009], [1434, 1009], [1282, 1010], [1283, 1010], [1311, 1010], [1312, 1010], [1313, 1010], [1314, 1010], [1315, 1010], [1317, 1010], [1318, 1010], [1319, 1010], [1320, 1010], [1387, 1010], [1388, 1010], [1389, 1010], [1432, 1010], [1433, 1010], [1434, 1010], [1282, 1011], [1283, 1011], [1311, 1011], [1312, 1011], [1314, 1011], [1315, 1011], [1318, 1011], [1319, 1011], [1320, 1011], [1387, 1011], [1388, 1011], [1389, 1011], [1433, 1011], [1434, 1011], [1435, 1011], [1282, 1012], [1283, 1012], [1284, 1012], [1312, 1012], [1314, 1012], [1316, 1012], [1317, 1012], [1318, 1012], [1319, 1012], [1320, 1012], [1388, 1012], [1389, 1012], [1433, 1012], [1434, 1012], [1435, 1012], [1282, 1013], [1283, 1013], [1284, 1013], [1312, 1013], [1313, 1013], [1314, 1013], [1316, 1013], [1317, 1013], [1318, 1013], [1319, 1013], [1320, 1013], [1388, 1013], [1389, 1013], [1390, 1013], [1434, 1013], [1435, 1013], [1436, 1013], [1283, 1014], [1284, 1014], [1285, 1014], [1316, 1014], [1317, 1014], [1318, 1014], [1319, 1014], [1320, 1014], [1388, 1014], [1389, 1014], [1390, 1014], [1391, 1014], [1434, 1014], [1435, 1014], [1436, 1014], [1437, 1014], [1438, 1014], [1283, 1015], [1284, 1015], [1285, 1015], [1286, 1015], [1317, 1015], [1318, 1015], [1319, 1015], [1389, 1015], [1390, 1015], [1391, 1015], [1392, 1015], [1435, 1015], [1436, 1015], [1437, 1015], [1438, 1015], [1439, 1015], [1284, 1016], [1285, 1016], [1286, 1016], [1287, 1016], [1288, 1016], [1318, 1016], [1319, 1016], [1320, 1016], [1390, 1016], [1391, 1016], [1392, 1016], [1437, 1016], [1438, 1016], [1439, 1016], [1440, 1016], [1285, 1017], [1286, 1017], [1287, 1017], [1288, 1017], [1318, 1017], [1319, 1017], [1320, 1017], [1391, 1017], [1392, 1017], [1393, 1017], [1438, 1017], [1439, 1017], [1440, 1017], [1441, 1017], [1287, 1018], [1288, 1018], [1289, 1018], [1318, 1018], [1319, 1018], [1320, 1018], [1391, 1018], [1392, 1018], [1393, 1018], [1439, 1018], [1440, 1018], [1441, 1018], [1442, 1018], [1287, 1019], [1288, 1019], [1289, 1019], [1290, 1019], [1318, 1019], [1319, 1019], [1320, 1019], [1321, 1019], [1322, 1019], [1392, 1019], [1393, 1019], [1394, 1019], [1440, 1019], [1441, 1019], [1442, 1019], [1443, 1019], [1288, 1020], [1289, 1020], [1290, 1020], [1318, 1020], [1319, 1020], [1320, 1020], [1321, 1020], [1322, 1020], [1323, 1020], [1392, 1020], [1393, 1020], [1394, 1020], [1441, 1020], [1442, 1020], [1443, 1020], [1444, 1020], [1289, 1021], [1290, 1021], [1321, 1021], [1322, 1021], [1323, 1021], [1324, 1021], [1393, 1021], [1394, 1021], [1395, 1021], [1442, 1021], [1443, 1021], [1444, 1021], [1289, 1022], [1290, 1022], [1321, 1022], [1322, 1022], [1323, 1022], [1324, 1022], [1325, 1022], [1326, 1022], [1327, 1022], [1393, 1022], [1394, 1022], [1395, 1022], [1396, 1022], [1397, 1022], [1443, 1022], [1444, 1022], [1445, 1022], [1289, 1023], [1290, 1023], [1321, 1023], [1322, 1023], [1323, 1023], [1324, 1023], [1325, 1023], [1326, 1023], [1327, 1023], [1328, 1023], [1329, 1023], [1330, 1023], [1394, 1023], [1395, 1023], [1396, 1023], [1397, 1023], [1443, 1023], [1444, 1023], [1445, 1023], [1289, 1024], [1290, 1024], [1291, 1024], [1323, 1024], [1324, 1024], [1325, 1024], [1326, 1024], [1327, 1024], [1328, 1024], [1329, 1024], [1330, 1024], [1331, 1024], [1396, 1024], [1397, 1024], [1398, 1024], [1443, 1024], [1444, 1024], [1445, 1024], [1289, 1025], [1290, 1025], [1291, 1025], [1329, 1025], [1330, 1025], [1331, 1025], [1396, 1025], [1397, 1025], [1398, 1025], [1399, 1025], [1443, 1025], [1444, 1025], [1290, 1026], [1291, 1026], [1292, 1026], [1330, 1026], [1331, 1026], [1332, 1026], [1397, 1026], [1398, 1026], [1399, 1026], [1443, 1026], [1444, 1026], [1445, 1026], [1446, 1026], [1290, 1027], [1291, 1027], [1292, 1027], [1330, 1027], [1331, 1027], [1332, 1027], [1333, 1027], [1398, 1027], [1399, 1027], [1400, 1027], [1443, 1027], [1444, 1027], [1445, 1027], [1446, 1027], [1447, 1027], [1291, 1028], [1292, 1028], [1293, 1028], [1331, 1028], [1332, 1028], [1333, 1028], [1334, 1028], [1398, 1028], [1399, 1028], [1400, 1028], [1401, 1028], [1445, 1028], [1446, 1028], [1447, 1028], [1291, 1029], [1292, 1029], [1293, 1029], [1294, 1029], [1295, 1029], [1332, 1029], [1333, 1029], [1334, 1029], [1335, 1029], [1336, 1029], [1399, 1029], [1400, 1029], [1401, 1029], [1402, 1029], [1446, 1029], [1447, 1029], [1448, 1029], [1292, 1030], [1293, 1030], [1294, 1030], [1295, 1030], [1333, 1030], [1334, 1030], [1335, 1030], [1336, 1030], [1400, 1030], [1401, 1030], [1402, 1030], [1446, 1030], [1447, 1030], [1448, 1030], [1294, 1031], [1295, 1031], [1333, 1031], [1334, 1031], [1335, 1031], [1336, 1031], [1401, 1031], [1402, 1031], [1403, 1031], [1447, 1031], [1448, 1031], [1449, 1031], [1294, 1032], [1295, 1032], [1332, 1032], [1333, 1032], [1334, 1032], [1335, 1032], [1401, 1032], [1402, 1032], [1403, 1032], [1447, 1032], [1448, 1032], [1449, 1032], [1294, 1033], [1295, 1033], [1332, 1033], [1333, 1033], [1334, 1033], [1335, 1033], [1402, 1033], [1403, 1033], [1404, 1033], [1448, 1033], [1449, 1033], [1450, 1033], [1294, 1034], [1295, 1034], [1330, 1034], [1331, 1034], [1332, 1034], [1333, 1034], [1402, 1034], [1403, 1034], [1404, 1034], [1448, 1034], [1449, 1034], [1450, 1034], [1294, 1035], [1295, 1035], [1330, 1035], [1331, 1035], [1332, 1035], [1333, 1035], [1403, 1035], [1404, 1035], [1405, 1035], [1449, 1035], [1450, 1035], [1451, 1035], [1294, 1036], [1295, 1036], [1330, 1036], [1331, 1036], [1332, 1036], [1333, 1036], [1336, 1036], [1337, 1036], [1338, 1036], [1403, 1036], [1404, 1036], [1405, 1036], [1406, 1036], [1449, 1036], [1450, 1036], [1451, 1036], [1452, 1036], [1294, 1037], [1295, 1037], [1331, 1037], [1332, 1037], [1333, 1037], [1334, 1037], [1335, 1037], [1336, 1037], [1337, 1037], [1338, 1037], [1404, 1037], [1405, 1037], [1406, 1037], [1407, 1037], [1450, 1037], [1451, 1037], [1452, 1037], [1453, 1037], [1294, 1038], [1295, 1038], [1296, 1038], [1332, 1038], [1333, 1038], [1334, 1038], [1335, 1038], [1336, 1038], [1337, 1038], [1338, 1038], [1405, 1038], [1406, 1038], [1407, 1038], [1451, 1038], [1452, 1038], [1453, 1038], [1454, 1038], [1294, 1039], [1295, 1039], [1296, 1039], [1333, 1039], [1334, 1039], [1335, 1039], [1337, 1039], [1338, 1039], [1406, 1039], [1407, 1039], [1408, 1039], [1452, 1039], [1453, 1039], [1454, 1039], [1455, 1039], [1295, 1040], [1296, 1040], [1297, 1040], [1336, 1040], [1337, 1040], [1338, 1040], [1406, 1040], [1407, 1040], [1408, 1040], [1452, 1040], [1453, 1040], [1454, 1040], [1455, 1040], [1295, 1041], [1296, 1041], [1297, 1041], [1298, 1041], [1336, 1041], [1337, 1041], [1338, 1041], [1339, 1041], [1407, 1041], [1408, 1041], [1409, 1041], [1451, 1041], [1452, 1041], [1453, 1041], [1454, 1041], [1455, 1041], [1296, 1042], [1297, 1042], [1298, 1042], [1299, 1042], [1335, 1042], [1336, 1042], [1337, 1042], [1338, 1042], [1339, 1042], [1407, 1042], [1408, 1042], [1409, 1042], [1410, 1042], [1449, 1042], [1450, 1042], [1451, 1042], [1452, 1042], [1453, 1042], [1454, 1042], [1297, 1043], [1298, 1043], [1299, 1043], [1300, 1043], [1301, 1043], [1335, 1043], [1336, 1043], [1338, 1043], [1339, 1043], [1408, 1043], [1409, 1043], [1410, 1043], [1411, 1043], [1449, 1043], [1450, 1043], [1451, 1043], [1452, 1043], [1453, 1043], [1454, 1043], [1298, 1044], [1299, 1044], [1300, 1044], [1301, 1044], [1302, 1044], [1335, 1044], [1336, 1044], [1337, 1044], [1338, 1044], [1409, 1044], [1410, 1044], [1411, 1044], [1412, 1044], [1449, 1044], [1450, 1044], [1451, 1044], [1452, 1044], [1453, 1044], [1300, 1045], [1301, 1045], [1302, 1045], [1303, 1045], [1335, 1045], [1336, 1045], [1337, 1045], [1338, 1045], [1339, 1045], [1410, 1045], [1411, 1045], [1412, 1045], [1449, 1045], [1450, 1045], [1451, 1045], [1452, 1045], [1453, 1045], [1454, 1045], [1455, 1045], [1456, 1045], [1457, 1045], [1458, 1045], [1301, 1046], [1302, 1046], [1303, 1046], [1304, 1046], [1335, 1046], [1336, 1046], [1337, 1046], [1338, 1046], [1339, 1046], [1411, 1046], [1412, 1046], [1449, 1046], [1452, 1046], [1453, 1046], [1455, 1046], [1456, 1046], [1457, 1046], [1458, 1046], [1302, 1047], [1303, 1047], [1304, 1047], [1337, 1047], [1338, 1047], [1339, 1047], [1411, 1047], [1412, 1047], [1413, 1047], [1449, 1047], [1450, 1047], [1451, 1047], [1452, 1047], [1453, 1047], [1455, 1047], [1456, 1047], [1457, 1047], [1458, 1047], [1303, 1048], [1304, 1048], [1305, 1048], [1337, 1048], [1338, 1048], [1339, 1048], [1340, 1048], [1411, 1048], [1412, 1048], [1413, 1048], [1449, 1048], [1450, 1048], [1451, 1048], [1452, 1048], [1453, 1048], [1454, 1048], [1455, 1048], [1456, 1048], [1457, 1048], [1458, 1048], [1459, 1048], [1303, 1049], [1304, 1049], [1305, 1049], [1337, 1049], [1338, 1049], [1339, 1049], [1340, 1049], [1412, 1049], [1413, 1049], [1414, 1049], [1450, 1049], [1451, 1049], [1452, 1049], [1453, 1049], [1454, 1049], [1455, 1049], [1457, 1049], [1458, 1049], [1459, 1049], [1304, 1050], [1305, 1050], [1306, 1050], [1339, 1050], [1340, 1050], [1412, 1050], [1413, 1050], [1414, 1050], [1415, 1050], [1452, 1050], [1453, 1050], [1454, 1050], [1457, 1050], [1458, 1050], [1459, 1050], [1304, 1051], [1305, 1051], [1306, 1051], [1339, 1051], [1340, 1051], [1341, 1051], [1413, 1051], [1414, 1051], [1415, 1051], [1416, 1051], [1417, 1051], [1457, 1051], [1458, 1051], [1459, 1051], [1460, 1051], [1461, 1051], [1462, 1051], [1463, 1051], [1464, 1051], [1305, 1052], [1306, 1052], [1307, 1052], [1339, 1052], [1340, 1052], [1341, 1052], [1342, 1052], [1343, 1052], [1344, 1052], [1414, 1052], [1415, 1052], [1416, 1052], [1417, 1052], [1418, 1052], [1458, 1052], [1459, 1052], [1460, 1052], [1461, 1052], [1462, 1052], [1463, 1052], [1464, 1052], [1465, 1052], [1466, 1052], [1305, 1053], [1306, 1053], [1307, 1053], [1338, 1053], [1339, 1053], [1340, 1053], [1341, 1053], [1342, 1053], [1343, 1053], [1344, 1053], [1345, 1053], [1346, 1053], [1416, 1053], [1417, 1053], [1418, 1053], [1419, 1053], [1463, 1053], [1464, 1053], [1465, 1053], [1466, 1053], [1467, 1053], [1306, 1054], [1307, 1054], [1308, 1054], [1338, 1054], [1339, 1054], [1340, 1054], [1341, 1054], [1342, 1054], [1343, 1054], [1344, 1054], [1346, 1054], [1417, 1054], [1418, 1054], [1419, 1054], [1465, 1054], [1466, 1054], [1467, 1054], [1306, 1055], [1307, 1055], [1308, 1055], [1309, 1055], [1338, 1055], [1339, 1055], [1340, 1055], [1341, 1055], [1342, 1055], [1343, 1055], [1345, 1055], [1346, 1055], [1418, 1055], [1419, 1055], [1420, 1055], [1466, 1055], [1467, 1055], [1468, 1055], [1307, 1056], [1308, 1056], [1309, 1056], [1339, 1056], [1340, 1056], [1341, 1056], [1342, 1056], [1343, 1056], [1344, 1056], [1345, 1056], [1346, 1056], [1418, 1056], [1419, 1056], [1420, 1056], [1466, 1056], [1467, 1056], [1468, 1056], [1308, 1057], [1309, 1057], [1342, 1057], [1343, 1057], [1344, 1057], [1345, 1057], [1346, 1057], [1347, 1057], [1419, 1057], [1420, 1057], [1421, 1057], [1467, 1057], [1468, 1057], [1308, 1058], [1309, 1058], [1310, 1058], [1345, 1058], [1346, 1058], [1347, 1058], [1419, 1058], [1420, 1058], [1421, 1058], [1467, 1058], [1468, 1058], [1308, 1059], [1309, 1059], [1310, 1059], [1346, 1059], [1347, 1059], [1348, 1059], [1349, 1059], [1420, 1059], [1421, 1059], [1467, 1059], [1468, 1059], [1469, 1059], [1470, 1059], [1309, 1060], [1310, 1060], [1346, 1060], [1347, 1060], [1348, 1060], [1349, 1060], [1350, 1060], [1351, 1060], [1420, 1060], [1421, 1060], [1422, 1060], [1467, 1060], [1468, 1060], [1469, 1060], [1470, 1060], [1471, 1060], [1472, 1060], [1309, 1061], [1310, 1061], [1311, 1061], [1348, 1061], [1349, 1061], [1350, 1061], [1351, 1061], [1352, 1061], [1353, 1061], [1354, 1061], [1420, 1061], [1421, 1061], [1422, 1061], [1423, 1061], [1469, 1061], [1470, 1061], [1471, 1061], [1472, 1061], [1473, 1061], [1309, 1062], [1310, 1062], [1311, 1062], [1348, 1062], [1349, 1062], [1350, 1062], [1352, 1062], [1353, 1062], [1354, 1062], [1421, 1062], [1422, 1062], [1423, 1062], [1471, 1062], [1472, 1062], [1473, 1062], [1310, 1063], [1311, 1063], [1312, 1063], [1348, 1063], [1349, 1063], [1350, 1063], [1351, 1063], [1352, 1063], [1353, 1063], [1354, 1063], [1422, 1063], [1423, 1063], [1472, 1063], [1473, 1063], [1474, 1063], [1310, 1064], [1311, 1064], [1312, 1064], [1348, 1064], [1349, 1064], [1350, 1064], [1351, 1064], [1352, 1064], [1353, 1064], [1354, 1064], [1422, 1064], [1423, 1064], [1424, 1064], [1472, 1064], [1473, 1064], [1474, 1064], [1311, 1065], [1312, 1065], [1313, 1065], [1346, 1065], [1347, 1065], [1348, 1065], [1349, 1065], [1350, 1065], [1351, 1065], [1422, 1065], [1423, 1065], [1424, 1065], [1425, 1065], [1473, 1065], [1474, 1065], [1311, 1066], [1312, 1066], [1313, 1066], [1346, 1066], [1347, 1066], [1348, 1066], [1349, 1066], [1423, 1066], [1424, 1066], [1425, 1066], [1473, 1066], [1474, 1066], [1475, 1066], [1312, 1067], [1313, 1067], [1314, 1067], [1346, 1067], [1347, 1067], [1348, 1067], [1349, 1067], [1424, 1067], [1425, 1067], [1473, 1067], [1474, 1067], [1475, 1067], [1312, 1068], [1313, 1068], [1314, 1068], [1347, 1068], [1348, 1068], [1349, 1068], [1350, 1068], [1424, 1068], [1425, 1068], [1426, 1068], [1474, 1068], [1475, 1068], [1476, 1068], [1313, 1069], [1314, 1069], [1315, 1069], [1347, 1069], [1348, 1069], [1349, 1069], [1350, 1069], [1424, 1069], [1425, 1069], [1426, 1069], [1427, 1069], [1474, 1069], [1475, 1069], [1476, 1069], [1313, 1070], [1314, 1070], [1315, 1070], [1316, 1070], [1348, 1070], [1349, 1070], [1350, 1070], [1425, 1070], [1426, 1070], [1427, 1070], [1428, 1070], [1475, 1070], [1476, 1070], [1477, 1070], [1314, 1071], [1315, 1071], [1316, 1071], [1317, 1071], [1348, 1071], [1349, 1071], [1350, 1071], [1351, 1071], [1352, 1071], [1353, 1071], [1354, 1071], [1426, 1071], [1427, 1071], [1428, 1071], [1475, 1071], [1476, 1071], [1477, 1071], [1478, 1071], [1315, 1072], [1316, 1072], [1317, 1072], [1349, 1072], [1350, 1072], [1351, 1072], [1352, 1072], [1353, 1072], [1354, 1072], [1427, 1072], [1428, 1072], [1429, 1072], [1476, 1072], [1477, 1072], [1478, 1072], [1479, 1072], [1316, 1073], [1317, 1073], [1318, 1073], [1351, 1073], [1352, 1073], [1353, 1073], [1354, 1073], [1427, 1073], [1428, 1073], [1429, 1073], [1430, 1073], [1477, 1073], [1478, 1073], [1479, 1073], [1316, 1074], [1317, 1074], [1318, 1074], [1353, 1074], [1354, 1074], [1428, 1074], [1429, 1074], [1430, 1074], [1431, 1074], [1478, 1074], [1479, 1074], [1480, 1074], [1481, 1074], [1317, 1075], [1318, 1075], [1319, 1075], [1353, 1075], [1354, 1075], [1355, 1075], [1429, 1075], [1430, 1075], [1431, 1075], [1432, 1075], [1478, 1075], [1479, 1075], [1480, 1075], [1481, 1075], [1317, 1076], [1318, 1076], [1319, 1076], [1353, 1076], [1354, 1076], [1355, 1076], [1430, 1076], [1431, 1076], [1432, 1076], [1433, 1076], [1480, 1076], [1481, 1076], [1482, 1076], [1318, 1077], [1319, 1077], [1320, 1077], [1353, 1077], [1354, 1077], [1355, 1077], [1358, 1077], [1359, 1077], [1360, 1077], [1361, 1077], [1362, 1077], [1363, 1077], [1431, 1077], [1432, 1077], [1433, 1077], [1434, 1077], [1480, 1077], [1481, 1077], [1482, 1077], [1318, 1078], [1319, 1078], [1320, 1078], [1353, 1078], [1354, 1078], [1355, 1078], [1356, 1078], [1358, 1078], [1359, 1078], [1360, 1078], [1361, 1078], [1362, 1078], [1363, 1078], [1432, 1078], [1433, 1078], [1434, 1078], [1481, 1078], [1482, 1078], [1319, 1079], [1320, 1079], [1354, 1079], [1355, 1079], [1356, 1079], [1358, 1079], [1359, 1079], [1362, 1079], [1363, 1079], [1433, 1079], [1434, 1079], [1481, 1079], [1482, 1079]




White line right - 


