White line left - [413, 891], [412, 892], [413, 892], [410, 893], [411, 893], [412, 893], [410, 894], [411, 894], [412, 894], [409, 895], [410, 895], [411, 895], [409, 896], [410, 896], [411, 896], [408, 897], [409, 897], [410, 897], [408, 898], [409, 898], [410, 898], [407, 899], [408, 899], [409, 899], [406, 900], [407, 900], [408, 900], [409, 900], [406, 901], [407, 901], [408, 901], [405, 902], [406, 902], [407, 902], [404, 903], [405, 903], [406, 903], [407, 903], [404, 904], [405, 904], [406, 904], [403, 905], [404, 905], [405, 905], [403, 906], [404, 906], [405, 906], [402, 907], [403, 907], [404, 907], [401, 908], [402, 908], [403, 908], [404, 908], [401, 909], [402, 909], [403, 909], [400, 910], [401, 910], [402, 910], [399, 911], [400, 911], [401, 911], [402, 911], [399, 912], [400, 912], [401, 912], [398, 913], [399, 913], [400, 913], [398, 914], [399, 914], [400, 914], [397, 915], [398, 915], [399, 915], [396, 916], [397, 916], [398, 916], [399, 916], [396, 917], [397, 917], [398, 917], [395, 918], [396, 918], [397, 918], [394, 919], [395, 919], [396, 919], [397, 919], [394, 920], [395, 920], [396, 920], [393, 921], [394, 921], [395, 921], [392, 922], [393, 922], [394, 922], [395, 922], [392, 923], [393, 923], [394, 923], [391, 924], [392, 924], [393, 924], [391, 925], [392, 925], [393, 925], [390, 926], [391, 926], [392, 926], [390, 927], [391, 927], [392, 927], [389, 928], [390, 928], [391, 928], [349, 929], [350, 929], [388, 929], [389, 929], [390, 929], [391, 929], [348, 930], [349, 930], [388, 930], [389, 930], [390, 930], [346, 931], [347, 931], [348, 931], [349, 931], [387, 931], [388, 931], [389, 931], [346, 932], [347, 932], [348, 932], [387, 932], [388, 932], [389, 932], [345, 933], [346, 933], [347, 933], [386, 933], [387, 933], [388, 933], [344, 934], [345, 934], [346, 934], [347, 934], [386, 934], [387, 934], [388, 934], [343, 935], [344, 935], [345, 935], [346, 935], [385, 935], [386, 935], [387, 935], [343, 936], [344, 936], [345, 936], [385, 936], [386, 936], [387, 936], [342, 937], [343, 937], [344, 937], [384, 937], [385, 937], [386, 937], [342, 938], [343, 938], [344, 938], [383, 938], [384, 938], [385, 938], [386, 938], [341, 939], [342, 939], [343, 939], [383, 939], [384, 939], [385, 939], [340, 940], [341, 940], [342, 940], [343, 940], [382, 940], [383, 940], [384, 940], [339, 941], [340, 941], [341, 941], [342, 941], [382, 941], [383, 941], [384, 941], [339, 942], [340, 942], [341, 942], [381, 942], [382, 942], [383, 942], [338, 943], [339, 943], [340, 943], [380, 943], [381, 943], [382, 943], [383, 943], [337, 944], [338, 944], [339, 944], [340, 944], [380, 944], [381, 944], [382, 944], [336, 945], [337, 945], [338, 945], [339, 945], [379, 945], [380, 945], [381, 945], [336, 946], [337, 946], [338, 946], [379, 946], [380, 946], [381, 946], [335, 947], [336, 947], [337, 947], [378, 947], [379, 947], [380, 947], [334, 948], [335, 948], [336, 948], [337, 948], [378, 948], [379, 948], [380, 948], [334, 949], [335, 949], [336, 949], [377, 949], [378, 949], [379, 949], [333, 950], [334, 950], [335, 950], [376, 950], [377, 950], [378, 950], [379, 950], [332, 951], [333, 951], [334, 951], [335, 951], [376, 951], [377, 951], [378, 951], [332, 952], [333, 952], [334, 952], [375, 952], [376, 952], [377, 952], [331, 953], [332, 953], [333, 953], [374, 953], [375, 953], [376, 953], [377, 953], [331, 954], [332, 954], [333, 954], [374, 954], [375, 954], [376, 954], [330, 955], [331, 955], [332, 955], [373, 955], [374, 955], [375, 955], [329, 956], [330, 956], [331, 956], [332, 956], [372, 956], [373, 956], [374, 956], [375, 956], [329, 957], [330, 957], [331, 957], [352, 957], [353, 957], [354, 957], [355, 957], [356, 957], [357, 957], [372, 957], [373, 957], [374, 957], [328, 958], [329, 958], [330, 958], [351, 958], [352, 958], [353, 958], [354, 958], [355, 958], [356, 958], [357, 958], [358, 958], [359, 958], [360, 958], [371, 958], [372, 958], [373, 958], [327, 959], [328, 959], [329, 959], [330, 959], [351, 959], [352, 959], [353, 959], [356, 959], [357, 959], [358, 959], [359, 959], [360, 959], [370, 959], [371, 959], [372, 959], [373, 959], [327, 960], [328, 960], [329, 960], [350, 960], [351, 960], [352, 960], [359, 960], [360, 960], [370, 960], [371, 960], [372, 960], [326, 961], [327, 961], [328, 961], [350, 961], [351, 961], [352, 961], [358, 961], [359, 961], [360, 961], [369, 961], [370, 961], [371, 961], [326, 962], [327, 962], [328, 962], [349, 962], [350, 962], [351, 962], [358, 962], [359, 962], [360, 962], [368, 962], [369, 962], [370, 962], [371, 962], [325, 963], [326, 963], [327, 963], [348, 963], [349, 963], [350, 963], [351, 963], [358, 963], [359, 963], [368, 963], [369, 963], [370, 963], [325, 964], [326, 964], [327, 964], [348, 964], [349, 964], [350, 964], [357, 964], [358, 964], [359, 964], [367, 964], [368, 964], [369, 964], [324, 965], [325, 965], [326, 965], [347, 965], [348, 965], [349, 965], [357, 965], [358, 965], [359, 965], [367, 965], [368, 965], [369, 965], [323, 966], [324, 966], [325, 966], [326, 966], [347, 966], [348, 966], [349, 966], [356, 966], [357, 966], [358, 966], [366, 966], [367, 966], [368, 966], [323, 967], [324, 967], [325, 967], [346, 967], [347, 967], [348, 967], [355, 967], [356, 967], [357, 967], [358, 967], [366, 967], [367, 967], [368, 967], [322, 968], [323, 968], [324, 968], [346, 968], [347, 968], [348, 968], [354, 968], [355, 968], [356, 968], [357, 968], [365, 968], [366, 968], [367, 968], [321, 969], [322, 969], [323, 969], [324, 969], [346, 969], [347, 969], [354, 969], [355, 969], [356, 969], [364, 969], [365, 969], [366, 969], [367, 969], [321, 970], [322, 970], [323, 970], [346, 970], [347, 970], [352, 970], [353, 970], [354, 970], [355, 970], [363, 970], [364, 970], [365, 970], [366, 970], [320, 971], [321, 971], [322, 971], [345, 971], [346, 971], [347, 971], [352, 971], [353, 971], [354, 971], [355, 971], [363, 971], [364, 971], [365, 971], [320, 972], [321, 972], [322, 972], [345, 972], [346, 972], [347, 972], [352, 972], [353, 972], [362, 972], [363, 972], [364, 972], [319, 973], [320, 973], [321, 973], [345, 973], [346, 973], [351, 973], [352, 973], [353, 973], [361, 973], [362, 973], [363, 973], [364, 973], [318, 974], [319, 974], [320, 974], [321, 974], [345, 974], [346, 974], [347, 974], [348, 974], [350, 974], [351, 974], [352, 974], [353, 974], [360, 974], [361, 974], [362, 974], [363, 974], [318, 975], [319, 975], [320, 975], [345, 975], [346, 975], [347, 975], [348, 975], [349, 975], [350, 975], [351, 975], [352, 975], [359, 975], [360, 975], [361, 975], [362, 975], [317, 976], [318, 976], [319, 976], [347, 976], [348, 976], [349, 976], [350, 976], [351, 976], [359, 976], [360, 976], [361, 976], [316, 977], [317, 977], [318, 977], [319, 977], [359, 977], [360, 977], [316, 978], [317, 978], [318, 978], [359, 978], [360, 978], [316, 979], [317, 979], [358, 979], [359, 979], [360, 979], [315, 980], [316, 980], [317, 980], [357, 980], [358, 980], [359, 980], [360, 980], [315, 981], [316, 981], [317, 981], [356, 981], [357, 981], [358, 981], [359, 981], [314, 982], [315, 982], [316, 982], [356, 982], [357, 982], [358, 982], [313, 983], [314, 983], [315, 983], [316, 983], [356, 983], [357, 983], [313, 984], [314, 984], [315, 984], [356, 984], [357, 984], [312, 985], [313, 985], [314, 985], [355, 985], [356, 985], [357, 985], [312, 986], [313, 986], [314, 986], [354, 986], [355, 986], [356, 986], [357, 986], [311, 987], [312, 987], [313, 987], [354, 987], [355, 987], [356, 987], [310, 988], [311, 988], [312, 988], [313, 988], [353, 988], [354, 988], [355, 988], [309, 989], [310, 989], [311, 989], [312, 989], [353, 989], [354, 989], [355, 989], [309, 990], [310, 990], [311, 990], [352, 990], [353, 990], [354, 990], [308, 991], [309, 991], [310, 991], [351, 991], [352, 991], [353, 991], [354, 991], [307, 992], [308, 992], [309, 992], [310, 992], [351, 992], [352, 992], [353, 992], [307, 993], [308, 993], [309, 993], [350, 993], [351, 993], [352, 993], [306, 994], [307, 994], [308, 994], [350, 994], [351, 994], [352, 994], [306, 995], [307, 995], [308, 995], [350, 995], [351, 995], [305, 996], [306, 996], [307, 996], [349, 996], [350, 996], [351, 996], [305, 997], [306, 997], [307, 997], [348, 997], [349, 997], [350, 997], [351, 997], [304, 998], [305, 998], [306, 998], [348, 998], [349, 998], [350, 998], [304, 999], [305, 999], [306, 999], [348, 999], [349, 999], [303, 1000], [304, 1000], [305, 1000], [347, 1000], [348, 1000], [349, 1000], [303, 1001], [304, 1001], [305, 1001], [346, 1001], [347, 1001], [348, 1001], [349, 1001], [302, 1002], [303, 1002], [304, 1002], [346, 1002], [347, 1002], [348, 1002], [301, 1003], [302, 1003], [303, 1003], [304, 1003], [345, 1003], [346, 1003], [347, 1003], [301, 1004], [302, 1004], [303, 1004], [345, 1004], [346, 1004], [347, 1004], [300, 1005], [301, 1005], [302, 1005], [344, 1005], [345, 1005], [346, 1005], [300, 1006], [301, 1006], [302, 1006], [343, 1006], [344, 1006], [345, 1006], [346, 1006], [299, 1007], [300, 1007], [301, 1007], [343, 1007], [344, 1007], [345, 1007], [298, 1008], [299, 1008], [300, 1008], [301, 1008], [342, 1008], [343, 1008], [344, 1008], [297, 1009], [298, 1009], [299, 1009], [300, 1009], [342, 1009], [343, 1009], [344, 1009], [297, 1010], [298, 1010], [299, 1010], [341, 1010], [342, 1010], [343, 1010], [296, 1011], [297, 1011], [298, 1011], [341, 1011], [342, 1011], [343, 1011], [295, 1012], [296, 1012], [297, 1012], [298, 1012], [339, 1012], [340, 1012], [341, 1012], [342, 1012], [295, 1013], [296, 1013], [297, 1013], [339, 1013], [340, 1013], [341, 1013], [342, 1013], [294, 1014], [295, 1014], [296, 1014], [339, 1014], [340, 1014], [293, 1015], [294, 1015], [295, 1015], [296, 1015], [338, 1015], [339, 1015], [340, 1015], [293, 1016], [294, 1016], [295, 1016], [337, 1016], [338, 1016], [339, 1016], [340, 1016], [292, 1017], [293, 1017], [294, 1017], [337, 1017], [338, 1017], [339, 1017], [291, 1018], [292, 1018], [293, 1018], [294, 1018], [336, 1018], [337, 1018], [338, 1018], [291, 1019], [292, 1019], [293, 1019], [323, 1019], [324, 1019], [325, 1019], [326, 1019], [327, 1019], [336, 1019], [337, 1019], [338, 1019], [290, 1020], [291, 1020], [292, 1020], [323, 1020], [324, 1020], [325, 1020], [326, 1020], [327, 1020], [328, 1020], [335, 1020], [336, 1020], [337, 1020], [290, 1021], [291, 1021], [292, 1021], [323, 1021], [324, 1021], [325, 1021], [326, 1021], [327, 1021], [328, 1021], [335, 1021], [336, 1021], [337, 1021], [290, 1022], [291, 1022], [323, 1022], [324, 1022], [325, 1022], [326, 1022], [327, 1022], [328, 1022], [334, 1022], [335, 1022], [336, 1022], [289, 1023], [290, 1023], [291, 1023], [324, 1023], [325, 1023], [326, 1023], [327, 1023], [333, 1023], [334, 1023], [335, 1023], [336, 1023], [288, 1024], [289, 1024], [290, 1024], [291, 1024], [332, 1024], [333, 1024], [334, 1024], [335, 1024], [287, 1025], [288, 1025], [289, 1025], [290, 1025], [325, 1025], [326, 1025], [327, 1025], [328, 1025], [332, 1025], [333, 1025], [334, 1025], [287, 1026], [288, 1026], [289, 1026], [324, 1026], [325, 1026], [326, 1026], [327, 1026], [328, 1026], [331, 1026], [332, 1026], [333, 1026], [286, 1027], [287, 1027], [288, 1027], [320, 1027], [321, 1027], [322, 1027], [323, 1027], [324, 1027], [325, 1027], [326, 1027], [327, 1027], [328, 1027], [331, 1027], [332, 1027], [333, 1027], [286, 1028], [287, 1028], [288, 1028], [319, 1028], [320, 1028], [321, 1028], [322, 1028], [323, 1028], [324, 1028], [325, 1028], [326, 1028], [327, 1028], [328, 1028], [330, 1028], [331, 1028], [332, 1028], [285, 1029], [286, 1029], [287, 1029], [315, 1029], [316, 1029], [317, 1029], [318, 1029], [319, 1029], [320, 1029], [321, 1029], [326, 1029], [327, 1029], [328, 1029], [329, 1029], [330, 1029], [331, 1029], [332, 1029], [284, 1030], [285, 1030], [286, 1030], [287, 1030], [315, 1030], [316, 1030], [317, 1030], [318, 1030], [319, 1030], [320, 1030], [327, 1030], [328, 1030], [329, 1030], [330, 1030], [331, 1030], [283, 1031], [284, 1031], [285, 1031], [286, 1031], [314, 1031], [315, 1031], [316, 1031], [327, 1031], [328, 1031], [329, 1031], [330, 1031], [283, 1032], [284, 1032], [285, 1032], [313, 1032], [314, 1032], [315, 1032], [316, 1032], [326, 1032], [327, 1032], [328, 1032], [329, 1032], [330, 1032], [282, 1033], [283, 1033], [284, 1033], [313, 1033], [314, 1033], [315, 1033], [325, 1033], [326, 1033], [327, 1033], [328, 1033], [329, 1033], [282, 1034], [283, 1034], [284, 1034], [313, 1034], [314, 1034], [324, 1034], [325, 1034], [326, 1034], [327, 1034], [328, 1034], [281, 1035], [282, 1035], [283, 1035], [312, 1035], [313, 1035], [314, 1035], [323, 1035], [324, 1035], [325, 1035], [327, 1035], [328, 1035], [280, 1036], [281, 1036], [282, 1036], [283, 1036], [310, 1036], [311, 1036], [312, 1036], [313, 1036], [314, 1036], [323, 1036], [324, 1036], [326, 1036], [327, 1036], [328, 1036], [280, 1037], [281, 1037], [282, 1037], [310, 1037], [311, 1037], [312, 1037], [313, 1037], [322, 1037], [323, 1037], [324, 1037], [325, 1037], [326, 1037], [327, 1037], [279, 1038], [280, 1038], [281, 1038], [303, 1038], [304, 1038], [305, 1038], [306, 1038], [310, 1038], [311, 1038], [322, 1038], [323, 1038], [324, 1038], [325, 1038], [326, 1038], [279, 1039], [280, 1039], [281, 1039], [303, 1039], [304, 1039], [305, 1039], [306, 1039], [309, 1039], [310, 1039], [311, 1039], [322, 1039], [323, 1039], [324, 1039], [325, 1039], [278, 1040], [279, 1040], [280, 1040], [303, 1040], [304, 1040], [305, 1040], [306, 1040], [308, 1040], [309, 1040], [310, 1040], [311, 1040], [321, 1040], [322, 1040], [324, 1040], [325, 1040], [277, 1041], [278, 1041], [279, 1041], [280, 1041], [303, 1041], [304, 1041], [305, 1041], [306, 1041], [308, 1041], [309, 1041], [310, 1041], [321, 1041], [322, 1041], [323, 1041], [324, 1041], [277, 1042], [278, 1042], [279, 1042], [300, 1042], [301, 1042], [302, 1042], [307, 1042], [308, 1042], [309, 1042], [321, 1042], [322, 1042], [323, 1042], [324, 1042], [276, 1043], [277, 1043], [278, 1043], [299, 1043], [300, 1043], [301, 1043], [302, 1043], [307, 1043], [308, 1043], [309, 1043], [320, 1043], [321, 1043], [322, 1043], [276, 1044], [277, 1044], [278, 1044], [299, 1044], [300, 1044], [301, 1044], [302, 1044], [305, 1044], [306, 1044], [307, 1044], [308, 1044], [320, 1044], [322, 1044], [275, 1045], [276, 1045], [277, 1045], [299, 1045], [300, 1045], [301, 1045], [302, 1045], [304, 1045], [305, 1045], [306, 1045], [307, 1045], [308, 1045], [320, 1045], [321, 1045], [322, 1045], [274, 1046], [275, 1046], [276, 1046], [277, 1046], [298, 1046], [299, 1046], [301, 1046], [302, 1046], [304, 1046], [305, 1046], [306, 1046], [274, 1047], [275, 1047], [276, 1047], [298, 1047], [299, 1047], [300, 1047], [301, 1047], [303, 1047], [304, 1047], [305, 1047], [273, 1048], [274, 1048], [275, 1048], [298, 1048], [299, 1048], [300, 1048], [301, 1048], [302, 1048], [303, 1048], [304, 1048], [305, 1048], [273, 1049], [274, 1049], [275, 1049], [298, 1049], [299, 1049], [300, 1049], [301, 1049], [302, 1049], [303, 1049], [304, 1049], [273, 1050], [274, 1050], [294, 1050], [295, 1050], [296, 1050], [297, 1050], [298, 1050], [299, 1050], [300, 1050], [301, 1050], [302, 1050], [303, 1050], [272, 1051], [273, 1051], [274, 1051], [293, 1051], [294, 1051], [295, 1051], [296, 1051], [297, 1051], [298, 1051], [299, 1051], [300, 1051], [271, 1052], [272, 1052], [273, 1052], [274, 1052], [292, 1052], [293, 1052], [294, 1052], [295, 1052], [298, 1052], [299, 1052], [300, 1052], [271, 1053], [272, 1053], [273, 1053], [291, 1053], [292, 1053], [293, 1053], [294, 1053], [271, 1054], [272, 1054], [273, 1054], [290, 1054], [291, 1054], [292, 1054], [293, 1054], [271, 1055], [272, 1055], [273, 1055], [289, 1055], [290, 1055], [291, 1055], [292, 1055], [272, 1056], [273, 1056], [289, 1056], [290, 1056], [291, 1056], [271, 1057], [272, 1057], [273, 1057], [289, 1057], [290, 1057], [271, 1058], [272, 1058], [273, 1058], [288, 1058], [289, 1058], [290, 1058], [267, 1059], [268, 1059], [269, 1059], [270, 1059], [271, 1059], [272, 1059], [287, 1059], [288, 1059], [289, 1059], [290, 1059], [266, 1060], [267, 1060], [268, 1060], [269, 1060], [270, 1060], [271, 1060], [272, 1060], [287, 1060], [288, 1060], [289, 1060], [266, 1061], [267, 1061], [268, 1061], [285, 1061], [286, 1061], [287, 1061], [288, 1061], [266, 1062], [267, 1062], [284, 1062], [285, 1062], [286, 1062], [287, 1062], [288, 1062], [265, 1063], [266, 1063], [267, 1063], [283, 1063], [284, 1063], [285, 1063], [286, 1063], [264, 1064], [265, 1064], [266, 1064], [267, 1064], [282, 1064], [283, 1064], [284, 1064], [285, 1064], [264, 1065], [265, 1065], [266, 1065], [282, 1065], [283, 1065], [284, 1065], [264, 1066], [265, 1066], [281, 1066], [282, 1066], [283, 1066], [263, 1067], [264, 1067], [265, 1067], [280, 1067], [281, 1067], [282, 1067], [283, 1067], [261, 1068], [262, 1068], [263, 1068], [264, 1068], [265, 1068], [279, 1068], [280, 1068], [281, 1068], [282, 1068], [261, 1069], [262, 1069], [263, 1069], [264, 1069], [278, 1069], [279, 1069], [280, 1069], [281, 1069], [260, 1070], [261, 1070], [262, 1070], [277, 1070], [278, 1070], [279, 1070], [280, 1070], [259, 1071], [260, 1071], [261, 1071], [262, 1071], [276, 1071], [277, 1071], [278, 1071], [279, 1071], [258, 1072], [259, 1072], [260, 1072], [261, 1072], [276, 1072], [277, 1072], [278, 1072], [258, 1073], [259, 1073], [260, 1073], [275, 1073], [276, 1073], [277, 1073], [257, 1074], [258, 1074], [259, 1074], [275, 1074], [276, 1074], [277, 1074], [257, 1075], [258, 1075], [259, 1075], [275, 1075], [276, 1075], [255, 1076], [256, 1076], [257, 1076], [258, 1076], [274, 1076], [275, 1076], [276, 1076], [254, 1077], [255, 1077], [256, 1077], [257, 1077], [258, 1077], [274, 1077], [275, 1077], [276, 1077], [254, 1078], [255, 1078], [256, 1078], [273, 1078], [274, 1078], [275, 1078], [254, 1079], [255, 1079], [273, 1079], [274, 1079], [275, 1079]




Yellow line left - [1611, 703], [1612, 703], [1613, 703], [1614, 703], [1615, 703], [1616, 703], [1602, 704], [1603, 704], [1604, 704], [1605, 704], [1606, 704], [1607, 704], [1608, 704], [1609, 704], [1610, 704], [1611, 704], [1612, 704], [1613, 704], [1614, 704], [1615, 704], [1616, 704], [1617, 704], [1618, 704], [1619, 704], [1620, 704], [1621, 704], [1622, 704], [1623, 704], [1594, 705], [1595, 705], [1596, 705], [1597, 705], [1598, 705], [1599, 705], [1600, 705], [1601, 705], [1602, 705], [1603, 705], [1604, 705], [1605, 705], [1606, 705], [1607, 705], [1608, 705], [1609, 705], [1610, 705], [1611, 705], [1612, 705], [1615, 705], [1616, 705], [1617, 705], [1618, 705], [1619, 705], [1620, 705], [1621, 705], [1622, 705], [1623, 705], [1624, 705], [1592, 706], [1593, 706], [1594, 706], [1595, 706], [1596, 706], [1597, 706], [1598, 706], [1599, 706], [1600, 706], [1601, 706], [1602, 706], [1603, 706], [1622, 706], [1623, 706], [1624, 706], [1592, 707], [1593, 707], [1594, 707], [1595, 707], [1623, 707], [1624, 707], [1625, 707], [1591, 708], [1592, 708], [1593, 708], [1623, 708], [1624, 708], [1625, 708], [1626, 708], [1591, 709], [1592, 709], [1593, 709], [1624, 709], [1625, 709], [1626, 709], [1627, 709], [1628, 709], [1591, 710], [1592, 710], [1593, 710], [1625, 710], [1626, 710], [1627, 710], [1628, 710], [1629, 710], [1630, 710], [1591, 711], [1592, 711], [1593, 711], [1594, 711], [1627, 711], [1628, 711], [1629, 711], [1630, 711], [1631, 711], [1632, 711], [1592, 712], [1593, 712], [1594, 712], [1595, 712], [1629, 712], [1630, 712], [1631, 712], [1632, 712], [1633, 712], [1634, 712], [1593, 713], [1594, 713], [1595, 713], [1596, 713], [1631, 713], [1632, 713], [1633, 713], [1634, 713], [1635, 713], [1594, 714], [1595, 714], [1596, 714], [1597, 714], [1633, 714], [1634, 714], [1635, 714], [1595, 715], [1596, 715], [1597, 715], [1598, 715], [1634, 715], [1635, 715], [1596, 716], [1597, 716], [1598, 716], [1599, 716], [1633, 716], [1634, 716], [1635, 716], [1597, 717], [1598, 717], [1599, 717], [1600, 717], [1633, 717], [1634, 717], [1635, 717], [1598, 718], [1599, 718], [1600, 718], [1601, 718], [1632, 718], [1633, 718], [1634, 718], [1599, 719], [1600, 719], [1601, 719], [1602, 719], [1603, 719], [1631, 719], [1632, 719], [1633, 719], [1634, 719], [1600, 720], [1601, 720], [1602, 720], [1603, 720], [1604, 720], [1605, 720], [1606, 720], [1629, 720], [1630, 720], [1631, 720], [1632, 720], [1633, 720], [1602, 721], [1603, 721], [1604, 721], [1605, 721], [1606, 721], [1607, 721], [1608, 721], [1609, 721], [1615, 721], [1616, 721], [1617, 721], [1618, 721], [1619, 721], [1620, 721], [1621, 721], [1622, 721], [1623, 721], [1624, 721], [1625, 721], [1626, 721], [1627, 721], [1628, 721], [1629, 721], [1630, 721], [1631, 721], [1632, 721], [1605, 722], [1606, 722], [1607, 722], [1608, 722], [1609, 722], [1610, 722], [1611, 722], [1612, 722], [1613, 722], [1614, 722], [1615, 722], [1616, 722], [1617, 722], [1618, 722], [1619, 722], [1620, 722], [1621, 722], [1622, 722], [1623, 722], [1624, 722], [1625, 722], [1626, 722], [1627, 722], [1628, 722], [1629, 722], [1630, 722], [1608, 723], [1609, 723], [1610, 723], [1611, 723], [1612, 723], [1613, 723], [1614, 723], [1615, 723], [1616, 723]




Yellow line right - [1677, 141], [1678, 141], [1679, 141], [1675, 142], [1676, 142], [1677, 142], [1678, 142], [1679, 142], [1678, 143], [1679, 143], [1678, 144], [1679, 144], [1678, 145], [1679, 145], [1678, 146], [1679, 146], [1678, 147], [1679, 147], [1678, 148], [1679, 148], [1680, 148], [1678, 149], [1679, 149], [1680, 149], [1679, 150], [1680, 150], [1679, 151], [1680, 151], [1679, 152], [1680, 152], [1678, 153], [1679, 153], [1680, 153], [1677, 154], [1678, 154], [1679, 154], [1680, 154], [1677, 155], [1678, 155], [1679, 155], [1676, 156], [1677, 156], [1678, 156], [1674, 157], [1675, 157], [1676, 157], [1677, 157], [1678, 157], [1672, 158], [1673, 158], [1674, 158], [1675, 158], [1676, 158], [1677, 158], [1671, 159], [1672, 159], [1673, 159], [1674, 159], [1675, 159], [1671, 160], [1672, 160], [1673, 160], [1670, 161], [1671, 161], [1672, 161], [1669, 162], [1670, 162], [1671, 162], [1672, 162], [1669, 163], [1670, 163], [1671, 163], [1667, 164], [1668, 164], [1669, 164], [1670, 164], [1667, 165], [1668, 165], [1669, 165], [1670, 165], [1666, 166], [1667, 166], [1668, 166], [1666, 167], [1667, 167], [1668, 167], [1666, 168], [1667, 168], [1665, 169], [1666, 169], [1667, 169], [1663, 170], [1664, 170], [1665, 170], [1666, 170], [1667, 170], [1662, 171], [1663, 171], [1664, 171], [1665, 171], [1666, 171], [1660, 172], [1661, 172], [1662, 172], [1663, 172], [1664, 172], [1659, 173], [1660, 173], [1661, 173], [1662, 173], [1663, 173], [1659, 174], [1660, 174], [1661, 174], [1658, 175], [1659, 175], [1660, 175], [1657, 176], [1658, 176], [1659, 176], [1660, 176], [1657, 177], [1658, 177], [1659, 177], [1657, 178], [1658, 178], [1657, 179], [1658, 179], [1657, 180], [1658, 180], [1657, 181], [1658, 181], [1657, 182], [1658, 182], [1656, 183], [1657, 183], [1658, 183], [1656, 184], [1657, 184], [1658, 184], [1655, 185], [1656, 185], [1657, 185], [1654, 186], [1655, 186], [1656, 186], [1657, 186], [1600, 187], [1601, 187], [1602, 187], [1603, 187], [1604, 187], [1605, 187], [1606, 187], [1607, 187], [1608, 187], [1609, 187], [1610, 187], [1611, 187], [1612, 187], [1613, 187], [1614, 187], [1651, 187], [1652, 187], [1653, 187], [1654, 187], [1655, 187], [1656, 187], [1598, 188], [1599, 188], [1600, 188], [1601, 188], [1602, 188], [1603, 188], [1604, 188], [1605, 188], [1606, 188], [1607, 188], [1608, 188], [1609, 188], [1610, 188], [1611, 188], [1612, 188], [1613, 188], [1614, 188], [1615, 188], [1616, 188], [1617, 188], [1618, 188], [1619, 188], [1620, 188], [1621, 188], [1622, 188], [1623, 188], [1624, 188], [1625, 188], [1626, 188], [1627, 188], [1628, 188], [1629, 188], [1630, 188], [1631, 188], [1632, 188], [1633, 188], [1634, 188], [1635, 188], [1636, 188], [1637, 188], [1638, 188], [1639, 188], [1640, 188], [1641, 188], [1642, 188], [1643, 188], [1644, 188], [1645, 188], [1646, 188], [1647, 188], [1648, 188], [1649, 188], [1650, 188], [1651, 188], [1652, 188], [1653, 188], [1654, 188], [1655, 188], [1610, 189], [1611, 189], [1612, 189], [1613, 189], [1614, 189], [1615, 189], [1616, 189], [1617, 189], [1618, 189], [1619, 189], [1620, 189], [1621, 189], [1622, 189], [1623, 189], [1624, 189], [1625, 189], [1626, 189], [1627, 189], [1628, 189], [1629, 189], [1630, 189], [1631, 189], [1632, 189], [1633, 189], [1634, 189], [1635, 189], [1636, 189], [1637, 189], [1638, 189], [1639, 189], [1640, 189], [1641, 189], [1642, 189], [1643, 189], [1644, 189], [1645, 189], [1646, 189], [1647, 189], [1648, 189], [1649, 189], [1650, 189], [1651, 189], [1652, 189]




White line right - [1824, 67], [1823, 68], [1824, 68], [1823, 69], [1824, 69], [1822, 70], [1823, 70], [1824, 70], [1822, 71], [1823, 71], [1824, 71], [1822, 72], [1823, 72], [1824, 72], [1823, 73], [1824, 73], [1820, 78], [1821, 78], [1822, 78], [1818, 79], [1819, 79], [1820, 79], [1821, 79], [1822, 79], [1823, 79], [1818, 80], [1819, 80], [1820, 80], [1821, 80], [1822, 80], [1823, 80], [1817, 81], [1818, 81], [1820, 81], [1821, 81], [1822, 81], [1823, 81], [1817, 82], [1818, 82], [1819, 82], [1820, 82], [1821, 82], [1823, 82], [1816, 83], [1817, 83], [1818, 83], [1819, 83], [1820, 83], [1821, 83], [1822, 83], [1823, 83], [1816, 84], [1817, 84], [1818, 84], [1819, 84], [1820, 84], [1821, 84], [1822, 84], [1823, 84], [1816, 85], [1817, 85], [1818, 85], [1819, 85], [1820, 85], [1821, 85], [1822, 85], [1823, 85], [1816, 86], [1817, 86], [1818, 86], [1820, 86], [1821, 86], [1822, 86], [1816, 87], [1817, 87], [1818, 87], [1819, 87], [1820, 87], [1821, 87], [1822, 87], [1812, 99], [1813, 99], [1814, 99], [1815, 99], [1809, 100], [1810, 100], [1811, 100], [1812, 100], [1813, 100], [1814, 100], [1815, 100], [1807, 101], [1808, 101], [1809, 101], [1811, 101], [1812, 101], [1813, 101], [1814, 101], [1815, 101], [1816, 101], [1805, 102], [1806, 102], [1807, 102], [1808, 102], [1809, 102], [1810, 102], [1811, 102], [1814, 102], [1815, 102], [1816, 102], [1805, 103], [1806, 103], [1807, 103], [1808, 103], [1809, 103], [1810, 103], [1811, 103], [1812, 103], [1813, 103], [1814, 103], [1815, 103], [1816, 103], [1805, 104], [1806, 104], [1807, 104], [1808, 104], [1809, 104], [1810, 104], [1811, 104], [1812, 104], [1813, 104], [1814, 104], [1815, 104], [1816, 104], [1808, 105], [1809, 105], [1810, 105], [1811, 105], [1812, 105], [1813, 105], [1814, 105], [1815, 105], [1810, 106], [1811, 106], [1813, 106], [1814, 106], [1815, 106], [1810, 107], [1811, 107], [1812, 107], [1813, 107], [1814, 107], [1810, 108], [1811, 108], [1812, 108], [1813, 108], [1814, 108], [1810, 109], [1811, 109], [1812, 109], [1813, 109], [1810, 110], [1811, 110], [1812, 110], [1813, 110], [1810, 111], [1811, 111], [1812, 111], [1813, 111], [1811, 112], [1812, 112], [1813, 112], [1807, 116], [1808, 116], [1809, 116], [1810, 116], [1811, 116], [1812, 116], [1806, 117], [1807, 117], [1808, 117], [1811, 117], [1812, 117], [1805, 118], [1806, 118], [1808, 118], [1809, 118], [1810, 118], [1811, 118], [1812, 118], [1805, 119], [1806, 119], [1807, 119], [1808, 119], [1809, 119], [1810, 119], [1811, 119], [1812, 119], [1805, 120], [1807, 120], [1808, 120], [1809, 120], [1810, 120], [1811, 120], [1812, 120], [1805, 121], [1806, 121], [1807, 121], [1808, 121], [1810, 121], [1811, 121], [1805, 122], [1806, 122], [1807, 122], [1808, 122], [1809, 122], [1810, 122], [1811, 122], [1806, 123], [1807, 123], [1808, 123], [1809, 123], [1796, 154], [1797, 154], [1798, 154], [1796, 155], [1798, 155], [1795, 156], [1796, 156], [1797, 156], [1798, 156], [1793, 157], [1794, 157], [1795, 157], [1796, 157], [1797, 157], [1798, 157], [1792, 158], [1793, 158], [1794, 158], [1796, 158], [1797, 158], [1798, 158], [1792, 159], [1793, 159], [1794, 159], [1795, 159], [1796, 159], [1797, 159], [1798, 159], [1791, 160], [1792, 160], [1793, 160], [1794, 160], [1795, 160], [1796, 160], [1797, 160], [1798, 160], [1791, 161], [1792, 161], [1793, 161], [1794, 161], [1795, 161], [1796, 161], [1797, 161], [1798, 161], [1791, 162], [1792, 162], [1793, 162], [1794, 162], [1795, 162], [1796, 162], [1797, 162], [1791, 163], [1792, 163], [1793, 163], [1795, 163], [1796, 163], [1797, 163], [1792, 164], [1793, 164], [1794, 164], [1795, 164], [1796, 164], [1797, 164], [1791, 165], [1792, 165], [1794, 165], [1795, 165], [1796, 165], [1789, 166], [1790, 166], [1791, 166], [1792, 166], [1793, 166], [1794, 166], [1789, 167], [1790, 167], [1791, 167], [1792, 167], [1793, 167], [1794, 167], [1795, 167], [1789, 168], [1790, 168], [1791, 168], [1792, 168], [1793, 168], [1794, 168], [1795, 168], [1789, 169], [1790, 169], [1791, 169], [1792, 169], [1793, 169], [1794, 169], [1795, 169], [1790, 170], [1791, 170], [1792, 170], [1793, 170], [1794, 170], [1468, 265], [1469, 265], [1470, 265], [1471, 265], [1472, 265], [1473, 265], [1467, 266], [1468, 266], [1469, 266], [1470, 266], [1471, 266], [1472, 266], [1473, 266], [1474, 266], [1475, 266], [1465, 267], [1472, 267], [1473, 267], [1474, 267], [1475, 267], [1476, 267], [1477, 267], [1463, 268], [1464, 268], [1465, 268], [1466, 268], [1467, 268], [1468, 268], [1469, 268], [1470, 268], [1474, 268], [1475, 268], [1476, 268], [1477, 268], [1478, 268], [1479, 268], [1480, 268], [1464, 269], [1465, 269], [1466, 269], [1467, 269], [1468, 269], [1469, 269], [1470, 269], [1471, 269], [1472, 269], [1473, 269], [1474, 269], [1476, 269], [1477, 269], [1478, 269], [1479, 269], [1480, 269], [1481, 269], [1482, 269], [1483, 269], [1469, 270], [1470, 270], [1471, 270], [1472, 270], [1473, 270], [1474, 270], [1475, 270], [1476, 270], [1477, 270], [1479, 270], [1480, 270], [1481, 270], [1482, 270], [1483, 270], [1484, 270], [1485, 270], [1486, 270], [1473, 271], [1474, 271], [1475, 271], [1476, 271], [1477, 271], [1478, 271], [1479, 271], [1482, 271], [1483, 271], [1484, 271], [1485, 271], [1486, 271], [1487, 271], [1488, 271], [1489, 271], [1476, 272], [1477, 272], [1478, 272], [1479, 272], [1480, 272], [1481, 272], [1485, 272], [1486, 272], [1487, 272], [1488, 272], [1489, 272], [1490, 272], [1491, 272], [1492, 272], [1478, 273], [1479, 273], [1480, 273], [1481, 273], [1482, 273], [1483, 273], [1484, 273], [1488, 273], [1489, 273], [1490, 273], [1491, 273], [1492, 273], [1493, 273], [1494, 273], [1495, 273], [1480, 274], [1481, 274], [1482, 274], [1483, 274], [1484, 274], [1485, 274], [1486, 274], [1487, 274], [1491, 274], [1492, 274], [1493, 274], [1494, 274], [1495, 274], [1496, 274], [1497, 274], [1498, 274], [1499, 274], [1483, 275], [1484, 275], [1485, 275], [1486, 275], [1487, 275], [1488, 275], [1489, 275], [1490, 275], [1494, 275], [1495, 275], [1496, 275], [1497, 275], [1498, 275], [1499, 275], [1500, 275], [1501, 275], [1502, 275], [1503, 275], [1486, 276], [1487, 276], [1488, 276], [1489, 276], [1490, 276], [1491, 276], [1492, 276], [1493, 276], [1494, 276], [1498, 276], [1499, 276], [1500, 276], [1501, 276], [1502, 276], [1503, 276], [1504, 276], [1505, 276], [1506, 276], [1489, 277], [1490, 277], [1491, 277], [1492, 277], [1493, 277], [1494, 277], [1495, 277], [1496, 277], [1502, 277], [1503, 277], [1504, 277], [1505, 277], [1506, 277], [1507, 277], [1508, 277], [1509, 277], [1493, 278], [1494, 278], [1495, 278], [1496, 278], [1497, 278], [1498, 278], [1499, 278], [1500, 278], [1505, 278], [1506, 278], [1507, 278], [1508, 278], [1509, 278], [1510, 278], [1511, 278], [1512, 278], [1495, 279], [1496, 279], [1497, 279], [1498, 279], [1499, 279], [1500, 279], [1501, 279], [1502, 279], [1503, 279], [1508, 279], [1509, 279], [1510, 279], [1511, 279], [1512, 279], [1513, 279], [1514, 279], [1515, 279], [1499, 280], [1500, 280], [1501, 280], [1502, 280], [1503, 280], [1504, 280], [1505, 280], [1506, 280], [1511, 280], [1512, 280], [1513, 280], [1514, 280], [1515, 280], [1516, 280], [1517, 280], [1518, 280], [1502, 281], [1503, 281], [1504, 281], [1505, 281], [1506, 281], [1507, 281], [1508, 281], [1509, 281], [1514, 281], [1515, 281], [1516, 281], [1517, 281], [1518, 281], [1519, 281], [1520, 281], [1505, 282], [1506, 282], [1507, 282], [1508, 282], [1509, 282], [1510, 282], [1511, 282], [1512, 282], [1513, 282], [1517, 282], [1518, 282], [1519, 282], [1520, 282], [1521, 282], [1522, 282], [1523, 282], [1508, 283], [1509, 283], [1510, 283], [1511, 283], [1512, 283], [1513, 283], [1514, 283], [1515, 283], [1516, 283], [1519, 283], [1520, 283], [1521, 283], [1522, 283], [1523, 283], [1524, 283], [1525, 283], [1526, 283], [1512, 284], [1513, 284], [1514, 284], [1515, 284], [1516, 284], [1517, 284], [1518, 284], [1519, 284], [1520, 284], [1522, 284], [1523, 284], [1524, 284], [1525, 284], [1526, 284], [1527, 284], [1528, 284], [1529, 284], [1515, 285], [1516, 285], [1517, 285], [1518, 285], [1519, 285], [1520, 285], [1521, 285], [1522, 285], [1525, 285], [1526, 285], [1527, 285], [1528, 285], [1529, 285], [1530, 285], [1531, 285], [1532, 285], [1519, 286], [1520, 286], [1521, 286], [1522, 286], [1523, 286], [1524, 286], [1525, 286], [1528, 286], [1529, 286], [1530, 286], [1531, 286], [1532, 286], [1533, 286], [1534, 286], [1535, 286], [1521, 287], [1522, 287], [1523, 287], [1524, 287], [1525, 287], [1526, 287], [1527, 287], [1528, 287], [1531, 287], [1532, 287], [1533, 287], [1534, 287], [1535, 287], [1536, 287], [1537, 287], [1524, 288], [1525, 288], [1526, 288], [1527, 288], [1528, 288], [1529, 288], [1530, 288], [1531, 288], [1534, 288], [1535, 288], [1536, 288], [1537, 288], [1538, 288], [1539, 288], [1540, 288], [1527, 289], [1528, 289], [1529, 289], [1530, 289], [1531, 289], [1532, 289], [1533, 289], [1534, 289], [1535, 289], [1536, 289], [1537, 289], [1538, 289], [1539, 289], [1540, 289], [1541, 289], [1542, 289], [1543, 289], [1530, 290], [1531, 290], [1532, 290], [1533, 290], [1534, 290], [1535, 290], [1536, 290], [1537, 290], [1538, 290], [1539, 290], [1540, 290], [1541, 290], [1542, 290], [1543, 290], [1544, 290], [1545, 290], [1534, 291], [1535, 291], [1536, 291], [1537, 291], [1538, 291], [1539, 291], [1540, 291], [1541, 291], [1542, 291], [1543, 291], [1544, 291], [1545, 291], [1546, 291], [1547, 291], [1537, 292], [1538, 292], [1539, 292], [1540, 292], [1541, 292], [1542, 292], [1543, 292], [1545, 292], [1546, 292], [1547, 292], [1548, 292], [1549, 292], [1550, 292], [1540, 293], [1541, 293], [1542, 293], [1543, 293], [1544, 293], [1545, 293], [1546, 293], [1547, 293], [1548, 293], [1549, 293], [1550, 293], [1551, 293], [1552, 293], [1553, 293], [1554, 293], [1543, 294], [1544, 294], [1545, 294], [1546, 294], [1547, 294], [1548, 294], [1549, 294], [1551, 294], [1552, 294], [1553, 294], [1554, 294], [1555, 294], [1556, 294], [1557, 294], [1548, 295], [1549, 295], [1550, 295], [1551, 295], [1552, 295], [1553, 295], [1554, 295], [1555, 295], [1556, 295], [1557, 295], [1558, 295], [1559, 295], [1550, 296], [1551, 296], [1552, 296], [1553, 296], [1554, 296], [1555, 296], [1557, 296], [1558, 296], [1559, 296], [1560, 296], [1561, 296], [1562, 296], [1563, 296], [1553, 297], [1554, 297], [1555, 297], [1556, 297], [1557, 297], [1558, 297], [1559, 297], [1560, 297], [1561, 297], [1562, 297], [1563, 297], [1564, 297], [1565, 297], [1566, 297], [1555, 298], [1556, 298], [1557, 298], [1558, 298], [1559, 298], [1560, 298], [1561, 298], [1563, 298], [1564, 298], [1565, 298], [1566, 298], [1567, 298], [1568, 298], [1569, 298], [1580, 298], [1581, 298], [1582, 298], [1583, 298], [1584, 298], [1585, 298], [1586, 298], [1587, 298], [1588, 298], [1589, 298], [1590, 298], [1591, 298], [1592, 298], [1558, 299], [1559, 299], [1560, 299], [1561, 299], [1562, 299], [1563, 299], [1564, 299], [1565, 299], [1566, 299], [1567, 299], [1568, 299], [1569, 299], [1570, 299], [1571, 299], [1572, 299], [1579, 299], [1580, 299], [1581, 299], [1582, 299], [1583, 299], [1584, 299], [1585, 299], [1586, 299], [1587, 299], [1588, 299], [1589, 299], [1590, 299], [1591, 299], [1592, 299], [1593, 299], [1561, 300], [1562, 300], [1563, 300], [1564, 300], [1565, 300], [1566, 300], [1567, 300], [1568, 300], [1569, 300], [1570, 300], [1571, 300], [1572, 300], [1573, 300], [1574, 300], [1575, 300], [1576, 300], [1577, 300], [1578, 300], [1579, 300], [1580, 300], [1581, 300], [1591, 300], [1592, 300], [1593, 300], [1565, 301], [1566, 301], [1567, 301], [1568, 301], [1569, 301], [1570, 301], [1572, 301], [1573, 301], [1574, 301], [1575, 301], [1576, 301], [1577, 301], [1578, 301], [1579, 301], [1580, 301], [1583, 301], [1584, 301], [1585, 301], [1586, 301], [1587, 301], [1588, 301], [1589, 301], [1590, 301], [1591, 301], [1592, 301], [1593, 301], [1568, 302], [1569, 302], [1570, 302], [1571, 302], [1572, 302], [1573, 302], [1574, 302], [1577, 302], [1578, 302], [1579, 302], [1580, 302], [1583, 302], [1584, 302], [1585, 302], [1586, 302], [1587, 302], [1588, 302], [1589, 302], [1590, 302], [1591, 302], [1592, 302], [1593, 302], [1570, 303], [1571, 303], [1572, 303], [1573, 303], [1574, 303], [1575, 303], [1576, 303], [1577, 303], [1583, 303], [1584, 303], [1585, 303], [1586, 303], [1573, 304], [1574, 304], [1575, 304], [1576, 304], [1577, 304], [1578, 304], [1579, 304], [1580, 304], [1583, 304], [1584, 304], [1585, 304], [1586, 304], [1587, 304], [1588, 304], [1576, 305], [1577, 305], [1578, 305], [1579, 305], [1580, 305], [1581, 305], [1582, 305], [1585, 305], [1586, 305], [1587, 305], [1588, 305], [1589, 305], [1590, 305], [1579, 306], [1580, 306], [1581, 306], [1582, 306], [1583, 306], [1584, 306], [1585, 306], [1586, 306], [1587, 306], [1588, 306], [1589, 306], [1590, 306], [1591, 306], [1592, 306], [1593, 306], [1581, 307], [1582, 307], [1583, 307], [1584, 307], [1585, 307], [1586, 307], [1587, 307], [1588, 307], [1590, 307], [1591, 307], [1592, 307], [1593, 307], [1594, 307], [1595, 307], [1596, 307], [1585, 308], [1586, 308], [1587, 308], [1588, 308], [1589, 308], [1590, 308], [1591, 308], [1593, 308], [1594, 308], [1595, 308], [1596, 308], [1597, 308], [1598, 308], [1588, 309], [1589, 309], [1590, 309], [1591, 309], [1592, 309], [1593, 309], [1594, 309], [1596, 309], [1597, 309], [1598, 309], [1599, 309], [1600, 309], [1601, 309], [1602, 309], [1591, 310], [1592, 310], [1593, 310], [1594, 310], [1595, 310], [1596, 310], [1597, 310], [1599, 310], [1600, 310], [1601, 310], [1602, 310], [1603, 310], [1604, 310], [1594, 311], [1595, 311], [1596, 311], [1597, 311], [1598, 311], [1599, 311], [1600, 311], [1601, 311], [1602, 311], [1603, 311], [1604, 311], [1605, 311], [1606, 311], [1607, 311], [1598, 312], [1599, 312], [1600, 312], [1601, 312], [1602, 312], [1603, 312], [1604, 312], [1605, 312], [1606, 312], [1607, 312], [1608, 312], [1609, 312], [1610, 312], [1611, 312], [1601, 313], [1602, 313], [1603, 313], [1604, 313], [1605, 313], [1606, 313], [1607, 313], [1608, 313], [1609, 313], [1610, 313], [1611, 313], [1612, 313], [1613, 313], [1614, 313], [1603, 314], [1604, 314], [1605, 314], [1606, 314], [1607, 314], [1608, 314], [1609, 314], [1610, 314], [1611, 314], [1613, 314], [1614, 314], [1615, 314], [1616, 314], [1617, 314], [1618, 314], [1606, 315], [1607, 315], [1608, 315], [1609, 315], [1610, 315], [1611, 315], [1612, 315], [1613, 315], [1614, 315], [1615, 315], [1616, 315], [1617, 315], [1618, 315], [1619, 315], [1620, 315], [1613, 316], [1614, 316], [1615, 316], [1616, 316], [1617, 316], [1618, 316], [1619, 316], [1620, 316], [1621, 316], [1622, 316], [1623, 316], [1614, 317], [1615, 317], [1616, 317], [1617, 317], [1618, 317], [1619, 317], [1621, 317], [1622, 317], [1623, 317], [1624, 317], [1625, 317], [1626, 317], [1617, 318], [1618, 318], [1619, 318], [1620, 318], [1621, 318], [1622, 318], [1624, 318], [1625, 318], [1626, 318], [1627, 318], [1628, 318], [1629, 318], [1620, 319], [1621, 319], [1622, 319], [1623, 319], [1624, 319], [1625, 319], [1627, 319], [1628, 319], [1629, 319], [1630, 319], [1631, 319], [1623, 320], [1624, 320], [1625, 320], [1626, 320], [1627, 320], [1628, 320], [1629, 320], [1630, 320], [1631, 320], [1626, 321], [1627, 321], [1628, 321], [1629, 321], [1630, 321], [1631, 321], [1634, 321], [1635, 321], [1636, 321], [1637, 321], [1634, 322], [1635, 322], [1636, 322], [1637, 322], [1634, 323], [1635, 323], [1636, 323], [1637, 323], [1667, 332], [1668, 332], [1669, 332], [1670, 332], [1671, 332], [1672, 332], [1673, 332], [1667, 333], [1668, 333], [1670, 333], [1671, 333], [1672, 333], [1673, 333], [1674, 333], [1675, 333], [1676, 333], [1667, 334], [1668, 334], [1669, 334], [1670, 334], [1671, 334], [1672, 334], [1674, 334], [1675, 334], [1676, 334], [1677, 334], [1678, 334], [1679, 334], [1670, 335], [1671, 335], [1672, 335], [1673, 335], [1674, 335], [1675, 335], [1676, 335], [1677, 335], [1678, 335], [1679, 335], [1680, 335], [1673, 336], [1674, 336], [1675, 336], [1676, 336], [1677, 336], [1678, 336], [1679, 336], [1680, 336], [1677, 337], [1678, 337], [1679, 337], [1680, 337], [1266, 385], [1267, 385], [1268, 385], [1269, 385], [1266, 386], [1267, 386], [1268, 386], [1269, 386], [1270, 386], [1268, 387], [1269, 387], [1270, 387], [1271, 387], [1269, 388], [1270, 388], [1271, 388], [1272, 388], [1268, 389], [1269, 389], [1270, 389], [1271, 389], [1272, 389], [1273, 389], [1258, 390], [1259, 390], [1268, 390], [1269, 390], [1270, 390], [1271, 390], [1272, 390], [1273, 390], [1274, 390], [1257, 391], [1258, 391], [1259, 391], [1260, 391], [1261, 391], [1268, 391], [1269, 391], [1270, 391], [1271, 391], [1272, 391], [1273, 391], [1274, 391], [1275, 391], [1258, 392], [1259, 392], [1260, 392], [1261, 392], [1262, 392], [1267, 392], [1268, 392], [1269, 392], [1270, 392], [1271, 392], [1272, 392], [1273, 392], [1274, 392], [1275, 392], [1276, 392], [1260, 393], [1261, 393], [1262, 393], [1263, 393], [1264, 393], [1266, 393], [1267, 393], [1268, 393], [1270, 393], [1271, 393], [1272, 393], [1274, 393], [1275, 393], [1276, 393], [1261, 394], [1262, 394], [1263, 394], [1264, 394], [1265, 394], [1266, 394], [1267, 394], [1268, 394], [1269, 394], [1270, 394], [1271, 394], [1272, 394], [1274, 394], [1275, 394], [1276, 394], [1263, 395], [1264, 395], [1265, 395], [1266, 395], [1267, 395], [1268, 395], [1269, 395], [1270, 395], [1273, 395], [1274, 395], [1275, 395], [1264, 396], [1265, 396], [1266, 396], [1267, 396], [1268, 396], [1269, 396], [1270, 396], [1271, 396], [1272, 396], [1273, 396], [1274, 396], [1275, 396], [1264, 397], [1265, 397], [1266, 397], [1267, 397], [1268, 397], [1270, 397], [1271, 397], [1272, 397], [1273, 397], [1274, 397], [1245, 398], [1246, 398], [1265, 398], [1266, 398], [1267, 398], [1268, 398], [1269, 398], [1270, 398], [1271, 398], [1272, 398], [1278, 398], [1279, 398], [1280, 398], [1281, 398], [1282, 398], [1283, 398], [1243, 399], [1244, 399], [1245, 399], [1246, 399], [1267, 399], [1268, 399], [1269, 399], [1271, 399], [1272, 399], [1273, 399], [1276, 399], [1277, 399], [1278, 399], [1279, 399], [1280, 399], [1281, 399], [1282, 399], [1283, 399], [1244, 400], [1245, 400], [1246, 400], [1268, 400], [1269, 400], [1270, 400], [1271, 400], [1272, 400], [1273, 400], [1274, 400], [1275, 400], [1276, 400], [1277, 400], [1278, 400], [1279, 400], [1281, 400], [1282, 400], [1283, 400], [1269, 401], [1270, 401], [1271, 401], [1272, 401], [1273, 401], [1274, 401], [1275, 401], [1276, 401], [1277, 401], [1281, 401], [1282, 401], [1283, 401], [1247, 402], [1248, 402], [1249, 402], [1271, 402], [1272, 402], [1274, 402], [1275, 402], [1278, 402], [1279, 402], [1280, 402], [1282, 402], [1283, 402], [1285, 402], [1286, 402], [1287, 402], [1288, 402], [1247, 403], [1249, 403], [1271, 403], [1272, 403], [1273, 403], [1274, 403], [1276, 403], [1277, 403], [1278, 403], [1279, 403], [1280, 403], [1281, 403], [1282, 403], [1283, 403], [1284, 403], [1285, 403], [1286, 403], [1287, 403], [1288, 403], [1247, 404], [1248, 404], [1249, 404], [1272, 404], [1273, 404], [1274, 404], [1275, 404], [1276, 404], [1277, 404], [1278, 404], [1279, 404], [1280, 404], [1281, 404], [1282, 404], [1283, 404], [1284, 404], [1285, 404], [1286, 404], [1287, 404], [1288, 404], [1273, 405], [1274, 405], [1275, 405], [1276, 405], [1277, 405], [1280, 405], [1281, 405], [1282, 405], [1283, 405], [1284, 405], [1252, 406], [1253, 406], [1254, 406], [1280, 406], [1281, 406], [1282, 406], [1283, 406], [1252, 407], [1253, 407], [1254, 407], [1255, 407], [1256, 407], [1251, 408], [1252, 408], [1253, 408], [1254, 408], [1255, 408], [1256, 408], [1257, 408], [1251, 409], [1252, 409], [1253, 409], [1254, 409], [1255, 409], [1256, 409], [1257, 409], [1251, 410], [1252, 410], [1253, 410], [1254, 410], [1255, 410], [1256, 410], [1257, 410], [1257, 411], [1258, 411], [1259, 411], [1282, 411], [1283, 411], [1284, 411], [1285, 411], [1257, 412], [1259, 412], [1282, 412], [1283, 412], [1284, 412], [1285, 412], [1286, 412], [1257, 413], [1258, 413], [1259, 413], [1260, 413], [1261, 413], [1262, 413], [1282, 413], [1283, 413], [1284, 413], [1285, 413], [1286, 413], [1260, 414], [1261, 414], [1262, 414], [1263, 414], [1284, 414], [1285, 414], [1286, 414], [1260, 415], [1261, 415], [1262, 415], [1263, 415], [1261, 416], [1262, 416], [1263, 416], [1303, 429], [1304, 429], [1305, 429], [1306, 429], [1307, 429], [1308, 429], [1309, 429], [1303, 430], [1304, 430], [1305, 430], [1306, 430], [1307, 430], [1308, 430], [1309, 430], [1303, 431], [1304, 431], [1305, 431], [1308, 431], [1309, 431], [1310, 431], [1304, 432], [1305, 432], [1306, 432], [1308, 432], [1309, 432], [1310, 432], [1304, 433], [1305, 433], [1306, 433], [1307, 433], [1309, 433], [1310, 433], [1305, 434], [1306, 434], [1307, 434], [1308, 434], [1309, 434], [1310, 434], [1311, 434], [1306, 435], [1307, 435], [1308, 435], [1309, 435], [1310, 435], [1311, 435], [1308, 436], [1309, 436], [1310, 436], [1311, 436], [1322, 445], [1323, 445], [1324, 445], [1325, 445], [1326, 445], [1322, 446], [1323, 446], [1324, 446], [1325, 446], [1326, 446], [1322, 447], [1323, 447], [1324, 447], [1325, 447], [1326, 447], [1322, 448], [1323, 448], [1324, 448], [1325, 448], [1326, 448], [1327, 450], [1328, 450], [1329, 450], [1327, 451], [1329, 451], [1327, 452], [1328, 452], [1329, 452]


