White line left - 




Yellow line left - [1168, 531], [1169, 531], [1170, 531], [1171, 531], [1172, 531], [1173, 531], [1174, 531], [1175, 531], [1176, 531], [1177, 531], [1178, 531], [1167, 532], [1168, 532], [1169, 532], [1170, 532], [1171, 532], [1172, 532], [1173, 532], [1174, 532], [1175, 532], [1176, 532], [1177, 532], [1178, 532], [1179, 532], [1164, 533], [1165, 533], [1166, 533], [1167, 533], [1168, 533], [1169, 533], [1177, 533], [1178, 533], [1179, 533], [1180, 533], [1164, 534], [1165, 534], [1166, 534], [1167, 534], [1168, 534], [1178, 534], [1179, 534], [1180, 534], [1181, 534], [1182, 534], [1163, 535], [1164, 535], [1165, 535], [1179, 535], [1180, 535], [1181, 535], [1182, 535], [1163, 536], [1164, 536], [1165, 536], [1181, 536], [1182, 536], [1183, 536], [1184, 536], [1163, 537], [1164, 537], [1165, 537], [1181, 537], [1182, 537], [1183, 537], [1184, 537], [1163, 538], [1164, 538], [1165, 538], [1183, 538], [1184, 538], [1185, 538], [1163, 539], [1164, 539], [1165, 539], [1183, 539], [1184, 539], [1185, 539], [1186, 539], [1164, 540], [1165, 540], [1184, 540], [1185, 540], [1186, 540], [1164, 541], [1165, 541], [1166, 541], [1167, 541], [1185, 541], [1186, 541], [1187, 541], [1164, 542], [1165, 542], [1166, 542], [1167, 542], [1168, 542], [1185, 542], [1186, 542], [1187, 542], [1188, 542], [1166, 543], [1167, 543], [1168, 543], [1186, 543], [1187, 543], [1188, 543], [1189, 543], [1190, 543], [1167, 544], [1168, 544], [1169, 544], [1187, 544], [1188, 544], [1189, 544], [1190, 544], [1191, 544], [1192, 544], [1167, 545], [1168, 545], [1169, 545], [1189, 545], [1190, 545], [1191, 545], [1192, 545], [1193, 545], [1168, 546], [1169, 546], [1170, 546], [1171, 546], [1191, 546], [1192, 546], [1193, 546], [1194, 546], [1168, 547], [1169, 547], [1170, 547], [1171, 547], [1172, 547], [1192, 547], [1193, 547], [1194, 547], [1195, 547], [1170, 548], [1171, 548], [1172, 548], [1173, 548], [1193, 548], [1194, 548], [1195, 548], [1196, 548], [1197, 548], [1171, 549], [1172, 549], [1173, 549], [1174, 549], [1194, 549], [1195, 549], [1196, 549], [1197, 549], [1198, 549], [1172, 550], [1173, 550], [1174, 550], [1196, 550], [1197, 550], [1198, 550], [1199, 550], [1173, 551], [1174, 551], [1175, 551], [1197, 551], [1198, 551], [1199, 551], [1173, 552], [1174, 552], [1175, 552], [1176, 552], [1198, 552], [1199, 552], [1200, 552], [1174, 553], [1175, 553], [1176, 553], [1177, 553], [1178, 553], [1198, 553], [1199, 553], [1200, 553], [1175, 554], [1176, 554], [1177, 554], [1178, 554], [1199, 554], [1200, 554], [1201, 554], [1177, 555], [1178, 555], [1179, 555], [1180, 555], [1199, 555], [1200, 555], [1201, 555], [1202, 555], [1177, 556], [1178, 556], [1179, 556], [1180, 556], [1200, 556], [1201, 556], [1202, 556], [1203, 556], [1179, 557], [1180, 557], [1181, 557], [1201, 557], [1202, 557], [1203, 557], [1179, 558], [1180, 558], [1181, 558], [1202, 558], [1203, 558], [1180, 559], [1181, 559], [1182, 559], [1202, 559], [1203, 559], [1204, 559], [1180, 560], [1181, 560], [1182, 560], [1183, 560], [1202, 560], [1203, 560], [1204, 560], [1181, 561], [1182, 561], [1183, 561], [1184, 561], [1203, 561], [1204, 561], [1205, 561], [1182, 562], [1183, 562], [1184, 562], [1185, 562], [1203, 562], [1204, 562], [1205, 562], [1183, 563], [1184, 563], [1185, 563], [1186, 563], [1187, 563], [1204, 563], [1205, 563], [1184, 564], [1185, 564], [1186, 564], [1187, 564], [1188, 564], [1204, 564], [1205, 564], [1206, 564], [1207, 564], [1208, 564], [1186, 565], [1187, 565], [1188, 565], [1189, 565], [1204, 565], [1205, 565], [1206, 565], [1207, 565], [1208, 565], [1209, 565], [1210, 565], [1187, 566], [1188, 566], [1189, 566], [1190, 566], [1207, 566], [1208, 566], [1209, 566], [1210, 566], [1211, 566], [1188, 567], [1189, 567], [1190, 567], [1209, 567], [1210, 567], [1211, 567], [1212, 567], [1189, 568], [1190, 568], [1191, 568], [1210, 568], [1211, 568], [1212, 568], [1213, 568], [1189, 569], [1190, 569], [1191, 569], [1192, 569], [1211, 569], [1212, 569], [1213, 569], [1190, 570], [1191, 570], [1192, 570], [1193, 570], [1212, 570], [1213, 570], [1214, 570], [1191, 571], [1192, 571], [1193, 571], [1212, 571], [1213, 571], [1214, 571], [1215, 571], [1216, 571], [1192, 572], [1193, 572], [1194, 572], [1213, 572], [1214, 572], [1215, 572], [1216, 572], [1217, 572], [1192, 573], [1193, 573], [1194, 573], [1195, 573], [1215, 573], [1216, 573], [1217, 573], [1218, 573], [1193, 574], [1194, 574], [1195, 574], [1196, 574], [1216, 574], [1217, 574], [1218, 574], [1194, 575], [1195, 575], [1196, 575], [1197, 575], [1217, 575], [1218, 575], [1195, 576], [1196, 576], [1197, 576], [1217, 576], [1218, 576], [1196, 577], [1197, 577], [1198, 577], [1217, 577], [1218, 577], [1196, 578], [1197, 578], [1198, 578], [1199, 578], [1217, 578], [1218, 578], [1219, 578], [1197, 579], [1198, 579], [1199, 579], [1200, 579], [1201, 579], [1217, 579], [1218, 579], [1219, 579], [1220, 579], [1198, 580], [1199, 580], [1200, 580], [1201, 580], [1202, 580], [1218, 580], [1219, 580], [1220, 580], [1200, 581], [1201, 581], [1202, 581], [1203, 581], [1204, 581], [1205, 581], [1206, 581], [1207, 581], [1214, 581], [1215, 581], [1216, 581], [1218, 581], [1219, 581], [1220, 581], [1201, 582], [1202, 582], [1203, 582], [1204, 582], [1205, 582], [1206, 582], [1207, 582], [1208, 582], [1209, 582], [1212, 582], [1213, 582], [1214, 582], [1215, 582], [1216, 582], [1217, 582], [1218, 582], [1219, 582], [1220, 582], [1206, 583], [1207, 583], [1208, 583], [1209, 583], [1210, 583], [1211, 583], [1212, 583], [1213, 583], [1214, 583], [1215, 583], [1216, 583], [1217, 583], [1218, 583], [1219, 583], [1220, 583], [1221, 583], [1222, 583], [1223, 583], [1208, 584], [1209, 584], [1210, 584], [1211, 584], [1212, 584], [1213, 584], [1214, 584], [1215, 584], [1216, 584], [1218, 584], [1219, 584], [1220, 584], [1221, 584], [1222, 584], [1223, 584], [1224, 584], [1210, 585], [1211, 585], [1212, 585], [1213, 585], [1214, 585], [1218, 585], [1219, 585], [1220, 585], [1221, 585], [1222, 585], [1223, 585], [1224, 585], [1219, 586], [1220, 586], [1221, 586], [1223, 586], [1224, 586], [1225, 586], [1220, 587], [1221, 587], [1222, 587], [1223, 587], [1224, 587], [1225, 587], [1220, 588], [1221, 588], [1222, 588], [1223, 588], [1224, 588], [1225, 588], [1221, 589], [1222, 589], [1223, 589], [1224, 589], [1222, 590], [1223, 590], [1224, 590]




Yellow line right - [1227, 613], [1228, 613], [1229, 613], [1227, 614], [1228, 614], [1229, 614], [1227, 615], [1228, 615], [1229, 615], [1227, 616], [1228, 616], [1229, 616]




White line right - [1557, 212], [1556, 213], [1557, 213], [1596, 213], [1597, 213], [1598, 213], [1599, 213], [1600, 213], [1554, 214], [1555, 214], [1556, 214], [1596, 214], [1597, 214], [1598, 214], [1599, 214], [1600, 214], [1601, 214], [1603, 214], [1604, 214], [1605, 214], [1552, 215], [1553, 215], [1554, 215], [1555, 215], [1556, 215], [1583, 215], [1584, 215], [1585, 215], [1586, 215], [1596, 215], [1597, 215], [1598, 215], [1599, 215], [1600, 215], [1601, 215], [1603, 215], [1604, 215], [1605, 215], [1606, 215], [1607, 215], [1552, 216], [1553, 216], [1554, 216], [1555, 216], [1556, 216], [1583, 216], [1584, 216], [1585, 216], [1586, 216], [1589, 216], [1590, 216], [1591, 216], [1596, 216], [1597, 216], [1598, 216], [1599, 216], [1600, 216], [1601, 216], [1603, 216], [1604, 216], [1605, 216], [1606, 216], [1607, 216], [1549, 217], [1550, 217], [1551, 217], [1552, 217], [1553, 217], [1583, 217], [1584, 217], [1585, 217], [1586, 217], [1589, 217], [1590, 217], [1591, 217], [1592, 217], [1604, 217], [1605, 217], [1606, 217], [1607, 217], [1548, 218], [1549, 218], [1550, 218], [1551, 218], [1552, 218], [1587, 218], [1588, 218], [1589, 218], [1590, 218], [1591, 218], [1592, 218], [1604, 218], [1605, 218], [1606, 218], [1607, 218], [1548, 219], [1549, 219], [1550, 219], [1551, 219], [1587, 219], [1588, 219], [1589, 219], [1590, 219], [1591, 219], [1592, 219], [1603, 219], [1604, 219], [1605, 219], [1606, 219], [1607, 219], [1548, 220], [1550, 220], [1587, 220], [1588, 220], [1589, 220], [1590, 220], [1603, 220], [1604, 220], [1606, 220], [1607, 220], [1547, 221], [1548, 221], [1549, 221], [1550, 221], [1551, 221], [1552, 221], [1553, 221], [1554, 221], [1603, 221], [1604, 221], [1605, 221], [1606, 221], [1607, 221], [1547, 222], [1548, 222], [1549, 222], [1550, 222], [1551, 222], [1552, 222], [1553, 222], [1554, 222], [1602, 222], [1603, 222], [1605, 222], [1606, 222], [1547, 223], [1548, 223], [1549, 223], [1551, 223], [1552, 223], [1553, 223], [1554, 223], [1602, 223], [1603, 223], [1604, 223], [1605, 223], [1547, 224], [1548, 224], [1549, 224], [1551, 224], [1552, 224], [1553, 224], [1600, 224], [1601, 224], [1602, 224], [1604, 224], [1605, 224], [1546, 225], [1547, 225], [1548, 225], [1549, 225], [1550, 225], [1551, 225], [1552, 225], [1600, 225], [1601, 225], [1602, 225], [1603, 225], [1604, 225], [1546, 226], [1547, 226], [1548, 226], [1549, 226], [1550, 226], [1551, 226], [1552, 226], [1599, 226], [1600, 226], [1601, 226], [1602, 226], [1603, 226], [1604, 226], [1546, 227], [1547, 227], [1548, 227], [1549, 227], [1599, 227], [1600, 227], [1601, 227], [1602, 227], [1603, 227], [1545, 228], [1546, 228], [1547, 228], [1548, 228], [1549, 228], [1599, 228], [1600, 228], [1601, 228], [1602, 228], [1545, 229], [1546, 229], [1547, 229], [1548, 229], [1549, 229], [1598, 229], [1599, 229], [1601, 229], [1602, 229], [1545, 230], [1546, 230], [1547, 230], [1548, 230], [1597, 230], [1598, 230], [1599, 230], [1600, 230], [1601, 230], [1545, 231], [1546, 231], [1547, 231], [1548, 231], [1597, 231], [1598, 231], [1599, 231], [1600, 231], [1601, 231], [1544, 232], [1545, 232], [1546, 232], [1547, 232], [1548, 232], [1596, 232], [1597, 232], [1599, 232], [1600, 232], [1544, 233], [1545, 233], [1546, 233], [1547, 233], [1548, 233], [1596, 233], [1597, 233], [1598, 233], [1599, 233], [1544, 234], [1545, 234], [1546, 234], [1547, 234], [1595, 234], [1596, 234], [1598, 234], [1599, 234], [1544, 235], [1545, 235], [1546, 235], [1547, 235], [1594, 235], [1595, 235], [1596, 235], [1597, 235], [1598, 235], [1543, 236], [1544, 236], [1545, 236], [1546, 236], [1547, 236], [1593, 236], [1594, 236], [1595, 236], [1596, 236], [1597, 236], [1598, 236], [1543, 237], [1544, 237], [1546, 237], [1547, 237], [1591, 237], [1592, 237], [1593, 237], [1594, 237], [1595, 237], [1596, 237], [1597, 237], [1543, 238], [1544, 238], [1545, 238], [1546, 238], [1547, 238], [1583, 238], [1584, 238], [1585, 238], [1590, 238], [1591, 238], [1592, 238], [1593, 238], [1594, 238], [1595, 238], [1596, 238], [1543, 239], [1544, 239], [1545, 239], [1546, 239], [1583, 239], [1584, 239], [1585, 239], [1586, 239], [1590, 239], [1591, 239], [1592, 239], [1593, 239], [1594, 239], [1595, 239], [1596, 239], [1543, 240], [1545, 240], [1568, 240], [1569, 240], [1570, 240], [1571, 240], [1583, 240], [1584, 240], [1585, 240], [1586, 240], [1590, 240], [1591, 240], [1592, 240], [1593, 240], [1594, 240], [1595, 240], [1542, 241], [1543, 241], [1544, 241], [1545, 241], [1568, 241], [1569, 241], [1570, 241], [1571, 241], [1584, 241], [1585, 241], [1586, 241], [1591, 241], [1592, 241], [1593, 241], [1594, 241], [1595, 241], [1542, 242], [1543, 242], [1544, 242], [1545, 242], [1557, 242], [1558, 242], [1559, 242], [1568, 242], [1569, 242], [1570, 242], [1571, 242], [1584, 242], [1585, 242], [1586, 242], [1590, 242], [1591, 242], [1593, 242], [1594, 242], [1542, 243], [1543, 243], [1544, 243], [1545, 243], [1557, 243], [1559, 243], [1565, 243], [1566, 243], [1567, 243], [1568, 243], [1569, 243], [1570, 243], [1571, 243], [1572, 243], [1573, 243], [1574, 243], [1575, 243], [1576, 243], [1577, 243], [1578, 243], [1579, 243], [1580, 243], [1589, 243], [1590, 243], [1591, 243], [1592, 243], [1593, 243], [1542, 244], [1543, 244], [1544, 244], [1545, 244], [1557, 244], [1558, 244], [1559, 244], [1565, 244], [1566, 244], [1568, 244], [1569, 244], [1570, 244], [1571, 244], [1574, 244], [1576, 244], [1579, 244], [1580, 244], [1588, 244], [1589, 244], [1590, 244], [1591, 244], [1592, 244], [1593, 244], [1542, 245], [1543, 245], [1544, 245], [1545, 245], [1546, 245], [1565, 245], [1566, 245], [1567, 245], [1568, 245], [1569, 245], [1570, 245], [1571, 245], [1572, 245], [1573, 245], [1574, 245], [1575, 245], [1576, 245], [1577, 245], [1578, 245], [1579, 245], [1580, 245], [1587, 245], [1588, 245], [1589, 245], [1591, 245], [1592, 245], [1542, 246], [1543, 246], [1544, 246], [1545, 246], [1546, 246], [1568, 246], [1569, 246], [1570, 246], [1587, 246], [1588, 246], [1590, 246], [1591, 246], [1592, 246], [1544, 247], [1545, 247], [1546, 247], [1587, 247], [1588, 247], [1589, 247], [1590, 247], [1591, 247], [1587, 248], [1588, 248], [1589, 248], [1590, 248], [1586, 249], [1587, 249], [1588, 249], [1589, 249], [1590, 249], [1586, 250], [1587, 250], [1588, 250], [1589, 250], [1586, 251], [1587, 251], [1588, 251], [1419, 294], [1418, 295], [1434, 298], [1435, 298], [1436, 298], [1434, 299], [1435, 299], [1436, 299], [1437, 299], [1438, 299], [1439, 299], [1440, 299], [1409, 300], [1410, 300], [1411, 300], [1434, 300], [1435, 300], [1436, 300], [1439, 300], [1440, 300], [1407, 301], [1408, 301], [1409, 301], [1410, 301], [1411, 301], [1412, 301], [1413, 301], [1414, 301], [1434, 301], [1435, 301], [1436, 301], [1437, 301], [1438, 301], [1439, 301], [1440, 301], [1406, 302], [1407, 302], [1410, 302], [1411, 302], [1412, 302], [1413, 302], [1414, 302], [1415, 302], [1416, 302], [1417, 302], [1404, 303], [1405, 303], [1406, 303], [1407, 303], [1408, 303], [1409, 303], [1410, 303], [1413, 303], [1414, 303], [1415, 303], [1416, 303], [1417, 303], [1418, 303], [1419, 303], [1420, 303], [1402, 304], [1403, 304], [1404, 304], [1405, 304], [1406, 304], [1407, 304], [1408, 304], [1409, 304], [1410, 304], [1411, 304], [1412, 304], [1413, 304], [1414, 304], [1416, 304], [1417, 304], [1418, 304], [1419, 304], [1420, 304], [1421, 304], [1422, 304], [1423, 304], [1401, 305], [1402, 305], [1403, 305], [1404, 305], [1405, 305], [1406, 305], [1407, 305], [1408, 305], [1409, 305], [1410, 305], [1411, 305], [1412, 305], [1413, 305], [1414, 305], [1415, 305], [1416, 305], [1419, 305], [1420, 305], [1421, 305], [1422, 305], [1423, 305], [1424, 305], [1425, 305], [1426, 305], [1399, 306], [1400, 306], [1401, 306], [1402, 306], [1403, 306], [1404, 306], [1405, 306], [1406, 306], [1408, 306], [1409, 306], [1410, 306], [1411, 306], [1412, 306], [1413, 306], [1414, 306], [1415, 306], [1416, 306], [1417, 306], [1422, 306], [1423, 306], [1424, 306], [1425, 306], [1426, 306], [1427, 306], [1428, 306], [1429, 306], [1456, 306], [1457, 306], [1458, 306], [1402, 307], [1403, 307], [1404, 307], [1405, 307], [1406, 307], [1407, 307], [1408, 307], [1411, 307], [1412, 307], [1413, 307], [1414, 307], [1415, 307], [1416, 307], [1417, 307], [1425, 307], [1426, 307], [1427, 307], [1428, 307], [1429, 307], [1430, 307], [1431, 307], [1432, 307], [1456, 307], [1458, 307], [1405, 308], [1406, 308], [1407, 308], [1408, 308], [1409, 308], [1410, 308], [1411, 308], [1412, 308], [1413, 308], [1414, 308], [1415, 308], [1416, 308], [1417, 308], [1422, 308], [1423, 308], [1424, 308], [1428, 308], [1429, 308], [1430, 308], [1431, 308], [1432, 308], [1433, 308], [1434, 308], [1435, 308], [1456, 308], [1457, 308], [1458, 308], [1407, 309], [1408, 309], [1409, 309], [1410, 309], [1411, 309], [1412, 309], [1413, 309], [1414, 309], [1415, 309], [1422, 309], [1424, 309], [1431, 309], [1432, 309], [1433, 309], [1434, 309], [1435, 309], [1436, 309], [1437, 309], [1438, 309], [1411, 310], [1412, 310], [1413, 310], [1414, 310], [1415, 310], [1416, 310], [1417, 310], [1418, 310], [1422, 310], [1423, 310], [1424, 310], [1428, 310], [1429, 310], [1430, 310], [1434, 310], [1435, 310], [1436, 310], [1437, 310], [1438, 310], [1439, 310], [1440, 310], [1441, 310], [1414, 311], [1415, 311], [1416, 311], [1417, 311], [1418, 311], [1419, 311], [1420, 311], [1428, 311], [1429, 311], [1430, 311], [1431, 311], [1432, 311], [1433, 311], [1437, 311], [1438, 311], [1439, 311], [1440, 311], [1441, 311], [1442, 311], [1443, 311], [1444, 311], [1417, 312], [1418, 312], [1419, 312], [1420, 312], [1421, 312], [1422, 312], [1423, 312], [1428, 312], [1429, 312], [1430, 312], [1431, 312], [1432, 312], [1433, 312], [1434, 312], [1435, 312], [1436, 312], [1440, 312], [1441, 312], [1442, 312], [1443, 312], [1444, 312], [1445, 312], [1446, 312], [1447, 312], [1419, 313], [1420, 313], [1421, 313], [1422, 313], [1423, 313], [1424, 313], [1425, 313], [1426, 313], [1428, 313], [1429, 313], [1430, 313], [1431, 313], [1432, 313], [1433, 313], [1435, 313], [1436, 313], [1438, 313], [1439, 313], [1440, 313], [1441, 313], [1442, 313], [1443, 313], [1444, 313], [1445, 313], [1446, 313], [1447, 313], [1448, 313], [1449, 313], [1450, 313], [1422, 314], [1423, 314], [1424, 314], [1425, 314], [1426, 314], [1427, 314], [1428, 314], [1429, 314], [1431, 314], [1432, 314], [1433, 314], [1434, 314], [1435, 314], [1436, 314], [1437, 314], [1438, 314], [1439, 314], [1440, 314], [1441, 314], [1442, 314], [1443, 314], [1444, 314], [1446, 314], [1447, 314], [1448, 314], [1449, 314], [1450, 314], [1451, 314], [1452, 314], [1425, 315], [1426, 315], [1427, 315], [1428, 315], [1429, 315], [1430, 315], [1431, 315], [1432, 315], [1437, 315], [1438, 315], [1439, 315], [1440, 315], [1441, 315], [1442, 315], [1443, 315], [1444, 315], [1445, 315], [1446, 315], [1449, 315], [1450, 315], [1451, 315], [1452, 315], [1453, 315], [1454, 315], [1455, 315], [1428, 316], [1429, 316], [1430, 316], [1431, 316], [1432, 316], [1433, 316], [1434, 316], [1435, 316], [1437, 316], [1438, 316], [1439, 316], [1440, 316], [1441, 316], [1442, 316], [1443, 316], [1444, 316], [1445, 316], [1446, 316], [1447, 316], [1448, 316], [1449, 316], [1451, 316], [1452, 316], [1453, 316], [1454, 316], [1455, 316], [1456, 316], [1457, 316], [1458, 316], [1459, 316], [1431, 317], [1432, 317], [1433, 317], [1434, 317], [1435, 317], [1436, 317], [1437, 317], [1438, 317], [1439, 317], [1440, 317], [1441, 317], [1442, 317], [1443, 317], [1444, 317], [1445, 317], [1446, 317], [1448, 317], [1449, 317], [1450, 317], [1451, 317], [1454, 317], [1455, 317], [1456, 317], [1457, 317], [1458, 317], [1459, 317], [1460, 317], [1461, 317], [1462, 317], [1434, 318], [1435, 318], [1436, 318], [1437, 318], [1438, 318], [1439, 318], [1440, 318], [1441, 318], [1445, 318], [1446, 318], [1447, 318], [1448, 318], [1449, 318], [1451, 318], [1452, 318], [1453, 318], [1454, 318], [1455, 318], [1458, 318], [1459, 318], [1460, 318], [1461, 318], [1462, 318], [1463, 318], [1464, 318], [1465, 318], [1466, 318], [1437, 319], [1438, 319], [1439, 319], [1440, 319], [1441, 319], [1442, 319], [1443, 319], [1444, 319], [1449, 319], [1450, 319], [1451, 319], [1452, 319], [1453, 319], [1454, 319], [1455, 319], [1456, 319], [1457, 319], [1461, 319], [1462, 319], [1463, 319], [1464, 319], [1465, 319], [1466, 319], [1467, 319], [1468, 319], [1440, 320], [1441, 320], [1442, 320], [1443, 320], [1444, 320], [1445, 320], [1446, 320], [1447, 320], [1451, 320], [1452, 320], [1453, 320], [1454, 320], [1455, 320], [1456, 320], [1457, 320], [1458, 320], [1459, 320], [1460, 320], [1461, 320], [1462, 320], [1465, 320], [1466, 320], [1467, 320], [1468, 320], [1469, 320], [1470, 320], [1471, 320], [1443, 321], [1444, 321], [1445, 321], [1446, 321], [1447, 321], [1448, 321], [1449, 321], [1450, 321], [1451, 321], [1452, 321], [1453, 321], [1454, 321], [1455, 321], [1456, 321], [1457, 321], [1458, 321], [1459, 321], [1460, 321], [1461, 321], [1462, 321], [1463, 321], [1464, 321], [1465, 321], [1467, 321], [1468, 321], [1469, 321], [1470, 321], [1471, 321], [1472, 321], [1473, 321], [1474, 321], [1475, 321], [1446, 322], [1447, 322], [1448, 322], [1449, 322], [1450, 322], [1451, 322], [1452, 322], [1453, 322], [1455, 322], [1456, 322], [1457, 322], [1458, 322], [1459, 322], [1460, 322], [1461, 322], [1462, 322], [1463, 322], [1464, 322], [1465, 322], [1466, 322], [1467, 322], [1468, 322], [1469, 322], [1470, 322], [1471, 322], [1472, 322], [1473, 322], [1474, 322], [1475, 322], [1476, 322], [1477, 322], [1478, 322], [1450, 323], [1451, 323], [1452, 323], [1453, 323], [1454, 323], [1455, 323], [1456, 323], [1457, 323], [1458, 323], [1459, 323], [1460, 323], [1461, 323], [1462, 323], [1463, 323], [1465, 323], [1466, 323], [1467, 323], [1468, 323], [1469, 323], [1470, 323], [1471, 323], [1474, 323], [1475, 323], [1476, 323], [1477, 323], [1478, 323], [1479, 323], [1480, 323], [1453, 324], [1454, 324], [1455, 324], [1456, 324], [1457, 324], [1458, 324], [1459, 324], [1460, 324], [1461, 324], [1462, 324], [1463, 324], [1464, 324], [1465, 324], [1466, 324], [1467, 324], [1468, 324], [1469, 324], [1470, 324], [1471, 324], [1472, 324], [1473, 324], [1477, 324], [1478, 324], [1479, 324], [1480, 324], [1481, 324], [1482, 324], [1483, 324], [1456, 325], [1457, 325], [1458, 325], [1459, 325], [1460, 325], [1461, 325], [1462, 325], [1463, 325], [1464, 325], [1465, 325], [1466, 325], [1467, 325], [1468, 325], [1469, 325], [1470, 325], [1471, 325], [1472, 325], [1473, 325], [1474, 325], [1475, 325], [1476, 325], [1479, 325], [1480, 325], [1481, 325], [1482, 325], [1483, 325], [1484, 325], [1485, 325], [1486, 325], [1459, 326], [1460, 326], [1461, 326], [1462, 326], [1463, 326], [1464, 326], [1465, 326], [1467, 326], [1468, 326], [1469, 326], [1470, 326], [1471, 326], [1472, 326], [1473, 326], [1475, 326], [1476, 326], [1477, 326], [1478, 326], [1479, 326], [1480, 326], [1481, 326], [1482, 326], [1483, 326], [1484, 326], [1485, 326], [1486, 326], [1487, 326], [1488, 326], [1489, 326], [1461, 327], [1462, 327], [1463, 327], [1464, 327], [1465, 327], [1466, 327], [1467, 327], [1468, 327], [1469, 327], [1470, 327], [1471, 327], [1472, 327], [1473, 327], [1474, 327], [1475, 327], [1476, 327], [1477, 327], [1478, 327], [1479, 327], [1480, 327], [1481, 327], [1482, 327], [1483, 327], [1484, 327], [1485, 327], [1486, 327], [1487, 327], [1488, 327], [1489, 327], [1490, 327], [1491, 327], [1492, 327], [1465, 328], [1466, 328], [1467, 328], [1468, 328], [1469, 328], [1470, 328], [1471, 328], [1472, 328], [1475, 328], [1476, 328], [1477, 328], [1478, 328], [1479, 328], [1480, 328], [1481, 328], [1482, 328], [1483, 328], [1484, 328], [1485, 328], [1486, 328], [1487, 328], [1488, 328], [1489, 328], [1490, 328], [1491, 328], [1492, 328], [1493, 328], [1494, 328], [1495, 328], [1468, 329], [1469, 329], [1470, 329], [1471, 329], [1472, 329], [1473, 329], [1474, 329], [1476, 329], [1477, 329], [1478, 329], [1479, 329], [1480, 329], [1481, 329], [1482, 329], [1483, 329], [1484, 329], [1485, 329], [1486, 329], [1487, 329], [1488, 329], [1489, 329], [1491, 329], [1492, 329], [1493, 329], [1494, 329], [1495, 329], [1496, 329], [1497, 329], [1498, 329], [1471, 330], [1472, 330], [1473, 330], [1474, 330], [1475, 330], [1476, 330], [1477, 330], [1478, 330], [1479, 330], [1480, 330], [1481, 330], [1482, 330], [1483, 330], [1484, 330], [1485, 330], [1486, 330], [1487, 330], [1488, 330], [1489, 330], [1490, 330], [1491, 330], [1494, 330], [1495, 330], [1496, 330], [1497, 330], [1498, 330], [1499, 330], [1500, 330], [1501, 330], [1473, 331], [1474, 331], [1475, 331], [1476, 331], [1477, 331], [1478, 331], [1479, 331], [1480, 331], [1481, 331], [1482, 331], [1483, 331], [1484, 331], [1485, 331], [1486, 331], [1487, 331], [1489, 331], [1490, 331], [1491, 331], [1492, 331], [1497, 331], [1498, 331], [1499, 331], [1500, 331], [1501, 331], [1502, 331], [1503, 331], [1504, 331], [1476, 332], [1477, 332], [1478, 332], [1479, 332], [1480, 332], [1481, 332], [1482, 332], [1483, 332], [1484, 332], [1485, 332], [1486, 332], [1487, 332], [1488, 332], [1489, 332], [1490, 332], [1491, 332], [1492, 332], [1493, 332], [1494, 332], [1495, 332], [1496, 332], [1500, 332], [1501, 332], [1502, 332], [1503, 332], [1504, 332], [1505, 332], [1506, 332], [1507, 332], [1479, 333], [1480, 333], [1481, 333], [1482, 333], [1483, 333], [1484, 333], [1485, 333], [1486, 333], [1488, 333], [1489, 333], [1490, 333], [1491, 333], [1492, 333], [1493, 333], [1494, 333], [1495, 333], [1496, 333], [1497, 333], [1498, 333], [1499, 333], [1500, 333], [1501, 333], [1503, 333], [1504, 333], [1505, 333], [1506, 333], [1507, 333], [1508, 333], [1509, 333], [1510, 333], [1482, 334], [1483, 334], [1484, 334], [1485, 334], [1486, 334], [1487, 334], [1488, 334], [1489, 334], [1491, 334], [1492, 334], [1493, 334], [1494, 334], [1495, 334], [1497, 334], [1498, 334], [1499, 334], [1500, 334], [1501, 334], [1502, 334], [1503, 334], [1504, 334], [1506, 334], [1507, 334], [1508, 334], [1509, 334], [1510, 334], [1511, 334], [1512, 334], [1513, 334], [1486, 335], [1487, 335], [1488, 335], [1489, 335], [1490, 335], [1491, 335], [1492, 335], [1493, 335], [1494, 335], [1495, 335], [1496, 335], [1497, 335], [1498, 335], [1499, 335], [1500, 335], [1501, 335], [1502, 335], [1503, 335], [1504, 335], [1505, 335], [1506, 335], [1509, 335], [1510, 335], [1511, 335], [1512, 335], [1513, 335], [1514, 335], [1515, 335], [1516, 335], [1488, 336], [1489, 336], [1490, 336], [1491, 336], [1492, 336], [1493, 336], [1494, 336], [1495, 336], [1497, 336], [1498, 336], [1499, 336], [1500, 336], [1501, 336], [1502, 336], [1503, 336], [1504, 336], [1505, 336], [1506, 336], [1507, 336], [1508, 336], [1509, 336], [1512, 336], [1513, 336], [1514, 336], [1515, 336], [1516, 336], [1517, 336], [1518, 336], [1519, 336], [1520, 336], [1491, 337], [1492, 337], [1493, 337], [1494, 337], [1495, 337], [1496, 337], [1497, 337], [1498, 337], [1500, 337], [1501, 337], [1502, 337], [1503, 337], [1504, 337], [1505, 337], [1506, 337], [1507, 337], [1508, 337], [1509, 337], [1510, 337], [1511, 337], [1512, 337], [1513, 337], [1515, 337], [1516, 337], [1517, 337], [1518, 337], [1519, 337], [1520, 337], [1521, 337], [1522, 337], [1495, 338], [1496, 338], [1497, 338], [1498, 338], [1499, 338], [1500, 338], [1501, 338], [1502, 338], [1503, 338], [1504, 338], [1505, 338], [1506, 338], [1507, 338], [1508, 338], [1509, 338], [1510, 338], [1511, 338], [1512, 338], [1513, 338], [1514, 338], [1515, 338], [1516, 338], [1517, 338], [1519, 338], [1520, 338], [1521, 338], [1522, 338], [1523, 338], [1524, 338], [1525, 338], [1497, 339], [1498, 339], [1499, 339], [1500, 339], [1501, 339], [1502, 339], [1503, 339], [1504, 339], [1507, 339], [1508, 339], [1509, 339], [1510, 339], [1511, 339], [1512, 339], [1513, 339], [1514, 339], [1515, 339], [1516, 339], [1517, 339], [1518, 339], [1519, 339], [1521, 339], [1522, 339], [1523, 339], [1524, 339], [1525, 339], [1526, 339], [1527, 339], [1528, 339], [1529, 339], [1501, 340], [1502, 340], [1503, 340], [1504, 340], [1505, 340], [1506, 340], [1507, 340], [1510, 340], [1511, 340], [1512, 340], [1513, 340], [1514, 340], [1515, 340], [1516, 340], [1517, 340], [1518, 340], [1519, 340], [1520, 340], [1521, 340], [1522, 340], [1524, 340], [1525, 340], [1526, 340], [1527, 340], [1528, 340], [1529, 340], [1530, 340], [1531, 340], [1532, 340], [1503, 341], [1504, 341], [1505, 341], [1506, 341], [1507, 341], [1508, 341], [1509, 341], [1510, 341], [1512, 341], [1513, 341], [1514, 341], [1515, 341], [1516, 341], [1517, 341], [1518, 341], [1519, 341], [1520, 341], [1521, 341], [1522, 341], [1523, 341], [1524, 341], [1525, 341], [1528, 341], [1529, 341], [1530, 341], [1531, 341], [1532, 341], [1533, 341], [1534, 341], [1535, 341], [1506, 342], [1507, 342], [1508, 342], [1509, 342], [1510, 342], [1511, 342], [1512, 342], [1513, 342], [1514, 342], [1515, 342], [1516, 342], [1517, 342], [1518, 342], [1519, 342], [1520, 342], [1521, 342], [1522, 342], [1523, 342], [1524, 342], [1525, 342], [1526, 342], [1527, 342], [1528, 342], [1531, 342], [1532, 342], [1533, 342], [1534, 342], [1535, 342], [1536, 342], [1537, 342], [1538, 342], [1509, 343], [1510, 343], [1511, 343], [1512, 343], [1513, 343], [1514, 343], [1515, 343], [1516, 343], [1518, 343], [1519, 343], [1520, 343], [1521, 343], [1522, 343], [1523, 343], [1525, 343], [1526, 343], [1527, 343], [1528, 343], [1529, 343], [1530, 343], [1534, 343], [1535, 343], [1536, 343], [1537, 343], [1538, 343], [1539, 343], [1540, 343], [1541, 343], [1512, 344], [1513, 344], [1514, 344], [1515, 344], [1516, 344], [1517, 344], [1518, 344], [1519, 344], [1520, 344], [1521, 344], [1522, 344], [1523, 344], [1524, 344], [1525, 344], [1526, 344], [1528, 344], [1529, 344], [1530, 344], [1531, 344], [1532, 344], [1533, 344], [1534, 344], [1535, 344], [1537, 344], [1538, 344], [1539, 344], [1540, 344], [1541, 344], [1542, 344], [1543, 344], [1544, 344], [1515, 345], [1516, 345], [1517, 345], [1518, 345], [1519, 345], [1520, 345], [1521, 345], [1522, 345], [1523, 345], [1524, 345], [1525, 345], [1526, 345], [1527, 345], [1528, 345], [1529, 345], [1531, 345], [1532, 345], [1533, 345], [1534, 345], [1535, 345], [1536, 345], [1537, 345], [1540, 345], [1541, 345], [1542, 345], [1543, 345], [1544, 345], [1545, 345], [1546, 345], [1547, 345], [1519, 346], [1520, 346], [1521, 346], [1522, 346], [1523, 346], [1524, 346], [1525, 346], [1526, 346], [1527, 346], [1528, 346], [1529, 346], [1530, 346], [1531, 346], [1532, 346], [1533, 346], [1534, 346], [1535, 346], [1536, 346], [1537, 346], [1538, 346], [1539, 346], [1540, 346], [1543, 346], [1544, 346], [1545, 346], [1546, 346], [1547, 346], [1548, 346], [1549, 346], [1550, 346], [1551, 346], [1521, 347], [1522, 347], [1523, 347], [1524, 347], [1525, 347], [1526, 347], [1527, 347], [1528, 347], [1530, 347], [1531, 347], [1532, 347], [1533, 347], [1534, 347], [1535, 347], [1537, 347], [1538, 347], [1539, 347], [1540, 347], [1541, 347], [1542, 347], [1543, 347], [1546, 347], [1547, 347], [1548, 347], [1549, 347], [1550, 347], [1551, 347], [1552, 347], [1553, 347], [1524, 348], [1525, 348], [1526, 348], [1527, 348], [1528, 348], [1529, 348], [1530, 348], [1531, 348], [1532, 348], [1533, 348], [1534, 348], [1535, 348], [1536, 348], [1537, 348], [1538, 348], [1540, 348], [1541, 348], [1542, 348], [1543, 348], [1544, 348], [1545, 348], [1546, 348], [1547, 348], [1550, 348], [1551, 348], [1552, 348], [1553, 348], [1554, 348], [1555, 348], [1556, 348], [1527, 349], [1528, 349], [1529, 349], [1530, 349], [1531, 349], [1532, 349], [1533, 349], [1534, 349], [1535, 349], [1536, 349], [1537, 349], [1538, 349], [1539, 349], [1540, 349], [1541, 349], [1543, 349], [1544, 349], [1545, 349], [1546, 349], [1547, 349], [1548, 349], [1549, 349], [1550, 349], [1552, 349], [1553, 349], [1554, 349], [1555, 349], [1556, 349], [1557, 349], [1558, 349], [1559, 349], [1560, 349], [1530, 350], [1531, 350], [1532, 350], [1533, 350], [1534, 350], [1535, 350], [1536, 350], [1537, 350], [1538, 350], [1539, 350], [1540, 350], [1541, 350], [1542, 350], [1543, 350], [1544, 350], [1545, 350], [1546, 350], [1547, 350], [1548, 350], [1549, 350], [1550, 350], [1551, 350], [1552, 350], [1553, 350], [1555, 350], [1556, 350], [1557, 350], [1558, 350], [1559, 350], [1560, 350], [1561, 350], [1562, 350], [1563, 350], [1533, 351], [1534, 351], [1535, 351], [1536, 351], [1537, 351], [1538, 351], [1539, 351], [1540, 351], [1541, 351], [1542, 351], [1543, 351], [1544, 351], [1545, 351], [1546, 351], [1547, 351], [1549, 351], [1550, 351], [1551, 351], [1552, 351], [1553, 351], [1554, 351], [1555, 351], [1559, 351], [1560, 351], [1561, 351], [1562, 351], [1563, 351], [1564, 351], [1565, 351], [1566, 351], [1536, 352], [1537, 352], [1538, 352], [1539, 352], [1540, 352], [1541, 352], [1542, 352], [1543, 352], [1544, 352], [1545, 352], [1546, 352], [1547, 352], [1548, 352], [1549, 352], [1550, 352], [1552, 352], [1553, 352], [1554, 352], [1555, 352], [1556, 352], [1557, 352], [1558, 352], [1562, 352], [1563, 352], [1564, 352], [1565, 352], [1566, 352], [1567, 352], [1568, 352], [1569, 352], [1539, 353], [1540, 353], [1541, 353], [1542, 353], [1543, 353], [1544, 353], [1545, 353], [1547, 353], [1548, 353], [1549, 353], [1550, 353], [1551, 353], [1552, 353], [1553, 353], [1554, 353], [1555, 353], [1556, 353], [1557, 353], [1558, 353], [1559, 353], [1560, 353], [1561, 353], [1565, 353], [1566, 353], [1567, 353], [1568, 353], [1569, 353], [1570, 353], [1571, 353], [1572, 353], [1542, 354], [1543, 354], [1544, 354], [1545, 354], [1546, 354], [1547, 354], [1548, 354], [1550, 354], [1551, 354], [1552, 354], [1553, 354], [1554, 354], [1555, 354], [1556, 354], [1558, 354], [1559, 354], [1560, 354], [1561, 354], [1562, 354], [1563, 354], [1564, 354], [1565, 354], [1566, 354], [1568, 354], [1569, 354], [1570, 354], [1571, 354], [1572, 354], [1573, 354], [1574, 354], [1575, 354], [1545, 355], [1546, 355], [1547, 355], [1548, 355], [1549, 355], [1550, 355], [1551, 355], [1552, 355], [1553, 355], [1554, 355], [1555, 355], [1556, 355], [1557, 355], [1558, 355], [1559, 355], [1561, 355], [1562, 355], [1563, 355], [1564, 355], [1565, 355], [1566, 355], [1567, 355], [1568, 355], [1571, 355], [1572, 355], [1573, 355], [1574, 355], [1575, 355], [1576, 355], [1577, 355], [1578, 355], [1579, 355], [1548, 356], [1549, 356], [1550, 356], [1551, 356], [1552, 356], [1553, 356], [1554, 356], [1556, 356], [1557, 356], [1558, 356], [1559, 356], [1560, 356], [1561, 356], [1562, 356], [1563, 356], [1564, 356], [1565, 356], [1566, 356], [1567, 356], [1568, 356], [1569, 356], [1570, 356], [1571, 356], [1572, 356], [1574, 356], [1575, 356], [1576, 356], [1577, 356], [1578, 356], [1579, 356], [1580, 356], [1581, 356], [1550, 357], [1551, 357], [1552, 357], [1553, 357], [1554, 357], [1555, 357], [1556, 357], [1557, 357], [1558, 357], [1559, 357], [1560, 357], [1561, 357], [1562, 357], [1563, 357], [1564, 357], [1565, 357], [1566, 357], [1568, 357], [1569, 357], [1570, 357], [1571, 357], [1572, 357], [1573, 357], [1574, 357], [1575, 357], [1578, 357], [1579, 357], [1580, 357], [1581, 357], [1582, 357], [1583, 357], [1584, 357], [1553, 358], [1554, 358], [1555, 358], [1556, 358], [1557, 358], [1558, 358], [1559, 358], [1560, 358], [1561, 358], [1563, 358], [1564, 358], [1565, 358], [1566, 358], [1567, 358], [1568, 358], [1569, 358], [1570, 358], [1571, 358], [1572, 358], [1573, 358], [1574, 358], [1575, 358], [1576, 358], [1577, 358], [1578, 358], [1580, 358], [1581, 358], [1582, 358], [1583, 358], [1584, 358], [1585, 358], [1586, 358], [1587, 358], [1557, 359], [1558, 359], [1559, 359], [1560, 359], [1561, 359], [1562, 359], [1563, 359], [1564, 359], [1566, 359], [1567, 359], [1568, 359], [1569, 359], [1570, 359], [1571, 359], [1572, 359], [1574, 359], [1575, 359], [1576, 359], [1577, 359], [1578, 359], [1579, 359], [1580, 359], [1581, 359], [1582, 359], [1583, 359], [1584, 359], [1585, 359], [1586, 359], [1587, 359], [1588, 359], [1589, 359], [1590, 359], [1560, 360], [1561, 360], [1562, 360], [1563, 360], [1564, 360], [1565, 360], [1566, 360], [1567, 360], [1569, 360], [1570, 360], [1571, 360], [1572, 360], [1573, 360], [1574, 360], [1575, 360], [1576, 360], [1577, 360], [1578, 360], [1579, 360], [1580, 360], [1581, 360], [1582, 360], [1583, 360], [1584, 360], [1585, 360], [1586, 360], [1587, 360], [1588, 360], [1589, 360], [1590, 360], [1591, 360], [1592, 360], [1593, 360], [1563, 361], [1564, 361], [1565, 361], [1566, 361], [1567, 361], [1568, 361], [1569, 361], [1570, 361], [1571, 361], [1572, 361], [1573, 361], [1574, 361], [1575, 361], [1576, 361], [1577, 361], [1578, 361], [1581, 361], [1582, 361], [1583, 361], [1584, 361], [1585, 361], [1586, 361], [1587, 361], [1589, 361], [1590, 361], [1591, 361], [1592, 361], [1593, 361], [1594, 361], [1595, 361], [1596, 361], [1566, 362], [1567, 362], [1568, 362], [1569, 362], [1570, 362], [1571, 362], [1572, 362], [1575, 362], [1576, 362], [1577, 362], [1578, 362], [1579, 362], [1580, 362], [1581, 362], [1582, 362], [1584, 362], [1585, 362], [1586, 362], [1587, 362], [1588, 362], [1589, 362], [1592, 362], [1593, 362], [1594, 362], [1595, 362], [1596, 362], [1597, 362], [1598, 362], [1599, 362], [1569, 363], [1570, 363], [1571, 363], [1572, 363], [1573, 363], [1574, 363], [1575, 363], [1576, 363], [1577, 363], [1578, 363], [1579, 363], [1580, 363], [1581, 363], [1582, 363], [1583, 363], [1586, 363], [1587, 363], [1588, 363], [1589, 363], [1590, 363], [1591, 363], [1592, 363], [1595, 363], [1596, 363], [1597, 363], [1598, 363], [1599, 363], [1600, 363], [1601, 363], [1602, 363], [1571, 364], [1572, 364], [1573, 364], [1574, 364], [1575, 364], [1576, 364], [1577, 364], [1578, 364], [1581, 364], [1582, 364], [1583, 364], [1584, 364], [1585, 364], [1586, 364], [1588, 364], [1589, 364], [1590, 364], [1591, 364], [1592, 364], [1593, 364], [1594, 364], [1595, 364], [1598, 364], [1599, 364], [1600, 364], [1601, 364], [1602, 364], [1603, 364], [1604, 364], [1605, 364], [1575, 365], [1576, 365], [1577, 365], [1578, 365], [1579, 365], [1580, 365], [1581, 365], [1582, 365], [1583, 365], [1584, 365], [1585, 365], [1586, 365], [1587, 365], [1588, 365], [1589, 365], [1590, 365], [1591, 365], [1592, 365], [1593, 365], [1594, 365], [1595, 365], [1596, 365], [1597, 365], [1598, 365], [1601, 365], [1602, 365], [1603, 365], [1604, 365], [1605, 365], [1606, 365], [1607, 365], [1608, 365], [1609, 365], [1577, 366], [1578, 366], [1579, 366], [1580, 366], [1581, 366], [1582, 366], [1583, 366], [1584, 366], [1586, 366], [1587, 366], [1588, 366], [1589, 366], [1590, 366], [1591, 366], [1592, 366], [1593, 366], [1594, 366], [1595, 366], [1596, 366], [1597, 366], [1598, 366], [1599, 366], [1600, 366], [1601, 366], [1602, 366], [1604, 366], [1605, 366], [1606, 366], [1607, 366], [1608, 366], [1609, 366], [1610, 366], [1611, 366], [1580, 367], [1581, 367], [1582, 367], [1583, 367], [1584, 367], [1585, 367], [1586, 367], [1587, 367], [1588, 367], [1589, 367], [1590, 367], [1591, 367], [1592, 367], [1593, 367], [1594, 367], [1595, 367], [1597, 367], [1598, 367], [1599, 367], [1600, 367], [1601, 367], [1602, 367], [1603, 367], [1604, 367], [1605, 367], [1608, 367], [1609, 367], [1610, 367], [1611, 367], [1612, 367], [1613, 367], [1614, 367], [1615, 367], [1584, 368], [1585, 368], [1586, 368], [1587, 368], [1588, 368], [1589, 368], [1590, 368], [1591, 368], [1592, 368], [1593, 368], [1594, 368], [1595, 368], [1596, 368], [1597, 368], [1598, 368], [1599, 368], [1601, 368], [1602, 368], [1603, 368], [1604, 368], [1605, 368], [1606, 368], [1607, 368], [1608, 368], [1610, 368], [1611, 368], [1612, 368], [1613, 368], [1614, 368], [1615, 368], [1616, 368], [1617, 368], [1618, 368], [1587, 369], [1588, 369], [1589, 369], [1590, 369], [1591, 369], [1592, 369], [1593, 369], [1595, 369], [1596, 369], [1597, 369], [1598, 369], [1599, 369], [1600, 369], [1601, 369], [1602, 369], [1603, 369], [1605, 369], [1606, 369], [1607, 369], [1608, 369], [1609, 369], [1610, 369], [1611, 369], [1614, 369], [1615, 369], [1616, 369], [1617, 369], [1618, 369], [1619, 369], [1620, 369], [1621, 369], [1622, 369], [1590, 370], [1591, 370], [1592, 370], [1593, 370], [1594, 370], [1595, 370], [1596, 370], [1597, 370], [1598, 370], [1599, 370], [1600, 370], [1601, 370], [1602, 370], [1603, 370], [1604, 370], [1605, 370], [1606, 370], [1607, 370], [1608, 370], [1609, 370], [1610, 370], [1611, 370], [1612, 370], [1613, 370], [1614, 370], [1617, 370], [1618, 370], [1619, 370], [1620, 370], [1621, 370], [1622, 370], [1623, 370], [1624, 370], [1593, 371], [1594, 371], [1595, 371], [1596, 371], [1597, 371], [1598, 371], [1599, 371], [1600, 371], [1603, 371], [1604, 371], [1605, 371], [1606, 371], [1607, 371], [1608, 371], [1609, 371], [1610, 371], [1611, 371], [1612, 371], [1613, 371], [1614, 371], [1615, 371], [1616, 371], [1617, 371], [1618, 371], [1621, 371], [1622, 371], [1623, 371], [1624, 371], [1625, 371], [1626, 371], [1627, 371], [1628, 371], [1596, 372], [1597, 372], [1598, 372], [1599, 372], [1600, 372], [1601, 372], [1602, 372], [1603, 372], [1605, 372], [1606, 372], [1607, 372], [1608, 372], [1609, 372], [1610, 372], [1611, 372], [1612, 372], [1613, 372], [1614, 372], [1615, 372], [1616, 372], [1617, 372], [1618, 372], [1619, 372], [1620, 372], [1621, 372], [1623, 372], [1624, 372], [1625, 372], [1626, 372], [1627, 372], [1628, 372], [1629, 372], [1630, 372], [1599, 373], [1600, 373], [1601, 373], [1602, 373], [1603, 373], [1604, 373], [1605, 373], [1606, 373], [1608, 373], [1609, 373], [1610, 373], [1611, 373], [1612, 373], [1613, 373], [1614, 373], [1615, 373], [1617, 373], [1618, 373], [1619, 373], [1620, 373], [1621, 373], [1622, 373], [1623, 373], [1627, 373], [1628, 373], [1629, 373], [1630, 373], [1631, 373], [1632, 373], [1633, 373], [1602, 374], [1603, 374], [1604, 374], [1605, 374], [1606, 374], [1607, 374], [1608, 374], [1609, 374], [1611, 374], [1612, 374], [1613, 374], [1614, 374], [1615, 374], [1616, 374], [1617, 374], [1618, 374], [1620, 374], [1621, 374], [1622, 374], [1623, 374], [1624, 374], [1625, 374], [1626, 374], [1627, 374], [1628, 374], [1629, 374], [1630, 374], [1631, 374], [1632, 374], [1633, 374], [1634, 374], [1635, 374], [1636, 374], [1605, 375], [1606, 375], [1607, 375], [1608, 375], [1609, 375], [1610, 375], [1611, 375], [1612, 375], [1614, 375], [1615, 375], [1616, 375], [1617, 375], [1618, 375], [1619, 375], [1620, 375], [1621, 375], [1622, 375], [1623, 375], [1624, 375], [1625, 375], [1626, 375], [1627, 375], [1628, 375], [1629, 375], [1632, 375], [1633, 375], [1634, 375], [1635, 375], [1636, 375], [1637, 375], [1638, 375], [1639, 375], [1608, 376], [1609, 376], [1610, 376], [1611, 376], [1612, 376], [1613, 376], [1614, 376], [1615, 376], [1617, 376], [1618, 376], [1619, 376], [1620, 376], [1621, 376], [1622, 376], [1623, 376], [1627, 376], [1628, 376], [1629, 376], [1630, 376], [1631, 376], [1632, 376], [1633, 376], [1634, 376], [1635, 376], [1636, 376], [1637, 376], [1638, 376], [1639, 376], [1640, 376], [1641, 376], [1642, 376], [1611, 377], [1612, 377], [1613, 377], [1614, 377], [1615, 377], [1616, 377], [1617, 377], [1618, 377], [1620, 377], [1621, 377], [1622, 377], [1623, 377], [1624, 377], [1625, 377], [1626, 377], [1627, 377], [1628, 377], [1629, 377], [1630, 377], [1631, 377], [1632, 377], [1633, 377], [1634, 377], [1635, 377], [1636, 377], [1637, 377], [1639, 377], [1640, 377], [1641, 377], [1642, 377], [1643, 377], [1644, 377], [1645, 377], [1646, 377], [1614, 378], [1615, 378], [1616, 378], [1617, 378], [1618, 378], [1619, 378], [1620, 378], [1621, 378], [1622, 378], [1623, 378], [1624, 378], [1625, 378], [1626, 378], [1627, 378], [1628, 378], [1629, 378], [1633, 378], [1634, 378], [1635, 378], [1636, 378], [1637, 378], [1638, 378], [1639, 378], [1641, 378], [1642, 378], [1643, 378], [1644, 378], [1645, 378], [1646, 378], [1647, 378], [1648, 378], [1617, 379], [1618, 379], [1619, 379], [1620, 379], [1621, 379], [1622, 379], [1623, 379], [1624, 379], [1626, 379], [1627, 379], [1628, 379], [1629, 379], [1630, 379], [1631, 379], [1632, 379], [1633, 379], [1637, 379], [1638, 379], [1639, 379], [1640, 379], [1641, 379], [1642, 379], [1643, 379], [1645, 379], [1646, 379], [1647, 379], [1648, 379], [1649, 379], [1650, 379], [1651, 379], [1652, 379], [1653, 379], [1620, 380], [1621, 380], [1622, 380], [1623, 380], [1624, 380], [1625, 380], [1626, 380], [1627, 380], [1628, 380], [1629, 380], [1630, 380], [1631, 380], [1632, 380], [1633, 380], [1634, 380], [1635, 380], [1638, 380], [1639, 380], [1640, 380], [1641, 380], [1642, 380], [1643, 380], [1644, 380], [1645, 380], [1647, 380], [1648, 380], [1649, 380], [1650, 380], [1651, 380], [1652, 380], [1653, 380], [1654, 380], [1655, 380], [1623, 381], [1624, 381], [1625, 381], [1626, 381], [1627, 381], [1628, 381], [1629, 381], [1630, 381], [1632, 381], [1633, 381], [1634, 381], [1635, 381], [1636, 381], [1637, 381], [1638, 381], [1639, 381], [1640, 381], [1641, 381], [1642, 381], [1643, 381], [1644, 381], [1645, 381], [1646, 381], [1647, 381], [1648, 381], [1649, 381], [1652, 381], [1653, 381], [1654, 381], [1655, 381], [1656, 381], [1657, 381], [1658, 381], [1626, 382], [1627, 382], [1628, 382], [1629, 382], [1630, 382], [1631, 382], [1632, 382], [1633, 382], [1634, 382], [1635, 382], [1636, 382], [1637, 382], [1638, 382], [1639, 382], [1640, 382], [1641, 382], [1642, 382], [1643, 382], [1645, 382], [1646, 382], [1647, 382], [1648, 382], [1649, 382], [1650, 382], [1651, 382], [1652, 382], [1654, 382], [1655, 382], [1656, 382], [1657, 382], [1658, 382], [1659, 382], [1660, 382], [1661, 382], [1629, 383], [1630, 383], [1631, 383], [1632, 383], [1633, 383], [1634, 383], [1635, 383], [1636, 383], [1637, 383], [1640, 383], [1641, 383], [1642, 383], [1643, 383], [1644, 383], [1645, 383], [1646, 383], [1648, 383], [1649, 383], [1650, 383], [1651, 383], [1652, 383], [1653, 383], [1654, 383], [1655, 383], [1656, 383], [1657, 383], [1658, 383], [1659, 383], [1660, 383], [1661, 383], [1662, 383], [1663, 383], [1664, 383], [1665, 383], [1632, 384], [1633, 384], [1634, 384], [1635, 384], [1636, 384], [1637, 384], [1638, 384], [1639, 384], [1640, 384], [1643, 384], [1644, 384], [1645, 384], [1646, 384], [1647, 384], [1648, 384], [1649, 384], [1651, 384], [1652, 384], [1653, 384], [1654, 384], [1655, 384], [1656, 384], [1657, 384], [1658, 384], [1660, 384], [1661, 384], [1662, 384], [1663, 384], [1664, 384], [1665, 384], [1666, 384], [1667, 384], [1668, 384], [1636, 385], [1637, 385], [1638, 385], [1639, 385], [1640, 385], [1641, 385], [1642, 385], [1643, 385], [1645, 385], [1646, 385], [1647, 385], [1648, 385], [1649, 385], [1650, 385], [1651, 385], [1652, 385], [1653, 385], [1655, 385], [1656, 385], [1657, 385], [1658, 385], [1659, 385], [1660, 385], [1661, 385], [1664, 385], [1665, 385], [1666, 385], [1667, 385], [1668, 385], [1669, 385], [1670, 385], [1671, 385], [1639, 386], [1640, 386], [1641, 386], [1642, 386], [1643, 386], [1644, 386], [1645, 386], [1646, 386], [1648, 386], [1649, 386], [1650, 386], [1651, 386], [1652, 386], [1653, 386], [1654, 386], [1655, 386], [1657, 386], [1658, 386], [1659, 386], [1660, 386], [1661, 386], [1662, 386], [1663, 386], [1664, 386], [1667, 386], [1668, 386], [1669, 386], [1670, 386], [1671, 386], [1672, 386], [1673, 386], [1642, 387], [1643, 387], [1644, 387], [1645, 387], [1646, 387], [1647, 387], [1648, 387], [1649, 387], [1650, 387], [1652, 387], [1653, 387], [1654, 387], [1655, 387], [1656, 387], [1657, 387], [1658, 387], [1659, 387], [1660, 387], [1661, 387], [1662, 387], [1663, 387], [1664, 387], [1665, 387], [1666, 387], [1670, 387], [1671, 387], [1672, 387], [1673, 387], [1674, 387], [1675, 387], [1676, 387], [1677, 387], [1645, 388], [1646, 388], [1647, 388], [1648, 388], [1649, 388], [1650, 388], [1651, 388], [1652, 388], [1654, 388], [1655, 388], [1656, 388], [1657, 388], [1658, 388], [1659, 388], [1660, 388], [1661, 388], [1663, 388], [1664, 388], [1665, 388], [1666, 388], [1667, 388], [1668, 388], [1669, 388], [1670, 388], [1671, 388], [1672, 388], [1673, 388], [1674, 388], [1675, 388], [1676, 388], [1677, 388], [1678, 388], [1679, 388], [1680, 388], [1649, 389], [1650, 389], [1651, 389], [1652, 389], [1653, 389], [1654, 389], [1655, 389], [1658, 389], [1659, 389], [1660, 389], [1661, 389], [1662, 389], [1663, 389], [1664, 389], [1666, 389], [1667, 389], [1668, 389], [1669, 389], [1670, 389], [1671, 389], [1672, 389], [1673, 389], [1674, 389], [1676, 389], [1677, 389], [1678, 389], [1679, 389], [1680, 389], [1681, 389], [1682, 389], [1683, 389], [1651, 390], [1652, 390], [1653, 390], [1654, 390], [1655, 390], [1656, 390], [1657, 390], [1658, 390], [1660, 390], [1661, 390], [1662, 390], [1663, 390], [1664, 390], [1665, 390], [1666, 390], [1670, 390], [1671, 390], [1672, 390], [1673, 390], [1674, 390], [1675, 390], [1676, 390], [1677, 390], [1679, 390], [1680, 390], [1681, 390], [1682, 390], [1683, 390], [1684, 390], [1685, 390], [1686, 390], [1654, 391], [1655, 391], [1656, 391], [1657, 391], [1658, 391], [1659, 391], [1660, 391], [1661, 391], [1664, 391], [1665, 391], [1666, 391], [1667, 391], [1668, 391], [1669, 391], [1673, 391], [1674, 391], [1675, 391], [1676, 391], [1677, 391], [1678, 391], [1679, 391], [1680, 391], [1682, 391], [1683, 391], [1684, 391], [1685, 391], [1686, 391], [1687, 391], [1688, 391], [1689, 391], [1657, 392], [1658, 392], [1659, 392], [1660, 392], [1661, 392], [1662, 392], [1663, 392], [1665, 392], [1666, 392], [1667, 392], [1668, 392], [1669, 392], [1670, 392], [1671, 392], [1672, 392], [1673, 392], [1674, 392], [1675, 392], [1676, 392], [1678, 392], [1679, 392], [1680, 392], [1681, 392], [1682, 392], [1683, 392], [1685, 392], [1686, 392], [1687, 392], [1688, 392], [1689, 392], [1690, 392], [1691, 392], [1692, 392], [1660, 393], [1661, 393], [1662, 393], [1663, 393], [1664, 393], [1665, 393], [1666, 393], [1668, 393], [1669, 393], [1670, 393], [1671, 393], [1672, 393], [1673, 393], [1674, 393], [1675, 393], [1676, 393], [1677, 393], [1678, 393], [1680, 393], [1681, 393], [1682, 393], [1683, 393], [1684, 393], [1685, 393], [1686, 393], [1688, 393], [1689, 393], [1690, 393], [1691, 393], [1692, 393], [1693, 393], [1694, 393], [1695, 393], [1662, 394], [1663, 394], [1664, 394], [1665, 394], [1666, 394], [1667, 394], [1668, 394], [1669, 394], [1673, 394], [1674, 394], [1675, 394], [1676, 394], [1677, 394], [1678, 394], [1679, 394], [1682, 394], [1683, 394], [1684, 394], [1685, 394], [1686, 394], [1687, 394], [1688, 394], [1689, 394], [1690, 394], [1691, 394], [1692, 394], [1693, 394], [1694, 394], [1695, 394], [1696, 394], [1697, 394], [1698, 394], [1665, 395], [1666, 395], [1667, 395], [1668, 395], [1669, 395], [1670, 395], [1671, 395], [1672, 395], [1676, 395], [1677, 395], [1678, 395], [1679, 395], [1680, 395], [1681, 395], [1682, 395], [1685, 395], [1686, 395], [1687, 395], [1688, 395], [1689, 395], [1690, 395], [1691, 395], [1692, 395], [1694, 395], [1695, 395], [1696, 395], [1697, 395], [1698, 395], [1699, 395], [1700, 395], [1701, 395], [1668, 396], [1669, 396], [1670, 396], [1671, 396], [1672, 396], [1673, 396], [1674, 396], [1675, 396], [1676, 396], [1678, 396], [1679, 396], [1680, 396], [1681, 396], [1682, 396], [1683, 396], [1684, 396], [1689, 396], [1690, 396], [1691, 396], [1692, 396], [1693, 396], [1697, 396], [1698, 396], [1699, 396], [1700, 396], [1701, 396], [1702, 396], [1703, 396], [1704, 396], [1671, 397], [1672, 397], [1673, 397], [1674, 397], [1675, 397], [1676, 397], [1677, 397], [1678, 397], [1681, 397], [1682, 397], [1683, 397], [1684, 397], [1685, 397], [1686, 397], [1687, 397], [1688, 397], [1691, 397], [1692, 397], [1693, 397], [1694, 397], [1695, 397], [1696, 397], [1697, 397], [1698, 397], [1700, 397], [1701, 397], [1702, 397], [1703, 397], [1704, 397], [1705, 397], [1706, 397], [1707, 397], [1675, 398], [1676, 398], [1677, 398], [1678, 398], [1679, 398], [1680, 398], [1681, 398], [1683, 398], [1684, 398], [1685, 398], [1686, 398], [1687, 398], [1688, 398], [1689, 398], [1690, 398], [1692, 398], [1693, 398], [1694, 398], [1695, 398], [1696, 398], [1697, 398], [1698, 398], [1699, 398], [1703, 398], [1704, 398], [1705, 398], [1706, 398], [1707, 398], [1708, 398], [1709, 398], [1710, 398], [1677, 399], [1678, 399], [1679, 399], [1680, 399], [1681, 399], [1682, 399], [1683, 399], [1684, 399], [1687, 399], [1688, 399], [1689, 399], [1690, 399], [1691, 399], [1692, 399], [1693, 399], [1697, 399], [1698, 399], [1699, 399], [1700, 399], [1701, 399], [1702, 399], [1706, 399], [1707, 399], [1708, 399], [1709, 399], [1710, 399], [1711, 399], [1712, 399], [1713, 399], [1680, 400], [1681, 400], [1682, 400], [1683, 400], [1684, 400], [1685, 400], [1686, 400], [1687, 400], [1689, 400], [1690, 400], [1691, 400], [1692, 400], [1693, 400], [1694, 400], [1695, 400], [1698, 400], [1699, 400], [1700, 400], [1701, 400], [1702, 400], [1703, 400], [1704, 400], [1705, 400], [1706, 400], [1709, 400], [1710, 400], [1711, 400], [1712, 400], [1713, 400], [1714, 400], [1715, 400], [1716, 400], [1683, 401], [1684, 401], [1685, 401], [1686, 401], [1687, 401], [1688, 401], [1689, 401], [1690, 401], [1692, 401], [1693, 401], [1694, 401], [1695, 401], [1696, 401], [1697, 401], [1698, 401], [1700, 401], [1701, 401], [1702, 401], [1703, 401], [1704, 401], [1705, 401], [1706, 401], [1707, 401], [1708, 401], [1712, 401], [1713, 401], [1714, 401], [1715, 401], [1716, 401], [1717, 401], [1718, 401], [1719, 401], [1686, 402], [1687, 402], [1688, 402], [1689, 402], [1690, 402], [1691, 402], [1692, 402], [1694, 402], [1695, 402], [1696, 402], [1697, 402], [1698, 402], [1699, 402], [1700, 402], [1701, 402], [1702, 402], [1705, 402], [1706, 402], [1707, 402], [1708, 402], [1709, 402], [1710, 402], [1711, 402], [1712, 402], [1715, 402], [1716, 402], [1717, 402], [1718, 402], [1719, 402], [1720, 402], [1721, 402], [1722, 402], [1689, 403], [1690, 403], [1691, 403], [1692, 403], [1693, 403], [1694, 403], [1695, 403], [1696, 403], [1697, 403], [1698, 403], [1699, 403], [1700, 403], [1701, 403], [1702, 403], [1703, 403], [1704, 403], [1705, 403], [1707, 403], [1708, 403], [1709, 403], [1710, 403], [1711, 403], [1712, 403], [1713, 403], [1714, 403], [1715, 403], [1716, 403], [1718, 403], [1719, 403], [1720, 403], [1721, 403], [1722, 403], [1723, 403], [1724, 403], [1725, 403], [1691, 404], [1692, 404], [1693, 404], [1694, 404], [1695, 404], [1696, 404], [1697, 404], [1698, 404], [1699, 404], [1700, 404], [1701, 404], [1702, 404], [1703, 404], [1704, 404], [1705, 404], [1706, 404], [1707, 404], [1708, 404], [1709, 404], [1710, 404], [1711, 404], [1712, 404], [1713, 404], [1714, 404], [1715, 404], [1716, 404], [1717, 404], [1718, 404], [1719, 404], [1721, 404], [1722, 404], [1723, 404], [1724, 404], [1725, 404], [1726, 404], [1727, 404], [1728, 404], [1695, 405], [1696, 405], [1697, 405], [1698, 405], [1699, 405], [1700, 405], [1701, 405], [1702, 405], [1704, 405], [1705, 405], [1706, 405], [1707, 405], [1708, 405], [1709, 405], [1710, 405], [1711, 405], [1712, 405], [1715, 405], [1716, 405], [1717, 405], [1718, 405], [1719, 405], [1720, 405], [1721, 405], [1722, 405], [1724, 405], [1725, 405], [1726, 405], [1727, 405], [1728, 405], [1729, 405], [1730, 405], [1731, 405], [1732, 405], [1698, 406], [1699, 406], [1700, 406], [1701, 406], [1702, 406], [1703, 406], [1704, 406], [1705, 406], [1707, 406], [1708, 406], [1709, 406], [1710, 406], [1711, 406], [1712, 406], [1713, 406], [1714, 406], [1718, 406], [1719, 406], [1720, 406], [1721, 406], [1722, 406], [1723, 406], [1724, 406], [1725, 406], [1727, 406], [1728, 406], [1729, 406], [1730, 406], [1731, 406], [1732, 406], [1733, 406], [1734, 406], [1735, 406], [1701, 407], [1702, 407], [1703, 407], [1704, 407], [1705, 407], [1706, 407], [1707, 407], [1708, 407], [1711, 407], [1712, 407], [1713, 407], [1714, 407], [1715, 407], [1716, 407], [1717, 407], [1721, 407], [1722, 407], [1723, 407], [1724, 407], [1725, 407], [1726, 407], [1727, 407], [1728, 407], [1731, 407], [1732, 407], [1733, 407], [1734, 407], [1735, 407], [1736, 407], [1737, 407], [1738, 407], [1704, 408], [1705, 408], [1706, 408], [1707, 408], [1708, 408], [1709, 408], [1710, 408], [1711, 408], [1713, 408], [1714, 408], [1715, 408], [1716, 408], [1717, 408], [1718, 408], [1719, 408], [1720, 408], [1723, 408], [1724, 408], [1725, 408], [1726, 408], [1727, 408], [1728, 408], [1729, 408], [1730, 408], [1731, 408], [1732, 408], [1734, 408], [1735, 408], [1736, 408], [1737, 408], [1738, 408], [1739, 408], [1740, 408], [1707, 409], [1708, 409], [1709, 409], [1710, 409], [1711, 409], [1712, 409], [1713, 409], [1714, 409], [1716, 409], [1717, 409], [1718, 409], [1719, 409], [1720, 409], [1721, 409], [1722, 409], [1723, 409], [1724, 409], [1725, 409], [1726, 409], [1727, 409], [1728, 409], [1729, 409], [1730, 409], [1731, 409], [1732, 409], [1733, 409], [1737, 409], [1738, 409], [1739, 409], [1740, 409], [1741, 409], [1742, 409], [1743, 409], [1744, 409], [1710, 410], [1711, 410], [1712, 410], [1713, 410], [1714, 410], [1715, 410], [1716, 410], [1717, 410], [1719, 410], [1720, 410], [1721, 410], [1722, 410], [1723, 410], [1724, 410], [1725, 410], [1726, 410], [1727, 410], [1728, 410], [1731, 410], [1732, 410], [1733, 410], [1734, 410], [1735, 410], [1736, 410], [1739, 410], [1740, 410], [1741, 410], [1742, 410], [1743, 410], [1744, 410], [1745, 410], [1746, 410], [1747, 410], [1713, 411], [1714, 411], [1715, 411], [1716, 411], [1717, 411], [1718, 411], [1719, 411], [1720, 411], [1726, 411], [1727, 411], [1728, 411], [1729, 411], [1732, 411], [1733, 411], [1734, 411], [1735, 411], [1736, 411], [1737, 411], [1738, 411], [1739, 411], [1740, 411], [1743, 411], [1744, 411], [1745, 411], [1746, 411], [1747, 411], [1748, 411], [1749, 411], [1750, 411], [1716, 412], [1717, 412], [1718, 412], [1719, 412], [1720, 412], [1721, 412], [1722, 412], [1723, 412], [1726, 412], [1727, 412], [1728, 412], [1729, 412], [1730, 412], [1731, 412], [1735, 412], [1736, 412], [1737, 412], [1738, 412], [1739, 412], [1740, 412], [1741, 412], [1742, 412], [1743, 412], [1746, 412], [1747, 412], [1748, 412], [1749, 412], [1750, 412], [1751, 412], [1752, 412], [1753, 412], [1719, 413], [1720, 413], [1721, 413], [1722, 413], [1723, 413], [1724, 413], [1725, 413], [1726, 413], [1727, 413], [1728, 413], [1729, 413], [1730, 413], [1731, 413], [1732, 413], [1733, 413], [1734, 413], [1735, 413], [1739, 413], [1740, 413], [1741, 413], [1742, 413], [1743, 413], [1744, 413], [1745, 413], [1746, 413], [1747, 413], [1749, 413], [1750, 413], [1751, 413], [1752, 413], [1753, 413], [1754, 413], [1755, 413], [1756, 413], [1722, 414], [1723, 414], [1724, 414], [1725, 414], [1726, 414], [1727, 414], [1728, 414], [1729, 414], [1730, 414], [1731, 414], [1732, 414], [1733, 414], [1734, 414], [1735, 414], [1736, 414], [1737, 414], [1738, 414], [1739, 414], [1740, 414], [1742, 414], [1743, 414], [1744, 414], [1745, 414], [1746, 414], [1747, 414], [1748, 414], [1752, 414], [1753, 414], [1754, 414], [1755, 414], [1756, 414], [1757, 414], [1758, 414], [1726, 415], [1727, 415], [1728, 415], [1729, 415], [1730, 415], [1731, 415], [1732, 415], [1733, 415], [1734, 415], [1735, 415], [1736, 415], [1737, 415], [1738, 415], [1739, 415], [1740, 415], [1741, 415], [1743, 415], [1744, 415], [1745, 415], [1746, 415], [1747, 415], [1748, 415], [1749, 415], [1750, 415], [1751, 415], [1755, 415], [1756, 415], [1757, 415], [1758, 415], [1759, 415], [1760, 415], [1761, 415], [1728, 416], [1729, 416], [1730, 416], [1731, 416], [1732, 416], [1733, 416], [1734, 416], [1735, 416], [1736, 416], [1739, 416], [1740, 416], [1741, 416], [1742, 416], [1743, 416], [1744, 416], [1745, 416], [1747, 416], [1748, 416], [1749, 416], [1750, 416], [1751, 416], [1752, 416], [1753, 416], [1754, 416], [1755, 416], [1757, 416], [1758, 416], [1759, 416], [1760, 416], [1761, 416], [1762, 416], [1763, 416], [1764, 416], [1732, 417], [1733, 417], [1734, 417], [1735, 417], [1736, 417], [1737, 417], [1738, 417], [1739, 417], [1740, 417], [1741, 417], [1742, 417], [1743, 417], [1744, 417], [1745, 417], [1746, 417], [1750, 417], [1751, 417], [1752, 417], [1753, 417], [1754, 417], [1755, 417], [1756, 417], [1757, 417], [1758, 417], [1760, 417], [1761, 417], [1762, 417], [1763, 417], [1764, 417], [1765, 417], [1766, 417], [1767, 417], [1735, 418], [1736, 418], [1737, 418], [1738, 418], [1739, 418], [1740, 418], [1741, 418], [1744, 418], [1745, 418], [1746, 418], [1747, 418], [1748, 418], [1754, 418], [1755, 418], [1756, 418], [1757, 418], [1758, 418], [1759, 418], [1760, 418], [1761, 418], [1762, 418], [1763, 418], [1764, 418], [1765, 418], [1766, 418], [1767, 418], [1768, 418], [1769, 418], [1770, 418], [1738, 419], [1739, 419], [1740, 419], [1741, 419], [1742, 419], [1743, 419], [1744, 419], [1745, 419], [1746, 419], [1747, 419], [1748, 419], [1749, 419], [1750, 419], [1751, 419], [1752, 419], [1757, 419], [1758, 419], [1759, 419], [1760, 419], [1761, 419], [1762, 419], [1763, 419], [1764, 419], [1766, 419], [1767, 419], [1768, 419], [1769, 419], [1770, 419], [1771, 419], [1772, 419], [1773, 419], [1740, 420], [1741, 420], [1742, 420], [1743, 420], [1744, 420], [1745, 420], [1746, 420], [1748, 420], [1749, 420], [1750, 420], [1751, 420], [1752, 420], [1753, 420], [1754, 420], [1755, 420], [1761, 420], [1762, 420], [1763, 420], [1764, 420], [1765, 420], [1766, 420], [1767, 420], [1769, 420], [1770, 420], [1771, 420], [1772, 420], [1773, 420], [1774, 420], [1775, 420], [1776, 420], [1743, 421], [1744, 421], [1745, 421], [1746, 421], [1747, 421], [1748, 421], [1749, 421], [1750, 421], [1751, 421], [1752, 421], [1753, 421], [1754, 421], [1755, 421], [1756, 421], [1757, 421], [1758, 421], [1763, 421], [1764, 421], [1765, 421], [1766, 421], [1767, 421], [1768, 421], [1769, 421], [1772, 421], [1773, 421], [1774, 421], [1775, 421], [1776, 421], [1777, 421], [1778, 421], [1779, 421], [1746, 422], [1747, 422], [1748, 422], [1749, 422], [1750, 422], [1751, 422], [1752, 422], [1753, 422], [1754, 422], [1755, 422], [1756, 422], [1757, 422], [1758, 422], [1759, 422], [1760, 422], [1766, 422], [1767, 422], [1768, 422], [1769, 422], [1770, 422], [1771, 422], [1772, 422], [1773, 422], [1775, 422], [1776, 422], [1777, 422], [1778, 422], [1779, 422], [1780, 422], [1781, 422], [1749, 423], [1750, 423], [1751, 423], [1752, 423], [1753, 423], [1754, 423], [1755, 423], [1757, 423], [1758, 423], [1759, 423], [1760, 423], [1761, 423], [1762, 423], [1763, 423], [1768, 423], [1769, 423], [1770, 423], [1771, 423], [1772, 423], [1773, 423], [1774, 423], [1775, 423], [1778, 423], [1779, 423], [1780, 423], [1781, 423], [1782, 423], [1783, 423], [1784, 423], [1785, 423], [1752, 424], [1753, 424], [1754, 424], [1755, 424], [1756, 424], [1757, 424], [1758, 424], [1759, 424], [1760, 424], [1761, 424], [1762, 424], [1763, 424], [1764, 424], [1765, 424], [1766, 424], [1767, 424], [1772, 424], [1773, 424], [1774, 424], [1775, 424], [1776, 424], [1777, 424], [1780, 424], [1781, 424], [1782, 424], [1783, 424], [1784, 424], [1785, 424], [1786, 424], [1787, 424], [1754, 425], [1755, 425], [1756, 425], [1757, 425], [1758, 425], [1759, 425], [1760, 425], [1761, 425], [1762, 425], [1763, 425], [1764, 425], [1765, 425], [1766, 425], [1767, 425], [1768, 425], [1769, 425], [1770, 425], [1774, 425], [1775, 425], [1776, 425], [1777, 425], [1778, 425], [1779, 425], [1780, 425], [1781, 425], [1782, 425], [1784, 425], [1785, 425], [1786, 425], [1787, 425], [1788, 425], [1789, 425], [1790, 425], [1757, 426], [1758, 426], [1759, 426], [1760, 426], [1761, 426], [1762, 426], [1763, 426], [1764, 426], [1766, 426], [1767, 426], [1768, 426], [1769, 426], [1770, 426], [1771, 426], [1772, 426], [1773, 426], [1776, 426], [1777, 426], [1778, 426], [1779, 426], [1780, 426], [1781, 426], [1782, 426], [1783, 426], [1784, 426], [1786, 426], [1787, 426], [1788, 426], [1789, 426], [1790, 426], [1791, 426], [1792, 426], [1793, 426], [1760, 427], [1761, 427], [1762, 427], [1763, 427], [1764, 427], [1765, 427], [1766, 427], [1769, 427], [1770, 427], [1771, 427], [1772, 427], [1773, 427], [1774, 427], [1775, 427], [1779, 427], [1780, 427], [1781, 427], [1782, 427], [1783, 427], [1784, 427], [1785, 427], [1786, 427], [1789, 427], [1790, 427], [1791, 427], [1792, 427], [1793, 427], [1794, 427], [1795, 427], [1796, 427], [1763, 428], [1764, 428], [1765, 428], [1766, 428], [1767, 428], [1768, 428], [1769, 428], [1772, 428], [1773, 428], [1774, 428], [1775, 428], [1776, 428], [1777, 428], [1783, 428], [1784, 428], [1785, 428], [1786, 428], [1787, 428], [1788, 428], [1789, 428], [1790, 428], [1792, 428], [1793, 428], [1794, 428], [1795, 428], [1796, 428], [1797, 428], [1798, 428], [1799, 428], [1800, 428], [1803, 428], [1804, 428], [1805, 428], [1806, 428], [1807, 428], [1808, 428], [1809, 428], [1810, 428], [1811, 428], [1812, 428], [1813, 428], [1815, 428], [1816, 428], [1817, 428], [1818, 428], [1765, 429], [1766, 429], [1767, 429], [1768, 429], [1769, 429], [1770, 429], [1771, 429], [1772, 429], [1774, 429], [1775, 429], [1776, 429], [1777, 429], [1778, 429], [1779, 429], [1780, 429], [1785, 429], [1786, 429], [1787, 429], [1788, 429], [1789, 429], [1790, 429], [1791, 429], [1792, 429], [1793, 429], [1795, 429], [1796, 429], [1797, 429], [1798, 429], [1799, 429], [1800, 429], [1801, 429], [1802, 429], [1803, 429], [1804, 429], [1805, 429], [1806, 429], [1807, 429], [1808, 429], [1809, 429], [1810, 429], [1811, 429], [1812, 429], [1813, 429], [1814, 429], [1815, 429], [1816, 429], [1817, 429], [1818, 429], [1819, 429], [1820, 429], [1821, 429], [1822, 429], [1823, 429], [1824, 429], [1768, 430], [1769, 430], [1770, 430], [1771, 430], [1772, 430], [1773, 430], [1774, 430], [1775, 430], [1776, 430], [1777, 430], [1778, 430], [1779, 430], [1780, 430], [1781, 430], [1782, 430], [1789, 430], [1790, 430], [1791, 430], [1792, 430], [1793, 430], [1794, 430], [1795, 430], [1799, 430], [1800, 430], [1801, 430], [1802, 430], [1803, 430], [1804, 430], [1812, 430], [1813, 430], [1814, 430], [1815, 430], [1816, 430], [1817, 430], [1818, 430], [1819, 430], [1820, 430], [1821, 430], [1822, 430], [1823, 430], [1824, 430], [1771, 431], [1772, 431], [1773, 431], [1774, 431], [1775, 431], [1776, 431], [1777, 431], [1778, 431], [1779, 431], [1780, 431], [1781, 431], [1782, 431], [1783, 431], [1784, 431], [1785, 431], [1792, 431], [1793, 431], [1794, 431], [1795, 431], [1796, 431], [1797, 431], [1798, 431], [1799, 431], [1774, 432], [1775, 432], [1776, 432], [1777, 432], [1778, 432], [1779, 432], [1780, 432], [1782, 432], [1783, 432], [1784, 432], [1785, 432], [1786, 432], [1787, 432], [1788, 432], [1794, 432], [1795, 432], [1796, 432], [1797, 432], [1798, 432], [1799, 432], [1800, 432], [1801, 432], [1814, 432], [1815, 432], [1816, 432], [1817, 432], [1818, 432], [1819, 432], [1820, 432], [1821, 432], [1822, 432], [1823, 432], [1824, 432], [1777, 433], [1778, 433], [1779, 433], [1780, 433], [1781, 433], [1782, 433], [1783, 433], [1784, 433], [1785, 433], [1786, 433], [1787, 433], [1788, 433], [1789, 433], [1790, 433], [1791, 433], [1792, 433], [1798, 433], [1799, 433], [1800, 433], [1801, 433], [1802, 433], [1803, 433], [1804, 433], [1805, 433], [1814, 433], [1815, 433], [1816, 433], [1817, 433], [1818, 433], [1819, 433], [1820, 433], [1821, 433], [1822, 433], [1823, 433], [1824, 433], [1780, 434], [1781, 434], [1782, 434], [1783, 434], [1784, 434], [1785, 434], [1786, 434], [1787, 434], [1788, 434], [1789, 434], [1790, 434], [1791, 434], [1792, 434], [1793, 434], [1794, 434], [1800, 434], [1801, 434], [1802, 434], [1803, 434], [1804, 434], [1805, 434], [1806, 434], [1807, 434], [1808, 434], [1809, 434], [1810, 434], [1811, 434], [1812, 434], [1814, 434], [1815, 434], [1816, 434], [1817, 434], [1818, 434], [1819, 434], [1820, 434], [1821, 434], [1822, 434], [1782, 435], [1783, 435], [1784, 435], [1785, 435], [1786, 435], [1787, 435], [1788, 435], [1789, 435], [1791, 435], [1792, 435], [1793, 435], [1794, 435], [1795, 435], [1796, 435], [1804, 435], [1805, 435], [1806, 435], [1807, 435], [1808, 435], [1809, 435], [1810, 435], [1811, 435], [1812, 435], [1813, 435], [1814, 435], [1816, 435], [1817, 435], [1818, 435], [1819, 435], [1820, 435], [1821, 435], [1822, 435], [1823, 435], [1824, 435], [1785, 436], [1786, 436], [1787, 436], [1788, 436], [1789, 436], [1790, 436], [1791, 436], [1793, 436], [1794, 436], [1795, 436], [1796, 436], [1797, 436], [1798, 436], [1799, 436], [1800, 436], [1801, 436], [1811, 436], [1812, 436], [1813, 436], [1814, 436], [1815, 436], [1816, 436], [1817, 436], [1821, 436], [1822, 436], [1823, 436], [1824, 436], [1788, 437], [1789, 437], [1790, 437], [1791, 437], [1792, 437], [1793, 437], [1794, 437], [1795, 437], [1796, 437], [1797, 437], [1798, 437], [1799, 437], [1800, 437], [1801, 437], [1802, 437], [1803, 437], [1813, 437], [1814, 437], [1815, 437], [1816, 437], [1817, 437], [1818, 437], [1819, 437], [1790, 438], [1791, 438], [1792, 438], [1793, 438], [1794, 438], [1795, 438], [1796, 438], [1797, 438], [1800, 438], [1801, 438], [1802, 438], [1803, 438], [1804, 438], [1805, 438], [1806, 438], [1816, 438], [1817, 438], [1818, 438], [1819, 438], [1820, 438], [1821, 438], [1822, 438], [1793, 439], [1794, 439], [1795, 439], [1796, 439], [1797, 439], [1798, 439], [1799, 439], [1800, 439], [1802, 439], [1803, 439], [1804, 439], [1805, 439], [1806, 439], [1807, 439], [1808, 439], [1818, 439], [1819, 439], [1820, 439], [1821, 439], [1822, 439], [1823, 439], [1796, 440], [1797, 440], [1798, 440], [1799, 440], [1800, 440], [1801, 440], [1802, 440], [1803, 440], [1805, 440], [1806, 440], [1807, 440], [1808, 440], [1809, 440], [1810, 440], [1811, 440], [1821, 440], [1822, 440], [1823, 440], [1824, 440], [1799, 441], [1800, 441], [1801, 441], [1802, 441], [1803, 441], [1804, 441], [1805, 441], [1806, 441], [1807, 441], [1808, 441], [1809, 441], [1810, 441], [1811, 441], [1812, 441], [1813, 441], [1814, 441], [1822, 441], [1823, 441], [1824, 441], [1802, 442], [1803, 442], [1804, 442], [1805, 442], [1806, 442], [1807, 442], [1808, 442], [1809, 442], [1810, 442], [1811, 442], [1812, 442], [1813, 442], [1814, 442], [1815, 442], [1816, 442], [1817, 442], [1186, 443], [1187, 443], [1188, 443], [1191, 443], [1192, 443], [1193, 443], [1194, 443], [1195, 443], [1214, 443], [1215, 443], [1216, 443], [1217, 443], [1218, 443], [1219, 443], [1805, 443], [1806, 443], [1807, 443], [1808, 443], [1809, 443], [1810, 443], [1811, 443], [1812, 443], [1813, 443], [1814, 443], [1815, 443], [1816, 443], [1817, 443], [1818, 443], [1819, 443], [1820, 443], [1167, 444], [1168, 444], [1169, 444], [1170, 444], [1171, 444], [1172, 444], [1173, 444], [1174, 444], [1175, 444], [1176, 444], [1177, 444], [1178, 444], [1179, 444], [1180, 444], [1181, 444], [1182, 444], [1186, 444], [1188, 444], [1191, 444], [1195, 444], [1206, 444], [1207, 444], [1208, 444], [1209, 444], [1210, 444], [1211, 444], [1212, 444], [1213, 444], [1214, 444], [1215, 444], [1216, 444], [1217, 444], [1218, 444], [1219, 444], [1808, 444], [1809, 444], [1810, 444], [1811, 444], [1812, 444], [1813, 444], [1814, 444], [1815, 444], [1816, 444], [1817, 444], [1818, 444], [1819, 444], [1820, 444], [1821, 444], [1822, 444], [1823, 444], [1165, 445], [1167, 445], [1168, 445], [1178, 445], [1179, 445], [1180, 445], [1181, 445], [1182, 445], [1186, 445], [1187, 445], [1188, 445], [1191, 445], [1192, 445], [1193, 445], [1194, 445], [1195, 445], [1203, 445], [1204, 445], [1205, 445], [1206, 445], [1207, 445], [1208, 445], [1209, 445], [1210, 445], [1214, 445], [1215, 445], [1216, 445], [1217, 445], [1218, 445], [1219, 445], [1811, 445], [1812, 445], [1813, 445], [1814, 445], [1815, 445], [1816, 445], [1817, 445], [1818, 445], [1819, 445], [1820, 445], [1821, 445], [1822, 445], [1823, 445], [1824, 445], [1163, 446], [1164, 446], [1165, 446], [1167, 446], [1168, 446], [1169, 446], [1170, 446], [1171, 446], [1172, 446], [1173, 446], [1174, 446], [1175, 446], [1176, 446], [1177, 446], [1178, 446], [1179, 446], [1180, 446], [1181, 446], [1182, 446], [1198, 446], [1199, 446], [1200, 446], [1201, 446], [1202, 446], [1203, 446], [1204, 446], [1205, 446], [1207, 446], [1208, 446], [1209, 446], [1210, 446], [1211, 446], [1212, 446], [1213, 446], [1214, 446], [1215, 446], [1216, 446], [1217, 446], [1218, 446], [1219, 446], [1814, 446], [1815, 446], [1816, 446], [1817, 446], [1818, 446], [1819, 446], [1820, 446], [1822, 446], [1823, 446], [1824, 446], [1178, 447], [1179, 447], [1180, 447], [1181, 447], [1182, 447], [1183, 447], [1184, 447], [1185, 447], [1186, 447], [1187, 447], [1188, 447], [1189, 447], [1190, 447], [1191, 447], [1192, 447], [1193, 447], [1194, 447], [1195, 447], [1196, 447], [1197, 447], [1198, 447], [1199, 447], [1200, 447], [1203, 447], [1204, 447], [1205, 447], [1206, 447], [1207, 447], [1208, 447], [1209, 447], [1210, 447], [1817, 447], [1818, 447], [1819, 447], [1820, 447], [1821, 447], [1822, 447], [1823, 447], [1824, 447], [1178, 448], [1179, 448], [1180, 448], [1181, 448], [1182, 448], [1183, 448], [1184, 448], [1185, 448], [1186, 448], [1187, 448], [1188, 448], [1189, 448], [1190, 448], [1191, 448], [1192, 448], [1193, 448], [1194, 448], [1195, 448], [1196, 448], [1198, 448], [1199, 448], [1200, 448], [1201, 448], [1202, 448], [1203, 448], [1204, 448], [1205, 448], [1206, 448], [1819, 448], [1820, 448], [1821, 448], [1822, 448], [1823, 448], [1824, 448], [1176, 449], [1177, 449], [1178, 449], [1179, 449], [1182, 449], [1183, 449], [1184, 449], [1185, 449], [1186, 449], [1187, 449], [1188, 449], [1189, 449], [1190, 449], [1191, 449], [1192, 449], [1193, 449], [1194, 449], [1195, 449], [1196, 449], [1197, 449], [1198, 449], [1199, 449], [1200, 449], [1823, 449], [1824, 449], [1174, 450], [1175, 450], [1176, 450], [1177, 450], [1179, 450], [1180, 450], [1181, 450], [1182, 450], [1183, 450], [1184, 450], [1185, 450], [1186, 450], [1187, 450], [1188, 450], [1189, 450], [1190, 450], [1191, 450], [1192, 450], [1193, 450], [1194, 450], [1195, 450], [1196, 450], [1173, 451], [1174, 451], [1175, 451], [1176, 451], [1177, 451], [1178, 451], [1179, 451], [1180, 451], [1181, 451], [1182, 451], [1183, 451], [1170, 452], [1171, 452], [1172, 452], [1173, 452], [1174, 452], [1175, 452], [1176, 452], [1177, 452], [1178, 452], [1166, 453], [1167, 453], [1168, 453], [1169, 453], [1170, 453], [1171, 453], [1172, 453], [1173, 453], [1174, 453], [1175, 453], [1151, 454], [1152, 454], [1153, 454], [1154, 454], [1155, 454], [1156, 454], [1157, 454], [1158, 454], [1159, 454], [1160, 454], [1161, 454], [1162, 454], [1163, 454], [1166, 454], [1167, 454], [1169, 454], [1170, 454], [1171, 454], [1172, 454], [1173, 454], [1148, 455], [1149, 455], [1150, 455], [1151, 455], [1152, 455], [1153, 455], [1154, 455], [1162, 455], [1163, 455], [1166, 455], [1167, 455], [1168, 455], [1169, 455], [1170, 455], [1151, 456], [1152, 456], [1153, 456], [1154, 456], [1155, 456], [1156, 456], [1157, 456], [1158, 456], [1159, 456], [1160, 456], [1161, 456], [1162, 456], [1163, 456], [1145, 457], [1146, 457], [1147, 457], [1148, 457], [1149, 457], [1150, 457], [1151, 457], [1152, 457], [1153, 457], [1154, 457], [1143, 458]


