White line left - 




Yellow line left - [1120, 539], [1121, 539], [1122, 539], [1123, 539], [1124, 539], [1125, 539], [1126, 539], [1127, 539], [1128, 539], [1129, 539], [1130, 539], [1131, 539], [1132, 539], [1133, 539], [1119, 540], [1120, 540], [1121, 540], [1122, 540], [1123, 540], [1124, 540], [1125, 540], [1126, 540], [1127, 540], [1128, 540], [1129, 540], [1130, 540], [1131, 540], [1132, 540], [1133, 540], [1134, 540], [1135, 540], [1136, 540], [1137, 540], [1138, 540], [1118, 541], [1119, 541], [1120, 541], [1121, 541], [1132, 541], [1133, 541], [1134, 541], [1135, 541], [1136, 541], [1137, 541], [1138, 541], [1139, 541], [1140, 541], [1117, 542], [1118, 542], [1119, 542], [1120, 542], [1137, 542], [1138, 542], [1139, 542], [1140, 542], [1141, 542], [1117, 543], [1118, 543], [1119, 543], [1139, 543], [1140, 543], [1141, 543], [1142, 543], [1117, 544], [1118, 544], [1119, 544], [1140, 544], [1141, 544], [1142, 544], [1118, 545], [1119, 545], [1139, 545], [1140, 545], [1141, 545], [1142, 545], [1118, 546], [1119, 546], [1120, 546], [1136, 546], [1137, 546], [1138, 546], [1139, 546], [1140, 546], [1141, 546], [1142, 546], [1118, 547], [1119, 547], [1120, 547], [1121, 547], [1122, 547], [1123, 547], [1132, 547], [1133, 547], [1134, 547], [1135, 547], [1136, 547], [1137, 547], [1138, 547], [1139, 547], [1140, 547], [1119, 548], [1120, 548], [1121, 548], [1122, 548], [1123, 548], [1124, 548], [1125, 548], [1126, 548], [1127, 548], [1128, 548], [1129, 548], [1130, 548], [1131, 548], [1132, 548], [1133, 548], [1134, 548], [1135, 548], [1136, 548], [1137, 548], [1122, 549], [1123, 549], [1124, 549], [1125, 549], [1126, 549], [1127, 549], [1128, 549], [1129, 549], [1130, 549], [1131, 549], [1132, 549], [1133, 549]




Yellow line right - [1213, 716], [1214, 716], [1215, 716], [1213, 717], [1214, 717], [1215, 717], [1216, 717], [1213, 718], [1214, 718], [1215, 718], [1216, 718], [1217, 718], [1213, 719], [1214, 719], [1215, 719], [1216, 719], [1217, 719], [1218, 719], [1219, 719], [1220, 719], [1221, 719], [1222, 719], [1223, 719], [1213, 720], [1214, 720], [1215, 720], [1216, 720], [1217, 720], [1218, 720], [1219, 720], [1220, 720], [1221, 720], [1222, 720], [1223, 720], [1213, 721], [1214, 721], [1215, 721], [1216, 721], [1217, 721], [1219, 721], [1220, 721], [1222, 721], [1223, 721], [1224, 721], [1214, 722], [1215, 722], [1216, 722], [1218, 722], [1219, 722], [1220, 722], [1222, 722], [1223, 722], [1224, 722], [1230, 722], [1231, 722], [1232, 722], [1218, 723], [1219, 723], [1222, 723], [1223, 723], [1224, 723], [1230, 723], [1232, 723], [1218, 724], [1219, 724], [1220, 724], [1222, 724], [1223, 724], [1230, 724], [1231, 724], [1232, 724], [1218, 725], [1219, 725], [1220, 725], [1222, 725], [1223, 725], [1224, 725], [1219, 726], [1220, 726], [1221, 726], [1222, 726], [1223, 726], [1224, 726], [1225, 726], [1219, 727], [1220, 727], [1221, 727], [1222, 727], [1223, 727], [1224, 727], [1225, 727], [1226, 727], [1230, 727], [1231, 727], [1232, 727], [1233, 727], [1234, 727], [1220, 728], [1221, 728], [1222, 728], [1223, 728], [1224, 728], [1225, 728], [1226, 728], [1230, 728], [1231, 728], [1232, 728], [1233, 728], [1234, 728], [1222, 729], [1223, 729], [1224, 729], [1225, 729], [1226, 729], [1229, 729], [1230, 729], [1231, 729], [1232, 729], [1233, 729], [1234, 729], [1229, 730], [1230, 730], [1231, 730], [1232, 730], [1233, 730], [1234, 730], [1229, 731], [1230, 731], [1233, 731], [1234, 731], [1235, 731], [1228, 732], [1229, 732], [1230, 732], [1233, 732], [1234, 732], [1235, 732], [1226, 733], [1227, 733], [1228, 733], [1229, 733], [1230, 733], [1234, 733], [1235, 733], [1225, 734], [1226, 734], [1227, 734], [1228, 734], [1229, 734], [1230, 734], [1231, 734], [1234, 734], [1235, 734], [1225, 735], [1226, 735], [1227, 735], [1228, 735], [1229, 735], [1230, 735], [1231, 735], [1234, 735], [1235, 735], [1225, 736], [1226, 736], [1228, 736], [1229, 736], [1230, 736], [1231, 736], [1232, 736], [1233, 736], [1234, 736], [1235, 736], [1225, 737], [1226, 737], [1228, 737], [1229, 737], [1230, 737], [1231, 737], [1232, 737], [1233, 737], [1234, 737], [1235, 737], [1236, 737], [1225, 738], [1226, 738], [1227, 738], [1229, 738], [1230, 738], [1231, 738], [1232, 738], [1233, 738], [1234, 738], [1235, 738], [1236, 738], [1225, 739], [1226, 739], [1227, 739], [1228, 739], [1229, 739], [1230, 739], [1231, 739], [1232, 739], [1233, 739], [1234, 739], [1235, 739], [1236, 739], [1226, 740], [1227, 740], [1228, 740], [1229, 740], [1230, 740], [1231, 740], [1232, 740], [1233, 740], [1234, 740], [1235, 740], [1236, 740], [1227, 741], [1228, 741], [1229, 741], [1230, 741], [1231, 741], [1232, 741], [1233, 741], [1234, 741], [1235, 741], [1228, 742], [1229, 742], [1230, 742], [1231, 742], [1232, 742], [1233, 742], [1229, 743], [1230, 743], [1231, 743], [1232, 743], [1233, 743], [1229, 744], [1230, 744], [1231, 744], [1256, 750], [1257, 750], [1258, 750], [1238, 751], [1239, 751], [1240, 751], [1246, 751], [1247, 751], [1248, 751], [1249, 751], [1256, 751], [1258, 751], [1237, 752], [1238, 752], [1239, 752], [1240, 752], [1246, 752], [1247, 752], [1248, 752], [1249, 752], [1256, 752], [1257, 752], [1258, 752], [1237, 753], [1238, 753], [1239, 753], [1240, 753], [1246, 753], [1247, 753], [1248, 753], [1249, 753], [1237, 754], [1238, 754], [1239, 754], [1246, 754], [1247, 754], [1248, 754], [1249, 754], [1245, 755], [1246, 755], [1247, 755], [1248, 755], [1249, 755], [1250, 755], [1239, 756], [1240, 756], [1241, 756], [1242, 756], [1243, 756], [1244, 756], [1245, 756], [1246, 756], [1247, 756], [1248, 756], [1249, 756], [1250, 756], [1239, 757], [1240, 757], [1241, 757], [1242, 757], [1243, 757], [1244, 757], [1245, 757], [1246, 757], [1247, 757], [1248, 757], [1249, 757], [1250, 757], [1239, 758], [1240, 758], [1241, 758], [1242, 758], [1246, 758], [1247, 758], [1248, 758], [1249, 758], [1240, 759], [1241, 759], [1242, 759], [1247, 759], [1248, 759], [1249, 759], [1241, 760], [1242, 760], [1243, 760], [1247, 760], [1248, 760], [1249, 760], [1241, 761], [1242, 761], [1243, 761], [1244, 761], [1245, 761], [1246, 761], [1247, 761], [1248, 761], [1249, 761], [1242, 762], [1243, 762], [1244, 762], [1245, 762], [1246, 762], [1247, 762], [1248, 762], [1249, 762], [1242, 763], [1243, 763], [1244, 763], [1245, 763], [1246, 763], [1247, 763], [1248, 763], [1251, 763], [1252, 763], [1253, 763], [1254, 763], [1251, 764], [1252, 764], [1253, 764], [1254, 764], [1251, 765], [1252, 765], [1253, 765], [1254, 765], [1247, 766], [1248, 766], [1249, 766], [1250, 766], [1251, 766], [1252, 766], [1253, 766], [1254, 766], [1255, 766], [1260, 766], [1261, 766], [1262, 766], [1247, 767], [1248, 767], [1249, 767], [1250, 767], [1251, 767], [1252, 767], [1253, 767], [1254, 767], [1255, 767], [1256, 767], [1259, 767], [1260, 767], [1261, 767], [1262, 767], [1263, 767], [1247, 768], [1248, 768], [1254, 768], [1255, 768], [1256, 768], [1259, 768], [1260, 768], [1261, 768], [1262, 768], [1263, 768], [1264, 768], [1247, 769], [1248, 769], [1249, 769], [1254, 769], [1255, 769], [1256, 769], [1259, 769], [1260, 769], [1262, 769], [1263, 769], [1264, 769], [1247, 770], [1248, 770], [1249, 770], [1250, 770], [1251, 770], [1252, 770], [1253, 770], [1254, 770], [1255, 770], [1256, 770], [1259, 770], [1260, 770], [1261, 770], [1262, 770], [1263, 770], [1264, 770], [1248, 771], [1249, 771], [1250, 771], [1251, 771], [1252, 771], [1253, 771], [1254, 771], [1255, 771], [1259, 771], [1260, 771], [1261, 771], [1262, 771], [1263, 771], [1264, 771], [1259, 772], [1260, 772], [1261, 772], [1262, 772], [1263, 772], [1264, 772], [1254, 773], [1255, 773], [1256, 773], [1257, 773], [1258, 773], [1254, 774], [1255, 774], [1256, 774], [1257, 774], [1258, 774], [1259, 774], [1260, 774], [1264, 774], [1265, 774], [1266, 774], [1267, 774], [1254, 775], [1255, 775], [1257, 775], [1258, 775], [1259, 775], [1260, 775], [1261, 775], [1264, 775], [1265, 775], [1266, 775], [1267, 775], [1268, 775], [1253, 776], [1254, 776], [1255, 776], [1259, 776], [1260, 776], [1261, 776], [1262, 776], [1263, 776], [1264, 776], [1265, 776], [1266, 776], [1267, 776], [1268, 776], [1269, 776], [1270, 776], [1271, 776], [1272, 776], [1253, 777], [1254, 777], [1255, 777], [1260, 777], [1261, 777], [1262, 777], [1263, 777], [1264, 777], [1265, 777], [1266, 777], [1267, 777], [1268, 777], [1269, 777], [1270, 777], [1271, 777], [1272, 777], [1253, 778], [1254, 778], [1255, 778], [1256, 778], [1261, 778], [1262, 778], [1263, 778], [1264, 778], [1265, 778], [1268, 778], [1269, 778], [1270, 778], [1271, 778], [1272, 778], [1254, 779], [1255, 779], [1256, 779], [1257, 779], [1260, 779], [1261, 779], [1262, 779], [1264, 779], [1265, 779], [1268, 779], [1269, 779], [1270, 779], [1271, 779], [1272, 779], [1273, 779], [1255, 780], [1256, 780], [1257, 780], [1258, 780], [1259, 780], [1260, 780], [1261, 780], [1262, 780], [1263, 780], [1264, 780], [1265, 780], [1268, 780], [1269, 780], [1270, 780], [1271, 780], [1272, 780], [1273, 780], [1279, 780], [1280, 780], [1281, 780], [1282, 780], [1256, 781], [1257, 781], [1258, 781], [1259, 781], [1260, 781], [1261, 781], [1263, 781], [1264, 781], [1265, 781], [1266, 781], [1267, 781], [1268, 781], [1269, 781], [1270, 781], [1272, 781], [1273, 781], [1279, 781], [1280, 781], [1281, 781], [1282, 781], [1258, 782], [1259, 782], [1260, 782], [1263, 782], [1264, 782], [1265, 782], [1266, 782], [1267, 782], [1268, 782], [1269, 782], [1270, 782], [1271, 782], [1272, 782], [1273, 782], [1274, 782], [1278, 782], [1279, 782], [1280, 782], [1281, 782], [1282, 782], [1283, 782], [1263, 783], [1264, 783], [1265, 783], [1266, 783], [1268, 783], [1269, 783], [1270, 783], [1271, 783], [1272, 783], [1273, 783], [1274, 783], [1278, 783], [1279, 783], [1280, 783], [1281, 783], [1282, 783], [1283, 783], [1263, 784], [1264, 784], [1265, 784], [1266, 784], [1267, 784], [1268, 784], [1270, 784], [1271, 784], [1272, 784], [1273, 784], [1274, 784], [1278, 784], [1279, 784], [1280, 784], [1282, 784], [1283, 784], [1262, 785], [1263, 785], [1264, 785], [1265, 785], [1266, 785], [1267, 785], [1268, 785], [1278, 785], [1279, 785], [1280, 785], [1282, 785], [1283, 785], [1261, 786], [1262, 786], [1263, 786], [1264, 786], [1265, 786], [1278, 786], [1279, 786], [1280, 786], [1281, 786], [1282, 786], [1283, 786], [1260, 787], [1261, 787], [1262, 787], [1263, 787], [1264, 787], [1265, 787], [1266, 787], [1272, 787], [1273, 787], [1274, 787], [1275, 787], [1276, 787], [1277, 787], [1278, 787], [1279, 787], [1280, 787], [1281, 787], [1282, 787], [1283, 787], [1260, 788], [1261, 788], [1262, 788], [1264, 788], [1265, 788], [1266, 788], [1267, 788], [1268, 788], [1269, 788], [1270, 788], [1271, 788], [1272, 788], [1273, 788], [1274, 788], [1275, 788], [1276, 788], [1277, 788], [1278, 788], [1279, 788], [1280, 788], [1281, 788], [1282, 788], [1260, 789], [1261, 789], [1265, 789], [1266, 789], [1267, 789], [1268, 789], [1269, 789], [1270, 789], [1271, 789], [1272, 789], [1273, 789], [1274, 789], [1275, 789], [1276, 789], [1277, 789], [1278, 789], [1279, 789], [1280, 789], [1260, 790], [1261, 790], [1262, 790], [1265, 790], [1266, 790], [1267, 790], [1268, 790], [1269, 790], [1270, 790], [1271, 790], [1273, 790], [1274, 790], [1275, 790], [1278, 790], [1279, 790], [1280, 790], [1281, 790], [1260, 791], [1261, 791], [1262, 791], [1279, 791], [1280, 791], [1281, 791], [1261, 792], [1262, 792], [1263, 792], [1279, 792], [1280, 792], [1281, 792], [1261, 793], [1262, 793], [1263, 793], [1264, 793], [1279, 793], [1280, 793], [1281, 793], [1262, 794], [1263, 794], [1264, 794], [1280, 794], [1281, 794], [1263, 795], [1264, 795], [1265, 795], [1280, 795], [1281, 795], [1289, 795], [1290, 795], [1291, 795], [1263, 796], [1264, 796], [1265, 796], [1280, 796], [1281, 796], [1288, 796], [1289, 796], [1290, 796], [1291, 796], [1292, 796], [1264, 797], [1265, 797], [1266, 797], [1280, 797], [1281, 797], [1283, 797], [1284, 797], [1285, 797], [1287, 797], [1288, 797], [1289, 797], [1290, 797], [1291, 797], [1292, 797], [1264, 798], [1265, 798], [1266, 798], [1267, 798], [1268, 798], [1280, 798], [1281, 798], [1282, 798], [1283, 798], [1284, 798], [1285, 798], [1286, 798], [1287, 798], [1288, 798], [1289, 798], [1291, 798], [1292, 798], [1293, 798], [1265, 799], [1266, 799], [1267, 799], [1268, 799], [1269, 799], [1280, 799], [1281, 799], [1282, 799], [1283, 799], [1284, 799], [1285, 799], [1286, 799], [1287, 799], [1288, 799], [1291, 799], [1292, 799], [1293, 799], [1294, 799], [1295, 799], [1296, 799], [1297, 799], [1267, 800], [1268, 800], [1269, 800], [1272, 800], [1273, 800], [1274, 800], [1275, 800], [1276, 800], [1277, 800], [1286, 800], [1287, 800], [1288, 800], [1292, 800], [1293, 800], [1294, 800], [1295, 800], [1296, 800], [1297, 800], [1298, 800], [1268, 801], [1269, 801], [1270, 801], [1272, 801], [1273, 801], [1274, 801], [1275, 801], [1276, 801], [1277, 801], [1294, 801], [1295, 801], [1296, 801], [1297, 801], [1298, 801], [1268, 802], [1269, 802], [1270, 802], [1271, 802], [1272, 802], [1273, 802], [1274, 802], [1275, 802], [1276, 802], [1277, 802], [1289, 802], [1290, 802], [1291, 802], [1297, 802], [1298, 802], [1269, 803], [1270, 803], [1271, 803], [1272, 803], [1273, 803], [1274, 803], [1275, 803], [1276, 803], [1277, 803], [1278, 803], [1285, 803], [1286, 803], [1287, 803], [1288, 803], [1289, 803], [1290, 803], [1291, 803], [1296, 803], [1297, 803], [1298, 803], [1270, 804], [1271, 804], [1272, 804], [1273, 804], [1274, 804], [1275, 804], [1276, 804], [1277, 804], [1278, 804], [1279, 804], [1280, 804], [1281, 804], [1282, 804], [1283, 804], [1284, 804], [1285, 804], [1286, 804], [1287, 804], [1288, 804], [1289, 804], [1290, 804], [1291, 804], [1296, 804], [1297, 804], [1298, 804], [1274, 805], [1276, 805], [1277, 805], [1279, 805], [1280, 805], [1281, 805], [1282, 805], [1283, 805], [1284, 805], [1285, 805], [1286, 805], [1288, 805], [1289, 805], [1290, 805], [1291, 805], [1296, 805], [1297, 805], [1298, 805], [1274, 806], [1275, 806], [1276, 806], [1277, 806], [1278, 806], [1279, 806], [1282, 806], [1283, 806], [1284, 806], [1288, 806], [1289, 806], [1290, 806], [1296, 806], [1297, 806], [1298, 806], [1275, 807], [1276, 807], [1277, 807], [1278, 807], [1279, 807], [1288, 807], [1289, 807], [1290, 807], [1291, 807], [1292, 807], [1296, 807], [1297, 807], [1298, 807], [1275, 808], [1276, 808], [1277, 808], [1289, 808], [1290, 808], [1291, 808], [1292, 808], [1297, 808], [1298, 808], [1279, 809], [1280, 809], [1281, 809], [1282, 809], [1283, 809], [1284, 809], [1290, 809], [1291, 809], [1292, 809], [1297, 809], [1298, 809], [1303, 809], [1304, 809], [1305, 809], [1306, 809], [1278, 810], [1279, 810], [1280, 810], [1281, 810], [1282, 810], [1283, 810], [1284, 810], [1285, 810], [1286, 810], [1287, 810], [1288, 810], [1290, 810], [1291, 810], [1292, 810], [1297, 810], [1298, 810], [1299, 810], [1300, 810], [1302, 810], [1303, 810], [1304, 810], [1305, 810], [1306, 810], [1307, 810], [1278, 811], [1279, 811], [1280, 811], [1283, 811], [1284, 811], [1285, 811], [1286, 811], [1287, 811], [1288, 811], [1290, 811], [1291, 811], [1292, 811], [1297, 811], [1298, 811], [1299, 811], [1300, 811], [1301, 811], [1302, 811], [1303, 811], [1304, 811], [1305, 811], [1306, 811], [1307, 811], [1308, 811], [1277, 812], [1278, 812], [1279, 812], [1280, 812], [1285, 812], [1286, 812], [1287, 812], [1288, 812], [1289, 812], [1290, 812], [1291, 812], [1292, 812], [1299, 812], [1300, 812], [1301, 812], [1302, 812], [1303, 812], [1306, 812], [1307, 812], [1308, 812], [1277, 813], [1278, 813], [1279, 813], [1280, 813], [1287, 813], [1288, 813], [1289, 813], [1290, 813], [1291, 813], [1299, 813], [1300, 813], [1301, 813], [1307, 813], [1308, 813], [1309, 813], [1277, 814], [1278, 814], [1279, 814], [1307, 814], [1308, 814], [1309, 814], [1278, 815], [1279, 815], [1280, 815], [1302, 815], [1303, 815], [1304, 815], [1308, 815], [1309, 815], [1278, 816], [1279, 816], [1280, 816], [1281, 816], [1290, 816], [1291, 816], [1292, 816], [1302, 816], [1304, 816], [1307, 816], [1308, 816], [1309, 816], [1310, 816], [1279, 817], [1280, 817], [1281, 817], [1290, 817], [1292, 817], [1302, 817], [1303, 817], [1304, 817], [1307, 817], [1308, 817], [1309, 817], [1310, 817], [1311, 817], [1280, 818], [1281, 818], [1282, 818], [1290, 818], [1291, 818], [1292, 818], [1307, 818], [1308, 818], [1309, 818], [1310, 818], [1311, 818], [1312, 818], [1313, 818], [1314, 818], [1280, 819], [1281, 819], [1282, 819], [1283, 819], [1308, 819], [1309, 819], [1310, 819], [1311, 819], [1312, 819], [1313, 819], [1314, 819], [1281, 820], [1282, 820], [1283, 820], [1313, 820], [1314, 820], [1315, 820], [1282, 821], [1283, 821], [1284, 821], [1313, 821], [1314, 821], [1315, 821], [1316, 821], [1282, 822], [1283, 822], [1284, 822], [1285, 822], [1314, 822], [1315, 822], [1316, 822], [1317, 822], [1283, 823], [1284, 823], [1285, 823], [1315, 823], [1316, 823], [1317, 823], [1318, 823], [1284, 824], [1285, 824], [1286, 824], [1316, 824], [1317, 824], [1318, 824], [1319, 824], [1284, 825], [1285, 825], [1286, 825], [1287, 825], [1317, 825], [1318, 825], [1319, 825], [1320, 825], [1285, 826], [1286, 826], [1287, 826], [1318, 826], [1319, 826], [1320, 826], [1321, 826], [1286, 827], [1287, 827], [1319, 827], [1320, 827], [1321, 827], [1286, 828], [1287, 828], [1288, 828], [1320, 828], [1321, 828], [1286, 829], [1287, 829], [1288, 829], [1320, 829], [1321, 829], [1287, 830], [1288, 830], [1289, 830], [1320, 830], [1321, 830], [1287, 831], [1288, 831], [1289, 831], [1290, 831], [1320, 831], [1321, 831], [1288, 832], [1289, 832], [1290, 832], [1291, 832], [1320, 832], [1321, 832], [1289, 833], [1290, 833], [1291, 833], [1292, 833], [1320, 833], [1321, 833], [1322, 833], [1290, 834], [1291, 834], [1292, 834], [1320, 834], [1321, 834], [1322, 834], [1291, 835], [1292, 835], [1321, 835], [1322, 835], [1323, 835], [1324, 835], [1291, 836], [1292, 836], [1293, 836], [1321, 836], [1322, 836], [1323, 836], [1324, 836], [1325, 836], [1291, 837], [1292, 837], [1293, 837], [1323, 837], [1324, 837], [1325, 837], [1326, 837], [1292, 838], [1293, 838], [1294, 838], [1324, 838], [1325, 838], [1326, 838], [1327, 838], [1292, 839], [1293, 839], [1294, 839], [1325, 839], [1326, 839], [1327, 839], [1328, 839], [1329, 839], [1293, 840], [1294, 840], [1295, 840], [1326, 840], [1327, 840], [1328, 840], [1329, 840], [1330, 840], [1293, 841], [1294, 841], [1295, 841], [1296, 841], [1328, 841], [1329, 841], [1330, 841], [1294, 842], [1295, 842], [1296, 842], [1297, 842], [1328, 842], [1329, 842], [1330, 842], [1331, 842], [1332, 842], [1295, 843], [1296, 843], [1297, 843], [1328, 843], [1329, 843], [1330, 843], [1331, 843], [1332, 843], [1296, 844], [1297, 844], [1298, 844], [1328, 844], [1329, 844], [1330, 844], [1331, 844], [1332, 844], [1333, 844], [1296, 845], [1297, 845], [1298, 845], [1328, 845], [1329, 845], [1330, 845], [1331, 845], [1332, 845], [1333, 845], [1334, 845], [1297, 846], [1298, 846], [1299, 846], [1300, 846], [1332, 846], [1333, 846], [1334, 846], [1297, 847], [1298, 847], [1299, 847], [1300, 847], [1301, 847], [1332, 847], [1333, 847], [1334, 847], [1299, 848], [1300, 848], [1301, 848], [1302, 848], [1332, 848], [1333, 848], [1334, 848], [1300, 849], [1301, 849], [1302, 849], [1303, 849], [1332, 849], [1333, 849], [1334, 849], [1301, 850], [1302, 850], [1303, 850], [1304, 850], [1332, 850], [1333, 850], [1334, 850], [1335, 850], [1336, 850], [1302, 851], [1303, 851], [1304, 851], [1333, 851], [1334, 851], [1335, 851], [1336, 851], [1337, 851], [1338, 851], [1303, 852], [1304, 852], [1305, 852], [1335, 852], [1336, 852], [1337, 852], [1338, 852], [1339, 852], [1303, 853], [1304, 853], [1305, 853], [1306, 853], [1337, 853], [1338, 853], [1339, 853], [1340, 853], [1304, 854], [1305, 854], [1306, 854], [1338, 854], [1339, 854], [1340, 854], [1305, 855], [1306, 855], [1339, 855], [1340, 855], [1341, 855], [1305, 856], [1306, 856], [1307, 856], [1339, 856], [1340, 856], [1341, 856], [1305, 857], [1306, 857], [1307, 857], [1340, 857], [1341, 857], [1306, 858], [1307, 858], [1340, 858], [1341, 858], [1306, 859], [1307, 859], [1308, 859], [1340, 859], [1341, 859], [1342, 859], [1306, 860], [1307, 860], [1308, 860], [1309, 860], [1340, 860], [1341, 860], [1342, 860], [1307, 861], [1308, 861], [1309, 861], [1341, 861], [1342, 861], [1343, 861], [1308, 862], [1309, 862], [1310, 862], [1341, 862], [1342, 862], [1343, 862], [1344, 862], [1345, 862], [1308, 863], [1309, 863], [1310, 863], [1311, 863], [1342, 863], [1343, 863], [1344, 863], [1345, 863], [1346, 863], [1347, 863], [1348, 863], [1309, 864], [1310, 864], [1311, 864], [1312, 864], [1344, 864], [1345, 864], [1346, 864], [1347, 864], [1348, 864], [1349, 864], [1310, 865], [1311, 865], [1312, 865], [1313, 865], [1347, 865], [1348, 865], [1349, 865], [1350, 865], [1311, 866], [1312, 866], [1313, 866], [1314, 866], [1348, 866], [1349, 866], [1350, 866], [1312, 867], [1313, 867], [1314, 867], [1315, 867], [1349, 867], [1350, 867], [1313, 868], [1314, 868], [1315, 868], [1316, 868], [1349, 868], [1350, 868], [1314, 869], [1315, 869], [1316, 869], [1349, 869], [1350, 869], [1351, 869], [1315, 870], [1316, 870], [1317, 870], [1349, 870], [1350, 870], [1351, 870], [1315, 871], [1316, 871], [1317, 871], [1350, 871], [1351, 871], [1352, 871], [1353, 871], [1316, 872], [1317, 872], [1318, 872], [1350, 872], [1351, 872], [1352, 872], [1353, 872], [1354, 872], [1316, 873], [1317, 873], [1318, 873], [1319, 873], [1352, 873], [1353, 873], [1354, 873], [1355, 873], [1317, 874], [1318, 874], [1319, 874], [1320, 874], [1353, 874], [1354, 874], [1355, 874], [1356, 874], [1318, 875], [1319, 875], [1320, 875], [1354, 875], [1355, 875], [1356, 875], [1357, 875], [1319, 876], [1320, 876], [1321, 876], [1355, 876], [1356, 876], [1357, 876], [1358, 876], [1319, 877], [1320, 877], [1321, 877], [1322, 877], [1356, 877], [1357, 877], [1358, 877], [1359, 877], [1320, 878], [1321, 878], [1322, 878], [1357, 878], [1358, 878], [1359, 878], [1321, 879], [1322, 879], [1323, 879], [1358, 879], [1359, 879], [1360, 879], [1321, 880], [1322, 880], [1323, 880], [1324, 880], [1358, 880], [1359, 880], [1360, 880], [1322, 881], [1323, 881], [1324, 881], [1359, 881], [1360, 881], [1361, 881], [1323, 882], [1324, 882], [1359, 882], [1360, 882], [1361, 882], [1362, 882], [1323, 883], [1324, 883], [1325, 883], [1360, 883], [1361, 883], [1362, 883], [1323, 884], [1324, 884], [1325, 884], [1361, 884], [1362, 884], [1363, 884], [1324, 885], [1325, 885], [1326, 885], [1361, 885], [1362, 885], [1363, 885], [1324, 886], [1325, 886], [1326, 886], [1327, 886], [1362, 886], [1363, 886], [1325, 887], [1326, 887], [1327, 887], [1362, 887], [1363, 887], [1364, 887], [1326, 888], [1327, 888], [1328, 888], [1362, 888], [1363, 888], [1364, 888], [1365, 888], [1326, 889], [1327, 889], [1328, 889], [1329, 889], [1363, 889], [1364, 889], [1365, 889], [1327, 890], [1328, 890], [1329, 890], [1364, 890], [1365, 890], [1366, 890], [1328, 891], [1329, 891], [1330, 891], [1364, 891], [1365, 891], [1366, 891], [1328, 892], [1329, 892], [1330, 892], [1331, 892], [1365, 892], [1366, 892], [1329, 893], [1330, 893], [1331, 893], [1332, 893], [1365, 893], [1366, 893], [1330, 894], [1331, 894], [1332, 894], [1333, 894], [1365, 894], [1366, 894], [1367, 894], [1331, 895], [1332, 895], [1333, 895], [1334, 895], [1365, 895], [1366, 895], [1367, 895], [1368, 895], [1369, 895], [1332, 896], [1333, 896], [1334, 896], [1366, 896], [1367, 896], [1368, 896], [1369, 896], [1370, 896], [1371, 896], [1333, 897], [1334, 897], [1335, 897], [1368, 897], [1369, 897], [1370, 897], [1371, 897], [1333, 898], [1334, 898], [1335, 898], [1336, 898], [1370, 898], [1371, 898], [1372, 898], [1334, 899], [1335, 899], [1336, 899], [1370, 899], [1371, 899], [1372, 899], [1335, 900], [1336, 900], [1337, 900], [1371, 900], [1372, 900], [1373, 900], [1335, 901], [1336, 901], [1337, 901], [1371, 901], [1372, 901], [1373, 901], [1336, 902], [1337, 902], [1372, 902], [1373, 902], [1336, 903], [1337, 903], [1338, 903], [1372, 903], [1373, 903], [1336, 904], [1337, 904], [1338, 904], [1339, 904], [1372, 904], [1373, 904], [1374, 904], [1337, 905], [1338, 905], [1339, 905], [1340, 905], [1372, 905], [1373, 905], [1374, 905], [1375, 905], [1376, 905], [1338, 906], [1339, 906], [1340, 906], [1341, 906], [1373, 906], [1374, 906], [1375, 906], [1376, 906], [1377, 906], [1378, 906], [1379, 906], [1339, 907], [1340, 907], [1341, 907], [1373, 907], [1375, 907], [1376, 907], [1377, 907], [1378, 907], [1379, 907], [1340, 908], [1341, 908], [1342, 908], [1373, 908], [1374, 908], [1375, 908], [1376, 908], [1378, 908], [1379, 908], [1340, 909], [1341, 909], [1342, 909], [1374, 909], [1376, 909], [1378, 909], [1379, 909], [1380, 909], [1341, 910], [1342, 910], [1343, 910], [1374, 910], [1375, 910], [1376, 910], [1378, 910], [1379, 910], [1380, 910], [1341, 911], [1342, 911], [1343, 911], [1344, 911], [1379, 911], [1380, 911], [1381, 911], [1382, 911], [1342, 912], [1343, 912], [1344, 912], [1379, 912], [1380, 912], [1381, 912], [1382, 912], [1343, 913], [1344, 913], [1345, 913], [1381, 913], [1382, 913], [1383, 913], [1343, 914], [1344, 914], [1345, 914], [1381, 914], [1382, 914], [1383, 914], [1344, 915], [1345, 915], [1346, 915], [1382, 915], [1383, 915], [1344, 916], [1345, 916], [1346, 916], [1347, 916], [1381, 916], [1382, 916], [1383, 916], [1345, 917], [1346, 917], [1347, 917], [1381, 917], [1382, 917], [1383, 917], [1384, 917], [1346, 918], [1347, 918], [1348, 918], [1381, 918], [1382, 918], [1383, 918], [1384, 918], [1385, 918], [1386, 918], [1346, 919], [1347, 919], [1348, 919], [1380, 919], [1381, 919], [1382, 919], [1384, 919], [1385, 919], [1386, 919], [1387, 919], [1347, 920], [1348, 920], [1349, 920], [1380, 920], [1381, 920], [1382, 920], [1383, 920], [1385, 920], [1386, 920], [1387, 920], [1347, 921], [1348, 921], [1349, 921], [1350, 921], [1380, 921], [1381, 921], [1382, 921], [1383, 921], [1386, 921], [1387, 921], [1348, 922], [1349, 922], [1350, 922], [1351, 922], [1352, 922], [1380, 922], [1381, 922], [1382, 922], [1383, 922], [1384, 922], [1385, 922], [1386, 922], [1387, 922], [1388, 922], [1349, 923], [1350, 923], [1351, 923], [1352, 923], [1353, 923], [1380, 923], [1381, 923], [1382, 923], [1383, 923], [1384, 923], [1385, 923], [1386, 923], [1387, 923], [1388, 923], [1351, 924], [1352, 924], [1353, 924], [1381, 924], [1382, 924], [1383, 924], [1384, 924], [1385, 924], [1386, 924], [1387, 924], [1388, 924], [1352, 925], [1353, 925], [1354, 925], [1381, 925], [1382, 925], [1383, 925], [1384, 925], [1385, 925], [1386, 925], [1387, 925], [1391, 925], [1392, 925], [1393, 925], [1352, 926], [1353, 926], [1354, 926], [1355, 926], [1383, 926], [1384, 926], [1385, 926], [1386, 926], [1387, 926], [1388, 926], [1389, 926], [1391, 926], [1392, 926], [1393, 926], [1353, 927], [1354, 927], [1355, 927], [1383, 927], [1384, 927], [1385, 927], [1386, 927], [1387, 927], [1388, 927], [1389, 927], [1390, 927], [1391, 927], [1392, 927], [1393, 927], [1354, 928], [1355, 928], [1356, 928], [1388, 928], [1389, 928], [1390, 928], [1391, 928], [1392, 928], [1393, 928], [1354, 929], [1355, 929], [1356, 929], [1388, 929], [1389, 929], [1390, 929], [1391, 929], [1392, 929], [1393, 929], [1355, 930], [1356, 930], [1357, 930], [1391, 930], [1392, 930], [1393, 930], [1394, 930], [1355, 931], [1356, 931], [1357, 931], [1392, 931], [1393, 931], [1394, 931], [1395, 931], [1356, 932], [1357, 932], [1392, 932], [1393, 932], [1394, 932], [1395, 932], [1356, 933], [1357, 933], [1358, 933], [1392, 933], [1393, 933], [1394, 933], [1395, 933], [1356, 934], [1357, 934], [1358, 934], [1393, 934], [1394, 934], [1395, 934], [1357, 935], [1358, 935], [1359, 935], [1393, 935], [1394, 935], [1395, 935], [1357, 936], [1358, 936], [1359, 936], [1360, 936], [1394, 936], [1395, 936], [1396, 936], [1358, 937], [1359, 937], [1360, 937], [1361, 937], [1394, 937], [1395, 937], [1396, 937], [1397, 937], [1359, 938], [1360, 938], [1361, 938], [1362, 938], [1395, 938], [1396, 938], [1397, 938], [1398, 938], [1399, 938], [1400, 938], [1360, 939], [1361, 939], [1362, 939], [1396, 939], [1397, 939], [1398, 939], [1399, 939], [1400, 939], [1401, 939], [1361, 940], [1362, 940], [1363, 940], [1397, 940], [1398, 940], [1400, 940], [1401, 940], [1402, 940], [1361, 941], [1362, 941], [1363, 941], [1364, 941], [1398, 941], [1399, 941], [1400, 941], [1401, 941], [1402, 941], [1362, 942], [1363, 942], [1364, 942], [1365, 942], [1398, 942], [1399, 942], [1400, 942], [1401, 942], [1402, 942], [1403, 942], [1404, 942], [1363, 943], [1364, 943], [1365, 943], [1401, 943], [1402, 943], [1403, 943], [1404, 943], [1364, 944], [1365, 944], [1366, 944], [1403, 944], [1404, 944], [1405, 944], [1406, 944], [1364, 945], [1365, 945], [1366, 945], [1367, 945], [1403, 945], [1404, 945], [1405, 945], [1406, 945], [1407, 945], [1365, 946], [1366, 946], [1367, 946], [1368, 946], [1405, 946], [1406, 946], [1407, 946], [1366, 947], [1367, 947], [1368, 947], [1369, 947], [1406, 947], [1407, 947], [1408, 947], [1367, 948], [1368, 948], [1369, 948], [1406, 948], [1407, 948], [1408, 948], [1409, 948], [1368, 949], [1369, 949], [1370, 949], [1407, 949], [1408, 949], [1409, 949], [1410, 949], [1368, 950], [1369, 950], [1370, 950], [1371, 950], [1408, 950], [1409, 950], [1410, 950], [1411, 950], [1369, 951], [1370, 951], [1371, 951], [1409, 951], [1410, 951], [1411, 951], [1370, 952], [1371, 952], [1372, 952], [1410, 952], [1411, 952], [1412, 952], [1370, 953], [1371, 953], [1372, 953], [1410, 953], [1411, 953], [1412, 953], [1413, 953], [1371, 954], [1372, 954], [1411, 954], [1412, 954], [1413, 954], [1371, 955], [1372, 955], [1373, 955], [1412, 955], [1413, 955], [1414, 955], [1371, 956], [1372, 956], [1373, 956], [1412, 956], [1413, 956], [1414, 956], [1415, 956], [1372, 957], [1373, 957], [1374, 957], [1413, 957], [1414, 957], [1415, 957], [1372, 958], [1373, 958], [1374, 958], [1375, 958], [1414, 958], [1415, 958], [1416, 958], [1373, 959], [1374, 959], [1375, 959], [1376, 959], [1414, 959], [1415, 959], [1416, 959], [1374, 960], [1375, 960], [1376, 960], [1415, 960], [1416, 960], [1417, 960], [1375, 961], [1376, 961], [1377, 961], [1415, 961], [1416, 961], [1417, 961], [1418, 961], [1375, 962], [1376, 962], [1377, 962], [1416, 962], [1417, 962], [1418, 962], [1419, 962], [1376, 963], [1377, 963], [1378, 963], [1417, 963], [1418, 963], [1419, 963], [1420, 963], [1376, 964], [1377, 964], [1378, 964], [1379, 964], [1418, 964], [1419, 964], [1420, 964], [1421, 964], [1422, 964], [1377, 965], [1378, 965], [1379, 965], [1380, 965], [1419, 965], [1420, 965], [1421, 965], [1422, 965], [1423, 965], [1378, 966], [1379, 966], [1380, 966], [1381, 966], [1421, 966], [1422, 966], [1423, 966], [1424, 966], [1379, 967], [1380, 967], [1381, 967], [1382, 967], [1422, 967], [1423, 967], [1424, 967], [1380, 968], [1381, 968], [1382, 968], [1423, 968], [1424, 968], [1425, 968], [1381, 969], [1382, 969], [1383, 969], [1423, 969], [1424, 969], [1425, 969], [1426, 969], [1381, 970], [1382, 970], [1383, 970], [1424, 970], [1425, 970], [1426, 970], [1382, 971], [1383, 971], [1384, 971], [1425, 971], [1426, 971], [1382, 972], [1383, 972], [1384, 972], [1425, 972], [1426, 972], [1427, 972], [1428, 972], [1383, 973], [1384, 973], [1385, 973], [1425, 973], [1426, 973], [1427, 973], [1428, 973], [1383, 974], [1384, 974], [1385, 974], [1386, 974], [1427, 974], [1428, 974], [1429, 974], [1384, 975], [1385, 975], [1386, 975], [1427, 975], [1428, 975], [1429, 975], [1385, 976], [1386, 976], [1387, 976], [1428, 976], [1429, 976], [1385, 977], [1386, 977], [1387, 977], [1428, 977], [1429, 977], [1430, 977], [1386, 978], [1387, 978], [1388, 978], [1428, 978], [1429, 978], [1430, 978], [1386, 979], [1387, 979], [1388, 979], [1389, 979], [1429, 979], [1430, 979], [1431, 979], [1387, 980], [1388, 980], [1389, 980], [1429, 980], [1430, 980], [1431, 980], [1432, 980], [1388, 981], [1389, 981], [1390, 981], [1430, 981], [1431, 981], [1432, 981], [1433, 981], [1388, 982], [1389, 982], [1390, 982], [1391, 982], [1431, 982], [1432, 982], [1433, 982], [1389, 983], [1390, 983], [1391, 983], [1431, 983], [1432, 983], [1433, 983], [1434, 983], [1390, 984], [1391, 984], [1392, 984], [1431, 984], [1432, 984], [1433, 984], [1434, 984], [1390, 985], [1391, 985], [1392, 985], [1393, 985], [1431, 985], [1432, 985], [1433, 985], [1434, 985], [1435, 985], [1391, 986], [1392, 986], [1393, 986], [1394, 986], [1433, 986], [1434, 986], [1435, 986], [1436, 986], [1392, 987], [1393, 987], [1394, 987], [1395, 987], [1434, 987], [1435, 987], [1436, 987], [1437, 987], [1393, 988], [1394, 988], [1395, 988], [1435, 988], [1436, 988], [1437, 988], [1438, 988], [1394, 989], [1395, 989], [1396, 989], [1436, 989], [1437, 989], [1438, 989], [1439, 989], [1440, 989], [1394, 990], [1395, 990], [1396, 990], [1437, 990], [1438, 990], [1439, 990], [1440, 990], [1441, 990], [1395, 991], [1396, 991], [1397, 991], [1439, 991], [1440, 991], [1441, 991], [1442, 991], [1395, 992], [1396, 992], [1397, 992], [1398, 992], [1440, 992], [1441, 992], [1442, 992], [1396, 993], [1397, 993], [1398, 993], [1399, 993], [1441, 993], [1442, 993], [1443, 993], [1397, 994], [1398, 994], [1399, 994], [1441, 994], [1442, 994], [1443, 994], [1444, 994], [1398, 995], [1399, 995], [1400, 995], [1442, 995], [1443, 995], [1444, 995], [1398, 996], [1399, 996], [1400, 996], [1401, 996], [1443, 996], [1444, 996], [1445, 996], [1399, 997], [1400, 997], [1401, 997], [1443, 997], [1444, 997], [1445, 997], [1400, 998], [1401, 998], [1402, 998], [1444, 998], [1445, 998], [1446, 998], [1400, 999], [1401, 999], [1402, 999], [1444, 999], [1445, 999], [1446, 999], [1447, 999], [1448, 999], [1401, 1000], [1402, 1000], [1403, 1000], [1445, 1000], [1446, 1000], [1447, 1000], [1448, 1000], [1449, 1000], [1401, 1001], [1402, 1001], [1403, 1001], [1404, 1001], [1447, 1001], [1448, 1001], [1449, 1001], [1402, 1002], [1403, 1002], [1404, 1002], [1405, 1002], [1448, 1002], [1449, 1002], [1450, 1002], [1403, 1003], [1404, 1003], [1405, 1003], [1448, 1003], [1449, 1003], [1450, 1003], [1451, 1003], [1404, 1004], [1405, 1004], [1406, 1004], [1449, 1004], [1450, 1004], [1451, 1004], [1452, 1004], [1404, 1005], [1405, 1005], [1406, 1005], [1450, 1005], [1451, 1005], [1452, 1005], [1453, 1005], [1405, 1006], [1406, 1006], [1407, 1006], [1451, 1006], [1452, 1006], [1453, 1006], [1454, 1006], [1405, 1007], [1406, 1007], [1407, 1007], [1408, 1007], [1452, 1007], [1453, 1007], [1454, 1007], [1406, 1008], [1407, 1008], [1408, 1008], [1409, 1008], [1453, 1008], [1454, 1008], [1407, 1009], [1408, 1009], [1409, 1009], [1410, 1009], [1453, 1009], [1454, 1009], [1408, 1010], [1409, 1010], [1410, 1010], [1411, 1010], [1453, 1010], [1454, 1010], [1455, 1010], [1409, 1011], [1410, 1011], [1411, 1011], [1412, 1011], [1453, 1011], [1454, 1011], [1455, 1011], [1456, 1011], [1410, 1012], [1411, 1012], [1412, 1012], [1454, 1012], [1455, 1012], [1456, 1012], [1411, 1013], [1412, 1013], [1454, 1013], [1455, 1013], [1456, 1013], [1411, 1014], [1412, 1014], [1413, 1014], [1454, 1014], [1455, 1014], [1411, 1015], [1412, 1015], [1413, 1015], [1414, 1015], [1454, 1015], [1455, 1015], [1456, 1015], [1459, 1015], [1460, 1015], [1461, 1015], [1412, 1016], [1413, 1016], [1414, 1016], [1454, 1016], [1455, 1016], [1456, 1016], [1458, 1016], [1459, 1016], [1460, 1016], [1461, 1016], [1462, 1016], [1413, 1017], [1414, 1017], [1415, 1017], [1455, 1017], [1456, 1017], [1458, 1017], [1459, 1017], [1460, 1017], [1461, 1017], [1462, 1017], [1413, 1018], [1414, 1018], [1415, 1018], [1416, 1018], [1455, 1018], [1456, 1018], [1457, 1018], [1458, 1018], [1459, 1018], [1461, 1018], [1462, 1018], [1414, 1019], [1415, 1019], [1416, 1019], [1417, 1019], [1455, 1019], [1456, 1019], [1457, 1019], [1458, 1019], [1459, 1019], [1461, 1019], [1462, 1019], [1463, 1019], [1415, 1020], [1416, 1020], [1417, 1020], [1418, 1020], [1461, 1020], [1462, 1020], [1463, 1020], [1464, 1020], [1416, 1021], [1417, 1021], [1418, 1021], [1462, 1021], [1463, 1021], [1464, 1021], [1465, 1021], [1417, 1022], [1418, 1022], [1419, 1022], [1462, 1022], [1463, 1022], [1464, 1022], [1465, 1022], [1417, 1023], [1418, 1023], [1419, 1023], [1420, 1023], [1462, 1023], [1463, 1023], [1464, 1023], [1465, 1023], [1418, 1024], [1419, 1024], [1420, 1024], [1462, 1024], [1463, 1024], [1464, 1024], [1465, 1024], [1419, 1025], [1420, 1025], [1421, 1025], [1463, 1025], [1464, 1025], [1419, 1026], [1420, 1026], [1421, 1026], [1463, 1026], [1464, 1026], [1465, 1026], [1420, 1027], [1421, 1027], [1422, 1027], [1463, 1027], [1464, 1027], [1465, 1027], [1466, 1027], [1420, 1028], [1421, 1028], [1422, 1028], [1423, 1028], [1464, 1028], [1465, 1028], [1466, 1028], [1421, 1029], [1422, 1029], [1423, 1029], [1424, 1029], [1465, 1029], [1466, 1029], [1467, 1029], [1468, 1029], [1469, 1029], [1470, 1029], [1422, 1030], [1423, 1030], [1424, 1030], [1465, 1030], [1466, 1030], [1467, 1030], [1468, 1030], [1469, 1030], [1470, 1030], [1423, 1031], [1424, 1031], [1425, 1031], [1426, 1031], [1469, 1031], [1470, 1031], [1471, 1031], [1472, 1031], [1423, 1032], [1424, 1032], [1425, 1032], [1426, 1032], [1469, 1032], [1470, 1032], [1471, 1032], [1472, 1032], [1425, 1033], [1426, 1033], [1427, 1033], [1471, 1033], [1472, 1033], [1473, 1033], [1425, 1034], [1426, 1034], [1427, 1034], [1428, 1034], [1471, 1034], [1472, 1034], [1473, 1034], [1426, 1035], [1427, 1035], [1428, 1035], [1472, 1035], [1473, 1035], [1427, 1036], [1428, 1036], [1472, 1036], [1473, 1036], [1474, 1036], [1427, 1037], [1428, 1037], [1429, 1037], [1472, 1037], [1473, 1037], [1474, 1037], [1475, 1037], [1427, 1038], [1428, 1038], [1429, 1038], [1430, 1038], [1473, 1038], [1474, 1038], [1475, 1038], [1428, 1039], [1429, 1039], [1430, 1039], [1473, 1039], [1474, 1039], [1475, 1039], [1429, 1040], [1430, 1040], [1431, 1040], [1473, 1040], [1474, 1040], [1475, 1040], [1476, 1040], [1477, 1040], [1429, 1041], [1430, 1041], [1431, 1041], [1473, 1041], [1474, 1041], [1475, 1041], [1476, 1041], [1477, 1041], [1478, 1041], [1479, 1041], [1430, 1042], [1431, 1042], [1432, 1042], [1433, 1042], [1476, 1042], [1477, 1042], [1478, 1042], [1479, 1042], [1480, 1042], [1430, 1043], [1431, 1043], [1432, 1043], [1433, 1043], [1434, 1043], [1478, 1043], [1479, 1043], [1480, 1043], [1481, 1043], [1432, 1044], [1433, 1044], [1434, 1044], [1435, 1044], [1479, 1044], [1480, 1044], [1481, 1044], [1482, 1044], [1433, 1045], [1434, 1045], [1435, 1045], [1480, 1045], [1481, 1045], [1482, 1045], [1483, 1045], [1434, 1046], [1435, 1046], [1481, 1046], [1482, 1046], [1483, 1046], [1434, 1047], [1435, 1047], [1436, 1047], [1482, 1047], [1483, 1047], [1434, 1048], [1435, 1048], [1436, 1048], [1482, 1048], [1483, 1048], [1484, 1048], [1435, 1049], [1436, 1049], [1437, 1049], [1482, 1049], [1483, 1049], [1484, 1049], [1435, 1050], [1436, 1050], [1437, 1050], [1438, 1050], [1483, 1050], [1484, 1050], [1485, 1050], [1436, 1051], [1437, 1051], [1438, 1051], [1483, 1051], [1484, 1051], [1485, 1051], [1486, 1051], [1437, 1052], [1438, 1052], [1439, 1052], [1484, 1052], [1485, 1052], [1486, 1052], [1487, 1052], [1437, 1053], [1438, 1053], [1439, 1053], [1440, 1053], [1485, 1053], [1486, 1053], [1487, 1053], [1488, 1053], [1438, 1054], [1439, 1054], [1440, 1054], [1486, 1054], [1487, 1054], [1488, 1054], [1489, 1054], [1439, 1055], [1440, 1055], [1441, 1055], [1487, 1055], [1488, 1055], [1489, 1055], [1439, 1056], [1440, 1056], [1441, 1056], [1442, 1056], [1487, 1056], [1488, 1056], [1489, 1056], [1490, 1056], [1491, 1056], [1492, 1056], [1440, 1057], [1441, 1057], [1442, 1057], [1487, 1057], [1488, 1057], [1489, 1057], [1490, 1057], [1491, 1057], [1492, 1057], [1493, 1057], [1441, 1058], [1442, 1058], [1443, 1058], [1487, 1058], [1488, 1058], [1489, 1058], [1490, 1058], [1491, 1058], [1492, 1058], [1493, 1058], [1494, 1058], [1441, 1059], [1442, 1059], [1443, 1059], [1444, 1059], [1492, 1059], [1493, 1059], [1494, 1059], [1442, 1060], [1443, 1060], [1444, 1060], [1445, 1060], [1493, 1060], [1494, 1060], [1495, 1060], [1443, 1061], [1444, 1061], [1445, 1061], [1446, 1061], [1493, 1061], [1494, 1061], [1495, 1061], [1444, 1062], [1445, 1062], [1446, 1062], [1494, 1062], [1495, 1062], [1496, 1062], [1497, 1062], [1445, 1063], [1446, 1063], [1447, 1063], [1494, 1063], [1495, 1063], [1496, 1063], [1497, 1063], [1498, 1063], [1445, 1064], [1446, 1064], [1447, 1064], [1448, 1064], [1496, 1064], [1497, 1064], [1498, 1064], [1446, 1065], [1447, 1065], [1448, 1065], [1497, 1065], [1498, 1065], [1499, 1065], [1447, 1066], [1448, 1066], [1449, 1066], [1497, 1066], [1498, 1066], [1499, 1066], [1447, 1067], [1448, 1067], [1449, 1067], [1450, 1067], [1498, 1067], [1499, 1067], [1500, 1067], [1448, 1068], [1449, 1068], [1450, 1068], [1498, 1068], [1499, 1068], [1500, 1068], [1501, 1068], [1449, 1069], [1450, 1069], [1499, 1069], [1500, 1069], [1501, 1069], [1502, 1069], [1449, 1070], [1450, 1070], [1451, 1070], [1452, 1070], [1500, 1070], [1501, 1070], [1502, 1070], [1449, 1071], [1450, 1071], [1451, 1071], [1452, 1071], [1453, 1071], [1501, 1071], [1502, 1071], [1503, 1071], [1451, 1072], [1452, 1072], [1453, 1072], [1454, 1072], [1501, 1072], [1502, 1072], [1503, 1072], [1504, 1072], [1452, 1073], [1453, 1073], [1454, 1073], [1502, 1073], [1503, 1073], [1504, 1073], [1453, 1074], [1454, 1074], [1455, 1074], [1503, 1074], [1504, 1074], [1505, 1074], [1453, 1075], [1454, 1075], [1455, 1075], [1503, 1075], [1504, 1075], [1505, 1075], [1454, 1076], [1455, 1076], [1456, 1076], [1504, 1076], [1505, 1076], [1454, 1077], [1455, 1077], [1456, 1077], [1504, 1077], [1505, 1077], [1455, 1078], [1456, 1078], [1504, 1078], [1505, 1078], [1455, 1079], [1456, 1079], [1504, 1079], [1505, 1079]




White line right - 


