White line left - [592, 785], [590, 786], [591, 786], [592, 786], [589, 787], [590, 787], [591, 787], [589, 788], [590, 788], [589, 789], [590, 789], [588, 790], [589, 790], [590, 790], [588, 791], [589, 791], [590, 791], [587, 792], [588, 792], [589, 792], [587, 793], [588, 793], [589, 793], [586, 794], [587, 794], [588, 794], [586, 795], [587, 795], [588, 795], [586, 796], [587, 796], [586, 797], [587, 797], [585, 798], [586, 798], [587, 798], [585, 799], [586, 799], [587, 799], [584, 800], [585, 800], [586, 800], [584, 801], [585, 801], [586, 801], [583, 802], [584, 802], [585, 802], [583, 803], [584, 803], [585, 803], [583, 804], [584, 804], [582, 805], [583, 805], [584, 805], [581, 806], [582, 806], [583, 806], [584, 806], [581, 807], [582, 807], [583, 807], [580, 808], [581, 808], [582, 808], [580, 809], [581, 809], [582, 809], [579, 810], [580, 810], [581, 810], [579, 811], [580, 811], [581, 811], [578, 812], [579, 812], [580, 812], [578, 813], [579, 813], [580, 813], [577, 814], [578, 814], [579, 814], [577, 815], [578, 815], [579, 815], [577, 816], [578, 816], [576, 817], [577, 817], [578, 817], [536, 818], [537, 818], [576, 818], [577, 818], [578, 818], [535, 819], [536, 819], [575, 819], [576, 819], [577, 819], [534, 820], [535, 820], [536, 820], [575, 820], [576, 820], [577, 820], [534, 821], [535, 821], [536, 821], [574, 821], [575, 821], [576, 821], [533, 822], [534, 822], [535, 822], [574, 822], [575, 822], [576, 822], [532, 823], [533, 823], [534, 823], [535, 823], [573, 823], [574, 823], [575, 823], [532, 824], [533, 824], [534, 824], [573, 824], [574, 824], [575, 824], [532, 825], [533, 825], [572, 825], [573, 825], [574, 825], [531, 826], [532, 826], [533, 826], [572, 826], [573, 826], [574, 826], [531, 827], [532, 827], [533, 827], [571, 827], [572, 827], [573, 827], [530, 828], [531, 828], [532, 828], [571, 828], [572, 828], [573, 828], [530, 829], [531, 829], [532, 829], [570, 829], [571, 829], [572, 829], [530, 830], [531, 830], [570, 830], [571, 830], [572, 830], [530, 831], [531, 831], [570, 831], [571, 831], [529, 832], [530, 832], [531, 832], [569, 832], [570, 832], [571, 832], [529, 833], [530, 833], [531, 833], [569, 833], [570, 833], [571, 833], [528, 834], [529, 834], [530, 834], [568, 834], [569, 834], [570, 834], [528, 835], [529, 835], [530, 835], [568, 835], [569, 835], [570, 835], [527, 836], [528, 836], [529, 836], [568, 836], [569, 836], [527, 837], [528, 837], [529, 837], [567, 837], [568, 837], [569, 837], [527, 838], [528, 838], [567, 838], [568, 838], [569, 838], [526, 839], [527, 839], [528, 839], [566, 839], [567, 839], [568, 839], [526, 840], [527, 840], [528, 840], [566, 840], [567, 840], [568, 840], [525, 841], [526, 841], [527, 841], [565, 841], [566, 841], [567, 841], [525, 842], [526, 842], [527, 842], [565, 842], [566, 842], [567, 842], [524, 843], [525, 843], [526, 843], [548, 843], [549, 843], [550, 843], [565, 843], [566, 843], [524, 844], [525, 844], [526, 844], [541, 844], [542, 844], [543, 844], [544, 844], [545, 844], [546, 844], [547, 844], [548, 844], [549, 844], [550, 844], [564, 844], [565, 844], [566, 844], [523, 845], [524, 845], [525, 845], [539, 845], [540, 845], [541, 845], [542, 845], [543, 845], [544, 845], [545, 845], [546, 845], [547, 845], [548, 845], [549, 845], [550, 845], [551, 845], [552, 845], [553, 845], [564, 845], [565, 845], [566, 845], [522, 846], [523, 846], [524, 846], [525, 846], [532, 846], [533, 846], [534, 846], [538, 846], [539, 846], [540, 846], [541, 846], [542, 846], [543, 846], [544, 846], [545, 846], [549, 846], [550, 846], [551, 846], [552, 846], [553, 846], [564, 846], [565, 846], [522, 847], [523, 847], [524, 847], [530, 847], [531, 847], [532, 847], [533, 847], [534, 847], [535, 847], [536, 847], [537, 847], [538, 847], [539, 847], [540, 847], [541, 847], [542, 847], [543, 847], [551, 847], [552, 847], [553, 847], [563, 847], [564, 847], [565, 847], [521, 848], [522, 848], [523, 848], [529, 848], [530, 848], [531, 848], [532, 848], [533, 848], [534, 848], [535, 848], [536, 848], [537, 848], [538, 848], [539, 848], [540, 848], [541, 848], [551, 848], [552, 848], [553, 848], [563, 848], [564, 848], [565, 848], [521, 849], [522, 849], [523, 849], [529, 849], [530, 849], [531, 849], [534, 849], [535, 849], [536, 849], [550, 849], [551, 849], [552, 849], [563, 849], [564, 849], [520, 850], [521, 850], [522, 850], [527, 850], [528, 850], [529, 850], [530, 850], [550, 850], [551, 850], [552, 850], [562, 850], [563, 850], [564, 850], [520, 851], [521, 851], [522, 851], [526, 851], [527, 851], [528, 851], [529, 851], [530, 851], [549, 851], [550, 851], [551, 851], [562, 851], [563, 851], [564, 851], [519, 852], [520, 852], [521, 852], [523, 852], [524, 852], [525, 852], [526, 852], [527, 852], [528, 852], [548, 852], [549, 852], [550, 852], [551, 852], [561, 852], [562, 852], [563, 852], [519, 853], [520, 853], [521, 853], [522, 853], [523, 853], [524, 853], [525, 853], [526, 853], [527, 853], [548, 853], [549, 853], [550, 853], [561, 853], [562, 853], [563, 853], [518, 854], [519, 854], [520, 854], [521, 854], [522, 854], [523, 854], [524, 854], [547, 854], [548, 854], [549, 854], [560, 854], [561, 854], [562, 854], [518, 855], [519, 855], [520, 855], [521, 855], [522, 855], [523, 855], [547, 855], [548, 855], [549, 855], [560, 855], [561, 855], [562, 855], [517, 856], [518, 856], [519, 856], [521, 856], [522, 856], [547, 856], [548, 856], [549, 856], [550, 856], [559, 856], [560, 856], [561, 856], [517, 857], [518, 857], [519, 857], [520, 857], [521, 857], [522, 857], [548, 857], [549, 857], [550, 857], [559, 857], [560, 857], [561, 857], [517, 858], [518, 858], [520, 858], [521, 858], [522, 858], [549, 858], [550, 858], [551, 858], [558, 858], [559, 858], [560, 858], [516, 859], [517, 859], [518, 859], [519, 859], [520, 859], [521, 859], [549, 859], [550, 859], [551, 859], [558, 859], [559, 859], [560, 859], [516, 860], [517, 860], [518, 860], [519, 860], [520, 860], [521, 860], [550, 860], [551, 860], [558, 860], [559, 860], [515, 861], [516, 861], [517, 861], [519, 861], [520, 861], [521, 861], [550, 861], [551, 861], [557, 861], [558, 861], [559, 861], [515, 862], [516, 862], [517, 862], [519, 862], [520, 862], [521, 862], [550, 862], [551, 862], [557, 862], [558, 862], [559, 862], [514, 863], [515, 863], [516, 863], [520, 863], [521, 863], [522, 863], [523, 863], [550, 863], [551, 863], [552, 863], [556, 863], [557, 863], [558, 863], [514, 864], [515, 864], [516, 864], [520, 864], [521, 864], [522, 864], [523, 864], [524, 864], [550, 864], [551, 864], [552, 864], [556, 864], [557, 864], [558, 864], [514, 865], [515, 865], [522, 865], [523, 865], [524, 865], [551, 865], [552, 865], [556, 865], [557, 865], [513, 866], [514, 866], [515, 866], [523, 866], [524, 866], [525, 866], [550, 866], [551, 866], [552, 866], [556, 866], [557, 866], [513, 867], [514, 867], [515, 867], [523, 867], [524, 867], [525, 867], [549, 867], [550, 867], [551, 867], [552, 867], [555, 867], [556, 867], [557, 867], [512, 868], [513, 868], [514, 868], [523, 868], [524, 868], [525, 868], [549, 868], [550, 868], [551, 868], [555, 868], [556, 868], [557, 868], [512, 869], [513, 869], [514, 869], [523, 869], [524, 869], [525, 869], [548, 869], [549, 869], [550, 869], [555, 869], [556, 869], [512, 870], [513, 870], [523, 870], [524, 870], [548, 870], [549, 870], [550, 870], [554, 870], [555, 870], [556, 870], [511, 871], [512, 871], [513, 871], [523, 871], [524, 871], [525, 871], [526, 871], [527, 871], [547, 871], [548, 871], [549, 871], [554, 871], [555, 871], [556, 871], [511, 872], [512, 872], [513, 872], [523, 872], [524, 872], [525, 872], [526, 872], [527, 872], [546, 872], [547, 872], [548, 872], [549, 872], [553, 872], [554, 872], [555, 872], [511, 873], [512, 873], [522, 873], [523, 873], [524, 873], [525, 873], [526, 873], [527, 873], [545, 873], [546, 873], [547, 873], [548, 873], [553, 873], [554, 873], [555, 873], [510, 874], [511, 874], [512, 874], [521, 874], [522, 874], [523, 874], [524, 874], [525, 874], [526, 874], [545, 874], [546, 874], [547, 874], [552, 874], [553, 874], [554, 874], [510, 875], [511, 875], [512, 875], [521, 875], [522, 875], [523, 875], [524, 875], [525, 875], [526, 875], [545, 875], [546, 875], [552, 875], [553, 875], [554, 875], [509, 876], [510, 876], [511, 876], [521, 876], [522, 876], [523, 876], [524, 876], [542, 876], [543, 876], [544, 876], [545, 876], [546, 876], [552, 876], [553, 876], [509, 877], [510, 877], [511, 877], [521, 877], [522, 877], [542, 877], [543, 877], [544, 877], [545, 877], [546, 877], [551, 877], [552, 877], [553, 877], [508, 878], [509, 878], [510, 878], [520, 878], [521, 878], [522, 878], [542, 878], [543, 878], [551, 878], [552, 878], [553, 878], [508, 879], [509, 879], [510, 879], [520, 879], [521, 879], [522, 879], [541, 879], [542, 879], [543, 879], [550, 879], [551, 879], [552, 879], [507, 880], [508, 880], [509, 880], [520, 880], [521, 880], [522, 880], [523, 880], [539, 880], [540, 880], [541, 880], [542, 880], [543, 880], [550, 880], [551, 880], [552, 880], [507, 881], [508, 881], [509, 881], [520, 881], [521, 881], [522, 881], [523, 881], [539, 881], [540, 881], [541, 881], [542, 881], [549, 881], [550, 881], [551, 881], [506, 882], [507, 882], [508, 882], [520, 882], [521, 882], [522, 882], [523, 882], [539, 882], [540, 882], [549, 882], [550, 882], [551, 882], [506, 883], [507, 883], [508, 883], [520, 883], [521, 883], [522, 883], [538, 883], [539, 883], [540, 883], [549, 883], [550, 883], [506, 884], [507, 884], [520, 884], [521, 884], [522, 884], [537, 884], [538, 884], [539, 884], [540, 884], [548, 884], [549, 884], [550, 884], [505, 885], [506, 885], [507, 885], [520, 885], [521, 885], [522, 885], [537, 885], [538, 885], [539, 885], [548, 885], [549, 885], [550, 885], [505, 886], [506, 886], [507, 886], [521, 886], [522, 886], [536, 886], [537, 886], [538, 886], [547, 886], [548, 886], [549, 886], [504, 887], [505, 887], [506, 887], [520, 887], [521, 887], [522, 887], [535, 887], [536, 887], [537, 887], [538, 887], [547, 887], [548, 887], [549, 887], [504, 888], [505, 888], [506, 888], [520, 888], [521, 888], [522, 888], [535, 888], [536, 888], [537, 888], [546, 888], [547, 888], [548, 888], [503, 889], [504, 889], [505, 889], [520, 889], [521, 889], [522, 889], [534, 889], [535, 889], [536, 889], [546, 889], [547, 889], [548, 889], [503, 890], [504, 890], [505, 890], [520, 890], [521, 890], [522, 890], [534, 890], [535, 890], [536, 890], [545, 890], [546, 890], [547, 890], [503, 891], [504, 891], [517, 891], [518, 891], [519, 891], [520, 891], [521, 891], [522, 891], [533, 891], [534, 891], [535, 891], [545, 891], [546, 891], [547, 891], [502, 892], [503, 892], [504, 892], [513, 892], [514, 892], [515, 892], [516, 892], [517, 892], [518, 892], [519, 892], [520, 892], [521, 892], [533, 892], [534, 892], [535, 892], [545, 892], [546, 892], [502, 893], [503, 893], [504, 893], [512, 893], [513, 893], [514, 893], [515, 893], [516, 893], [517, 893], [518, 893], [519, 893], [532, 893], [533, 893], [534, 893], [544, 893], [545, 893], [546, 893], [501, 894], [502, 894], [503, 894], [511, 894], [512, 894], [513, 894], [514, 894], [517, 894], [518, 894], [519, 894], [532, 894], [533, 894], [534, 894], [544, 894], [545, 894], [546, 894], [501, 895], [502, 895], [503, 895], [511, 895], [512, 895], [513, 895], [514, 895], [515, 895], [516, 895], [532, 895], [533, 895], [543, 895], [544, 895], [545, 895], [501, 896], [502, 896], [511, 896], [512, 896], [513, 896], [514, 896], [515, 896], [516, 896], [517, 896], [531, 896], [532, 896], [533, 896], [543, 896], [544, 896], [545, 896], [500, 897], [501, 897], [502, 897], [512, 897], [513, 897], [514, 897], [515, 897], [516, 897], [517, 897], [518, 897], [530, 897], [531, 897], [532, 897], [533, 897], [543, 897], [544, 897], [500, 898], [501, 898], [502, 898], [516, 898], [517, 898], [518, 898], [519, 898], [520, 898], [521, 898], [529, 898], [530, 898], [531, 898], [532, 898], [542, 898], [543, 898], [544, 898], [499, 899], [500, 899], [501, 899], [517, 899], [518, 899], [519, 899], [520, 899], [521, 899], [529, 899], [530, 899], [531, 899], [542, 899], [543, 899], [544, 899], [499, 900], [500, 900], [501, 900], [520, 900], [521, 900], [522, 900], [523, 900], [524, 900], [528, 900], [529, 900], [530, 900], [542, 900], [543, 900], [498, 901], [499, 901], [500, 901], [520, 901], [521, 901], [522, 901], [523, 901], [524, 901], [525, 901], [526, 901], [527, 901], [528, 901], [529, 901], [530, 901], [542, 901], [543, 901], [498, 902], [499, 902], [500, 902], [523, 902], [524, 902], [525, 902], [526, 902], [527, 902], [528, 902], [529, 902], [541, 902], [542, 902], [543, 902], [498, 903], [499, 903], [523, 903], [525, 903], [541, 903], [542, 903], [543, 903], [497, 904], [498, 904], [499, 904], [523, 904], [524, 904], [525, 904], [540, 904], [541, 904], [542, 904], [497, 905], [498, 905], [499, 905], [540, 905], [541, 905], [542, 905], [496, 906], [497, 906], [498, 906], [540, 906], [541, 906], [496, 907], [497, 907], [498, 907], [539, 907], [540, 907], [541, 907], [495, 908], [496, 908], [497, 908], [539, 908], [540, 908], [541, 908], [495, 909], [496, 909], [497, 909], [538, 909], [539, 909], [540, 909], [494, 910], [495, 910], [496, 910], [538, 910], [539, 910], [540, 910], [494, 911], [495, 911], [496, 911], [538, 911], [539, 911], [494, 912], [495, 912], [537, 912], [538, 912], [539, 912], [493, 913], [494, 913], [495, 913], [537, 913], [538, 913], [539, 913], [493, 914], [494, 914], [495, 914], [536, 914], [537, 914], [538, 914], [492, 915], [493, 915], [494, 915], [536, 915], [537, 915], [538, 915], [492, 916], [493, 916], [494, 916], [536, 916], [537, 916], [492, 917], [493, 917], [535, 917], [536, 917], [537, 917], [491, 918], [492, 918], [493, 918], [535, 918], [536, 918], [537, 918], [491, 919], [492, 919], [493, 919], [534, 919], [535, 919], [536, 919], [490, 920], [491, 920], [492, 920], [534, 920], [535, 920], [536, 920], [490, 921], [491, 921], [492, 921], [534, 921], [535, 921], [489, 922], [490, 922], [491, 922], [533, 922], [534, 922], [535, 922], [489, 923], [490, 923], [491, 923], [533, 923], [534, 923], [535, 923], [489, 924], [490, 924], [532, 924], [533, 924], [534, 924], [488, 925], [489, 925], [490, 925], [532, 925], [533, 925], [534, 925], [488, 926], [489, 926], [490, 926], [532, 926], [533, 926], [488, 927], [489, 927], [532, 927], [533, 927], [487, 928], [488, 928], [489, 928], [531, 928], [532, 928], [533, 928], [487, 929], [488, 929], [489, 929], [531, 929], [532, 929], [533, 929], [486, 930], [487, 930], [488, 930], [531, 930], [532, 930], [486, 931], [487, 931], [488, 931], [530, 931], [531, 931], [532, 931], [485, 932], [486, 932], [487, 932], [530, 932], [531, 932], [532, 932], [485, 933], [486, 933], [487, 933], [529, 933], [530, 933], [531, 933], [484, 934], [485, 934], [486, 934], [529, 934], [530, 934], [531, 934], [484, 935], [485, 935], [486, 935], [528, 935], [529, 935], [530, 935], [483, 936], [484, 936], [485, 936], [528, 936], [529, 936], [530, 936], [483, 937], [484, 937], [485, 937], [528, 937], [529, 937], [482, 938], [483, 938], [484, 938], [527, 938], [528, 938], [529, 938], [482, 939], [483, 939], [484, 939], [527, 939], [528, 939], [529, 939], [481, 940], [482, 940], [483, 940], [526, 940], [527, 940], [528, 940], [481, 941], [482, 941], [483, 941], [526, 941], [527, 941], [528, 941], [480, 942], [481, 942], [482, 942], [526, 942], [527, 942], [480, 943], [481, 943], [482, 943], [525, 943], [526, 943], [527, 943], [479, 944], [480, 944], [481, 944], [525, 944], [526, 944], [527, 944], [479, 945], [480, 945], [481, 945], [524, 945], [525, 945], [526, 945], [478, 946], [479, 946], [480, 946], [524, 946], [525, 946], [526, 946], [477, 947], [478, 947], [479, 947], [480, 947], [523, 947], [524, 947], [525, 947], [477, 948], [478, 948], [479, 948], [523, 948], [524, 948], [525, 948], [476, 949], [477, 949], [478, 949], [523, 949], [524, 949], [476, 950], [477, 950], [478, 950], [522, 950], [523, 950], [524, 950], [475, 951], [476, 951], [477, 951], [522, 951], [523, 951], [524, 951], [475, 952], [476, 952], [477, 952], [521, 952], [522, 952], [523, 952], [475, 953], [476, 953], [521, 953], [522, 953], [523, 953], [474, 954], [475, 954], [476, 954], [520, 954], [521, 954], [522, 954], [474, 955], [475, 955], [476, 955], [520, 955], [521, 955], [522, 955], [473, 956], [474, 956], [475, 956], [519, 956], [520, 956], [521, 956], [473, 957], [474, 957], [475, 957], [519, 957], [520, 957], [521, 957], [472, 958], [473, 958], [474, 958], [518, 958], [519, 958], [520, 958], [472, 959], [473, 959], [474, 959], [517, 959], [518, 959], [519, 959], [520, 959], [471, 960], [472, 960], [473, 960], [517, 960], [518, 960], [519, 960], [471, 961], [472, 961], [473, 961], [517, 961], [518, 961], [471, 962], [472, 962], [516, 962], [517, 962], [518, 962], [470, 963], [471, 963], [472, 963], [516, 963], [517, 963], [518, 963], [470, 964], [471, 964], [472, 964], [515, 964], [516, 964], [517, 964], [469, 965], [470, 965], [471, 965], [515, 965], [516, 965], [517, 965], [469, 966], [470, 966], [471, 966], [515, 966], [516, 966], [469, 967], [470, 967], [514, 967], [515, 967], [516, 967], [468, 968], [469, 968], [470, 968], [514, 968], [515, 968], [516, 968], [468, 969], [469, 969], [470, 969], [514, 969], [515, 969], [468, 970], [469, 970], [513, 970], [514, 970], [515, 970], [467, 971], [468, 971], [469, 971], [513, 971], [514, 971], [515, 971], [467, 972], [468, 972], [469, 972], [513, 972], [514, 972], [466, 973], [467, 973], [468, 973], [512, 973], [513, 973], [514, 973], [466, 974], [467, 974], [468, 974], [512, 974], [513, 974], [514, 974], [465, 975], [466, 975], [467, 975], [511, 975], [512, 975], [513, 975], [465, 976], [466, 976], [467, 976], [511, 976], [512, 976], [513, 976], [464, 977], [465, 977], [466, 977], [510, 977], [511, 977], [512, 977], [464, 978], [465, 978], [466, 978], [510, 978], [511, 978], [512, 978], [463, 979], [464, 979], [465, 979], [510, 979], [511, 979], [463, 980], [464, 980], [465, 980], [509, 980], [510, 980], [511, 980], [463, 981], [464, 981], [509, 981], [510, 981], [511, 981], [462, 982], [463, 982], [464, 982], [508, 982], [509, 982], [510, 982], [462, 983], [463, 983], [464, 983], [508, 983], [509, 983], [510, 983], [461, 984], [462, 984], [463, 984], [507, 984], [508, 984], [509, 984], [461, 985], [462, 985], [463, 985], [507, 985], [508, 985], [509, 985], [460, 986], [461, 986], [462, 986], [506, 986], [507, 986], [508, 986], [460, 987], [461, 987], [462, 987], [506, 987], [507, 987], [508, 987], [459, 988], [460, 988], [461, 988], [505, 988], [506, 988], [507, 988], [459, 989], [460, 989], [461, 989], [505, 989], [506, 989], [507, 989], [458, 990], [459, 990], [460, 990], [504, 990], [505, 990], [506, 990], [458, 991], [459, 991], [460, 991], [504, 991], [505, 991], [506, 991], [457, 992], [458, 992], [459, 992], [503, 992], [504, 992], [505, 992], [457, 993], [458, 993], [459, 993], [503, 993], [504, 993], [505, 993], [457, 994], [458, 994], [503, 994], [504, 994], [456, 995], [457, 995], [458, 995], [502, 995], [503, 995], [504, 995], [456, 996], [457, 996], [458, 996], [502, 996], [503, 996], [504, 996], [455, 997], [456, 997], [457, 997], [502, 997], [503, 997], [455, 998], [456, 998], [457, 998], [501, 998], [502, 998], [503, 998], [454, 999], [455, 999], [456, 999], [501, 999], [502, 999], [503, 999], [454, 1000], [455, 1000], [456, 1000], [500, 1000], [501, 1000], [502, 1000], [453, 1001], [454, 1001], [455, 1001], [500, 1001], [501, 1001], [502, 1001], [453, 1002], [454, 1002], [455, 1002], [500, 1002], [501, 1002], [452, 1003], [453, 1003], [454, 1003], [499, 1003], [500, 1003], [501, 1003], [452, 1004], [453, 1004], [454, 1004], [499, 1004], [500, 1004], [501, 1004], [451, 1005], [452, 1005], [453, 1005], [498, 1005], [499, 1005], [500, 1005], [451, 1006], [452, 1006], [453, 1006], [498, 1006], [499, 1006], [500, 1006], [451, 1007], [452, 1007], [498, 1007], [499, 1007], [450, 1008], [451, 1008], [452, 1008], [498, 1008], [499, 1008], [450, 1009], [451, 1009], [452, 1009], [497, 1009], [498, 1009], [499, 1009], [450, 1010], [451, 1010], [497, 1010], [498, 1010], [499, 1010], [449, 1011], [450, 1011], [451, 1011], [497, 1011], [498, 1011], [449, 1012], [450, 1012], [451, 1012], [497, 1012], [498, 1012], [449, 1013], [450, 1013], [496, 1013], [497, 1013], [498, 1013], [448, 1014], [449, 1014], [450, 1014], [496, 1014], [497, 1014], [498, 1014], [448, 1015], [449, 1015], [450, 1015], [495, 1015], [496, 1015], [497, 1015], [447, 1016], [448, 1016], [449, 1016], [495, 1016], [496, 1016], [497, 1016], [447, 1017], [448, 1017], [449, 1017], [495, 1017], [496, 1017], [446, 1018], [447, 1018], [448, 1018], [494, 1018], [495, 1018], [496, 1018], [446, 1019], [447, 1019], [448, 1019], [494, 1019], [495, 1019], [496, 1019], [445, 1020], [446, 1020], [447, 1020], [493, 1020], [494, 1020], [495, 1020], [445, 1021], [446, 1021], [447, 1021], [474, 1021], [475, 1021], [476, 1021], [493, 1021], [494, 1021], [495, 1021], [444, 1022], [445, 1022], [446, 1022], [474, 1022], [475, 1022], [476, 1022], [493, 1022], [494, 1022], [444, 1023], [445, 1023], [446, 1023], [473, 1023], [474, 1023], [475, 1023], [476, 1023], [492, 1023], [493, 1023], [494, 1023], [443, 1024], [444, 1024], [445, 1024], [471, 1024], [472, 1024], [473, 1024], [474, 1024], [475, 1024], [476, 1024], [492, 1024], [493, 1024], [494, 1024], [443, 1025], [444, 1025], [445, 1025], [471, 1025], [472, 1025], [473, 1025], [474, 1025], [475, 1025], [476, 1025], [484, 1025], [485, 1025], [486, 1025], [487, 1025], [488, 1025], [492, 1025], [493, 1025], [442, 1026], [443, 1026], [444, 1026], [469, 1026], [470, 1026], [471, 1026], [472, 1026], [473, 1026], [475, 1026], [476, 1026], [477, 1026], [483, 1026], [484, 1026], [485, 1026], [486, 1026], [487, 1026], [488, 1026], [491, 1026], [492, 1026], [493, 1026], [441, 1027], [442, 1027], [443, 1027], [444, 1027], [468, 1027], [469, 1027], [470, 1027], [471, 1027], [472, 1027], [473, 1027], [475, 1027], [476, 1027], [477, 1027], [478, 1027], [479, 1027], [480, 1027], [481, 1027], [482, 1027], [483, 1027], [484, 1027], [485, 1027], [486, 1027], [487, 1027], [488, 1027], [491, 1027], [492, 1027], [493, 1027], [441, 1028], [442, 1028], [443, 1028], [460, 1028], [461, 1028], [462, 1028], [463, 1028], [464, 1028], [466, 1028], [467, 1028], [468, 1028], [469, 1028], [470, 1028], [476, 1028], [477, 1028], [478, 1028], [479, 1028], [480, 1028], [481, 1028], [482, 1028], [483, 1028], [484, 1028], [486, 1028], [487, 1028], [488, 1028], [490, 1028], [491, 1028], [492, 1028], [440, 1029], [441, 1029], [442, 1029], [458, 1029], [459, 1029], [460, 1029], [461, 1029], [462, 1029], [463, 1029], [464, 1029], [465, 1029], [466, 1029], [467, 1029], [468, 1029], [469, 1029], [477, 1029], [478, 1029], [480, 1029], [482, 1029], [483, 1029], [486, 1029], [487, 1029], [488, 1029], [490, 1029], [491, 1029], [492, 1029], [440, 1030], [441, 1030], [442, 1030], [453, 1030], [454, 1030], [455, 1030], [456, 1030], [457, 1030], [458, 1030], [459, 1030], [460, 1030], [461, 1030], [462, 1030], [463, 1030], [464, 1030], [465, 1030], [466, 1030], [467, 1030], [479, 1030], [480, 1030], [481, 1030], [482, 1030], [485, 1030], [486, 1030], [487, 1030], [488, 1030], [489, 1030], [490, 1030], [491, 1030], [440, 1031], [441, 1031], [449, 1031], [450, 1031], [451, 1031], [452, 1031], [453, 1031], [454, 1031], [455, 1031], [456, 1031], [457, 1031], [458, 1031], [459, 1031], [479, 1031], [480, 1031], [481, 1031], [482, 1031], [485, 1031], [486, 1031], [487, 1031], [489, 1031], [490, 1031], [491, 1031], [439, 1032], [440, 1032], [441, 1032], [448, 1032], [449, 1032], [450, 1032], [451, 1032], [452, 1032], [453, 1032], [454, 1032], [477, 1032], [478, 1032], [479, 1032], [480, 1032], [481, 1032], [482, 1032], [485, 1032], [486, 1032], [489, 1032], [490, 1032], [439, 1033], [440, 1033], [441, 1033], [448, 1033], [449, 1033], [450, 1033], [451, 1033], [452, 1033], [476, 1033], [477, 1033], [478, 1033], [479, 1033], [480, 1033], [481, 1033], [484, 1033], [485, 1033], [486, 1033], [488, 1033], [489, 1033], [490, 1033], [438, 1034], [439, 1034], [440, 1034], [448, 1034], [449, 1034], [475, 1034], [476, 1034], [477, 1034], [478, 1034], [480, 1034], [481, 1034], [482, 1034], [483, 1034], [484, 1034], [485, 1034], [486, 1034], [488, 1034], [489, 1034], [490, 1034], [438, 1035], [439, 1035], [440, 1035], [448, 1035], [449, 1035], [475, 1035], [476, 1035], [477, 1035], [480, 1035], [481, 1035], [482, 1035], [483, 1035], [484, 1035], [485, 1035], [487, 1035], [488, 1035], [489, 1035], [437, 1036], [438, 1036], [439, 1036], [447, 1036], [448, 1036], [449, 1036], [474, 1036], [475, 1036], [476, 1036], [487, 1036], [488, 1036], [489, 1036], [437, 1037], [438, 1037], [439, 1037], [447, 1037], [448, 1037], [449, 1037], [473, 1037], [474, 1037], [475, 1037], [476, 1037], [487, 1037], [488, 1037], [436, 1038], [437, 1038], [438, 1038], [447, 1038], [448, 1038], [473, 1038], [474, 1038], [475, 1038], [486, 1038], [487, 1038], [488, 1038], [436, 1039], [437, 1039], [438, 1039], [447, 1039], [448, 1039], [449, 1039], [450, 1039], [451, 1039], [453, 1039], [454, 1039], [455, 1039], [456, 1039], [457, 1039], [473, 1039], [474, 1039], [486, 1039], [487, 1039], [488, 1039], [435, 1040], [436, 1040], [437, 1040], [447, 1040], [448, 1040], [449, 1040], [450, 1040], [451, 1040], [452, 1040], [453, 1040], [454, 1040], [455, 1040], [456, 1040], [457, 1040], [458, 1040], [473, 1040], [474, 1040], [477, 1040], [478, 1040], [479, 1040], [480, 1040], [481, 1040], [482, 1040], [483, 1040], [484, 1040], [485, 1040], [486, 1040], [487, 1040], [435, 1041], [436, 1041], [437, 1041], [450, 1041], [451, 1041], [452, 1041], [453, 1041], [454, 1041], [455, 1041], [456, 1041], [457, 1041], [458, 1041], [472, 1041], [473, 1041], [474, 1041], [477, 1041], [478, 1041], [479, 1041], [480, 1041], [481, 1041], [482, 1041], [483, 1041], [484, 1041], [485, 1041], [486, 1041], [487, 1041], [434, 1042], [435, 1042], [436, 1042], [457, 1042], [458, 1042], [459, 1042], [472, 1042], [473, 1042], [474, 1042], [477, 1042], [478, 1042], [479, 1042], [480, 1042], [481, 1042], [482, 1042], [483, 1042], [484, 1042], [485, 1042], [486, 1042], [434, 1043], [435, 1043], [436, 1043], [457, 1043], [458, 1043], [459, 1043], [460, 1043], [471, 1043], [472, 1043], [473, 1043], [477, 1043], [478, 1043], [479, 1043], [480, 1043], [481, 1043], [482, 1043], [483, 1043], [484, 1043], [485, 1043], [486, 1043], [433, 1044], [434, 1044], [435, 1044], [458, 1044], [459, 1044], [460, 1044], [461, 1044], [462, 1044], [463, 1044], [464, 1044], [470, 1044], [471, 1044], [472, 1044], [473, 1044], [477, 1044], [478, 1044], [479, 1044], [480, 1044], [481, 1044], [482, 1044], [484, 1044], [485, 1044], [486, 1044], [433, 1045], [434, 1045], [435, 1045], [459, 1045], [460, 1045], [461, 1045], [462, 1045], [463, 1045], [464, 1045], [470, 1045], [471, 1045], [472, 1045], [478, 1045], [479, 1045], [480, 1045], [481, 1045], [482, 1045], [483, 1045], [484, 1045], [485, 1045], [432, 1046], [433, 1046], [434, 1046], [463, 1046], [464, 1046], [470, 1046], [471, 1046], [476, 1046], [477, 1046], [478, 1046], [479, 1046], [480, 1046], [483, 1046], [484, 1046], [485, 1046], [432, 1047], [433, 1047], [434, 1047], [458, 1047], [459, 1047], [460, 1047], [462, 1047], [463, 1047], [464, 1047], [469, 1047], [470, 1047], [471, 1047], [476, 1047], [477, 1047], [478, 1047], [479, 1047], [480, 1047], [483, 1047], [484, 1047], [432, 1048], [433, 1048], [457, 1048], [458, 1048], [459, 1048], [460, 1048], [462, 1048], [463, 1048], [464, 1048], [469, 1048], [470, 1048], [471, 1048], [476, 1048], [477, 1048], [478, 1048], [479, 1048], [482, 1048], [483, 1048], [484, 1048], [431, 1049], [432, 1049], [433, 1049], [457, 1049], [458, 1049], [459, 1049], [460, 1049], [461, 1049], [462, 1049], [463, 1049], [468, 1049], [469, 1049], [470, 1049], [476, 1049], [477, 1049], [478, 1049], [479, 1049], [482, 1049], [483, 1049], [484, 1049], [431, 1050], [432, 1050], [433, 1050], [457, 1050], [458, 1050], [459, 1050], [460, 1050], [461, 1050], [462, 1050], [463, 1050], [468, 1050], [469, 1050], [470, 1050], [476, 1050], [477, 1050], [478, 1050], [479, 1050], [481, 1050], [482, 1050], [483, 1050], [430, 1051], [431, 1051], [432, 1051], [457, 1051], [458, 1051], [459, 1051], [460, 1051], [461, 1051], [462, 1051], [463, 1051], [467, 1051], [468, 1051], [469, 1051], [476, 1051], [477, 1051], [478, 1051], [481, 1051], [482, 1051], [483, 1051], [430, 1052], [431, 1052], [432, 1052], [456, 1052], [457, 1052], [458, 1052], [459, 1052], [460, 1052], [466, 1052], [467, 1052], [468, 1052], [469, 1052], [481, 1052], [482, 1052], [429, 1053], [430, 1053], [431, 1053], [455, 1053], [456, 1053], [457, 1053], [458, 1053], [459, 1053], [460, 1053], [466, 1053], [467, 1053], [468, 1053], [480, 1053], [481, 1053], [482, 1053], [429, 1054], [430, 1054], [431, 1054], [455, 1054], [456, 1054], [457, 1054], [458, 1054], [459, 1054], [460, 1054], [466, 1054], [467, 1054], [480, 1054], [481, 1054], [482, 1054], [428, 1055], [429, 1055], [430, 1055], [455, 1055], [456, 1055], [457, 1055], [458, 1055], [459, 1055], [466, 1055], [467, 1055], [479, 1055], [480, 1055], [481, 1055], [428, 1056], [429, 1056], [430, 1056], [457, 1056], [458, 1056], [466, 1056], [467, 1056], [473, 1056], [474, 1056], [475, 1056], [476, 1056], [479, 1056], [480, 1056], [481, 1056], [427, 1057], [428, 1057], [429, 1057], [457, 1057], [458, 1057], [465, 1057], [466, 1057], [467, 1057], [472, 1057], [473, 1057], [474, 1057], [475, 1057], [476, 1057], [478, 1057], [479, 1057], [480, 1057], [427, 1058], [428, 1058], [429, 1058], [457, 1058], [458, 1058], [465, 1058], [466, 1058], [467, 1058], [472, 1058], [473, 1058], [474, 1058], [475, 1058], [476, 1058], [478, 1058], [479, 1058], [480, 1058], [427, 1059], [428, 1059], [456, 1059], [457, 1059], [458, 1059], [464, 1059], [465, 1059], [466, 1059], [472, 1059], [473, 1059], [474, 1059], [475, 1059], [476, 1059], [478, 1059], [479, 1059], [426, 1060], [427, 1060], [428, 1060], [455, 1060], [456, 1060], [457, 1060], [458, 1060], [464, 1060], [465, 1060], [466, 1060], [477, 1060], [478, 1060], [479, 1060], [426, 1061], [427, 1061], [428, 1061], [455, 1061], [456, 1061], [457, 1061], [463, 1061], [464, 1061], [465, 1061], [477, 1061], [478, 1061], [479, 1061], [426, 1062], [427, 1062], [454, 1062], [455, 1062], [456, 1062], [462, 1062], [463, 1062], [464, 1062], [465, 1062], [476, 1062], [477, 1062], [478, 1062], [425, 1063], [426, 1063], [427, 1063], [453, 1063], [454, 1063], [455, 1063], [456, 1063], [461, 1063], [462, 1063], [463, 1063], [464, 1063], [476, 1063], [477, 1063], [478, 1063], [425, 1064], [426, 1064], [427, 1064], [451, 1064], [452, 1064], [453, 1064], [454, 1064], [455, 1064], [461, 1064], [462, 1064], [463, 1064], [476, 1064], [477, 1064], [424, 1065], [425, 1065], [426, 1065], [450, 1065], [451, 1065], [452, 1065], [453, 1065], [454, 1065], [461, 1065], [462, 1065], [470, 1065], [471, 1065], [472, 1065], [475, 1065], [476, 1065], [477, 1065], [424, 1066], [425, 1066], [426, 1066], [450, 1066], [451, 1066], [452, 1066], [461, 1066], [462, 1066], [467, 1066], [468, 1066], [469, 1066], [470, 1066], [471, 1066], [472, 1066], [473, 1066], [475, 1066], [476, 1066], [477, 1066], [423, 1067], [424, 1067], [425, 1067], [449, 1067], [450, 1067], [451, 1067], [460, 1067], [461, 1067], [462, 1067], [467, 1067], [468, 1067], [469, 1067], [470, 1067], [471, 1067], [472, 1067], [473, 1067], [474, 1067], [475, 1067], [476, 1067], [423, 1068], [424, 1068], [425, 1068], [449, 1068], [450, 1068], [451, 1068], [460, 1068], [461, 1068], [462, 1068], [466, 1068], [467, 1068], [468, 1068], [469, 1068], [470, 1068], [472, 1068], [473, 1068], [474, 1068], [475, 1068], [476, 1068], [422, 1069], [423, 1069], [424, 1069], [447, 1069], [448, 1069], [449, 1069], [450, 1069], [459, 1069], [460, 1069], [461, 1069], [465, 1069], [466, 1069], [467, 1069], [468, 1069], [471, 1069], [472, 1069], [473, 1069], [474, 1069], [475, 1069], [422, 1070], [423, 1070], [424, 1070], [446, 1070], [447, 1070], [448, 1070], [449, 1070], [450, 1070], [459, 1070], [460, 1070], [461, 1070], [464, 1070], [465, 1070], [466, 1070], [467, 1070], [471, 1070], [472, 1070], [474, 1070], [475, 1070], [421, 1071], [422, 1071], [423, 1071], [446, 1071], [447, 1071], [448, 1071], [459, 1071], [460, 1071], [461, 1071], [462, 1071], [463, 1071], [464, 1071], [465, 1071], [466, 1071], [470, 1071], [471, 1071], [472, 1071], [473, 1071], [474, 1071], [475, 1071], [421, 1072], [422, 1072], [423, 1072], [445, 1072], [446, 1072], [447, 1072], [450, 1072], [451, 1072], [452, 1072], [460, 1072], [461, 1072], [462, 1072], [463, 1072], [464, 1072], [465, 1072], [468, 1072], [469, 1072], [470, 1072], [471, 1072], [473, 1072], [474, 1072], [420, 1073], [421, 1073], [422, 1073], [431, 1073], [432, 1073], [433, 1073], [434, 1073], [435, 1073], [445, 1073], [446, 1073], [447, 1073], [448, 1073], [449, 1073], [450, 1073], [451, 1073], [452, 1073], [453, 1073], [460, 1073], [461, 1073], [462, 1073], [467, 1073], [468, 1073], [469, 1073], [470, 1073], [471, 1073], [472, 1073], [473, 1073], [474, 1073], [420, 1074], [421, 1074], [422, 1074], [427, 1074], [428, 1074], [429, 1074], [430, 1074], [431, 1074], [432, 1074], [433, 1074], [434, 1074], [435, 1074], [444, 1074], [445, 1074], [446, 1074], [447, 1074], [448, 1074], [449, 1074], [450, 1074], [451, 1074], [452, 1074], [453, 1074], [467, 1074], [468, 1074], [469, 1074], [472, 1074], [473, 1074], [419, 1075], [420, 1075], [421, 1075], [426, 1075], [427, 1075], [428, 1075], [429, 1075], [430, 1075], [431, 1075], [432, 1075], [434, 1075], [435, 1075], [444, 1075], [445, 1075], [446, 1075], [447, 1075], [448, 1075], [449, 1075], [452, 1075], [453, 1075], [467, 1075], [468, 1075], [471, 1075], [472, 1075], [473, 1075], [419, 1076], [420, 1076], [421, 1076], [425, 1076], [426, 1076], [427, 1076], [428, 1076], [434, 1076], [435, 1076], [444, 1076], [445, 1076], [446, 1076], [447, 1076], [448, 1076], [452, 1076], [453, 1076], [467, 1076], [468, 1076], [471, 1076], [472, 1076], [473, 1076], [418, 1077], [419, 1077], [420, 1077], [425, 1077], [426, 1077], [427, 1077], [433, 1077], [434, 1077], [435, 1077], [443, 1077], [444, 1077], [445, 1077], [446, 1077], [447, 1077], [452, 1077], [453, 1077], [454, 1077], [455, 1077], [456, 1077], [457, 1077], [467, 1077], [468, 1077], [470, 1077], [471, 1077], [472, 1077], [418, 1078], [419, 1078], [420, 1078], [424, 1078], [425, 1078], [426, 1078], [433, 1078], [434, 1078], [435, 1078], [443, 1078], [444, 1078], [445, 1078], [446, 1078], [452, 1078], [453, 1078], [454, 1078], [455, 1078], [456, 1078], [457, 1078], [467, 1078], [468, 1078], [470, 1078], [471, 1078], [472, 1078], [418, 1079], [419, 1079], [424, 1079], [425, 1079], [426, 1079], [433, 1079], [434, 1079], [443, 1079], [444, 1079], [445, 1079], [446, 1079], [452, 1079], [453, 1079], [454, 1079], [455, 1079], [456, 1079], [457, 1079], [467, 1079], [468, 1079], [470, 1079], [471, 1079]




Yellow line left - [202, 1065], [203, 1065], [204, 1065], [202, 1066], [203, 1066], [204, 1066], [205, 1066], [206, 1066], [207, 1066], [198, 1067], [199, 1067], [200, 1067], [201, 1067], [202, 1067], [203, 1067], [204, 1067], [205, 1067], [206, 1067], [207, 1067], [208, 1067], [197, 1068], [198, 1068], [199, 1068], [200, 1068], [201, 1068], [202, 1068], [203, 1068], [204, 1068], [205, 1068], [206, 1068], [207, 1068], [208, 1068], [196, 1069], [197, 1069], [198, 1069], [199, 1069], [207, 1069], [208, 1069], [195, 1070], [196, 1070], [197, 1070], [198, 1070], [207, 1070], [208, 1070], [194, 1071], [195, 1071], [196, 1071], [197, 1071], [206, 1071], [207, 1071], [208, 1071], [194, 1072], [195, 1072], [196, 1072], [206, 1072], [207, 1072], [208, 1072], [193, 1073], [194, 1073], [195, 1073], [206, 1073], [207, 1073], [193, 1074], [194, 1074], [195, 1074], [205, 1074], [206, 1074], [207, 1074], [191, 1075], [192, 1075], [193, 1075], [194, 1075], [204, 1075], [205, 1075], [206, 1075], [207, 1075], [191, 1076], [192, 1076], [193, 1076], [194, 1076], [204, 1076], [205, 1076], [206, 1076], [189, 1077], [190, 1077], [191, 1077], [192, 1077], [203, 1077], [204, 1077], [205, 1077], [189, 1078], [190, 1078], [191, 1078], [192, 1078], [203, 1078], [204, 1078], [205, 1078], [189, 1079], [190, 1079], [203, 1079], [204, 1079]




Yellow line right - [403, 897], [404, 897], [402, 898], [403, 898], [401, 899], [402, 899], [403, 899], [401, 900], [402, 900], [403, 900], [400, 901], [401, 901], [402, 901], [400, 902], [401, 902], [402, 902], [400, 903], [401, 903], [399, 904], [400, 904], [401, 904], [399, 905], [400, 905], [401, 905], [398, 906], [399, 906], [400, 906], [396, 907], [397, 907], [398, 907], [399, 907], [400, 907], [394, 908], [395, 908], [396, 908], [397, 908], [398, 908], [399, 908], [393, 909], [394, 909], [395, 909], [396, 909], [397, 909], [392, 910], [393, 910], [394, 910], [395, 910], [392, 911], [393, 911], [394, 911], [392, 912], [393, 912], [376, 913], [377, 913], [378, 913], [381, 913], [382, 913], [383, 913], [387, 913], [388, 913], [389, 913], [390, 913], [391, 913], [392, 913], [393, 913], [375, 914], [376, 914], [377, 914], [378, 914], [379, 914], [380, 914], [381, 914], [382, 914], [383, 914], [384, 914], [385, 914], [386, 914], [387, 914], [388, 914], [389, 914], [390, 914], [391, 914], [392, 914], [393, 914], [374, 915], [375, 915], [376, 915], [377, 915], [378, 915], [379, 915], [380, 915], [381, 915], [382, 915], [383, 915], [384, 915], [385, 915], [386, 915], [387, 915], [388, 915], [371, 916], [382, 916], [383, 916], [384, 916], [385, 916], [386, 916], [387, 916], [370, 917], [371, 917], [368, 918], [369, 918], [370, 918], [371, 918], [372, 918], [366, 919], [367, 919], [368, 919], [370, 919], [371, 919], [372, 919], [365, 920], [366, 920], [367, 920], [368, 920], [369, 920], [370, 920], [371, 920], [372, 920], [364, 921], [365, 921], [367, 921], [368, 921], [369, 921], [370, 921], [372, 921], [373, 921], [363, 922], [364, 922], [365, 922], [366, 922], [367, 922], [368, 922], [369, 922], [370, 922], [371, 922], [373, 922], [363, 923], [364, 923], [365, 923], [366, 923], [367, 923], [368, 923], [369, 923], [370, 923], [372, 923], [373, 923], [358, 924], [363, 924], [364, 924], [365, 924], [366, 924], [367, 924], [368, 924], [369, 924], [370, 924], [371, 924], [357, 925], [358, 925], [359, 925], [364, 925], [365, 925], [366, 925], [367, 925], [368, 925], [369, 925], [370, 925], [371, 925], [357, 926], [358, 926], [359, 926], [361, 926], [362, 926], [363, 926], [364, 926], [365, 926], [366, 926], [367, 926], [358, 927], [359, 927], [360, 927], [361, 927], [363, 927], [365, 927], [367, 927], [358, 928], [359, 928], [360, 928], [361, 928], [362, 928], [363, 928], [365, 928], [366, 928], [367, 928], [368, 928], [369, 928], [370, 928], [358, 929], [359, 929], [360, 929], [361, 929], [362, 929], [363, 929], [365, 929], [366, 929], [367, 929], [368, 929], [369, 929], [370, 929], [360, 930], [361, 930], [362, 930], [363, 930], [365, 930], [366, 930], [367, 930], [368, 930], [369, 930], [370, 930], [361, 931], [362, 931], [363, 931], [368, 931], [369, 931], [370, 931], [361, 932], [362, 932], [359, 933], [360, 933], [361, 933], [362, 933], [358, 934], [359, 934], [360, 934], [361, 934], [362, 934], [358, 935], [359, 935], [360, 935], [361, 935], [362, 935], [347, 936], [348, 936], [349, 936], [350, 936], [351, 936], [352, 936], [358, 936], [359, 936], [360, 936], [361, 936], [345, 937], [346, 937], [347, 937], [348, 937], [349, 937], [350, 937], [351, 937], [352, 937], [353, 937], [359, 937], [360, 937], [361, 937], [344, 938], [345, 938], [346, 938], [347, 938], [348, 938], [350, 938], [351, 938], [352, 938], [353, 938], [356, 938], [357, 938], [358, 938], [359, 938], [360, 938], [361, 938], [340, 939], [341, 939], [342, 939], [343, 939], [344, 939], [345, 939], [346, 939], [347, 939], [348, 939], [349, 939], [351, 939], [352, 939], [353, 939], [354, 939], [355, 939], [356, 939], [357, 939], [358, 939], [359, 939], [360, 939], [331, 940], [332, 940], [333, 940], [334, 940], [335, 940], [336, 940], [340, 940], [341, 940], [342, 940], [343, 940], [344, 940], [345, 940], [347, 940], [348, 940], [349, 940], [351, 940], [352, 940], [353, 940], [354, 940], [355, 940], [356, 940], [357, 940], [358, 940], [359, 940], [329, 941], [330, 941], [331, 941], [332, 941], [333, 941], [334, 941], [335, 941], [336, 941], [337, 941], [339, 941], [340, 941], [341, 941], [343, 941], [344, 941], [345, 941], [348, 941], [349, 941], [350, 941], [351, 941], [352, 941], [353, 941], [354, 941], [355, 941], [356, 941], [357, 941], [358, 941], [359, 941], [327, 942], [329, 942], [330, 942], [331, 942], [332, 942], [333, 942], [334, 942], [335, 942], [336, 942], [337, 942], [338, 942], [339, 942], [340, 942], [341, 942], [351, 942], [352, 942], [353, 942], [354, 942], [355, 942], [356, 942], [326, 943], [327, 943], [330, 943], [331, 943], [332, 943], [333, 943], [334, 943], [335, 943], [336, 943], [338, 943], [339, 943], [340, 943], [341, 943], [351, 943], [352, 943], [353, 943], [354, 943], [325, 944], [326, 944], [329, 944], [330, 944], [331, 944], [332, 944], [333, 944], [334, 944], [335, 944], [336, 944], [337, 944], [338, 944], [339, 944], [340, 944], [341, 944], [350, 944], [351, 944], [352, 944], [353, 944], [354, 944], [323, 945], [324, 945], [325, 945], [326, 945], [328, 945], [329, 945], [330, 945], [331, 945], [332, 945], [333, 945], [334, 945], [335, 945], [337, 945], [338, 945], [339, 945], [350, 945], [351, 945], [352, 945], [353, 945], [323, 946], [324, 946], [325, 946], [326, 946], [328, 946], [329, 946], [330, 946], [331, 946], [332, 946], [333, 946], [334, 946], [335, 946], [336, 946], [337, 946], [338, 946], [339, 946], [350, 946], [351, 946], [352, 946], [353, 946], [323, 947], [324, 947], [325, 947], [326, 947], [328, 947], [329, 947], [330, 947], [331, 947], [332, 947], [334, 947], [335, 947], [336, 947], [337, 947], [338, 947], [339, 947], [350, 947], [351, 947], [352, 947], [317, 948], [325, 948], [326, 948], [327, 948], [328, 948], [329, 948], [330, 948], [331, 948], [332, 948], [333, 948], [334, 948], [340, 948], [341, 948], [342, 948], [316, 949], [317, 949], [323, 949], [324, 949], [325, 949], [326, 949], [327, 949], [328, 949], [329, 949], [330, 949], [331, 949], [332, 949], [333, 949], [336, 949], [337, 949], [338, 949], [339, 949], [340, 949], [341, 949], [342, 949], [343, 949], [344, 949], [345, 949], [346, 949], [347, 949], [314, 950], [315, 950], [316, 950], [317, 950], [323, 950], [324, 950], [325, 950], [327, 950], [328, 950], [331, 950], [332, 950], [333, 950], [334, 950], [335, 950], [336, 950], [337, 950], [338, 950], [339, 950], [340, 950], [341, 950], [342, 950], [343, 950], [344, 950], [345, 950], [346, 950], [347, 950], [348, 950], [313, 951], [314, 951], [315, 951], [316, 951], [321, 951], [322, 951], [323, 951], [324, 951], [325, 951], [326, 951], [327, 951], [328, 951], [329, 951], [330, 951], [331, 951], [332, 951], [333, 951], [334, 951], [335, 951], [336, 951], [337, 951], [344, 951], [345, 951], [346, 951], [347, 951], [348, 951], [349, 951], [313, 952], [314, 952], [315, 952], [319, 952], [320, 952], [321, 952], [322, 952], [323, 952], [324, 952], [325, 952], [326, 952], [327, 952], [331, 952], [332, 952], [333, 952], [334, 952], [335, 952], [336, 952], [347, 952], [348, 952], [349, 952], [312, 953], [313, 953], [314, 953], [319, 953], [320, 953], [321, 953], [322, 953], [324, 953], [325, 953], [326, 953], [348, 953], [349, 953], [312, 954], [313, 954], [314, 954], [315, 954], [316, 954], [317, 954], [318, 954], [319, 954], [320, 954], [321, 954], [322, 954], [323, 954], [324, 954], [325, 954], [348, 954], [349, 954], [312, 955], [313, 955], [314, 955], [315, 955], [316, 955], [317, 955], [318, 955], [319, 955], [320, 955], [321, 955], [322, 955], [323, 955], [324, 955], [325, 955], [348, 955], [349, 955], [350, 955], [315, 956], [316, 956], [317, 956], [318, 956], [319, 956], [320, 956], [321, 956], [322, 956], [323, 956], [324, 956], [348, 956], [349, 956], [350, 956], [316, 957], [317, 957], [318, 957], [319, 957], [320, 957], [321, 957], [322, 957], [323, 957], [348, 957], [349, 957], [350, 957], [320, 958], [321, 958], [322, 958], [323, 958], [324, 958], [325, 958], [348, 958], [349, 958], [350, 958], [320, 959], [321, 959], [322, 959], [323, 959], [324, 959], [325, 959], [348, 959], [349, 959], [350, 959], [320, 960], [321, 960], [322, 960], [323, 960], [324, 960], [325, 960], [326, 960], [346, 960], [347, 960], [348, 960], [349, 960], [319, 961], [320, 961], [321, 961], [322, 961], [324, 961], [325, 961], [326, 961], [345, 961], [346, 961], [347, 961], [348, 961], [349, 961], [319, 962], [320, 962], [321, 962], [322, 962], [324, 962], [325, 962], [326, 962], [344, 962], [345, 962], [346, 962], [347, 962], [319, 963], [320, 963], [321, 963], [324, 963], [325, 963], [326, 963], [344, 963], [345, 963], [346, 963], [347, 963], [319, 964], [320, 964], [321, 964], [323, 964], [324, 964], [325, 964], [344, 964], [345, 964], [346, 964], [347, 964], [289, 965], [290, 965], [291, 965], [322, 965], [323, 965], [324, 965], [325, 965], [343, 965], [344, 965], [345, 965], [346, 965], [287, 966], [288, 966], [289, 966], [290, 966], [291, 966], [322, 966], [323, 966], [324, 966], [343, 966], [344, 966], [345, 966], [290, 967], [291, 967], [321, 967], [322, 967], [323, 967], [342, 967], [343, 967], [344, 967], [290, 968], [291, 968], [295, 968], [296, 968], [297, 968], [298, 968], [299, 968], [321, 968], [322, 968], [323, 968], [341, 968], [342, 968], [343, 968], [344, 968], [290, 969], [291, 969], [292, 969], [294, 969], [295, 969], [296, 969], [297, 969], [298, 969], [299, 969], [300, 969], [301, 969], [319, 969], [320, 969], [321, 969], [322, 969], [323, 969], [340, 969], [341, 969], [342, 969], [343, 969], [290, 970], [291, 970], [292, 970], [293, 970], [294, 970], [295, 970], [296, 970], [298, 970], [299, 970], [300, 970], [301, 970], [302, 970], [319, 970], [321, 970], [322, 970], [323, 970], [337, 970], [338, 970], [339, 970], [340, 970], [341, 970], [342, 970], [284, 971], [285, 971], [286, 971], [291, 971], [292, 971], [293, 971], [294, 971], [295, 971], [300, 971], [301, 971], [302, 971], [319, 971], [320, 971], [321, 971], [322, 971], [336, 971], [337, 971], [338, 971], [339, 971], [340, 971], [341, 971], [281, 972], [282, 972], [283, 972], [284, 972], [285, 972], [286, 972], [287, 972], [288, 972], [301, 972], [302, 972], [321, 972], [322, 972], [323, 972], [334, 972], [335, 972], [336, 972], [337, 972], [338, 972], [339, 972], [340, 972], [281, 973], [282, 973], [283, 973], [284, 973], [285, 973], [286, 973], [287, 973], [288, 973], [301, 973], [302, 973], [303, 973], [321, 973], [322, 973], [323, 973], [327, 973], [328, 973], [329, 973], [331, 973], [332, 973], [333, 973], [334, 973], [335, 973], [336, 973], [337, 973], [281, 974], [282, 974], [283, 974], [284, 974], [285, 974], [286, 974], [287, 974], [288, 974], [289, 974], [301, 974], [302, 974], [303, 974], [304, 974], [322, 974], [323, 974], [324, 974], [325, 974], [326, 974], [327, 974], [329, 974], [330, 974], [331, 974], [332, 974], [333, 974], [334, 974], [335, 974], [336, 974], [282, 975], [283, 975], [284, 975], [285, 975], [286, 975], [287, 975], [288, 975], [289, 975], [301, 975], [302, 975], [303, 975], [304, 975], [320, 975], [321, 975], [323, 975], [324, 975], [325, 975], [326, 975], [327, 975], [328, 975], [329, 975], [330, 975], [331, 975], [332, 975], [334, 975], [335, 975], [336, 975], [284, 976], [285, 976], [286, 976], [287, 976], [288, 976], [289, 976], [301, 976], [302, 976], [303, 976], [304, 976], [320, 976], [322, 976], [326, 976], [327, 976], [328, 976], [329, 976], [330, 976], [331, 976], [299, 977], [300, 977], [301, 977], [302, 977], [320, 977], [321, 977], [322, 977], [298, 978], [299, 978], [300, 978], [301, 978], [302, 978], [298, 979], [299, 979], [300, 979], [301, 979], [302, 979], [303, 979], [304, 979], [312, 979], [313, 979], [314, 979], [315, 979], [316, 979], [317, 979], [318, 979], [319, 979], [320, 979], [298, 980], [299, 980], [303, 980], [304, 980], [312, 980], [315, 980], [316, 980], [317, 980], [318, 980], [319, 980], [320, 980], [297, 981], [298, 981], [299, 981], [300, 981], [301, 981], [302, 981], [303, 981], [304, 981], [312, 981], [313, 981], [314, 981], [315, 981], [316, 981], [317, 981], [318, 981], [319, 981], [320, 981], [297, 982], [298, 982], [299, 982], [316, 982], [317, 982], [318, 982], [296, 983], [297, 983], [298, 983], [257, 984], [296, 984], [297, 984], [298, 984], [255, 985], [256, 985], [257, 985], [295, 985], [296, 985], [297, 985], [253, 986], [254, 986], [255, 986], [256, 986], [293, 986], [294, 986], [295, 986], [296, 986], [297, 986], [252, 987], [253, 987], [254, 987], [255, 987], [256, 987], [290, 987], [291, 987], [292, 987], [293, 987], [294, 987], [295, 987], [296, 987], [250, 988], [251, 988], [252, 988], [253, 988], [254, 988], [255, 988], [256, 988], [257, 988], [275, 988], [276, 988], [277, 988], [290, 988], [291, 988], [292, 988], [293, 988], [294, 988], [295, 988], [296, 988], [248, 989], [249, 989], [253, 989], [254, 989], [255, 989], [256, 989], [257, 989], [258, 989], [259, 989], [260, 989], [275, 989], [276, 989], [277, 989], [278, 989], [288, 989], [289, 989], [290, 989], [291, 989], [296, 989], [297, 989], [298, 989], [247, 990], [248, 990], [249, 990], [254, 990], [255, 990], [256, 990], [257, 990], [258, 990], [259, 990], [260, 990], [275, 990], [276, 990], [277, 990], [278, 990], [279, 990], [288, 990], [289, 990], [290, 990], [291, 990], [296, 990], [298, 990], [299, 990], [300, 990], [245, 991], [246, 991], [247, 991], [248, 991], [249, 991], [254, 991], [256, 991], [257, 991], [258, 991], [259, 991], [260, 991], [275, 991], [276, 991], [277, 991], [278, 991], [279, 991], [281, 991], [282, 991], [283, 991], [284, 991], [288, 991], [289, 991], [296, 991], [297, 991], [298, 991], [299, 991], [300, 991], [301, 991], [244, 992], [245, 992], [246, 992], [247, 992], [248, 992], [254, 992], [257, 992], [258, 992], [259, 992], [260, 992], [277, 992], [278, 992], [279, 992], [280, 992], [281, 992], [282, 992], [283, 992], [284, 992], [287, 992], [288, 992], [289, 992], [290, 992], [298, 992], [299, 992], [300, 992], [301, 992], [302, 992], [242, 993], [243, 993], [244, 993], [245, 993], [246, 993], [251, 993], [252, 993], [253, 993], [254, 993], [255, 993], [256, 993], [257, 993], [258, 993], [278, 993], [279, 993], [280, 993], [282, 993], [283, 993], [284, 993], [286, 993], [287, 993], [288, 993], [289, 993], [290, 993], [298, 993], [299, 993], [300, 993], [301, 993], [302, 993], [240, 994], [241, 994], [242, 994], [243, 994], [244, 994], [245, 994], [246, 994], [247, 994], [248, 994], [249, 994], [250, 994], [251, 994], [252, 994], [253, 994], [254, 994], [255, 994], [256, 994], [257, 994], [258, 994], [259, 994], [260, 994], [261, 994], [262, 994], [263, 994], [264, 994], [266, 994], [267, 994], [268, 994], [269, 994], [270, 994], [271, 994], [272, 994], [273, 994], [274, 994], [275, 994], [276, 994], [277, 994], [278, 994], [279, 994], [280, 994], [281, 994], [282, 994], [283, 994], [284, 994], [285, 994], [286, 994], [287, 994], [288, 994], [289, 994], [290, 994], [298, 994], [299, 994], [300, 994], [301, 994], [302, 994], [240, 995], [241, 995], [242, 995], [243, 995], [244, 995], [245, 995], [246, 995], [247, 995], [248, 995], [249, 995], [250, 995], [251, 995], [252, 995], [253, 995], [254, 995], [255, 995], [256, 995], [257, 995], [258, 995], [259, 995], [260, 995], [261, 995], [262, 995], [263, 995], [264, 995], [265, 995], [266, 995], [267, 995], [269, 995], [270, 995], [271, 995], [272, 995], [273, 995], [274, 995], [275, 995], [276, 995], [277, 995], [278, 995], [279, 995], [280, 995], [281, 995], [282, 995], [283, 995], [284, 995], [285, 995], [286, 995], [287, 995], [300, 995], [301, 995], [302, 995], [244, 996], [245, 996], [246, 996], [247, 996], [248, 996], [250, 996], [251, 996], [252, 996], [253, 996], [258, 996], [259, 996], [260, 996], [261, 996], [262, 996], [263, 996], [264, 996], [265, 996], [266, 996], [267, 996], [268, 996], [269, 996], [270, 996], [272, 996], [273, 996], [274, 996], [275, 996], [276, 996], [279, 996], [280, 996], [281, 996], [282, 996], [283, 996], [244, 997], [245, 997], [246, 997], [247, 997], [250, 997], [251, 997], [252, 997], [258, 997], [259, 997], [260, 997], [266, 997], [267, 997], [268, 997], [269, 997], [270, 997], [272, 997], [273, 997], [274, 997], [280, 997], [281, 997], [282, 997], [235, 998], [236, 998], [237, 998], [231, 999], [232, 999], [235, 999], [237, 999], [265, 999], [266, 999], [267, 999], [235, 1000], [236, 1000], [237, 1000], [265, 1000], [267, 1000], [265, 1001], [266, 1001], [267, 1001], [240, 1003], [241, 1003], [242, 1003], [240, 1004], [242, 1004], [221, 1005], [240, 1005], [241, 1005], [242, 1005], [243, 1005], [220, 1006], [221, 1006], [239, 1006], [240, 1006], [241, 1006], [242, 1006], [243, 1006], [244, 1006], [245, 1006], [246, 1006], [219, 1007], [220, 1007], [221, 1007], [230, 1007], [231, 1007], [232, 1007], [239, 1007], [240, 1007], [241, 1007], [242, 1007], [243, 1007], [244, 1007], [245, 1007], [246, 1007], [218, 1008], [219, 1008], [220, 1008], [221, 1008], [230, 1008], [231, 1008], [232, 1008], [233, 1008], [234, 1008], [239, 1008], [240, 1008], [241, 1008], [242, 1008], [243, 1008], [244, 1008], [245, 1008], [246, 1008], [218, 1009], [219, 1009], [220, 1009], [229, 1009], [230, 1009], [231, 1009], [232, 1009], [233, 1009], [234, 1009], [235, 1009], [236, 1009], [239, 1009], [240, 1009], [241, 1009], [243, 1009], [244, 1009], [245, 1009], [218, 1010], [219, 1010], [220, 1010], [227, 1010], [228, 1010], [229, 1010], [230, 1010], [231, 1010], [232, 1010], [233, 1010], [234, 1010], [235, 1010], [236, 1010], [237, 1010], [238, 1010], [239, 1010], [240, 1010], [241, 1010], [242, 1010], [243, 1010], [244, 1010], [245, 1010], [216, 1011], [217, 1011], [218, 1011], [219, 1011], [220, 1011], [224, 1011], [225, 1011], [226, 1011], [227, 1011], [228, 1011], [229, 1011], [230, 1011], [233, 1011], [234, 1011], [235, 1011], [236, 1011], [237, 1011], [238, 1011], [239, 1011], [240, 1011], [242, 1011], [243, 1011], [244, 1011], [245, 1011], [216, 1012], [217, 1012], [218, 1012], [219, 1012], [220, 1012], [223, 1012], [224, 1012], [225, 1012], [226, 1012], [227, 1012], [228, 1012], [229, 1012], [230, 1012], [231, 1012], [233, 1012], [234, 1012], [235, 1012], [236, 1012], [237, 1012], [238, 1012], [239, 1012], [241, 1012], [242, 1012], [243, 1012], [244, 1012], [245, 1012], [216, 1013], [217, 1013], [218, 1013], [219, 1013], [223, 1013], [224, 1013], [225, 1013], [229, 1013], [231, 1013], [234, 1013], [235, 1013], [236, 1013], [237, 1013], [238, 1013], [239, 1013], [241, 1013], [242, 1013], [243, 1013], [213, 1014], [214, 1014], [215, 1014], [216, 1014], [217, 1014], [218, 1014], [222, 1014], [223, 1014], [224, 1014], [229, 1014], [230, 1014], [231, 1014], [241, 1014], [242, 1014], [208, 1015], [209, 1015], [210, 1015], [211, 1015], [212, 1015], [213, 1015], [214, 1015], [215, 1015], [216, 1015], [217, 1015], [218, 1015], [219, 1015], [220, 1015], [221, 1015], [222, 1015], [223, 1015], [224, 1015], [237, 1015], [238, 1015], [239, 1015], [240, 1015], [241, 1015], [242, 1015], [207, 1016], [208, 1016], [209, 1016], [210, 1016], [211, 1016], [212, 1016], [213, 1016], [214, 1016], [216, 1016], [217, 1016], [218, 1016], [219, 1016], [220, 1016], [221, 1016], [222, 1016], [223, 1016], [237, 1016], [238, 1016], [239, 1016], [240, 1016], [241, 1016], [242, 1016], [207, 1017], [208, 1017], [209, 1017], [210, 1017], [211, 1017], [212, 1017], [213, 1017], [214, 1017], [216, 1017], [217, 1017], [218, 1017], [219, 1017], [220, 1017], [221, 1017], [223, 1017], [224, 1017], [237, 1017], [238, 1017], [239, 1017], [240, 1017], [241, 1017], [207, 1018], [208, 1018], [209, 1018], [210, 1018], [211, 1018], [212, 1018], [213, 1018], [214, 1018], [215, 1018], [216, 1018], [217, 1018], [218, 1018], [219, 1018], [220, 1018], [222, 1018], [224, 1018], [236, 1018], [237, 1018], [238, 1018], [239, 1018], [240, 1018], [241, 1018], [207, 1019], [208, 1019], [209, 1019], [210, 1019], [211, 1019], [212, 1019], [213, 1019], [214, 1019], [215, 1019], [216, 1019], [217, 1019], [218, 1019], [219, 1019], [220, 1019], [222, 1019], [223, 1019], [224, 1019], [234, 1019], [235, 1019], [236, 1019], [237, 1019], [238, 1019], [207, 1020], [208, 1020], [209, 1020], [210, 1020], [211, 1020], [212, 1020], [213, 1020], [214, 1020], [216, 1020], [218, 1020], [219, 1020], [220, 1020], [233, 1020], [234, 1020], [235, 1020], [236, 1020], [237, 1020], [206, 1021], [207, 1021], [208, 1021], [209, 1021], [210, 1021], [211, 1021], [212, 1021], [213, 1021], [214, 1021], [215, 1021], [216, 1021], [233, 1021], [234, 1021], [235, 1021], [236, 1021], [237, 1021], [205, 1022], [206, 1022], [207, 1022], [208, 1022], [211, 1022], [212, 1022], [213, 1022], [233, 1022], [234, 1022], [235, 1022], [236, 1022], [205, 1023], [206, 1023], [207, 1023], [208, 1023], [232, 1023], [233, 1023], [234, 1023], [235, 1023], [236, 1023], [205, 1024], [206, 1024], [207, 1024], [208, 1024], [231, 1024], [232, 1024], [233, 1024], [234, 1024], [235, 1024], [231, 1025], [232, 1025], [233, 1025], [206, 1026], [207, 1026], [208, 1026], [229, 1026], [230, 1026], [231, 1026], [232, 1026], [233, 1026], [234, 1026], [205, 1027], [206, 1027], [207, 1027], [208, 1027], [209, 1027], [210, 1027], [229, 1027], [230, 1027], [231, 1027], [232, 1027], [233, 1027], [234, 1027], [183, 1028], [184, 1028], [185, 1028], [187, 1028], [188, 1028], [189, 1028], [204, 1028], [205, 1028], [206, 1028], [207, 1028], [208, 1028], [209, 1028], [210, 1028], [211, 1028], [212, 1028], [213, 1028], [214, 1028], [215, 1028], [229, 1028], [230, 1028], [231, 1028], [232, 1028], [233, 1028], [234, 1028], [181, 1029], [182, 1029], [183, 1029], [184, 1029], [185, 1029], [186, 1029], [187, 1029], [188, 1029], [189, 1029], [190, 1029], [203, 1029], [204, 1029], [205, 1029], [206, 1029], [209, 1029], [210, 1029], [211, 1029], [214, 1029], [215, 1029], [216, 1029], [217, 1029], [229, 1029], [230, 1029], [231, 1029], [232, 1029], [233, 1029], [234, 1029], [235, 1029], [179, 1030], [180, 1030], [181, 1030], [183, 1030], [184, 1030], [186, 1030], [187, 1030], [188, 1030], [189, 1030], [190, 1030], [201, 1030], [202, 1030], [203, 1030], [204, 1030], [205, 1030], [207, 1030], [208, 1030], [209, 1030], [210, 1030], [211, 1030], [212, 1030], [213, 1030], [214, 1030], [215, 1030], [217, 1030], [233, 1030], [234, 1030], [235, 1030], [179, 1031], [180, 1031], [183, 1031], [184, 1031], [185, 1031], [186, 1031], [187, 1031], [188, 1031], [189, 1031], [190, 1031], [191, 1031], [201, 1031], [202, 1031], [203, 1031], [204, 1031], [206, 1031], [207, 1031], [208, 1031], [209, 1031], [210, 1031], [211, 1031], [215, 1031], [216, 1031], [217, 1031], [232, 1031], [233, 1031], [234, 1031], [235, 1031], [178, 1032], [179, 1032], [180, 1032], [185, 1032], [186, 1032], [187, 1032], [188, 1032], [189, 1032], [190, 1032], [191, 1032], [199, 1032], [200, 1032], [201, 1032], [202, 1032], [206, 1032], [207, 1032], [208, 1032], [230, 1032], [231, 1032], [232, 1032], [233, 1032], [234, 1032], [177, 1033], [178, 1033], [179, 1033], [180, 1033], [185, 1033], [186, 1033], [187, 1033], [188, 1033], [189, 1033], [190, 1033], [191, 1033], [196, 1033], [197, 1033], [198, 1033], [199, 1033], [200, 1033], [201, 1033], [202, 1033], [206, 1033], [207, 1033], [224, 1033], [225, 1033], [226, 1033], [229, 1033], [230, 1033], [231, 1033], [232, 1033], [233, 1033], [177, 1034], [178, 1034], [179, 1034], [188, 1034], [189, 1034], [190, 1034], [195, 1034], [196, 1034], [197, 1034], [198, 1034], [199, 1034], [200, 1034], [201, 1034], [202, 1034], [204, 1034], [205, 1034], [206, 1034], [207, 1034], [223, 1034], [224, 1034], [225, 1034], [226, 1034], [227, 1034], [228, 1034], [229, 1034], [230, 1034], [231, 1034], [232, 1034], [176, 1035], [177, 1035], [178, 1035], [195, 1035], [196, 1035], [197, 1035], [198, 1035], [199, 1035], [200, 1035], [203, 1035], [204, 1035], [205, 1035], [206, 1035], [207, 1035], [221, 1035], [222, 1035], [223, 1035], [224, 1035], [225, 1035], [226, 1035], [227, 1035], [228, 1035], [229, 1035], [230, 1035], [231, 1035], [232, 1035], [175, 1036], [176, 1036], [177, 1036], [178, 1036], [193, 1036], [194, 1036], [196, 1036], [198, 1036], [199, 1036], [200, 1036], [201, 1036], [202, 1036], [203, 1036], [204, 1036], [206, 1036], [207, 1036], [208, 1036], [209, 1036], [210, 1036], [211, 1036], [212, 1036], [213, 1036], [214, 1036], [215, 1036], [218, 1036], [219, 1036], [220, 1036], [221, 1036], [222, 1036], [223, 1036], [224, 1036], [225, 1036], [226, 1036], [227, 1036], [228, 1036], [229, 1036], [173, 1037], [174, 1037], [175, 1037], [176, 1037], [177, 1037], [192, 1037], [193, 1037], [194, 1037], [195, 1037], [196, 1037], [197, 1037], [198, 1037], [199, 1037], [200, 1037], [201, 1037], [202, 1037], [203, 1037], [204, 1037], [205, 1037], [206, 1037], [207, 1037], [208, 1037], [209, 1037], [210, 1037], [211, 1037], [212, 1037], [213, 1037], [214, 1037], [215, 1037], [216, 1037], [217, 1037], [218, 1037], [219, 1037], [220, 1037], [221, 1037], [222, 1037], [223, 1037], [224, 1037], [225, 1037], [227, 1037], [228, 1037], [229, 1037], [173, 1038], [174, 1038], [175, 1038], [176, 1038], [192, 1038], [193, 1038], [194, 1038], [195, 1038], [197, 1038], [198, 1038], [199, 1038], [200, 1038], [201, 1038], [202, 1038], [203, 1038], [204, 1038], [205, 1038], [206, 1038], [208, 1038], [209, 1038], [210, 1038], [211, 1038], [212, 1038], [213, 1038], [214, 1038], [215, 1038], [216, 1038], [217, 1038], [218, 1038], [219, 1038], [223, 1038], [224, 1038], [225, 1038], [226, 1038], [227, 1038], [228, 1038], [173, 1039], [174, 1039], [175, 1039], [176, 1039], [192, 1039], [193, 1039], [194, 1039], [195, 1039], [196, 1039], [197, 1039], [198, 1039], [199, 1039], [200, 1039], [201, 1039], [202, 1039], [204, 1039], [205, 1039], [206, 1039], [207, 1039], [208, 1039], [209, 1039], [210, 1039], [211, 1039], [212, 1039], [213, 1039], [214, 1039], [215, 1039], [216, 1039], [222, 1039], [223, 1039], [224, 1039], [225, 1039], [226, 1039], [227, 1039], [173, 1040], [174, 1040], [175, 1040], [191, 1040], [192, 1040], [193, 1040], [195, 1040], [196, 1040], [197, 1040], [198, 1040], [199, 1040], [200, 1040], [201, 1040], [202, 1040], [203, 1040], [206, 1040], [207, 1040], [208, 1040], [209, 1040], [210, 1040], [211, 1040], [212, 1040], [213, 1040], [214, 1040], [215, 1040], [216, 1040], [221, 1040], [222, 1040], [223, 1040], [224, 1040], [225, 1040], [226, 1040], [227, 1040], [172, 1041], [173, 1041], [174, 1041], [191, 1041], [193, 1041], [194, 1041], [195, 1041], [196, 1041], [197, 1041], [198, 1041], [199, 1041], [200, 1041], [201, 1041], [202, 1041], [203, 1041], [212, 1041], [213, 1041], [214, 1041], [215, 1041], [216, 1041], [221, 1041], [222, 1041], [223, 1041], [224, 1041], [225, 1041], [226, 1041], [227, 1041], [171, 1042], [172, 1042], [173, 1042], [174, 1042], [191, 1042], [192, 1042], [193, 1042], [194, 1042], [195, 1042], [196, 1042], [197, 1042], [198, 1042], [199, 1042], [201, 1042], [202, 1042], [203, 1042], [204, 1042], [205, 1042], [206, 1042], [207, 1042], [208, 1042], [209, 1042], [210, 1042], [211, 1042], [212, 1042], [213, 1042], [214, 1042], [215, 1042], [216, 1042], [221, 1042], [222, 1042], [223, 1042], [169, 1043], [170, 1043], [171, 1043], [172, 1043], [173, 1043], [190, 1043], [191, 1043], [192, 1043], [193, 1043], [194, 1043], [195, 1043], [196, 1043], [198, 1043], [199, 1043], [200, 1043], [201, 1043], [202, 1043], [203, 1043], [204, 1043], [205, 1043], [206, 1043], [207, 1043], [208, 1043], [209, 1043], [210, 1043], [211, 1043], [212, 1043], [213, 1043], [168, 1044], [169, 1044], [170, 1044], [171, 1044], [172, 1044], [189, 1044], [190, 1044], [191, 1044], [192, 1044], [193, 1044], [194, 1044], [195, 1044], [196, 1044], [197, 1044], [198, 1044], [199, 1044], [200, 1044], [201, 1044], [206, 1044], [207, 1044], [208, 1044], [209, 1044], [210, 1044], [211, 1044], [212, 1044], [213, 1044], [167, 1045], [168, 1045], [169, 1045], [170, 1045], [189, 1045], [190, 1045], [191, 1045], [197, 1045], [198, 1045], [199, 1045], [165, 1046], [166, 1046], [167, 1046], [168, 1046], [169, 1046], [189, 1046], [190, 1046], [191, 1046], [165, 1047], [166, 1047], [167, 1047], [168, 1047], [190, 1047], [191, 1047], [192, 1047], [165, 1048], [166, 1048], [190, 1048], [191, 1048], [192, 1048], [165, 1049], [166, 1049], [191, 1049], [192, 1049], [163, 1050], [164, 1050], [165, 1050], [166, 1050], [184, 1050], [185, 1050], [186, 1050], [191, 1050], [192, 1050], [162, 1051], [163, 1051], [164, 1051], [165, 1051], [166, 1051], [182, 1051], [183, 1051], [184, 1051], [185, 1051], [186, 1051], [187, 1051], [191, 1051], [192, 1051], [162, 1052], [163, 1052], [164, 1052], [165, 1052], [178, 1052], [179, 1052], [180, 1052], [181, 1052], [182, 1052], [183, 1052], [184, 1052], [185, 1052], [186, 1052], [187, 1052], [188, 1052], [189, 1052], [190, 1052], [191, 1052], [192, 1052], [162, 1053], [163, 1053], [164, 1053], [165, 1053], [166, 1053], [177, 1053], [178, 1053], [179, 1053], [180, 1053], [181, 1053], [182, 1053], [183, 1053], [186, 1053], [187, 1053], [188, 1053], [189, 1053], [190, 1053], [191, 1053], [192, 1053], [162, 1054], [163, 1054], [164, 1054], [165, 1054], [166, 1054], [175, 1054], [176, 1054], [177, 1054], [178, 1054], [179, 1054], [163, 1055], [164, 1055], [165, 1055], [166, 1055], [167, 1055], [168, 1055], [174, 1055], [175, 1055], [176, 1055], [177, 1055], [178, 1055], [165, 1056], [166, 1056], [167, 1056], [168, 1056], [169, 1056], [172, 1056], [173, 1056], [174, 1056], [175, 1056], [176, 1056], [177, 1056], [178, 1056], [179, 1056], [180, 1056], [181, 1056], [166, 1057], [167, 1057], [168, 1057], [169, 1057], [172, 1057], [173, 1057], [174, 1057], [175, 1057], [176, 1057], [177, 1057], [178, 1057], [179, 1057], [180, 1057], [181, 1057], [166, 1058], [167, 1058], [168, 1058], [169, 1058], [171, 1058], [172, 1058], [173, 1058], [174, 1058], [175, 1058], [176, 1058], [177, 1058], [178, 1058], [179, 1058], [180, 1058], [181, 1058], [166, 1059], [167, 1059], [168, 1059], [170, 1059], [171, 1059], [172, 1059], [173, 1059], [174, 1059], [175, 1059], [176, 1059], [177, 1059], [178, 1059], [179, 1059], [180, 1059], [181, 1059], [167, 1060], [168, 1060], [169, 1060], [170, 1060], [171, 1060], [172, 1060], [173, 1060], [174, 1060], [167, 1061], [168, 1061], [169, 1061], [170, 1061], [171, 1061]




White line right - [1757, 101], [1758, 101], [1759, 101], [1756, 102], [1757, 102], [1758, 102], [1759, 102], [1756, 103], [1757, 103], [1758, 103], [1759, 103], [1756, 104], [1757, 104], [1758, 104], [1759, 104], [1756, 105], [1757, 105], [1758, 105], [1754, 107], [1755, 107], [1756, 107], [1757, 107], [1753, 108], [1754, 108], [1755, 108], [1756, 108], [1757, 108], [1753, 109], [1754, 109], [1756, 109], [1757, 109], [1752, 110], [1753, 110], [1754, 110], [1755, 110], [1756, 110], [1757, 110], [1752, 111], [1753, 111], [1754, 111], [1755, 111], [1756, 111], [1752, 112], [1753, 112], [1754, 112], [1755, 112], [1756, 112], [1753, 113], [1754, 113], [1755, 113], [1743, 134], [1744, 134], [1745, 134], [1746, 134], [1742, 135], [1743, 135], [1744, 135], [1745, 135], [1746, 135], [1742, 136], [1743, 136], [1744, 136], [1745, 136], [1746, 136], [1741, 137], [1742, 137], [1743, 137], [1744, 137], [1745, 137], [1746, 137], [1741, 138], [1742, 138], [1743, 138], [1744, 138], [1745, 138], [1746, 138], [1740, 139], [1741, 139], [1742, 139], [1744, 139], [1745, 139], [1739, 140], [1740, 140], [1741, 140], [1742, 140], [1743, 140], [1744, 140], [1745, 140], [1739, 141], [1740, 141], [1741, 141], [1743, 141], [1744, 141], [1745, 141], [1739, 142], [1740, 142], [1742, 142], [1743, 142], [1744, 142], [1739, 143], [1740, 143], [1742, 143], [1743, 143], [1744, 143], [1739, 144], [1740, 144], [1741, 144], [1742, 144], [1743, 144], [1739, 145], [1740, 145], [1741, 145], [1742, 145], [1743, 145], [1739, 146], [1740, 146], [1741, 146], [1742, 146], [1739, 147], [1740, 147], [1741, 147], [1487, 254], [1488, 254], [1486, 255], [1488, 255], [1486, 256], [1487, 256], [1488, 256], [1561, 279], [1562, 279], [1563, 279], [1564, 279], [1565, 279], [1561, 280], [1562, 280], [1564, 280], [1565, 280], [1561, 281], [1562, 281], [1563, 281], [1564, 281], [1565, 281], [1569, 281], [1570, 281], [1571, 281], [1572, 281], [1569, 282], [1570, 282], [1571, 282], [1572, 282], [1569, 283], [1570, 283], [1571, 283], [1572, 283], [1615, 296], [1616, 296], [1617, 296], [1618, 296], [1619, 296], [1620, 296], [1621, 296], [1615, 297], [1616, 297], [1617, 297], [1618, 297], [1619, 297], [1620, 297], [1621, 297], [1622, 297], [1623, 297], [1624, 297], [1625, 297], [1615, 298], [1616, 298], [1617, 298], [1618, 298], [1619, 298], [1620, 298], [1621, 298], [1622, 298], [1623, 298], [1624, 298], [1625, 298], [1626, 298], [1627, 298], [1628, 298], [1617, 299], [1618, 299], [1619, 299], [1620, 299], [1621, 299], [1622, 299], [1623, 299], [1625, 299], [1626, 299], [1627, 299], [1628, 299], [1629, 299], [1620, 300], [1621, 300], [1622, 300], [1623, 300], [1624, 300], [1625, 300], [1626, 300], [1627, 300], [1628, 300], [1629, 300], [1623, 301], [1624, 301], [1625, 301], [1626, 301], [1627, 301], [1628, 301], [1629, 301], [1780, 342], [1781, 342], [1782, 342], [1783, 342], [1784, 342], [1785, 342], [1786, 342], [1787, 342], [1788, 342], [1789, 342], [1790, 342], [1791, 342], [1792, 342], [1793, 342], [1794, 342], [1780, 343], [1781, 343], [1785, 343], [1786, 343], [1787, 343], [1788, 343], [1789, 343], [1790, 343], [1791, 343], [1792, 343], [1793, 343], [1794, 343], [1780, 344], [1781, 344], [1782, 344], [1783, 344], [1784, 344], [1785, 344], [1786, 344], [1787, 344], [1788, 344], [1789, 344], [1790, 344], [1791, 344], [1792, 344], [1793, 344], [1794, 344], [1785, 345], [1786, 345], [1787, 345], [1788, 345], [1789, 345], [1790, 345], [1791, 345], [1792, 345]


